0 1
0 2
1 0
1 2
1 3
2 0
2 1
2 3
2 4
3 1
3 2
3 4
3 5
4 2
4 3
4 5
4 6
5 3
5 4
5 6
5 7
6 4
6 5
6 7
6 8
6 21
6 22
7 5
7 6
7 8
7 9
7 21
7 22
8 6
8 7
8 9
8 10
8 19
8 20
8 21
8 22
9 7
9 8
9 10
9 11
9 19
9 20
9 21
9 22
10 8
10 9
10 11
10 12
10 17
10 18
10 19
10 20
11 9
11 10
11 12
11 13
11 17
11 18
11 19
12 10
12 11
12 13
12 14
12 15
12 16
12 17
12 18
13 11
13 12
13 14
13 15
13 16
13 17
13 18
14 12
14 13
14 15
14 16
15 12
15 13
15 14
15 16
15 17
16 12
16 13
16 14
16 15
16 17
16 18
17 10
17 11
17 12
17 13
17 15
17 16
17 18
17 19
18 10
18 11
18 12
18 13
18 16
18 17
18 19
18 20
19 8
19 9
19 10
19 11
19 17
19 18
19 20
19 21
20 8
20 9
20 10
20 18
20 19
20 21
20 22
21 6
21 7
21 8
21 9
21 19
21 20
21 22
22 6
22 7
22 8
22 9
22 20
22 21
