0 1
0 2
1 0
1 2
1 3
1 4
2 0
2 1
2 3
2 4
2 5
3 1
3 2
3 4
3 5
3 6
4 1
4 2
4 3
4 5
4 6
4 7
5 2
5 3
5 4
5 6
5 7
5 8
6 3
6 4
6 5
6 7
6 8
6 9
7 4
7 5
7 6
7 8
7 9
8 5
8 6
8 7
8 9
8 10
9 6
9 7
9 8
9 10
9 11
10 8
10 9
10 11
10 12
11 9
11 10
11 12
11 13
12 10
12 11
12 13
12 14
13 11
13 12
13 14
13 15
14 12
14 13
14 15
14 16
15 13
15 14
15 16
15 17
16 14
16 15
16 17
16 18
16 19
17 15
17 16
17 18
17 19
17 20
18 16
18 17
18 19
18 20
19 16
19 17
19 18
19 20
19 21
20 17
20 18
20 19
20 21
20 22
21 19
21 20
21 22
21 23
22 20
22 21
22 23
22 24
23 21
23 22
23 24
23 25
24 22
24 23
24 25
24 26
25 23
25 24
25 26
25 27
26 24
26 25
26 27
26 28
27 25
27 26
27 28
27 29
28 26
28 27
28 29
28 30
29 27
29 28
29 30
29 31
30 28
30 29
30 31
30 32
31 29
31 30
31 32
31 33
31 35
31 37
31 100
32 30
32 31
32 33
32 34
32 35
32 100
33 31
33 32
33 34
33 35
33 99
33 100
33 101
33 102
34 32
34 33
34 35
34 36
34 98
34 99
34 100
34 101
35 31
35 32
35 33
35 34
35 36
35 37
35 98
35 99
35 100
36 34
36 35
36 37
36 38
36 96
36 97
36 98
36 99
36 100
37 31
37 35
37 36
37 38
37 39
37 96
37 97
37 98
37 100
38 36
38 37
38 39
38 40
38 94
38 95
38 96
38 97
39 37
39 38
39 40
39 41
39 94
39 95
39 96
40 38
40 39
40 41
40 42
40 92
40 93
40 94
40 95
41 39
41 40
41 42
41 43
41 92
41 93
41 94
41 110
42 40
42 41
42 43
42 44
42 91
42 92
42 93
43 41
43 42
43 44
43 45
43 47
43 50
43 90
43 91
43 92
43 93
43 111
43 112
44 42
44 43
44 45
44 46
44 47
44 112
44 113
45 43
45 44
45 46
45 47
45 90
45 91
46 44
46 45
46 47
46 48
46 90
46 114
47 43
47 44
47 45
47 46
47 48
47 49
47 50
47 90
47 112
47 113
47 114
48 46
48 47
48 49
48 50
48 67
48 68
48 69
48 89
48 90
48 112
48 113
48 114
49 47
49 48
49 50
49 51
49 66
49 67
49 68
49 69
49 112
49 113
49 114
50 43
50 47
50 48
50 49
50 51
50 52
50 66
50 67
50 68
50 69
50 93
50 110
50 111
50 112
50 113
51 49
51 50
51 52
51 53
51 63
51 65
51 66
51 67
51 110
51 111
51 112
52 50
52 51
52 53
52 54
52 63
52 64
52 65
52 66
52 108
52 109
52 110
52 111
53 51
53 52
53 54
53 55
53 61
53 62
53 63
53 64
53 65
53 108
53 109
53 110
54 52
54 53
54 55
54 56
54 61
54 62
54 63
54 64
54 106
54 107
54 108
54 109
55 53
55 54
55 56
55 57
55 59
55 60
55 61
55 62
55 106
55 107
55 108
56 54
56 55
56 57
56 58
56 59
56 60
56 61
56 104
56 105
56 106
56 107
57 55
57 56
57 58
57 59
57 105
57 106
58 56
58 57
58 59
58 60
59 55
59 56
59 57
59 58
59 60
59 61
60 55
60 56
60 58
60 59
60 61
60 62
61 53
61 54
61 55
61 56
61 59
61 60
61 62
61 63
62 53
62 54
62 55
62 60
62 61
62 63
62 64
62 77
63 51
63 52
63 53
63 54
63 61
63 62
63 64
63 65
63 77
64 52
64 53
64 54
64 62
64 63
64 65
64 66
64 75
64 76
64 77
64 78
64 79
65 51
65 52
65 53
65 63
65 64
65 66
65 67
65 72
65 73
65 74
65 75
65 76
65 77
65 78
65 85
66 49
66 50
66 51
66 52
66 64
66 65
66 67
66 68
66 72
66 73
66 74
66 75
67 48
67 49
67 50
67 51
67 65
67 66
67 68
67 69
67 70
67 71
67 72
67 73
67 74
67 87
68 48
68 49
68 50
68 66
68 67
68 69
68 70
68 71
68 72
68 73
69 48
69 49
69 50
69 67
69 68
69 70
69 71
69 87
69 88
69 89
69 90
70 67
70 68
70 69
70 71
70 72
70 86
70 87
70 88
70 89
70 90
71 67
71 68
71 69
71 70
71 72
71 73
71 87
72 65
72 66
72 67
72 68
72 70
72 71
72 73
72 74
72 75
72 86
73 65
73 66
73 67
73 68
73 71
73 72
73 74
73 75
74 65
74 66
74 67
74 72
74 73
74 75
74 76
74 77
75 64
75 65
75 66
75 72
75 73
75 74
75 76
75 77
75 78
76 64
76 65
76 74
76 75
76 77
76 78
77 62
77 63
77 64
77 65
77 74
77 75
77 76
77 78
77 79
78 64
78 65
78 75
78 76
78 77
78 79
78 80
78 83
78 84
79 64
79 77
79 78
79 80
79 81
79 82
79 83
80 78
80 79
80 81
80 82
80 83
80 84
81 79
81 80
81 82
81 83
82 79
82 80
82 81
82 83
82 84
82 97
82 98
82 99
83 78
83 79
83 80
83 81
83 82
83 84
83 85
83 95
83 96
83 97
83 98
84 78
84 80
84 82
84 83
84 85
84 86
84 95
84 96
84 97
85 65
85 83
85 84
85 86
85 87
85 93
85 94
85 95
85 96
86 70
86 72
86 84
86 85
86 87
86 88
86 93
86 94
86 95
87 67
87 69
87 70
87 71
87 85
87 86
87 88
87 89
87 91
87 92
87 93
87 94
88 69
88 70
88 86
88 87
88 89
88 90
88 91
88 92
88 93
89 48
89 69
89 70
89 87
89 88
89 90
89 91
90 43
90 45
90 46
90 47
90 48
90 69
90 70
90 88
90 89
90 91
90 92
91 42
91 43
91 45
91 87
91 88
91 89
91 90
91 92
91 93
92 40
92 41
92 42
92 43
92 87
92 88
92 90
92 91
92 93
92 94
93 40
93 41
93 42
93 43
93 50
93 85
93 86
93 87
93 88
93 91
93 92
93 94
93 95
94 38
94 39
94 40
94 41
94 85
94 86
94 87
94 92
94 93
94 95
94 96
95 38
95 39
95 40
95 83
95 84
95 85
95 86
95 93
95 94
95 96
95 97
96 36
96 37
96 38
96 39
96 83
96 84
96 85
96 94
96 95
96 97
96 98
97 36
97 37
97 38
97 82
97 83
97 84
97 95
97 96
97 98
97 99
97 100
98 34
98 35
98 36
98 37
98 82
98 83
98 96
98 97
98 99
98 100
99 33
99 34
99 35
99 36
99 82
99 97
99 98
99 100
99 101
100 31
100 32
100 33
100 34
100 35
100 36
100 37
100 97
100 98
100 99
100 101
100 102
100 104
101 33
101 34
101 99
101 100
101 102
101 103
101 104
101 105
102 33
102 100
102 101
102 103
102 104
102 105
103 101
103 102
103 104
103 105
104 56
104 100
104 101
104 102
104 103
104 105
104 106
105 56
105 57
105 101
105 102
105 103
105 104
105 106
105 107
106 54
106 55
106 56
106 57
106 104
106 105
106 107
106 108
107 54
107 55
107 56
107 105
107 106
107 108
107 109
108 52
108 53
108 54
108 55
108 106
108 107
108 109
108 110
109 52
109 53
109 54
109 107
109 108
109 110
109 111
110 41
110 50
110 51
110 52
110 53
110 108
110 109
110 111
110 112
111 43
111 50
111 51
111 52
111 109
111 110
111 112
111 113
112 43
112 44
112 47
112 48
112 49
112 50
112 51
112 110
112 111
112 113
112 114
113 44
113 47
113 48
113 49
113 50
113 111
113 112
113 114
114 46
114 47
114 48
114 49
114 112
114 113
