0 1
0 2
0 58
0 59
1 0
1 2
1 3
1 26
1 27
1 28
1 58
1 59
2 0
2 1
2 3
2 4
2 26
2 27
2 28
2 56
2 57
2 58
2 59
3 1
3 2
3 4
3 5
3 27
3 28
3 29
3 30
3 56
3 57
3 58
4 2
4 3
4 5
4 6
4 27
4 28
4 29
4 30
4 54
4 55
4 56
4 57
5 3
5 4
5 6
5 7
5 29
5 30
5 31
5 32
5 53
5 54
5 55
5 56
6 4
6 5
6 7
6 8
6 10
6 13
6 29
6 30
6 31
6 32
6 53
6 54
6 55
7 5
7 6
7 8
7 9
7 10
7 13
7 31
7 32
7 33
7 34
7 53
7 54
8 6
8 7
8 9
8 10
8 11
8 13
8 14
8 209
8 210
8 212
8 213
9 7
9 8
9 10
9 11
9 13
9 14
9 34
9 210
9 212
9 213
10 6
10 7
10 8
10 9
10 11
10 12
10 13
10 14
10 53
10 213
11 8
11 9
11 10
11 12
11 13
11 14
11 15
11 106
11 168
11 171
11 172
11 174
11 175
12 10
12 11
12 13
12 14
12 15
12 16
12 53
12 54
12 66
12 168
12 171
12 172
13 6
13 7
13 8
13 9
13 10
13 11
13 12
13 14
13 15
13 16
13 17
13 53
13 54
13 66
14 8
14 9
14 10
14 11
14 12
14 13
14 15
14 16
14 17
14 18
14 171
14 209
14 210
15 11
15 12
15 13
15 14
15 16
15 17
15 18
15 19
15 66
15 70
15 167
15 168
15 171
16 12
16 13
16 14
16 15
16 17
16 18
16 19
16 20
16 54
16 66
16 69
16 70
17 13
17 14
17 15
17 16
17 18
17 19
17 20
17 21
17 209
18 14
18 15
18 16
18 17
18 19
18 20
18 21
18 22
18 201
18 205
18 206
18 209
19 15
19 16
19 17
19 18
19 20
19 21
19 22
19 23
19 70
20 16
20 17
20 18
20 19
20 21
20 22
20 23
20 24
20 25
20 26
20 27
20 73
21 17
21 18
21 19
21 20
21 22
21 23
21 24
21 25
21 26
21 205
22 18
22 19
22 20
22 21
22 23
22 24
22 25
22 201
22 205
23 19
23 20
23 21
23 22
23 24
23 25
23 77
23 79
24 20
24 21
24 22
24 23
24 25
24 26
25 20
25 21
25 22
25 23
25 24
25 26
25 27
25 77
26 1
26 2
26 20
26 21
26 24
26 25
26 27
26 28
27 1
27 2
27 3
27 4
27 20
27 25
27 26
27 28
27 29
28 1
28 2
28 3
28 4
28 26
28 27
28 29
28 30
29 3
29 4
29 5
29 6
29 27
29 28
29 30
29 31
30 3
30 4
30 5
30 6
30 28
30 29
30 31
30 32
31 5
31 6
31 7
31 29
31 30
31 32
31 33
32 5
32 6
32 7
32 30
32 31
32 33
32 34
32 38
32 39
33 7
33 31
33 32
33 34
33 35
33 36
33 37
33 38
33 39
34 7
34 9
34 32
34 33
34 35
34 36
34 37
34 38
34 39
35 33
35 34
35 36
35 37
35 38
35 228
36 33
36 34
36 35
36 37
36 38
36 224
36 225
36 228
37 33
37 34
37 35
37 36
37 38
37 39
37 40
37 41
37 228
38 32
38 33
38 34
38 35
38 36
38 37
38 39
38 40
38 41
38 44
39 32
39 33
39 34
39 37
39 38
39 40
39 41
39 44
39 45
39 51
39 52
39 53
40 37
40 38
40 39
40 41
40 42
40 44
40 45
40 51
41 37
41 38
41 39
41 40
41 42
41 43
41 44
41 45
42 40
42 41
42 43
42 44
42 45
42 46
43 41
43 42
43 44
43 45
43 46
43 47
44 38
44 39
44 40
44 41
44 42
44 43
44 45
44 46
44 47
44 48
44 49
44 51
45 39
45 40
45 41
45 42
45 43
45 44
45 46
45 47
45 48
45 49
45 50
45 51
46 42
46 43
46 44
46 45
46 47
46 48
46 49
47 43
47 44
47 45
47 46
47 48
47 49
47 55
47 62
48 44
48 45
48 46
48 47
48 49
48 50
48 51
48 52
48 55
48 62
48 63
48 64
49 44
49 45
49 46
49 47
49 48
49 50
49 51
50 45
50 48
50 49
50 51
50 52
51 39
51 40
51 44
51 45
51 48
51 49
51 50
51 52
51 53
52 39
52 48
52 50
52 51
52 53
52 54
52 55
52 64
52 65
53 5
53 6
53 7
53 10
53 12
53 13
53 39
53 51
53 52
53 54
53 55
53 64
53 65
53 66
54 4
54 5
54 6
54 7
54 12
54 13
54 16
54 52
54 53
54 55
54 56
54 64
54 65
54 66
55 4
55 5
55 6
55 47
55 48
55 52
55 53
55 54
55 56
55 57
55 62
55 63
55 64
55 65
55 66
55 69
56 2
56 3
56 4
56 5
56 54
56 55
56 57
56 58
56 62
56 63
56 64
56 69
57 2
57 3
57 4
57 55
57 56
57 58
57 59
57 60
57 61
57 62
57 63
58 0
58 1
58 2
58 3
58 56
58 57
58 59
58 60
58 61
58 62
59 0
59 1
59 2
59 57
59 58
59 60
59 61
59 62
60 57
60 58
60 59
60 61
60 62
61 57
61 58
61 59
61 60
61 62
61 63
62 47
62 48
62 55
62 56
62 57
62 58
62 59
62 60
62 61
62 63
62 64
63 48
63 55
63 56
63 57
63 61
63 62
63 64
63 65
63 68
63 69
64 48
64 52
64 53
64 54
64 55
64 56
64 62
64 63
64 65
64 66
64 68
64 69
65 52
65 53
65 54
65 55
65 63
65 64
65 66
65 67
65 68
65 69
66 12
66 13
66 15
66 16
66 53
66 54
66 55
66 64
66 65
66 67
66 68
66 69
66 70
67 65
67 66
67 68
67 69
67 70
67 71
67 98
68 63
68 64
68 65
68 66
68 67
68 69
68 70
68 71
68 72
69 16
69 55
69 56
69 63
69 64
69 65
69 66
69 67
69 68
69 70
69 71
69 72
69 73
70 15
70 16
70 19
70 66
70 67
70 68
70 69
70 71
70 72
70 73
70 74
70 164
71 67
71 68
71 69
71 70
71 72
71 73
71 74
71 75
71 84
72 68
72 69
72 70
72 71
72 73
72 74
72 75
72 76
73 20
73 69
73 70
73 71
73 72
73 74
73 75
73 76
73 77
74 70
74 71
74 72
74 73
74 75
74 76
74 77
74 78
74 79
74 83
74 84
75 71
75 72
75 73
75 74
75 76
75 77
75 78
75 79
75 84
76 72
76 73
76 74
76 75
76 77
76 78
77 23
77 25
77 73
77 74
77 75
77 76
77 78
77 79
78 74
78 75
78 76
78 77
78 79
78 80
78 81
79 23
79 74
79 75
79 77
79 78
79 80
79 81
79 83
79 84
80 78
80 79
80 81
80 82
80 83
80 84
81 78
81 79
81 80
81 82
81 83
81 84
81 85
81 86
82 80
82 81
82 83
82 84
82 85
82 161
82 162
82 163
83 74
83 79
83 80
83 81
83 82
83 84
83 85
83 162
83 163
83 164
84 71
84 74
84 75
84 79
84 80
84 81
84 82
84 83
84 85
84 86
84 91
84 94
84 163
84 164
85 81
85 82
85 83
85 84
85 86
85 87
85 88
85 90
85 91
85 163
86 81
86 84
86 85
86 87
86 88
86 90
86 91
87 85
87 86
87 88
87 89
87 90
87 91
88 85
88 86
88 87
88 89
88 90
88 91
88 92
89 87
89 88
89 90
89 91
89 92
89 93
90 85
90 86
90 87
90 88
90 89
90 91
90 92
90 93
90 94
90 158
91 84
91 85
91 86
91 87
91 88
91 89
91 90
91 92
91 93
91 94
91 95
92 88
92 89
92 90
92 91
92 93
92 94
92 95
92 96
93 89
93 90
93 91
93 92
93 94
93 95
93 96
93 97
93 157
93 158
94 84
94 90
94 91
94 92
94 93
94 95
94 96
94 97
94 98
94 157
94 158
94 163
94 164
94 165
95 91
95 92
95 93
95 94
95 96
95 97
95 98
95 99
95 165
96 92
96 93
96 94
96 95
96 97
96 98
96 99
96 100
97 93
97 94
97 95
97 96
97 98
97 99
97 100
97 101
97 150
97 165
98 67
98 94
98 95
98 96
98 97
98 99
98 100
98 101
98 102
98 164
98 165
98 168
99 95
99 96
99 97
99 98
99 100
99 101
99 102
100 96
100 97
100 98
100 99
100 101
100 102
100 103
100 104
100 105
101 97
101 98
101 99
101 100
101 102
101 103
101 104
101 105
101 106
101 168
101 169
102 98
102 99
102 100
102 101
102 103
102 104
102 105
102 106
102 107
103 100
103 101
103 102
103 104
103 105
103 106
103 107
104 100
104 101
104 102
104 103
104 105
104 106
104 107
104 108
104 142
105 100
105 101
105 102
105 103
105 104
105 106
105 107
105 108
105 109
105 139
105 142
105 169
105 172
105 173
106 11
106 101
106 102
106 103
106 104
106 105
106 107
106 108
106 109
106 110
106 172
107 102
107 103
107 104
107 105
107 106
107 108
107 109
107 110
107 111
108 104
108 105
108 106
108 107
108 109
108 110
108 111
108 112
108 135
108 136
108 138
108 139
108 142
109 105
109 106
109 107
109 108
109 110
109 111
109 112
109 113
109 139
109 172
109 173
109 175
109 176
110 106
110 107
110 108
110 109
110 111
110 112
110 113
110 114
110 172
110 175
110 176
111 107
111 108
111 109
111 110
111 112
111 113
111 114
111 115
111 135
112 108
112 109
112 110
112 111
112 113
112 114
112 115
112 116
112 117
112 132
112 135
112 136
112 139
112 176
112 179
113 109
113 110
113 111
113 112
113 114
113 115
113 116
113 117
113 118
113 175
113 176
113 178
113 179
114 110
114 111
114 112
114 113
114 115
114 116
114 117
114 118
114 119
115 111
115 112
115 113
115 114
115 116
115 117
115 118
115 119
115 120
115 127
115 131
115 132
116 112
116 113
116 114
116 115
116 117
116 118
116 119
116 120
116 127
116 132
116 179
117 112
117 113
117 114
117 115
117 116
117 118
117 119
117 120
117 121
117 178
117 179
117 217
118 113
118 114
118 115
118 116
118 117
118 119
118 120
118 121
118 122
119 114
119 115
119 116
119 117
119 118
119 120
119 121
119 122
119 123
119 124
119 125
119 126
119 127
119 233
119 236
120 115
120 116
120 117
120 118
120 119
120 121
120 122
120 123
120 124
120 125
120 126
120 127
121 117
121 118
121 119
121 120
121 122
121 123
121 124
121 221
122 118
122 119
122 120
122 121
122 123
122 124
122 221
122 222
122 224
122 229
123 119
123 120
123 121
123 122
123 124
123 125
123 229
123 233
124 119
124 120
124 121
124 122
124 123
124 125
124 126
125 119
125 120
125 123
125 124
125 126
125 127
126 119
126 120
126 124
126 125
126 127
126 128
127 115
127 116
127 119
127 120
127 125
127 126
127 128
127 129
127 131
127 132
128 126
128 127
128 129
128 130
128 131
128 132
129 127
129 128
129 130
129 131
129 132
129 133
130 128
130 129
130 131
130 132
130 133
130 134
131 115
131 127
131 128
131 129
131 130
131 132
131 133
131 134
131 135
132 112
132 115
132 116
132 127
132 128
132 129
132 130
132 131
132 133
132 134
132 135
132 136
133 129
133 130
133 131
133 132
133 134
133 135
133 136
133 137
134 130
134 131
134 132
134 133
134 135
134 136
134 137
134 138
135 108
135 111
135 112
135 131
135 132
135 133
135 134
135 136
135 137
135 138
135 139
136 108
136 112
136 132
136 133
136 134
136 135
136 137
136 138
136 139
136 140
137 133
137 134
137 135
137 136
137 138
137 139
137 140
137 141
138 108
138 134
138 135
138 136
138 137
138 139
138 140
138 141
138 142
139 105
139 108
139 109
139 112
139 135
139 136
139 137
139 138
139 140
139 141
139 142
139 143
140 136
140 137
140 138
140 139
140 141
140 142
140 143
140 144
141 137
141 138
141 139
141 140
141 142
141 143
141 144
141 145
142 104
142 105
142 108
142 138
142 139
142 140
142 141
142 143
142 144
142 145
142 146
143 139
143 140
143 141
143 142
143 144
143 145
143 146
143 147
143 183
144 140
144 141
144 142
144 143
144 145
144 146
144 147
144 148
145 141
145 142
145 143
145 144
145 146
145 147
145 148
145 149
145 150
146 142
146 143
146 144
146 145
146 147
146 148
146 149
146 150
146 151
147 143
147 144
147 145
147 146
147 148
147 149
147 150
147 151
147 152
147 189
147 190
148 144
148 145
148 146
148 147
148 149
148 150
148 151
148 152
149 145
149 146
149 147
149 148
149 150
149 151
149 152
150 97
150 145
150 146
150 147
150 148
150 149
150 151
150 152
150 157
151 146
151 147
151 148
151 149
151 150
151 152
151 153
151 154
151 155
151 156
151 157
152 147
152 148
152 149
152 150
152 151
152 153
152 154
153 151
153 152
153 154
153 155
154 151
154 152
154 153
154 155
154 156
154 157
154 158
154 159
154 160
155 151
155 153
155 154
155 156
155 157
155 159
155 160
155 161
155 193
155 196
156 151
156 154
156 155
156 157
156 158
156 159
156 160
156 161
156 162
156 163
156 166
156 193
156 197
157 93
157 94
157 150
157 151
157 154
157 155
157 156
157 158
157 159
157 162
157 163
157 165
157 166
158 90
158 93
158 94
158 154
158 156
158 157
158 159
158 160
158 161
158 162
158 163
158 165
159 154
159 155
159 156
159 157
159 158
159 160
159 161
159 162
160 154
160 155
160 156
160 158
160 159
160 161
160 162
161 82
161 155
161 156
161 158
161 159
161 160
161 162
161 163
162 82
162 83
162 156
162 157
162 158
162 159
162 160
162 161
162 163
162 164
162 165
162 166
162 167
162 197
162 200
163 82
163 83
163 84
163 85
163 94
163 156
163 157
163 158
163 161
163 162
163 164
163 165
163 166
163 167
164 70
164 83
164 84
164 94
164 98
164 162
164 163
164 165
164 166
164 167
164 168
165 94
165 95
165 97
165 98
165 157
165 158
165 162
165 163
165 164
165 166
165 167
165 168
165 169
166 156
166 157
166 162
166 163
166 164
166 165
166 167
166 168
166 169
166 170
166 197
167 15
167 162
167 163
167 164
167 165
167 166
167 168
167 169
167 170
167 171
167 197
168 11
168 12
168 15
168 98
168 101
168 164
168 165
168 166
168 167
168 169
168 170
168 171
168 172
169 101
169 105
169 165
169 166
169 167
169 168
169 170
169 171
169 172
169 173
170 166
170 167
170 168
170 169
170 171
170 172
170 173
170 174
170 194
170 197
171 11
171 12
171 14
171 15
171 167
171 168
171 169
171 170
171 172
171 173
171 174
171 175
172 11
172 12
172 105
172 106
172 109
172 110
172 168
172 169
172 170
172 171
172 173
172 174
172 175
173 105
173 109
173 169
173 170
173 171
173 172
173 174
173 175
173 176
173 177
173 183
174 11
174 170
174 171
174 172
174 173
174 175
174 176
174 177
174 178
174 183
174 210
175 11
175 109
175 110
175 113
175 171
175 172
175 173
175 174
175 176
175 177
175 178
175 213
176 109
176 110
176 112
176 113
176 173
176 174
176 175
176 177
176 178
176 179
176 180
176 181
176 182
176 183
177 173
177 174
177 175
177 176
177 178
177 179
177 180
177 181
177 182
177 183
177 214
178 113
178 117
178 174
178 175
178 176
178 177
178 179
178 180
178 181
178 213
178 214
178 215
178 216
178 217
179 112
179 113
179 116
179 117
179 176
179 177
179 178
179 180
179 181
179 217
180 176
180 177
180 178
180 179
180 181
180 182
181 176
181 177
181 178
181 179
181 180
181 182
181 183
182 176
182 177
182 180
182 181
182 183
182 184
182 185
183 143
183 173
183 174
183 176
183 177
183 181
183 182
183 184
183 185
183 186
184 182
184 183
184 185
184 186
184 187
184 188
184 190
184 191
184 194
185 182
185 183
185 184
185 186
185 187
185 188
185 191
186 183
186 184
186 185
186 187
186 188
187 184
187 185
187 186
187 188
187 189
187 190
187 191
188 184
188 185
188 186
188 187
188 189
188 190
188 191
188 192
189 147
189 187
189 188
189 190
189 191
189 192
189 193
190 147
190 184
190 187
190 188
190 189
190 191
190 192
190 193
190 194
191 184
191 185
191 187
191 188
191 189
191 190
191 192
191 193
191 194
191 195
192 188
192 189
192 190
192 191
192 193
192 194
192 195
192 196
193 155
193 156
193 189
193 190
193 191
193 192
193 194
193 195
193 196
193 197
194 170
194 184
194 190
194 191
194 192
194 193
194 195
194 196
194 197
194 198
195 191
195 192
195 193
195 194
195 196
195 197
195 198
195 199
196 155
196 192
196 193
196 194
196 195
196 197
196 198
196 199
196 200
197 156
197 162
197 166
197 167
197 170
197 193
197 194
197 195
197 196
197 198
197 199
197 200
197 201
198 194
198 195
198 196
198 197
198 199
198 200
198 201
198 202
198 203
198 206
199 195
199 196
199 197
199 198
199 200
199 201
199 202
199 203
200 162
200 196
200 197
200 198
200 199
200 201
200 202
201 18
201 22
201 197
201 198
201 199
201 200
201 202
201 203
201 205
201 206
202 198
202 199
202 200
202 201
202 203
202 204
202 205
202 206
203 198
203 199
203 201
203 202
203 204
203 205
203 206
203 207
204 202
204 203
204 205
204 206
204 207
204 208
205 18
205 21
205 22
205 201
205 202
205 203
205 204
205 206
205 207
205 208
205 209
206 18
206 198
206 201
206 202
206 203
206 204
206 205
206 207
206 208
206 209
206 210
207 203
207 204
207 205
207 206
207 208
207 209
207 210
207 211
208 204
208 205
208 206
208 207
208 209
208 210
208 211
209 8
209 14
209 17
209 18
209 205
209 206
209 207
209 208
209 210
209 211
209 212
210 8
210 9
210 14
210 174
210 206
210 207
210 208
210 209
210 211
210 212
210 213
210 214
211 207
211 208
211 209
211 210
211 212
211 213
211 214
211 215
212 8
212 9
212 209
212 210
212 211
212 213
212 214
212 215
212 216
213 8
213 9
213 10
213 175
213 178
213 210
213 211
213 212
213 214
213 215
213 216
214 177
214 178
214 210
214 211
214 212
214 213
214 215
214 216
214 217
215 178
215 211
215 212
215 213
215 214
215 216
215 217
215 218
215 219
216 178
216 212
216 213
216 214
216 215
216 217
216 218
216 219
217 117
217 178
217 179
217 214
217 215
217 216
217 218
217 219
218 215
218 216
218 217
218 219
218 220
219 215
219 216
219 217
219 218
219 220
219 221
220 218
220 219
220 221
220 222
220 223
221 121
221 122
221 219
221 220
221 222
221 223
221 224
222 122
222 220
222 221
222 223
222 224
223 220
223 221
223 222
223 224
223 225
224 36
224 122
224 221
224 222
224 223
224 225
224 226
224 228
224 229
225 36
225 223
225 224
225 226
225 227
225 228
225 229
226 224
226 225
226 227
226 228
226 229
226 230
227 225
227 226
227 228
227 229
227 230
227 231
228 35
228 36
228 37
228 224
228 225
228 226
228 227
228 229
228 230
228 231
228 232
229 122
229 123
229 224
229 225
229 226
229 227
229 228
229 230
229 231
229 232
229 233
230 226
230 227
230 228
230 229
230 231
230 232
230 233
230 234
231 227
231 228
231 229
231 230
231 232
231 233
231 234
231 235
232 228
232 229
232 230
232 231
232 233
232 234
232 235
232 236
233 119
233 123
233 229
233 230
233 231
233 232
233 234
233 235
233 236
233 237
234 230
234 231
234 232
234 233
234 235
234 236
234 237
234 238
235 231
235 232
235 233
235 234
235 236
235 237
235 238
235 239
236 119
236 232
236 233
236 234
236 235
236 237
236 238
236 239
236 240
237 233
237 234
237 235
237 236
237 238
237 239
237 240
238 234
238 235
238 236
238 237
238 239
238 240
239 235
239 236
239 237
239 238
239 240
240 236
240 237
240 238
240 239
