0 1
0 2
0 3
0 4
0 5
0 313
1 0
1 2
1 3
1 4
1 5
1 313
2 0
2 1
2 3
2 4
2 5
2 6
2 274
2 313
3 0
3 1
3 2
3 4
3 5
3 6
3 7
3 215
3 216
3 217
4 0
4 1
4 2
4 3
4 5
4 6
4 7
4 8
4 216
5 0
5 1
5 2
5 3
5 4
5 6
5 7
5 8
5 9
6 2
6 3
6 4
6 5
6 7
6 8
6 9
6 10
6 11
6 214
6 215
6 216
7 3
7 4
7 5
7 6
7 8
7 9
7 10
7 11
7 12
7 216
8 4
8 5
8 6
8 7
8 9
8 10
8 11
8 301
9 5
9 6
9 7
9 8
9 10
9 11
9 289
9 292
9 293
9 296
9 298
9 301
9 302
10 6
10 7
10 8
10 9
10 11
10 12
10 13
10 293
10 296
10 297
10 298
11 6
11 7
11 8
11 9
11 10
11 12
11 13
11 216
12 7
12 10
12 11
12 13
12 14
12 15
12 16
12 17
12 215
12 216
12 219
13 10
13 11
13 12
13 14
13 15
13 16
13 17
13 295
13 296
14 12
14 13
14 15
14 16
14 17
14 18
14 295
14 296
15 12
15 13
15 14
15 16
15 17
15 18
15 19
15 292
15 295
15 296
16 12
16 13
16 14
16 15
16 17
16 18
16 19
16 20
16 211
16 214
16 215
17 12
17 13
17 14
17 15
17 16
17 18
17 19
17 20
17 21
18 14
18 15
18 16
18 17
18 19
18 20
18 21
18 22
19 15
19 16
19 17
19 18
19 20
19 21
19 22
19 23
19 211
19 269
20 16
20 17
20 18
20 19
20 21
20 22
20 23
20 24
20 211
20 223
21 17
21 18
21 19
21 20
21 22
21 23
21 24
21 25
22 18
22 19
22 20
22 21
22 23
22 24
22 25
22 26
23 19
23 20
23 21
23 22
23 24
23 25
23 26
23 27
23 207
23 211
24 20
24 21
24 22
24 23
24 25
24 26
24 27
24 28
24 207
24 226
24 227
24 230
25 21
25 22
25 23
25 24
25 26
25 27
25 28
25 29
25 230
26 22
26 23
26 24
26 25
26 27
26 28
26 29
26 30
26 203
26 259
26 262
27 23
27 24
27 25
27 26
27 28
27 29
27 30
27 31
27 203
27 204
27 207
27 227
27 230
27 231
28 24
28 25
28 26
28 27
28 29
28 30
28 31
28 32
28 227
28 229
28 230
28 231
28 232
28 233
28 234
28 235
29 25
29 26
29 27
29 28
29 30
29 31
29 32
29 33
29 231
29 234
29 235
29 237
29 255
30 26
30 27
30 28
30 29
30 31
30 32
30 33
30 34
30 200
30 231
30 234
31 27
31 28
31 29
31 30
31 32
31 33
31 34
31 35
31 231
31 232
31 234
31 235
31 238
32 28
32 29
32 30
32 31
32 33
32 34
32 35
32 36
32 234
32 235
32 237
32 238
32 255
33 29
33 30
33 31
33 32
33 34
33 35
33 36
33 37
33 255
33 256
34 30
34 31
34 32
34 33
34 35
34 36
34 37
35 31
35 32
35 33
35 34
35 36
35 37
35 38
35 39
35 235
35 238
35 358
35 359
36 32
36 33
36 34
36 35
36 37
36 38
36 39
36 40
36 238
36 252
37 33
37 34
37 35
37 36
37 38
37 39
37 40
37 41
37 42
37 139
37 359
38 35
38 36
38 37
38 39
38 40
38 41
38 42
38 359
38 360
38 361
38 368
39 35
39 36
39 37
39 38
39 40
39 41
39 42
39 120
39 242
39 248
39 368
40 36
40 37
40 38
40 39
40 41
40 42
40 120
40 121
40 247
40 248
40 251
40 252
41 37
41 38
41 39
41 40
41 42
41 43
41 120
41 121
41 122
41 135
42 37
42 38
42 39
42 40
42 41
42 43
42 44
42 117
42 120
42 121
42 122
42 362
43 41
43 42
43 44
43 45
43 120
43 122
43 123
43 128
43 362
44 42
44 43
44 45
44 46
44 112
44 113
44 114
44 116
44 117
45 43
45 44
45 46
45 47
45 80
45 112
45 113
46 44
46 45
46 47
46 48
46 80
46 110
46 111
46 112
46 113
47 45
47 46
47 48
47 49
47 70
47 78
47 79
47 80
47 81
47 82
47 110
47 111
47 112
48 46
48 47
48 49
48 50
48 70
48 80
48 81
48 82
48 83
48 105
48 106
48 107
48 108
48 109
48 110
48 111
49 47
49 48
49 50
49 51
49 106
49 108
49 109
49 110
49 111
50 48
50 49
50 51
50 52
50 69
50 83
50 108
51 49
51 50
51 52
51 53
51 54
51 108
52 50
52 51
52 53
52 54
52 55
53 51
53 52
53 54
53 55
54 51
54 52
54 53
54 55
54 56
54 57
54 58
55 52
55 53
55 54
55 56
55 57
55 58
56 54
56 55
56 57
56 58
56 59
57 54
57 55
57 56
57 58
57 59
57 60
57 61
57 65
58 54
58 55
58 56
58 57
58 59
58 60
58 61
58 62
58 65
59 56
59 57
59 58
59 60
59 61
59 62
60 57
60 58
60 59
60 61
60 62
61 57
61 58
61 59
61 60
61 62
61 63
61 64
61 65
62 58
62 59
62 60
62 61
62 63
62 64
62 65
62 66
63 61
63 62
63 64
63 65
63 66
63 67
64 61
64 62
64 63
64 65
64 66
64 67
64 68
64 92
65 57
65 58
65 61
65 62
65 63
65 64
65 66
65 67
65 68
65 69
66 62
66 63
66 64
66 65
66 67
66 68
66 69
66 70
66 78
67 63
67 64
67 65
67 66
67 68
67 69
67 70
67 71
67 72
67 78
67 91
67 92
68 64
68 65
68 66
68 67
68 69
68 70
68 71
68 87
68 88
68 89
68 90
68 91
68 92
69 50
69 65
69 66
69 67
69 68
69 70
69 71
69 83
69 84
69 86
69 87
69 88
69 89
70 47
70 48
70 66
70 67
70 68
70 69
70 71
70 72
70 78
70 79
70 82
70 83
70 84
71 67
71 68
71 69
71 70
71 72
71 73
71 78
71 79
71 82
71 83
71 84
72 67
72 70
72 71
72 73
72 74
72 75
72 76
72 77
72 78
72 79
73 71
73 72
73 74
73 75
73 76
73 77
73 78
73 79
74 72
74 73
74 75
74 76
74 77
75 72
75 73
75 74
75 76
75 77
76 72
76 73
76 74
76 75
76 77
76 78
77 72
77 73
77 74
77 75
77 76
77 78
77 79
78 47
78 66
78 67
78 70
78 71
78 72
78 73
78 76
78 77
78 79
78 80
79 47
79 70
79 71
79 72
79 73
79 77
79 78
79 80
79 81
79 82
79 83
80 45
80 46
80 47
80 48
80 78
80 79
80 81
80 82
80 129
81 47
81 48
81 79
81 80
81 82
81 83
81 105
81 106
81 128
81 129
82 47
82 48
82 70
82 71
82 79
82 80
82 81
82 83
82 84
82 103
82 104
82 105
82 106
83 48
83 50
83 69
83 70
83 71
83 79
83 81
83 82
83 84
83 85
83 103
83 104
83 105
83 106
84 69
84 70
84 71
84 82
84 83
84 85
84 86
84 87
84 88
84 101
84 102
84 103
84 104
85 83
85 84
85 86
85 87
85 101
85 102
85 103
85 104
86 69
86 84
86 85
86 87
86 88
86 102
87 68
87 69
87 84
87 85
87 86
87 88
87 89
88 68
88 69
88 84
88 86
88 87
88 89
88 90
88 91
88 101
89 68
89 69
89 87
89 88
89 90
89 91
89 92
89 93
90 68
90 88
90 89
90 91
90 92
90 93
90 96
90 98
91 67
91 68
91 88
91 89
91 90
91 92
91 93
91 94
91 95
91 96
91 97
91 98
92 64
92 67
92 68
92 89
92 90
92 91
92 93
92 94
92 96
93 89
93 90
93 91
93 92
93 94
93 95
93 96
94 91
94 92
94 93
94 95
94 96
95 91
95 93
95 94
95 96
95 97
96 90
96 91
96 92
96 93
96 94
96 95
96 97
96 98
97 91
97 95
97 96
97 98
97 99
98 90
98 91
98 96
98 97
98 99
98 100
98 101
99 97
99 98
99 100
99 101
100 98
100 99
100 101
100 102
101 84
101 85
101 88
101 98
101 99
101 100
101 102
101 103
102 84
102 85
102 86
102 100
102 101
102 103
102 104
103 82
103 83
103 84
103 85
103 101
103 102
103 104
103 105
104 82
104 83
104 84
104 85
104 102
104 103
104 105
104 106
105 48
105 81
105 82
105 83
105 103
105 104
105 106
105 107
106 48
106 49
106 81
106 82
106 83
106 104
106 105
106 107
106 108
106 109
106 110
107 48
107 105
107 106
107 108
107 109
108 48
108 49
108 50
108 51
108 106
108 107
108 109
108 110
109 48
109 49
109 106
109 107
109 108
109 110
109 111
109 126
110 46
110 47
110 48
110 49
110 106
110 108
110 109
110 111
110 112
110 126
111 46
111 47
111 48
111 49
111 109
111 110
111 112
111 113
112 44
112 45
112 46
112 47
112 110
112 111
112 113
112 114
112 123
113 44
113 45
113 46
113 111
113 112
113 114
113 115
113 116
113 117
114 44
114 112
114 113
114 115
114 116
114 117
114 118
114 119
115 113
115 114
115 116
115 117
115 118
116 44
116 113
116 114
116 115
116 117
116 118
117 42
117 44
117 113
117 114
117 115
117 116
117 118
117 119
117 120
117 246
117 247
118 114
118 115
118 116
118 117
118 119
118 120
118 246
118 247
119 114
119 117
119 118
119 120
119 121
119 123
119 124
119 246
119 247
119 248
120 39
120 40
120 41
120 42
120 43
120 117
120 118
120 119
120 121
120 122
120 123
120 124
120 247
120 248
121 40
121 41
121 42
121 119
121 120
121 122
121 123
121 124
121 125
121 126
121 127
121 248
122 41
122 42
122 43
122 120
122 121
122 123
122 124
122 125
122 126
122 127
122 128
122 135
123 43
123 112
123 119
123 120
123 121
123 122
123 124
123 125
123 126
123 127
124 119
124 120
124 121
124 122
124 123
124 125
124 126
124 127
125 121
125 122
125 123
125 124
125 126
125 127
125 186
126 109
126 110
126 121
126 122
126 123
126 124
126 125
126 127
126 128
126 131
127 121
127 122
127 123
127 124
127 125
127 126
127 128
127 129
127 130
127 131
127 132
127 133
127 134
127 135
128 43
128 81
128 122
128 126
128 127
128 129
128 130
128 131
128 132
129 80
129 81
129 127
129 128
129 130
129 131
129 132
130 127
130 128
130 129
130 131
130 132
130 133
131 126
131 127
131 128
131 129
131 130
131 132
131 133
131 134
131 135
132 127
132 128
132 129
132 130
132 131
132 133
132 134
132 135
132 136
133 127
133 130
133 131
133 132
133 134
133 135
133 136
133 137
133 478
134 127
134 131
134 132
134 133
134 135
134 136
134 137
134 138
135 41
135 122
135 127
135 131
135 132
135 133
135 134
135 136
135 137
135 138
135 139
136 132
136 133
136 134
136 135
136 137
136 138
136 139
136 140
136 474
136 475
136 478
137 133
137 134
137 135
137 136
137 138
137 139
137 140
137 141
137 474
137 475
138 134
138 135
138 136
138 137
138 139
138 140
138 141
138 142
138 190
138 193
139 37
139 135
139 136
139 137
139 138
139 140
139 141
139 142
139 143
139 193
139 474
140 136
140 137
140 138
140 139
140 141
140 142
140 143
140 144
140 470
140 471
140 472
140 473
140 474
140 475
141 137
141 138
141 139
141 140
141 142
141 143
141 144
141 145
141 190
141 193
141 194
141 197
141 471
142 138
142 139
142 140
142 141
142 143
142 144
142 145
142 146
142 190
142 193
142 194
142 195
142 196
142 197
142 198
143 139
143 140
143 141
143 142
143 144
143 145
143 146
143 147
143 194
143 197
143 467
143 470
143 471
144 140
144 141
144 142
144 143
144 145
144 146
144 147
144 148
144 194
144 197
144 467
144 471
145 141
145 142
145 143
145 144
145 146
145 147
145 148
145 149
145 193
145 194
145 195
145 196
145 197
145 198
146 142
146 143
146 144
146 145
146 147
146 148
146 149
146 150
146 194
146 197
146 198
146 199
146 200
146 201
146 467
147 143
147 144
147 145
147 146
147 148
147 149
147 150
147 151
147 197
147 198
147 201
147 464
147 467
147 468
148 144
148 145
148 146
148 147
148 149
148 150
148 151
148 152
148 198
149 145
149 146
149 147
149 148
149 150
149 151
149 152
149 153
149 154
149 197
149 198
149 199
149 200
149 201
149 202
150 146
150 147
150 148
150 149
150 151
150 152
150 153
150 154
150 198
150 201
150 202
150 205
151 147
151 148
151 149
151 150
151 152
151 153
151 154
151 155
152 148
152 149
152 150
152 151
152 153
152 154
152 155
152 156
153 149
153 150
153 151
153 152
153 154
153 155
153 156
153 157
153 165
153 201
153 202
153 205
153 206
154 149
154 150
154 151
154 152
154 153
154 155
154 156
154 157
154 158
154 202
154 205
154 206
155 151
155 152
155 153
155 154
155 156
155 157
155 158
155 159
156 152
156 153
156 154
156 155
156 157
156 158
156 159
156 160
156 161
156 162
156 165
157 153
157 154
157 155
157 156
157 158
157 159
157 160
157 161
157 162
157 163
157 164
157 165
157 206
158 154
158 155
158 156
158 157
158 159
158 160
158 161
158 162
159 155
159 156
159 157
159 158
159 160
159 161
160 156
160 157
160 158
160 159
160 161
160 162
160 163
160 164
160 165
161 156
161 157
161 158
161 159
161 160
161 162
161 163
161 164
161 165
161 271
161 272
161 275
161 276
162 156
162 157
162 158
162 160
162 161
162 163
162 164
162 165
162 166
162 206
162 207
162 209
162 210
162 271
162 272
163 157
163 160
163 161
163 162
163 164
163 165
163 166
163 167
163 206
163 210
163 266
163 269
163 270
163 271
163 272
164 157
164 160
164 161
164 162
164 163
164 165
164 166
164 167
164 168
165 153
165 156
165 157
165 160
165 161
165 162
165 163
165 164
165 166
165 167
165 168
165 169
165 202
165 206
166 162
166 163
166 164
166 165
166 167
166 168
166 169
166 170
166 202
166 203
166 206
166 207
167 163
167 164
167 165
167 166
167 168
167 169
167 170
167 171
167 263
167 266
167 267
168 164
168 165
168 166
168 167
168 169
168 170
168 171
168 172
168 263
169 165
169 166
169 167
169 168
169 170
169 171
169 172
169 173
169 199
169 200
169 202
169 203
170 166
170 167
170 168
170 169
170 171
170 172
170 173
170 174
170 199
170 203
170 259
170 260
170 262
170 263
171 167
171 168
171 169
171 170
171 172
171 173
171 174
171 175
171 259
171 260
171 263
172 168
172 169
172 170
172 171
172 173
172 174
172 175
172 176
172 195
172 196
172 199
173 169
173 170
173 171
173 172
173 174
173 175
173 176
173 177
173 195
173 196
173 199
173 256
173 259
174 170
174 171
174 172
174 173
174 175
174 176
174 177
174 178
174 256
174 257
174 258
174 259
174 260
175 171
175 172
175 173
175 174
175 176
175 177
175 178
175 179
176 172
176 173
176 174
176 175
176 177
176 178
176 179
176 180
176 192
176 193
176 195
176 196
177 173
177 174
177 175
177 176
177 178
177 179
177 180
177 181
177 192
177 193
177 196
177 252
177 253
177 256
178 174
178 175
178 176
178 177
178 179
178 180
178 181
178 182
178 252
178 253
178 256
178 257
179 175
179 176
179 177
179 178
179 180
179 181
179 182
179 183
179 192
180 176
180 177
180 178
180 179
180 181
180 182
180 183
180 188
180 189
180 192
180 193
180 249
180 252
181 177
181 178
181 179
181 180
181 182
181 183
181 248
181 249
181 250
181 252
181 253
182 178
182 179
182 180
182 181
182 183
182 184
182 249
183 179
183 180
183 181
183 182
183 184
183 185
183 188
183 189
184 182
184 183
184 185
184 186
184 188
184 189
185 183
185 184
185 186
185 187
185 188
185 189
186 125
186 184
186 185
186 187
186 188
186 189
186 190
187 185
187 186
187 188
187 189
187 190
187 191
188 180
188 183
188 184
188 185
188 186
188 187
188 189
188 190
188 191
188 192
189 180
189 183
189 184
189 185
189 186
189 187
189 188
189 190
189 191
189 192
189 193
190 138
190 141
190 142
190 186
190 187
190 188
190 189
190 191
190 192
190 193
190 194
191 187
191 188
191 189
191 190
191 192
191 193
191 194
191 195
192 176
192 177
192 179
192 180
192 188
192 189
192 190
192 191
192 193
192 194
192 195
192 196
193 138
193 139
193 141
193 142
193 145
193 176
193 177
193 180
193 189
193 190
193 191
193 192
193 194
193 195
193 196
193 197
194 141
194 142
194 143
194 144
194 145
194 146
194 190
194 191
194 192
194 193
194 195
194 196
194 197
194 198
195 142
195 145
195 172
195 173
195 176
195 191
195 192
195 193
195 194
195 196
195 197
195 198
195 199
196 142
196 145
196 172
196 173
196 176
196 177
196 192
196 193
196 194
196 195
196 197
196 198
196 199
196 200
197 141
197 142
197 143
197 144
197 145
197 146
197 147
197 149
197 193
197 194
197 195
197 196
197 198
197 199
197 200
197 201
198 142
198 145
198 146
198 147
198 148
198 149
198 150
198 194
198 195
198 196
198 197
198 199
198 200
198 201
198 202
199 146
199 149
199 169
199 170
199 172
199 173
199 195
199 196
199 197
199 198
199 200
199 201
199 202
199 203
200 30
200 146
200 149
200 169
200 196
200 197
200 198
200 199
200 201
200 202
200 203
200 204
201 146
201 147
201 149
201 150
201 153
201 197
201 198
201 199
201 200
201 202
201 203
201 204
201 205
202 149
202 150
202 153
202 154
202 165
202 166
202 169
202 198
202 199
202 200
202 201
202 203
202 204
202 205
202 206
203 26
203 27
203 166
203 169
203 170
203 199
203 200
203 201
203 202
203 204
203 205
203 206
203 207
204 27
204 200
204 201
204 202
204 203
204 205
204 206
204 207
204 208
205 150
205 153
205 154
205 201
205 202
205 203
205 204
205 206
205 207
205 208
205 209
206 153
206 154
206 157
206 162
206 163
206 165
206 166
206 202
206 203
206 204
206 205
206 207
206 208
206 209
206 210
207 23
207 24
207 27
207 162
207 166
207 203
207 204
207 205
207 206
207 208
207 209
207 210
207 211
208 204
208 205
208 206
208 207
208 209
208 210
208 211
208 212
208 224
209 162
209 205
209 206
209 207
209 208
209 210
209 211
209 212
209 213
210 162
210 163
210 206
210 207
210 208
210 209
210 211
210 212
210 213
210 214
210 271
210 272
211 16
211 19
211 20
211 23
211 207
211 208
211 209
211 210
211 212
211 213
211 214
211 215
211 220
211 223
212 208
212 209
212 210
212 211
212 213
212 214
212 215
212 216
212 220
212 223
213 209
213 210
213 211
213 212
213 214
213 215
213 216
213 272
213 273
213 274
214 6
214 16
214 210
214 211
214 212
214 213
214 215
214 216
214 272
215 3
215 6
215 12
215 16
215 211
215 212
215 213
215 214
215 216
215 217
215 218
215 219
215 220
216 3
216 4
216 6
216 7
216 11
216 12
216 212
216 213
216 214
216 215
216 217
216 218
216 219
216 220
217 3
217 215
217 216
217 218
217 219
217 220
217 221
218 215
218 216
218 217
218 219
218 220
218 221
218 222
219 12
219 215
219 216
219 217
219 218
219 220
219 221
219 222
219 223
220 211
220 212
220 215
220 216
220 217
220 218
220 219
220 221
220 222
220 223
220 224
221 217
221 218
221 219
221 220
221 222
221 223
221 224
221 225
222 218
222 219
222 220
222 221
222 223
222 224
222 225
222 226
223 20
223 211
223 212
223 219
223 220
223 221
223 222
223 224
223 225
223 226
223 227
224 208
224 220
224 221
224 222
224 223
224 225
224 226
224 227
224 228
225 221
225 222
225 223
225 224
225 226
225 227
225 228
225 229
226 24
226 222
226 223
226 224
226 225
226 227
226 228
226 229
226 230
227 24
227 27
227 28
227 223
227 224
227 225
227 226
227 228
227 229
227 230
227 231
228 224
228 225
228 226
228 227
228 229
228 230
228 231
228 232
228 440
229 28
229 225
229 226
229 227
229 228
229 230
229 231
229 232
229 233
229 380
230 24
230 25
230 27
230 28
230 226
230 227
230 228
230 229
230 231
230 232
230 233
230 234
231 27
231 28
231 29
231 30
231 31
231 227
231 228
231 229
231 230
231 232
231 233
231 234
231 235
232 28
232 31
232 228
232 229
232 230
232 231
232 233
232 234
232 235
232 236
232 376
232 377
232 379
232 380
233 28
233 229
233 230
233 231
233 232
233 234
233 235
233 236
233 237
233 376
234 28
234 29
234 30
234 31
234 32
234 230
234 231
234 232
234 233
234 235
234 236
234 237
234 238
235 28
235 29
235 31
235 32
235 35
235 231
235 232
235 233
235 234
235 236
235 237
235 238
235 239
235 372
235 373
235 376
236 232
236 233
236 234
236 235
236 237
236 238
236 239
236 240
236 372
236 373
236 376
236 377
237 29
237 32
237 233
237 234
237 235
237 236
237 238
237 239
237 240
237 241
238 31
238 32
238 35
238 36
238 234
238 235
238 236
238 237
238 239
238 240
238 241
238 242
239 235
239 236
239 237
239 238
239 240
239 241
239 242
239 243
239 369
239 370
239 372
239 373
240 236
240 237
240 238
240 239
240 241
240 242
240 243
240 244
240 369
241 237
241 238
241 239
241 240
241 242
241 243
241 244
241 245
241 251
242 39
242 238
242 239
242 240
242 241
242 243
242 244
242 245
242 246
242 251
242 369
243 239
243 240
243 241
243 242
243 244
243 245
243 246
243 369
244 240
244 241
244 242
244 243
244 245
244 246
245 241
245 242
245 243
245 244
245 246
245 247
245 248
245 250
245 251
246 117
246 118
246 119
246 242
246 243
246 244
246 245
246 247
246 248
246 250
246 251
247 40
247 117
247 118
247 119
247 120
247 245
247 246
247 248
247 249
247 250
247 251
248 39
248 40
248 119
248 120
248 121
248 181
248 245
248 246
248 247
248 249
248 250
248 251
248 252
249 180
249 181
249 182
249 247
249 248
249 250
249 251
249 252
249 253
250 181
250 245
250 246
250 247
250 248
250 249
250 251
250 252
250 253
250 254
251 40
251 241
251 242
251 245
251 246
251 247
251 248
251 249
251 250
251 252
251 253
251 254
251 255
252 36
252 40
252 177
252 178
252 180
252 181
252 248
252 249
252 250
252 251
252 253
252 254
252 255
252 256
253 177
253 178
253 181
253 249
253 250
253 251
253 252
253 254
253 255
253 256
253 257
254 250
254 251
254 252
254 253
254 255
254 256
254 257
254 258
255 29
255 32
255 33
255 251
255 252
255 253
255 254
255 256
255 257
255 258
256 33
256 173
256 174
256 177
256 178
256 252
256 253
256 254
256 255
256 257
256 258
256 259
256 260
257 174
257 178
257 253
257 254
257 255
257 256
257 258
257 259
257 260
257 261
258 174
258 254
258 255
258 256
258 257
258 259
258 260
258 261
258 262
259 26
259 170
259 171
259 173
259 174
259 256
259 257
259 258
259 260
259 261
259 262
259 263
260 170
260 171
260 174
260 256
260 257
260 258
260 259
260 261
260 262
260 263
260 264
261 257
261 258
261 259
261 260
261 262
261 263
261 264
261 265
262 26
262 170
262 258
262 259
262 260
262 261
262 263
262 264
262 265
262 266
263 167
263 168
263 170
263 171
263 259
263 260
263 261
263 262
263 264
263 265
263 266
263 267
264 260
264 261
264 262
264 263
264 265
264 266
264 267
265 261
265 262
265 263
265 264
265 266
265 267
265 268
265 269
266 163
266 167
266 262
266 263
266 264
266 265
266 267
266 268
266 269
267 167
267 263
267 264
267 265
267 266
267 268
267 269
268 265
268 266
268 267
268 269
268 270
269 19
269 163
269 265
269 266
269 267
269 268
269 270
269 271
270 163
270 268
270 269
270 271
270 272
270 288
271 161
271 162
271 163
271 210
271 269
271 270
271 272
271 273
271 275
271 276
272 161
272 162
272 163
272 210
272 213
272 214
272 270
272 271
272 273
272 274
272 275
272 276
272 285
273 213
273 271
273 272
273 274
273 275
273 276
273 277
273 284
273 285
273 286
273 288
273 289
274 2
274 213
274 272
274 273
274 275
274 276
274 277
274 278
274 285
275 161
275 271
275 272
275 273
275 274
275 276
275 277
275 278
275 279
276 161
276 271
276 272
276 273
276 274
276 275
276 277
276 278
276 279
276 280
276 281
276 282
276 284
276 285
277 273
277 274
277 275
277 276
277 278
277 279
277 280
277 281
277 282
277 285
277 310
277 314
278 274
278 275
278 276
278 277
278 279
278 280
278 281
278 314
278 317
278 318
279 275
279 276
279 277
279 278
279 280
279 281
280 276
280 277
280 278
280 279
280 281
280 282
281 276
281 277
281 278
281 279
281 280
281 282
281 283
281 284
281 285
282 276
282 277
282 280
282 281
282 283
282 284
282 285
282 286
282 307
282 310
283 281
283 282
283 284
283 285
283 286
283 287
283 307
284 273
284 276
284 281
284 282
284 283
284 285
284 286
284 287
284 288
285 272
285 273
285 274
285 276
285 277
285 281
285 282
285 283
285 284
285 286
285 287
285 288
285 289
286 273
286 282
286 283
286 284
286 285
286 287
286 288
286 289
286 290
286 305
286 306
286 307
286 310
287 283
287 284
287 285
287 286
287 288
287 289
287 290
287 291
288 270
288 273
288 284
288 285
288 286
288 287
288 289
288 290
288 291
288 292
289 9
289 273
289 285
289 286
289 287
289 288
289 290
289 291
289 292
289 293
289 302
290 286
290 287
290 288
290 289
290 291
290 292
290 293
290 294
290 299
290 302
290 303
290 305
291 287
291 288
291 289
291 290
291 292
291 293
291 294
291 295
291 302
292 9
292 15
292 288
292 289
292 290
292 291
292 293
292 294
292 295
292 296
292 302
293 9
293 10
293 289
293 290
293 291
293 292
293 294
293 295
293 296
293 297
293 298
293 299
293 301
293 302
294 290
294 291
294 292
294 293
294 295
294 296
294 297
294 298
294 299
294 302
295 13
295 14
295 15
295 291
295 292
295 293
295 294
295 296
295 297
295 298
296 9
296 10
296 13
296 14
296 15
296 292
296 293
296 294
296 295
296 297
296 298
296 299
297 10
297 293
297 294
297 295
297 296
297 298
297 299
298 9
298 10
298 293
298 294
298 295
298 296
298 297
298 299
298 300
298 301
298 302
299 290
299 293
299 294
299 296
299 297
299 298
299 300
299 301
299 302
299 303
300 298
300 299
300 301
300 302
300 303
300 304
301 8
301 9
301 293
301 298
301 299
301 300
301 302
301 303
301 304
301 305
302 9
302 289
302 290
302 291
302 292
302 293
302 294
302 298
302 299
302 300
302 301
302 303
302 304
302 305
303 290
303 299
303 300
303 301
303 302
303 304
303 305
303 306
304 300
304 301
304 302
304 303
304 305
304 306
305 286
305 290
305 301
305 302
305 303
305 304
305 306
305 307
305 309
305 310
306 286
306 303
306 304
306 305
306 307
306 308
306 309
306 310
307 282
307 283
307 286
307 305
307 306
307 308
307 309
307 310
307 311
308 306
308 307
308 309
308 310
308 311
308 312
309 305
309 306
309 307
309 308
309 310
309 311
309 312
309 313
310 277
310 282
310 286
310 305
310 306
310 307
310 308
310 309
310 311
310 312
310 313
310 314
311 307
311 308
311 309
311 310
311 312
311 313
311 314
311 315
312 308
312 309
312 310
312 311
312 313
312 314
312 315
312 316
313 0
313 1
313 2
313 309
313 310
313 311
313 312
313 314
313 315
313 316
313 317
314 277
314 278
314 310
314 311
314 312
314 313
314 315
314 316
314 317
314 318
315 311
315 312
315 313
315 314
315 316
315 317
315 318
315 319
316 312
316 313
316 314
316 315
316 317
316 318
316 319
316 320
317 278
317 313
317 314
317 315
317 316
317 318
317 319
317 320
317 321
318 278
318 314
318 315
318 316
318 317
318 319
318 320
318 321
318 322
319 315
319 316
319 317
319 318
319 320
319 321
319 322
320 316
320 317
320 318
320 319
320 321
320 322
320 323
321 317
321 318
321 319
321 320
321 322
321 323
321 324
322 318
322 319
322 320
322 321
322 323
322 324
323 320
323 321
323 322
323 324
323 325
323 453
324 321
324 322
324 323
324 325
324 326
325 323
325 324
325 326
325 327
325 329
325 453
325 454
326 324
326 325
326 327
326 328
326 329
326 330
327 325
327 326
327 328
327 329
327 330
327 331
327 457
328 326
328 327
328 329
328 330
328 331
328 332
329 325
329 326
329 327
329 328
329 330
329 331
329 332
329 333
329 454
330 326
330 327
330 328
330 329
330 331
330 332
330 333
330 336
330 337
330 340
330 454
330 458
331 327
331 328
331 329
331 330
331 332
331 333
331 334
331 336
331 337
331 340
332 328
332 329
332 330
332 331
332 333
332 334
332 336
332 337
333 329
333 330
333 331
333 332
333 334
333 335
333 336
333 337
333 517
333 521
334 331
334 332
334 333
334 335
334 336
334 337
334 338
334 521
335 333
335 334
335 336
335 337
335 338
335 339
335 520
335 521
335 524
336 330
336 331
336 332
336 333
336 334
336 335
336 337
336 338
336 339
336 340
336 450
336 517
336 520
337 330
337 331
337 332
337 333
337 334
337 335
337 336
337 338
337 339
337 340
337 341
338 334
338 335
338 336
338 337
338 339
338 340
338 341
338 342
339 335
339 336
339 337
339 338
339 340
339 341
339 342
339 343
339 449
339 505
340 330
340 331
340 336
340 337
340 338
340 339
340 341
340 342
340 343
340 344
340 458
340 462
341 337
341 338
341 339
341 340
341 342
341 343
341 344
341 345
342 338
342 339
342 340
342 341
342 343
342 344
342 345
342 346
342 501
342 502
342 504
342 505
343 339
343 340
343 341
343 342
343 344
343 345
343 346
343 347
343 446
343 462
344 340
344 341
344 342
344 343
344 345
344 346
344 347
344 348
344 461
344 462
344 465
344 466
345 341
345 342
345 343
345 344
345 346
345 347
345 348
345 349
345 465
345 498
345 501
346 342
346 343
346 344
346 345
346 347
346 348
346 349
346 350
346 495
346 498
346 499
346 501
346 502
347 343
347 344
347 345
347 346
347 348
347 349
347 350
347 351
347 439
347 442
347 462
347 463
347 465
347 466
347 469
348 344
348 345
348 346
348 347
348 349
348 350
348 351
348 352
348 465
348 466
348 467
348 468
348 469
348 470
349 345
349 346
349 347
349 348
349 350
349 351
349 352
349 353
349 466
349 469
349 491
349 494
349 495
349 498
350 346
350 347
350 348
350 349
350 351
350 352
350 353
350 354
350 403
350 435
350 438
350 439
350 466
350 469
350 494
350 495
350 498
351 347
351 348
351 349
351 350
351 352
351 353
351 354
351 355
351 439
351 466
351 467
351 469
351 470
351 473
352 348
352 349
352 350
352 351
352 353
352 354
352 355
352 356
352 466
352 469
352 470
352 471
352 472
352 473
352 491
353 349
353 350
353 351
353 352
353 354
353 355
353 356
353 357
353 435
353 473
353 491
353 492
353 494
353 495
354 350
354 351
354 352
354 353
354 355
354 356
354 357
354 358
354 432
354 435
354 436
355 351
355 352
355 353
355 354
355 356
355 357
355 358
355 359
355 470
355 473
355 474
356 352
356 353
356 354
356 355
356 357
356 358
356 359
356 360
356 470
356 473
356 474
356 476
356 477
356 491
357 353
357 354
357 355
357 356
357 358
357 359
357 360
357 361
357 428
357 432
357 491
358 35
358 354
358 355
358 356
358 357
358 359
358 360
358 361
358 375
358 432
359 35
359 37
359 38
359 355
359 356
359 357
359 358
359 360
359 361
359 474
360 38
360 356
360 357
360 358
360 359
360 361
360 362
360 363
361 38
361 357
361 358
361 359
361 360
361 362
361 363
361 364
361 368
361 371
361 372
362 42
362 43
362 360
362 361
362 363
362 364
362 365
362 366
362 367
362 368
363 360
363 361
363 362
363 364
363 365
364 361
364 362
364 363
364 365
364 366
364 371
364 421
364 424
364 425
365 362
365 363
365 364
365 366
365 367
365 421
366 362
366 364
366 365
366 367
366 368
366 370
366 371
366 421
366 422
366 425
367 362
367 365
367 366
367 368
367 369
367 370
367 371
368 38
368 39
368 361
368 362
368 366
368 367
368 369
368 370
368 371
368 372
369 239
369 240
369 242
369 243
369 367
369 368
369 370
369 371
369 372
369 373
370 239
370 366
370 367
370 368
370 369
370 371
370 372
370 373
370 374
371 361
371 364
371 366
371 367
371 368
371 369
371 370
371 372
371 373
371 374
371 375
371 425
371 429
372 235
372 236
372 239
372 361
372 368
372 369
372 370
372 371
372 373
372 374
372 375
372 376
373 235
373 236
373 239
373 369
373 370
373 371
373 372
373 374
373 375
373 376
373 377
374 370
374 371
374 372
374 373
374 375
374 376
374 377
374 378
374 429
375 358
375 371
375 372
375 373
375 374
375 376
375 377
375 378
375 379
375 429
375 432
375 433
376 232
376 233
376 235
376 236
376 372
376 373
376 374
376 375
376 377
376 378
376 379
376 380
377 232
377 236
377 373
377 374
377 375
377 376
377 378
377 379
377 380
377 381
378 374
378 375
378 376
378 377
378 379
378 380
378 381
378 382
378 429
378 430
378 432
378 433
379 232
379 375
379 376
379 377
379 378
379 380
379 381
379 382
379 383
379 432
379 433
379 434
379 436
379 437
380 229
380 232
380 376
380 377
380 378
380 379
380 381
380 382
380 383
380 384
380 433
381 377
381 378
381 379
381 380
381 382
381 383
381 384
381 385
382 378
382 379
382 380
382 381
382 383
382 384
382 385
382 386
382 433
382 434
382 437
383 379
383 380
383 381
383 382
383 384
383 385
383 386
383 387
383 433
383 436
383 437
384 380
384 381
384 382
384 383
384 385
384 386
384 387
384 388
385 381
385 382
385 383
385 384
385 386
385 387
385 388
385 389
386 382
386 383
386 384
386 385
386 387
386 388
386 389
386 390
386 398
386 402
386 437
386 438
386 441
387 383
387 384
387 385
387 386
387 388
387 389
387 390
387 391
387 441
388 384
388 385
388 386
388 387
388 389
388 390
388 391
388 392
389 385
389 386
389 387
389 388
389 390
389 391
389 392
389 393
389 394
389 395
389 398
390 386
390 387
390 388
390 389
390 391
390 392
390 393
390 394
390 395
390 397
390 398
390 441
391 387
391 388
391 389
391 390
391 392
391 393
391 394
391 395
391 509
392 388
392 389
392 390
392 391
392 393
392 394
393 389
393 390
393 391
393 392
393 394
393 395
393 397
393 398
394 389
394 390
394 391
394 392
394 393
394 395
394 396
394 397
394 398
394 507
394 508
394 509
395 389
395 390
395 391
395 393
395 394
395 396
395 397
395 398
395 399
395 441
395 445
395 507
395 508
395 509
396 394
396 395
396 397
396 398
396 399
396 400
396 445
396 502
396 503
396 505
396 506
396 507
396 508
397 390
397 393
397 394
397 395
397 396
397 398
397 399
397 400
397 401
397 503
398 386
398 389
398 390
398 393
398 394
398 395
398 396
398 397
398 399
398 400
398 401
398 402
398 438
398 441
399 395
399 396
399 397
399 398
399 400
399 401
399 402
399 403
399 438
399 441
399 442
399 499
399 502
400 396
400 397
400 398
400 399
400 401
400 402
400 403
400 404
400 498
400 499
400 500
400 502
400 503
401 397
401 398
401 399
401 400
401 402
401 403
401 404
401 405
401 499
402 386
402 398
402 399
402 400
402 401
402 403
402 404
402 405
402 406
402 434
402 435
402 437
402 438
402 499
403 350
403 399
403 400
403 401
403 402
403 404
403 405
403 406
403 407
403 434
403 435
403 438
403 495
403 496
403 498
403 499
404 400
404 401
404 402
404 403
404 405
404 406
404 407
404 408
404 495
404 496
404 497
404 498
404 499
404 500
405 401
405 402
405 403
405 404
405 406
405 407
405 408
405 409
405 431
405 434
405 496
406 402
406 403
406 404
406 405
406 407
406 408
406 409
406 410
406 430
406 431
406 432
406 434
406 435
406 492
406 495
406 496
407 403
407 404
407 405
407 406
407 408
407 409
407 410
407 411
407 431
407 491
407 492
407 493
407 494
407 495
407 496
408 404
408 405
408 406
408 407
408 409
408 410
408 411
408 412
408 492
408 496
409 405
409 406
409 407
409 408
409 410
409 411
409 412
409 413
409 427
409 428
409 430
409 431
409 492
410 406
410 407
410 408
410 409
410 411
410 412
410 413
410 414
410 427
410 428
410 431
410 488
410 489
410 491
410 492
411 407
411 408
411 409
411 410
411 412
411 413
411 414
411 415
411 488
411 489
411 492
411 493
412 408
412 409
412 410
412 411
412 413
412 414
412 415
412 416
413 409
413 410
413 411
413 412
413 414
413 415
413 416
413 424
413 427
413 428
414 410
414 411
414 412
414 413
414 415
414 416
414 485
414 488
415 411
415 412
415 413
415 414
415 416
415 417
416 412
416 413
416 414
416 415
416 417
416 418
416 420
416 423
416 424
417 415
417 416
417 418
417 419
417 420
418 416
418 417
418 419
418 420
418 421
419 417
419 418
419 420
419 421
420 416
420 417
420 418
420 419
420 421
420 422
420 423
420 424
421 364
421 365
421 366
421 418
421 419
421 420
421 422
421 423
421 424
421 425
422 366
422 420
422 421
422 423
422 424
422 425
422 426
423 416
423 420
423 421
423 422
423 424
423 425
423 426
423 427
424 364
424 413
424 416
424 420
424 421
424 422
424 423
424 425
424 426
424 427
424 428
425 364
425 366
425 371
425 421
425 422
425 423
425 424
425 426
425 427
425 428
425 429
426 422
426 423
426 424
426 425
426 427
426 428
426 429
426 430
427 409
427 410
427 413
427 423
427 424
427 425
427 426
427 428
427 429
427 430
427 431
428 357
428 409
428 410
428 413
428 424
428 425
428 426
428 427
428 429
428 430
428 431
428 432
429 371
429 374
429 375
429 378
429 425
429 426
429 427
429 428
429 430
429 431
429 432
429 433
430 378
430 406
430 409
430 426
430 427
430 428
430 429
430 431
430 432
430 433
430 434
431 405
431 406
431 407
431 409
431 410
431 427
431 428
431 429
431 430
431 432
431 433
431 434
431 435
432 354
432 357
432 358
432 375
432 378
432 379
432 406
432 428
432 429
432 430
432 431
432 433
432 434
432 435
432 436
433 375
433 378
433 379
433 380
433 382
433 383
433 429
433 430
433 431
433 432
433 434
433 435
433 436
433 437
434 379
434 382
434 402
434 403
434 405
434 406
434 430
434 431
434 432
434 433
434 435
434 436
434 437
434 438
435 350
435 353
435 354
435 402
435 403
435 406
435 431
435 432
435 433
435 434
435 436
435 437
435 438
435 439
436 354
436 379
436 383
436 432
436 433
436 434
436 435
436 437
436 438
436 439
436 440
437 379
437 382
437 383
437 386
437 402
437 433
437 434
437 435
437 436
437 438
437 439
437 440
437 441
438 350
438 386
438 398
438 399
438 402
438 403
438 434
438 435
438 436
438 437
438 439
438 440
438 441
438 442
439 347
439 350
439 351
439 435
439 436
439 437
439 438
439 440
439 441
439 442
439 443
440 228
440 436
440 437
440 438
440 439
440 441
440 442
440 443
440 444
441 386
441 387
441 390
441 395
441 398
441 399
441 437
441 438
441 439
441 440
441 442
441 443
441 444
441 445
442 347
442 399
442 438
442 439
442 440
442 441
442 443
442 444
442 445
442 446
443 439
443 440
443 441
443 442
443 444
443 445
443 446
443 447
443 459
444 440
444 441
444 442
444 443
444 445
444 446
444 447
444 448
445 395
445 396
445 441
445 442
445 443
445 444
445 446
445 447
445 448
445 449
445 508
446 343
446 442
446 443
446 444
446 445
446 447
446 448
446 449
446 450
446 458
446 459
447 443
447 444
447 445
447 446
447 448
447 449
447 450
447 455
447 456
447 459
448 444
448 445
448 446
448 447
448 449
448 450
448 451
448 508
448 513
449 339
449 445
449 446
449 447
449 448
449 450
449 451
449 506
449 508
449 513
449 514
450 336
450 446
450 447
450 448
450 449
450 451
450 452
450 454
450 455
450 458
450 459
450 514
451 448
451 449
451 450
451 452
451 453
451 454
451 455
451 513
451 514
451 515
451 516
451 517
451 520
452 450
452 451
452 453
452 454
452 455
452 456
452 513
452 514
452 515
452 516
453 323
453 325
453 451
453 452
453 454
453 455
453 456
453 515
453 516
453 517
454 325
454 329
454 330
454 450
454 451
454 452
454 453
454 455
454 456
454 457
454 458
455 447
455 450
455 451
455 452
455 453
455 454
455 456
455 457
455 458
455 459
456 447
456 452
456 453
456 454
456 455
456 457
456 458
456 459
456 460
457 327
457 454
457 455
457 456
457 458
457 459
457 460
457 461
458 330
458 340
458 446
458 450
458 454
458 455
458 456
458 457
458 459
458 460
458 461
458 462
459 443
459 446
459 447
459 450
459 455
459 456
459 457
459 458
459 460
459 461
459 462
459 463
460 456
460 457
460 458
460 459
460 461
460 462
460 463
460 464
461 344
461 457
461 458
461 459
461 460
461 462
461 463
461 464
461 465
462 340
462 343
462 344
462 347
462 458
462 459
462 460
462 461
462 463
462 464
462 465
462 466
463 347
463 459
463 460
463 461
463 462
463 464
463 465
463 466
463 467
464 147
464 460
464 461
464 462
464 463
464 465
464 466
464 467
464 468
465 344
465 345
465 347
465 348
465 461
465 462
465 463
465 464
465 466
465 467
465 468
465 469
466 344
466 347
466 348
466 349
466 350
466 351
466 352
466 462
466 463
466 464
466 465
466 467
466 468
466 469
466 470
467 143
467 144
467 146
467 147
467 348
467 351
467 463
467 464
467 465
467 466
467 468
467 469
467 470
467 471
468 147
468 348
468 464
468 465
468 466
468 467
468 469
468 470
468 471
468 472
469 347
469 348
469 349
469 350
469 351
469 352
469 465
469 466
469 467
469 468
469 470
469 471
469 472
469 473
470 140
470 143
470 348
470 351
470 352
470 355
470 356
470 466
470 467
470 468
470 469
470 471
470 472
470 473
470 474
471 140
471 141
471 143
471 144
471 352
471 467
471 468
471 469
471 470
471 472
471 473
471 474
471 475
472 140
472 352
472 468
472 469
472 470
472 471
472 473
472 474
472 475
472 476
473 140
473 351
473 352
473 353
473 355
473 356
473 469
473 470
473 471
473 472
473 474
473 475
473 476
473 477
474 136
474 137
474 139
474 140
474 355
474 356
474 359
474 470
474 471
474 472
474 473
474 475
474 476
474 477
474 478
475 136
475 137
475 140
475 471
475 472
475 473
475 474
475 476
475 477
475 478
475 479
476 356
476 472
476 473
476 474
476 475
476 477
476 478
476 479
476 480
476 487
476 490
477 356
477 473
477 474
477 475
477 476
477 478
477 479
477 480
477 487
478 133
478 136
478 474
478 475
478 476
478 477
478 479
478 480
478 481
478 487
479 475
479 476
479 477
479 478
479 480
479 481
479 482
479 483
479 484
479 486
479 487
480 476
480 477
480 478
480 479
480 481
480 482
480 483
480 484
480 485
480 486
480 487
481 478
481 479
481 480
481 482
481 483
481 484
482 479
482 480
482 481
482 483
482 484
482 486
483 479
483 480
483 481
483 482
483 484
483 485
483 486
484 479
484 480
484 481
484 482
484 483
484 485
484 486
484 487
485 414
485 480
485 483
485 484
485 486
485 487
485 488
485 489
486 479
486 480
486 482
486 483
486 484
486 485
486 487
486 488
486 489
486 490
487 476
487 477
487 478
487 479
487 480
487 484
487 485
487 486
487 488
487 489
487 490
487 491
488 410
488 411
488 414
488 485
488 486
488 487
488 489
488 490
488 491
488 492
489 410
489 411
489 485
489 486
489 487
489 488
489 490
489 491
489 492
489 493
490 476
490 486
490 487
490 488
490 489
490 491
490 492
490 493
490 494
491 349
491 352
491 353
491 356
491 357
491 407
491 410
491 487
491 488
491 489
491 490
491 492
491 493
491 494
491 495
492 353
492 406
492 407
492 408
492 409
492 410
492 411
492 488
492 489
492 490
492 491
492 493
492 494
492 495
492 496
493 407
493 411
493 489
493 490
493 491
493 492
493 494
493 495
493 496
493 497
494 349
494 350
494 353
494 407
494 490
494 491
494 492
494 493
494 495
494 496
494 497
494 498
495 346
495 349
495 350
495 353
495 403
495 404
495 406
495 407
495 491
495 492
495 493
495 494
495 496
495 497
495 498
495 499
496 403
496 404
496 405
496 406
496 407
496 408
496 492
496 493
496 494
496 495
496 497
496 498
496 499
496 500
497 404
497 493
497 494
497 495
497 496
497 498
497 499
497 500
497 501
498 345
498 346
498 349
498 350
498 400
498 403
498 404
498 494
498 495
498 496
498 497
498 499
498 500
498 501
498 502
499 346
499 399
499 400
499 401
499 402
499 403
499 404
499 495
499 496
499 497
499 498
499 500
499 501
499 502
499 503
500 400
500 404
500 496
500 497
500 498
500 499
500 501
500 502
500 503
500 504
501 342
501 345
501 346
501 497
501 498
501 499
501 500
501 502
501 503
501 504
501 505
502 342
502 346
502 396
502 399
502 400
502 498
502 499
502 500
502 501
502 503
502 504
502 505
503 396
503 397
503 400
503 499
503 500
503 501
503 502
503 504
503 505
503 506
504 342
504 500
504 501
504 502
504 503
504 505
504 506
505 339
505 342
505 396
505 501
505 502
505 503
505 504
505 506
505 507
506 396
506 449
506 503
506 504
506 505
506 507
506 508
507 394
507 395
507 396
507 505
507 506
507 508
507 509
508 394
508 395
508 396
508 445
508 448
508 449
508 506
508 507
508 509
508 510
508 511
508 512
509 391
509 394
509 395
509 507
509 508
509 510
509 511
510 508
510 509
510 511
510 512
511 508
511 509
511 510
511 512
511 513
512 508
512 510
512 511
512 513
512 514
513 448
513 449
513 451
513 452
513 511
513 512
513 514
513 515
514 449
514 450
514 451
514 452
514 512
514 513
514 515
514 516
514 517
514 519
514 520
515 451
515 452
515 453
515 513
515 514
515 516
515 517
515 519
516 451
516 452
516 453
516 514
516 515
516 517
516 518
516 519
516 520
517 333
517 336
517 451
517 453
517 514
517 515
517 516
517 518
517 519
517 520
517 521
518 516
518 517
518 519
518 520
518 521
518 522
519 514
519 515
519 516
519 517
519 518
519 520
519 521
519 522
519 523
520 335
520 336
520 451
520 514
520 516
520 517
520 518
520 519
520 521
520 522
520 523
520 524
521 333
521 334
521 335
521 517
521 518
521 519
521 520
521 522
521 523
521 524
521 525
522 518
522 519
522 520
522 521
522 523
522 524
522 525
522 526
523 519
523 520
523 521
523 522
523 524
523 525
523 526
523 527
524 335
524 520
524 521
524 522
524 523
524 525
524 526
524 527
524 528
525 521
525 522
525 523
525 524
525 526
525 527
525 528
525 529
526 522
526 523
526 524
526 525
526 527
526 528
526 529
526 530
527 523
527 524
527 525
527 526
527 528
527 529
527 530
527 531
528 524
528 525
528 526
528 527
528 529
528 530
528 531
528 532
529 525
529 526
529 527
529 528
529 530
529 531
529 532
529 533
530 526
530 527
530 528
530 529
530 531
530 532
530 533
530 534
531 527
531 528
531 529
531 530
531 532
531 533
531 534
531 535
532 528
532 529
532 530
532 531
532 533
532 534
532 535
532 536
533 529
533 530
533 531
533 532
533 534
533 535
533 536
533 537
534 530
534 531
534 532
534 533
534 535
534 536
534 537
534 538
535 531
535 532
535 533
535 534
535 536
535 537
535 538
535 539
536 532
536 533
536 534
536 535
536 537
536 538
536 539
536 540
537 533
537 534
537 535
537 536
537 538
537 539
537 540
537 541
538 534
538 535
538 536
538 537
538 539
538 540
538 541
538 542
539 535
539 536
539 537
539 538
539 540
539 541
539 542
539 543
540 536
540 537
540 538
540 539
540 541
540 542
540 543
540 544
541 537
541 538
541 539
541 540
541 542
541 543
541 544
541 545
542 538
542 539
542 540
542 541
542 543
542 544
542 545
542 546
543 539
543 540
543 541
543 542
543 544
543 545
543 546
543 547
544 540
544 541
544 542
544 543
544 545
544 546
544 547
544 548
545 541
545 542
545 543
545 544
545 546
545 547
545 548
546 542
546 543
546 544
546 545
546 547
546 548
546 549
547 543
547 544
547 545
547 546
547 548
547 549
548 544
548 545
548 546
548 547
548 549
548 550
549 546
549 547
549 548
549 550
549 551
549 552
550 548
550 549
550 551
550 552
550 553
551 549
551 550
551 552
551 553
551 554
552 549
552 550
552 551
552 553
552 554
553 550
553 551
553 552
553 554
554 551
554 552
554 553
