0 1
0 2
1 0
1 2
1 3
2 0
2 1
2 3
2 4
3 1
3 2
3 4
3 5
4 2
4 3
4 5
4 6
5 3
5 4
5 6
5 7
6 4
6 5
6 7
6 8
7 5
7 6
7 8
7 9
7 10
8 6
8 7
8 9
8 10
9 7
9 8
9 10
9 11
10 7
10 8
10 9
10 11
10 12
11 9
11 10
11 12
11 13
12 10
12 11
12 13
12 14
13 11
13 12
13 14
13 15
13 16
14 12
14 13
14 15
14 16
15 13
15 14
15 16
15 17
16 13
16 14
16 15
16 17
16 18
16 19
17 15
17 16
17 18
17 19
17 20
18 16
18 17
18 19
18 20
18 21
19 16
19 17
19 18
19 20
19 21
19 22
20 17
20 18
20 19
20 21
20 22
20 23
21 18
21 19
21 20
21 22
21 23
21 24
22 19
22 20
22 21
22 23
22 24
23 20
23 21
23 22
23 24
23 25
24 21
24 22
24 23
24 25
24 26
25 23
25 24
25 26
25 27
26 24
26 25
26 27
26 28
27 25
27 26
27 28
27 29
28 26
28 27
28 29
28 30
29 27
29 28
29 30
29 31
30 28
30 29
30 31
30 32
31 29
31 30
31 32
31 33
32 30
32 31
32 33
32 34
33 31
33 32
33 34
33 35
34 32
34 33
34 35
34 36
35 33
35 34
35 36
35 37
35 39
36 34
36 35
36 37
36 38
36 39
36 40
37 35
37 36
37 38
37 39
37 40
37 41
37 75
38 36
38 37
38 39
38 40
38 41
38 42
39 35
39 36
39 37
39 38
39 40
39 41
39 42
39 43
40 36
40 37
40 38
40 39
40 41
40 42
40 43
40 44
40 71
40 72
40 75
41 37
41 38
41 39
41 40
41 42
41 43
41 44
41 45
42 38
42 39
42 40
42 41
42 43
42 44
42 45
42 46
43 39
43 40
43 41
43 42
43 44
43 45
43 46
43 47
44 40
44 41
44 42
44 43
44 45
44 46
44 47
44 48
44 281
44 282
44 283
45 41
45 42
45 43
45 44
45 46
45 47
45 48
45 49
46 42
46 43
46 44
46 45
46 47
46 48
46 49
46 50
47 43
47 44
47 45
47 46
47 48
47 49
47 50
47 51
48 44
48 45
48 46
48 47
48 49
48 50
48 51
49 45
49 46
49 47
49 48
49 50
49 51
49 52
50 46
50 47
50 48
50 49
50 51
50 52
51 47
51 48
51 49
51 50
51 52
51 53
51 56
52 49
52 50
52 51
52 53
52 54
52 55
52 56
53 51
53 52
53 54
53 55
53 56
54 52
54 53
54 55
54 56
54 57
55 52
55 53
55 54
55 56
55 57
55 58
55 59
56 51
56 52
56 53
56 54
56 55
56 57
56 58
56 59
56 60
57 54
57 55
57 56
57 58
57 59
57 60
57 61
58 55
58 56
58 57
58 59
58 60
58 61
58 62
59 55
59 56
59 57
59 58
59 60
59 61
59 62
59 63
60 56
60 57
60 58
60 59
60 61
60 62
60 63
60 285
61 57
61 58
61 59
61 60
61 62
61 63
61 64
61 285
62 58
62 59
62 60
62 61
62 63
62 64
63 59
63 60
63 61
63 62
63 64
63 65
64 61
64 62
64 63
64 65
64 66
64 285
65 63
65 64
65 66
65 67
65 255
65 284
65 285
65 286
65 287
65 298
66 64
66 65
66 67
66 68
66 255
66 283
66 284
66 285
66 286
67 65
67 66
67 68
67 69
67 254
67 255
67 256
67 257
67 258
67 259
67 260
67 284
68 66
68 67
68 69
68 70
68 71
68 72
68 73
68 254
68 255
68 256
68 257
69 67
69 68
69 70
69 71
69 72
69 73
69 234
69 235
69 256
69 257
70 68
70 69
70 71
70 72
70 73
70 74
70 198
70 199
70 234
70 235
70 256
71 40
71 68
71 69
71 70
71 72
71 73
71 74
71 75
72 40
72 68
72 69
72 70
72 71
72 73
72 74
72 75
72 76
72 282
73 68
73 69
73 70
73 71
73 72
73 74
73 75
73 76
73 77
73 254
73 256
74 70
74 71
74 72
74 73
74 75
74 76
74 77
74 78
75 37
75 40
75 71
75 72
75 73
75 74
75 76
75 77
75 78
75 79
76 72
76 73
76 74
76 75
76 77
76 78
76 79
76 80
76 278
76 282
77 73
77 74
77 75
77 76
77 78
77 79
77 80
77 81
78 74
78 75
78 76
78 77
78 79
78 80
78 81
78 82
78 83
79 75
79 76
79 77
79 78
79 80
79 81
79 82
79 83
79 84
79 278
80 76
80 77
80 78
80 79
80 81
80 82
80 83
80 84
80 85
80 86
81 77
81 78
81 79
81 80
81 82
81 83
81 84
81 85
81 86
81 87
81 88
82 78
82 79
82 80
82 81
82 83
82 84
82 85
82 86
83 78
83 79
83 80
83 81
83 82
83 84
83 85
84 79
84 80
84 81
84 82
84 83
84 85
84 86
85 80
85 81
85 82
85 83
85 84
85 86
85 87
86 80
86 81
86 82
86 84
86 85
86 87
86 88
86 90
86 91
87 81
87 85
87 86
87 88
87 89
87 90
87 91
88 81
88 86
88 87
88 89
88 90
88 91
88 92
89 87
89 88
89 90
89 91
89 92
89 93
89 158
90 86
90 87
90 88
90 89
90 91
90 92
90 93
90 94
91 86
91 87
91 88
91 89
91 90
91 92
91 93
91 94
91 95
92 88
92 89
92 90
92 91
92 93
92 94
92 95
92 96
92 127
92 130
92 131
92 134
93 89
93 90
93 91
93 92
93 94
93 95
93 96
93 97
93 131
93 134
94 90
94 91
94 92
94 93
94 95
94 96
94 97
94 98
94 273
95 91
95 92
95 93
95 94
95 96
95 97
95 98
95 99
95 131
95 252
95 253
95 270
96 92
96 93
96 94
96 95
96 97
96 98
96 99
96 100
96 130
96 131
96 132
96 133
96 134
96 135
96 138
97 93
97 94
97 95
97 96
97 98
97 99
97 100
97 101
97 134
97 135
97 138
98 94
98 95
98 96
98 97
98 99
98 100
98 101
98 102
98 135
98 270
98 294
98 295
99 95
99 96
99 97
99 98
99 100
99 101
99 102
99 103
99 131
99 135
99 226
99 250
99 270
100 96
100 97
100 98
100 99
100 101
100 102
100 103
100 104
100 135
100 136
100 138
100 139
101 97
101 98
101 99
101 100
101 102
101 103
101 104
101 105
101 294
101 295
102 98
102 99
102 100
102 101
102 103
102 104
102 105
102 106
102 250
102 268
102 295
103 99
103 100
103 101
103 102
103 104
103 105
103 106
103 107
103 224
103 248
104 100
104 101
104 102
104 103
104 105
104 106
104 107
104 108
104 109
104 139
104 142
105 101
105 102
105 103
105 104
105 106
105 107
105 108
106 102
106 103
106 104
106 105
106 107
106 108
106 248
106 266
107 103
107 104
107 105
107 106
107 108
107 109
107 111
107 112
108 104
108 105
108 106
108 107
108 109
108 110
108 111
108 112
109 104
109 107
109 108
109 110
109 111
109 112
109 117
109 143
109 144
110 108
110 109
110 111
110 112
110 113
111 107
111 108
111 109
111 110
111 112
111 113
112 107
112 108
112 109
112 110
112 111
112 113
112 114
112 115
112 116
112 117
113 110
113 111
113 112
113 114
113 115
113 116
113 117
114 112
114 113
114 115
114 116
114 117
114 118
115 112
115 113
115 114
115 116
115 117
115 118
115 187
115 188
115 189
116 112
116 113
116 114
116 115
116 117
116 118
116 119
116 188
116 189
116 190
117 109
117 112
117 113
117 114
117 115
117 116
117 118
117 119
117 143
117 144
117 145
117 188
117 189
117 190
118 114
118 115
118 116
118 117
118 119
118 120
118 144
118 145
118 146
118 147
118 187
118 188
118 189
118 190
119 116
119 117
119 118
119 120
119 121
119 144
119 145
119 146
119 147
119 188
119 189
119 190
119 191
119 192
120 118
120 119
120 121
120 122
120 146
120 147
120 148
120 149
120 188
120 190
120 191
120 192
121 119
121 120
121 122
121 123
121 132
121 133
121 136
121 146
121 147
121 148
121 149
121 191
121 192
121 193
121 194
122 120
122 121
122 123
122 124
122 129
122 132
122 148
122 149
122 150
122 191
122 192
122 193
122 194
122 195
122 212
123 121
123 122
123 124
123 125
123 128
123 129
123 130
123 132
123 133
123 148
123 149
123 150
123 151
123 193
123 194
123 195
124 122
124 123
124 125
124 126
124 127
124 128
124 129
124 130
124 150
124 151
124 152
124 153
124 194
124 195
124 196
124 205
124 209
125 123
125 124
125 126
125 127
125 128
125 129
125 130
125 150
125 152
125 153
125 154
125 195
125 205
126 124
126 125
126 127
126 128
126 129
126 130
126 154
126 195
126 196
126 197
127 92
127 124
127 125
127 126
127 128
127 129
127 130
127 131
127 197
128 123
128 124
128 125
128 126
128 127
128 129
128 130
128 131
128 132
128 194
128 195
128 196
128 197
128 226
128 227
129 122
129 123
129 124
129 125
129 126
129 127
129 128
129 130
129 131
129 132
129 133
129 150
129 194
129 195
129 196
130 92
130 96
130 123
130 124
130 125
130 126
130 127
130 128
130 129
130 131
130 132
130 133
130 134
130 158
130 159
130 162
131 92
131 93
131 95
131 96
131 99
131 127
131 128
131 129
131 130
131 132
131 133
131 134
131 135
131 194
131 226
132 96
132 121
132 122
132 123
132 128
132 129
132 130
132 131
132 133
132 134
132 135
132 136
132 192
132 193
132 194
132 226
133 96
133 121
133 123
133 129
133 130
133 131
133 132
133 134
133 135
133 136
133 137
133 148
133 159
133 162
133 163
133 166
134 92
134 93
134 96
134 97
134 130
134 131
134 132
134 133
134 135
134 136
134 137
134 138
134 162
134 166
135 96
135 97
135 98
135 99
135 100
135 131
135 132
135 133
135 134
135 136
135 137
135 138
135 139
136 100
136 121
136 132
136 133
136 134
136 135
136 137
136 138
136 139
136 140
136 146
136 147
136 148
136 166
136 171
137 133
137 134
137 135
137 136
137 138
137 139
137 140
137 141
137 146
137 165
137 166
137 169
137 171
138 96
138 97
138 100
138 134
138 135
138 136
138 137
138 139
138 140
138 141
138 142
139 100
139 104
139 135
139 136
139 137
139 138
139 140
139 141
139 142
139 143
139 144
139 145
139 146
140 136
140 137
140 138
140 139
140 141
140 142
140 143
140 144
140 145
140 146
140 169
140 171
141 137
141 138
141 139
141 140
141 142
141 143
141 144
142 104
142 138
142 139
142 140
142 141
142 143
142 144
143 109
143 117
143 139
143 140
143 141
143 142
143 144
143 145
144 109
144 117
144 118
144 119
144 139
144 140
144 141
144 142
144 143
144 145
144 146
145 117
145 118
145 119
145 139
145 140
145 143
145 144
145 146
145 147
145 171
146 118
146 119
146 120
146 121
146 136
146 137
146 139
146 140
146 144
146 145
146 147
146 148
146 171
146 172
147 118
147 119
147 120
147 121
147 136
147 145
147 146
147 148
147 149
147 171
147 172
147 173
147 174
148 120
148 121
148 122
148 123
148 133
148 136
148 146
148 147
148 149
148 150
148 171
148 172
148 173
148 174
149 120
149 121
149 122
149 123
149 147
149 148
149 150
149 151
149 173
149 174
149 175
149 176
149 177
150 122
150 123
150 124
150 125
150 129
150 148
150 149
150 151
150 152
150 153
150 173
150 174
150 175
151 123
151 124
151 149
151 150
151 152
151 153
151 175
151 176
151 208
151 209
152 124
152 125
152 150
152 151
152 153
152 154
152 205
152 206
152 208
152 209
153 124
153 125
153 150
153 151
153 152
153 154
153 155
153 159
154 125
154 126
154 152
154 153
154 155
154 156
154 159
154 160
155 153
155 154
155 156
155 157
155 159
155 160
156 154
156 155
156 157
156 158
156 159
156 160
157 155
157 156
157 158
157 159
157 160
157 161
158 89
158 130
158 156
158 157
158 159
158 160
158 161
158 162
159 130
159 133
159 153
159 154
159 155
159 156
159 157
159 158
159 160
159 161
159 162
159 163
160 154
160 155
160 156
160 157
160 158
160 159
160 161
160 162
160 163
160 164
161 157
161 158
161 159
161 160
161 162
161 163
161 164
161 165
162 130
162 133
162 134
162 158
162 159
162 160
162 161
162 163
162 164
162 165
162 166
163 133
163 159
163 160
163 161
163 162
163 164
163 165
163 166
163 167
164 160
164 161
164 162
164 163
164 165
164 166
164 167
164 168
165 137
165 161
165 162
165 163
165 164
165 166
165 167
165 168
165 169
166 133
166 134
166 136
166 137
166 162
166 163
166 164
166 165
166 167
166 168
166 169
166 170
166 171
167 163
167 164
167 165
167 166
167 168
167 169
167 170
167 171
167 172
167 173
168 164
168 165
168 166
168 167
168 169
168 170
168 171
169 137
169 140
169 165
169 166
169 167
169 168
169 170
169 171
170 166
170 167
170 168
170 169
170 171
170 172
171 136
171 137
171 140
171 145
171 146
171 147
171 148
171 166
171 167
171 168
171 169
171 170
171 172
171 173
172 146
172 147
172 148
172 167
172 170
172 171
172 173
172 174
173 147
173 148
173 149
173 150
173 167
173 171
173 172
173 174
173 175
174 147
174 148
174 149
174 150
174 172
174 173
174 175
174 176
174 177
175 149
175 150
175 151
175 173
175 174
175 176
175 177
176 149
176 151
176 174
176 175
176 177
176 178
177 149
177 174
177 175
177 176
177 178
177 179
177 212
178 176
178 177
178 179
178 180
178 181
178 183
178 184
179 177
179 178
179 180
179 181
179 215
180 178
180 179
180 181
180 182
180 183
180 184
181 178
181 179
181 180
181 182
181 183
181 184
181 185
181 215
181 218
181 219
182 180
182 181
182 183
182 184
182 185
182 186
182 219
183 178
183 180
183 181
183 182
183 184
183 185
183 186
183 187
184 178
184 180
184 181
184 182
184 183
184 185
184 186
184 187
184 188
184 219
185 181
185 182
185 183
185 184
185 186
185 187
185 188
185 189
185 219
185 220
185 221
186 182
186 183
186 184
186 185
186 187
186 188
186 189
187 115
187 118
187 183
187 184
187 185
187 186
187 188
187 189
188 115
188 116
188 117
188 118
188 119
188 120
188 184
188 185
188 186
188 187
188 189
188 190
188 191
188 221
189 115
189 116
189 117
189 118
189 119
189 185
189 186
189 187
189 188
189 190
189 191
189 221
189 222
190 116
190 117
190 118
190 119
190 120
190 188
190 189
190 191
190 192
190 221
190 222
190 223
190 224
191 119
191 120
191 121
191 122
191 188
191 189
191 190
191 192
191 193
191 221
191 222
191 223
191 224
192 119
192 120
192 121
192 122
192 132
192 190
192 191
192 193
192 194
192 223
192 224
192 225
192 226
193 121
193 122
193 123
193 132
193 191
193 192
193 194
193 195
193 223
193 224
193 225
193 226
193 229
193 230
194 121
194 122
194 123
194 124
194 128
194 129
194 131
194 132
194 192
194 193
194 195
194 196
194 197
194 225
194 226
194 230
195 122
195 123
195 124
195 125
195 126
195 128
195 129
195 193
195 194
195 196
195 197
195 209
195 213
195 230
196 124
196 126
196 128
196 129
196 194
196 195
196 197
196 198
196 200
196 201
196 202
196 228
196 229
196 230
196 231
197 126
197 127
197 128
197 194
197 195
197 196
197 198
197 199
197 200
197 227
197 228
197 230
198 70
198 196
198 197
198 199
198 200
198 227
198 228
198 232
198 233
198 234
199 70
199 197
199 198
199 200
199 201
199 233
199 234
200 196
200 197
200 198
200 199
200 201
200 202
200 204
200 205
200 231
201 196
201 199
201 200
201 202
201 203
201 204
201 205
201 231
202 196
202 200
202 201
202 203
202 204
202 205
202 206
202 209
202 210
202 231
203 201
203 202
203 204
203 205
203 206
203 207
203 210
204 200
204 201
204 202
204 203
204 205
204 206
205 124
205 125
205 152
205 200
205 201
205 202
205 203
205 204
205 206
205 207
205 209
205 210
206 152
206 202
206 203
206 204
206 205
206 207
206 208
206 209
206 210
207 203
207 205
207 206
207 208
207 209
207 210
207 211
208 151
208 152
208 206
208 207
208 209
208 210
208 211
208 212
209 124
209 151
209 152
209 195
209 202
209 205
209 206
209 207
209 208
209 210
209 211
209 212
209 213
210 202
210 203
210 205
210 206
210 207
210 208
210 209
210 211
210 212
210 213
210 214
211 207
211 208
211 209
211 210
211 212
211 213
211 214
211 215
212 122
212 177
212 208
212 209
212 210
212 211
212 213
212 214
212 215
212 216
213 195
213 209
213 210
213 211
213 212
213 214
213 215
213 216
213 217
213 230
213 231
213 244
214 210
214 211
214 212
214 213
214 215
214 216
214 217
214 218
215 179
215 181
215 211
215 212
215 213
215 214
215 216
215 217
215 218
215 219
216 212
216 213
216 214
216 215
216 217
216 218
216 219
216 244
217 213
217 214
217 215
217 216
217 218
217 219
217 242
217 243
217 244
217 245
218 181
218 214
218 215
218 216
218 217
218 219
218 220
219 181
219 182
219 184
219 185
219 215
219 216
219 217
219 218
219 220
219 221
219 222
219 223
220 185
220 218
220 219
220 221
220 222
221 185
221 188
221 189
221 190
221 191
221 219
221 220
221 222
221 223
222 189
222 190
222 191
222 219
222 220
222 221
222 223
222 224
222 246
222 247
222 248
223 190
223 191
223 192
223 193
223 219
223 221
223 222
223 224
223 225
223 245
223 246
223 247
223 248
224 103
224 190
224 191
224 192
224 193
224 222
224 223
224 225
224 226
224 246
224 247
224 248
224 249
224 250
225 192
225 193
225 194
225 223
225 224
225 226
225 227
225 228
225 229
225 230
225 246
225 248
225 249
225 250
226 99
226 128
226 131
226 132
226 192
226 193
226 194
226 224
226 225
226 227
226 228
226 229
226 249
226 250
226 251
226 252
227 128
227 197
227 198
227 225
227 226
227 228
227 229
227 249
227 250
227 251
227 252
227 255
227 256
228 196
228 197
228 198
228 225
228 226
228 227
228 229
228 230
228 232
228 234
228 249
228 250
228 251
228 256
228 258
228 259
229 193
229 196
229 225
229 226
229 227
229 228
229 230
229 231
229 232
229 244
229 245
229 246
229 249
230 193
230 194
230 195
230 196
230 197
230 213
230 225
230 228
230 229
230 231
230 232
230 244
231 196
231 200
231 201
231 202
231 213
231 229
231 230
231 232
231 233
231 238
231 243
231 244
232 198
232 228
232 229
232 230
232 231
232 233
232 234
232 236
232 237
232 238
232 243
232 244
232 258
233 198
233 199
233 231
233 232
233 234
233 235
233 236
233 237
233 238
233 258
234 69
234 70
234 198
234 199
234 228
234 232
234 233
234 235
234 236
234 237
234 256
234 257
234 258
234 259
235 69
235 70
235 233
235 234
235 236
235 237
235 256
235 257
235 258
236 232
236 233
236 234
236 235
236 237
236 238
236 239
236 257
236 258
237 232
237 233
237 234
237 235
237 236
237 238
237 239
237 257
237 258
237 259
237 261
238 231
238 232
238 233
238 236
238 237
238 239
238 240
238 241
238 242
238 243
238 258
239 236
239 237
239 238
239 240
239 241
239 243
240 238
240 239
240 241
240 242
240 243
241 238
241 239
241 240
241 242
241 243
242 217
242 238
242 240
242 241
242 243
242 244
243 217
243 231
243 232
243 238
243 239
243 240
243 241
243 242
243 244
243 245
244 213
244 216
244 217
244 229
244 230
244 231
244 232
244 242
244 243
244 245
244 246
245 217
245 223
245 229
245 243
245 244
245 246
245 247
245 264
246 222
246 223
246 224
246 225
246 229
246 244
246 245
246 247
246 248
246 249
246 264
247 222
247 223
247 224
247 245
247 246
247 248
247 249
247 263
247 264
247 265
247 266
248 103
248 106
248 222
248 223
248 224
248 225
248 246
248 247
248 249
248 250
248 264
248 265
248 266
248 267
248 268
249 224
249 225
249 226
249 227
249 228
249 229
249 246
249 247
249 248
249 250
249 251
249 259
249 262
249 264
249 266
249 267
249 268
250 99
250 102
250 224
250 225
250 226
250 227
250 228
250 248
250 249
250 251
250 252
250 267
250 268
250 269
250 270
251 226
251 227
251 228
251 249
251 250
251 252
251 253
251 254
251 255
251 256
251 259
251 267
251 268
251 269
251 270
251 271
252 95
252 226
252 227
252 250
252 251
252 253
252 254
252 255
252 269
252 270
252 271
253 95
253 251
253 252
253 254
253 255
253 269
253 270
253 271
253 272
253 273
253 274
254 67
254 68
254 73
254 251
254 252
254 253
254 255
254 256
254 269
254 270
254 271
254 284
254 286
255 65
255 66
255 67
255 68
255 227
255 251
255 252
255 253
255 254
255 256
255 257
255 258
255 259
255 269
256 67
256 68
256 69
256 70
256 73
256 227
256 228
256 234
256 235
256 251
256 254
256 255
256 257
256 258
256 259
256 260
257 67
257 68
257 69
257 234
257 235
257 236
257 237
257 255
257 256
257 258
257 259
257 260
258 67
258 228
258 232
258 233
258 234
258 235
258 236
258 237
258 238
258 255
258 256
258 257
258 259
258 260
258 261
258 262
259 67
259 228
259 234
259 237
259 249
259 251
259 255
259 256
259 257
259 258
259 260
259 261
259 262
260 67
260 256
260 257
260 258
260 259
260 261
260 262
261 237
261 258
261 259
261 260
261 262
261 263
262 249
262 258
262 259
262 260
262 261
262 263
262 264
262 267
263 247
263 261
263 262
263 264
263 265
264 245
264 246
264 247
264 248
264 249
264 262
264 263
264 265
264 266
264 267
265 247
265 248
265 263
265 264
265 266
265 267
266 106
266 247
266 248
266 249
266 264
266 265
266 267
266 268
266 297
266 298
267 248
267 249
267 250
267 251
267 262
267 264
267 265
267 266
267 268
267 269
267 297
267 298
268 102
268 248
268 249
268 250
268 251
268 266
268 267
268 269
268 270
268 295
268 296
268 297
268 298
269 250
269 251
269 252
269 253
269 254
269 255
269 267
269 268
269 270
269 271
269 286
269 295
269 296
269 297
269 298
270 95
270 98
270 99
270 250
270 251
270 252
270 253
270 254
270 268
270 269
270 271
270 272
270 273
270 294
270 295
270 296
271 251
271 252
271 253
271 254
271 269
271 270
271 272
271 273
271 274
271 286
271 294
271 295
272 253
272 270
272 271
272 273
272 274
272 275
272 289
272 294
272 295
273 94
273 253
273 270
273 271
273 272
273 274
273 275
273 294
274 253
274 271
274 272
274 273
274 275
274 276
274 278
274 279
275 272
275 273
275 274
275 276
275 277
275 278
275 279
276 274
276 275
276 277
276 278
276 279
276 280
277 275
277 276
277 278
277 279
277 280
277 281
278 76
278 79
278 274
278 275
278 276
278 277
278 279
278 280
278 281
278 282
279 274
279 275
279 276
279 277
279 278
279 280
279 281
279 282
279 283
279 284
279 285
279 286
280 276
280 277
280 278
280 279
280 281
280 282
280 283
280 284
281 44
281 277
281 278
281 279
281 280
281 282
281 283
281 284
282 44
282 72
282 76
282 278
282 279
282 280
282 281
282 283
282 284
283 44
283 66
283 279
283 280
283 281
283 282
283 284
283 285
284 65
284 66
284 67
284 254
284 279
284 280
284 281
284 282
284 283
284 285
284 286
285 60
285 61
285 64
285 65
285 66
285 279
285 283
285 284
285 286
285 287
286 65
286 66
286 254
286 269
286 271
286 279
286 284
286 285
286 287
286 288
287 65
287 285
287 286
287 288
287 289
287 296
287 297
287 298
288 286
288 287
288 289
288 290
288 296
289 272
289 287
289 288
289 290
289 291
289 292
289 293
289 294
289 295
289 296
290 288
290 289
290 291
290 292
290 293
290 296
291 289
291 290
291 292
291 293
292 289
292 290
292 291
292 293
292 294
293 289
293 290
293 291
293 292
293 294
293 295
293 296
294 98
294 101
294 270
294 271
294 272
294 273
294 289
294 292
294 293
294 295
294 296
295 98
295 101
295 102
295 268
295 269
295 270
295 271
295 272
295 289
295 293
295 294
295 296
295 297
296 268
296 269
296 270
296 287
296 288
296 289
296 290
296 293
296 294
296 295
296 297
296 298
297 266
297 267
297 268
297 269
297 287
297 295
297 296
297 298
298 65
298 266
298 267
298 268
298 269
298 287
298 296
298 297
