0 1
0 2
0 3
0 4
1 0
1 2
1 3
1 4
1 5
1 117
1 118
2 0
2 1
2 3
2 4
2 5
2 6
2 116
2 117
2 118
3 0
3 1
3 2
3 4
3 5
3 6
3 7
3 252
4 0
4 1
4 2
4 3
4 5
4 6
4 7
4 8
5 1
5 2
5 3
5 4
5 6
5 7
5 8
5 9
5 30
5 115
5 116
5 117
6 2
6 3
6 4
6 5
6 7
6 8
6 9
6 10
6 116
6 252
6 254
7 3
7 4
7 5
7 6
7 8
7 9
7 10
7 11
7 346
8 4
8 5
8 6
8 7
8 9
8 10
8 11
8 14
8 30
9 5
9 6
9 7
9 8
9 10
9 11
9 15
9 27
9 28
9 29
9 30
10 6
10 7
10 8
10 9
10 11
10 12
10 25
10 26
10 27
10 28
11 7
11 8
11 9
11 10
11 12
11 13
11 14
11 15
11 16
12 10
12 11
12 13
12 14
12 15
12 16
12 17
12 18
12 25
12 350
13 11
13 12
13 14
13 15
13 16
13 17
13 18
14 8
14 11
14 12
14 13
14 15
14 16
14 17
15 9
15 11
15 12
15 13
15 14
15 16
15 17
15 28
15 143
15 146
15 147
16 11
16 12
16 13
16 14
16 15
16 17
16 18
16 25
16 146
16 147
16 149
17 12
17 13
17 14
17 15
17 16
17 18
17 19
17 20
17 21
17 147
18 12
18 13
18 16
18 17
18 19
18 20
18 21
18 352
19 17
19 18
19 20
19 21
20 17
20 18
20 19
20 21
20 22
21 17
21 18
21 19
21 20
21 22
21 23
21 150
22 20
22 21
22 23
22 24
22 352
22 353
22 355
22 356
23 21
23 22
23 24
23 25
23 352
23 353
23 356
24 22
24 23
24 25
24 26
24 352
24 353
24 356
25 10
25 12
25 16
25 23
25 24
25 26
25 27
25 353
26 10
26 24
26 25
26 27
26 28
26 146
26 200
27 9
27 10
27 25
27 26
27 28
27 29
27 142
27 146
27 255
28 9
28 10
28 15
28 26
28 27
28 29
28 30
28 139
28 142
28 143
28 145
28 146
29 9
29 27
29 28
29 30
29 31
29 115
29 139
29 140
29 142
29 143
30 5
30 8
30 9
30 28
30 29
30 31
30 32
30 115
30 116
30 139
31 29
31 30
31 32
31 33
31 115
31 135
31 136
31 139
31 140
32 30
32 31
32 33
32 34
32 112
32 113
32 114
32 115
32 132
32 135
32 136
33 31
33 32
33 34
33 35
33 73
33 112
33 113
34 32
34 33
34 35
34 36
34 72
34 73
34 111
34 112
35 33
35 34
35 36
35 37
35 111
35 112
36 34
36 35
36 37
36 38
36 70
37 35
37 36
37 38
37 39
37 110
38 36
38 37
38 39
38 40
38 41
38 66
39 37
39 38
39 40
39 41
39 42
39 43
39 108
40 38
40 39
40 41
40 42
40 43
40 44
40 59
40 62
40 63
41 38
41 39
41 40
41 42
41 43
41 44
41 45
42 39
42 40
42 41
42 43
42 44
42 45
42 46
42 106
42 107
42 108
43 39
43 40
43 41
43 42
43 44
43 45
43 46
43 47
43 55
43 62
43 99
43 106
44 40
44 41
44 42
44 43
44 45
44 46
44 47
44 48
44 54
44 55
44 56
44 58
45 41
45 42
45 43
45 44
45 46
45 47
45 48
45 49
45 55
46 42
46 43
46 44
46 45
46 47
46 48
46 49
46 50
46 51
46 55
46 99
46 106
47 43
47 44
47 45
47 46
47 48
47 49
47 50
47 51
47 52
47 53
47 54
47 55
48 44
48 45
48 46
48 47
48 49
48 50
48 51
48 52
48 53
48 54
48 55
49 45
49 46
49 47
49 48
49 50
49 51
49 52
50 46
50 47
50 48
50 49
50 51
50 52
50 101
51 46
51 47
51 48
51 49
51 50
51 52
51 53
52 47
52 48
52 49
52 50
52 51
52 53
52 54
53 47
53 48
53 51
53 52
53 54
53 55
54 44
54 47
54 48
54 52
54 53
54 55
54 56
54 57
54 58
55 43
55 44
55 45
55 46
55 47
55 48
55 53
55 54
55 56
55 57
55 58
55 59
56 44
56 54
56 55
56 57
56 58
56 59
57 54
57 55
57 56
57 58
57 59
57 60
58 44
58 54
58 55
58 56
58 57
58 59
58 60
58 61
58 62
59 40
59 55
59 56
59 57
59 58
59 60
59 61
59 62
59 63
60 57
60 58
60 59
60 61
60 62
60 63
60 64
61 58
61 59
61 60
61 62
61 63
61 64
61 65
62 40
62 43
62 58
62 59
62 60
62 61
62 63
62 64
62 65
62 66
63 40
63 59
63 60
63 61
63 62
63 64
63 65
63 66
63 67
64 60
64 61
64 62
64 63
64 65
64 66
64 67
64 68
65 61
65 62
65 63
65 64
65 66
65 67
65 68
65 69
65 88
65 91
66 38
66 62
66 63
66 64
66 65
66 67
66 68
66 69
66 70
67 63
67 64
67 65
67 66
67 68
67 69
67 70
67 71
68 64
68 65
68 66
68 67
68 69
68 70
68 71
68 72
68 84
68 85
68 87
68 88
69 65
69 66
69 67
69 68
69 70
69 71
69 72
69 73
69 88
70 36
70 66
70 67
70 68
70 69
70 71
70 72
70 73
70 74
71 67
71 68
71 69
71 70
71 72
71 73
71 74
71 84
72 34
72 68
72 69
72 70
72 71
72 73
72 74
72 81
72 84
72 85
73 33
73 34
73 69
73 70
73 71
73 72
73 74
73 75
74 70
74 71
74 72
74 73
74 75
74 76
75 73
75 74
75 76
75 77
76 74
76 75
76 77
76 78
76 81
77 75
77 76
77 78
77 79
77 81
77 140
77 143
77 144
78 76
78 77
78 79
78 80
78 81
78 82
78 140
78 144
79 77
79 78
79 80
79 81
79 82
79 83
80 78
80 79
80 81
80 82
80 83
80 84
81 72
81 76
81 77
81 78
81 79
81 80
81 82
81 83
81 84
81 85
82 78
82 79
82 80
82 81
82 83
82 84
82 85
82 86
82 137
82 140
82 141
83 79
83 80
83 81
83 82
83 84
83 85
83 86
83 87
84 68
84 71
84 72
84 80
84 81
84 82
84 83
84 85
84 86
84 87
84 88
85 68
85 72
85 81
85 82
85 83
85 84
85 86
85 87
85 88
85 89
85 133
85 134
85 136
85 137
86 82
86 83
86 84
86 85
86 87
86 88
86 89
86 90
86 133
86 134
86 137
87 68
87 83
87 84
87 85
87 86
87 88
87 89
87 90
87 91
88 65
88 68
88 69
88 84
88 85
88 86
88 87
88 89
88 90
88 91
88 92
89 85
89 86
89 87
89 88
89 90
89 91
89 92
89 93
89 130
89 133
89 134
90 86
90 87
90 88
90 89
90 91
90 92
90 93
90 94
91 65
91 87
91 88
91 89
91 90
91 92
91 93
91 94
91 95
92 88
92 89
92 90
92 91
92 93
92 94
92 95
92 96
92 126
92 130
93 89
93 90
93 91
93 92
93 94
93 95
93 96
93 97
94 90
94 91
94 92
94 93
94 95
94 96
94 97
94 98
95 91
95 92
95 93
95 94
95 96
95 97
95 98
95 99
96 92
96 93
96 94
96 95
96 97
96 98
96 99
96 100
96 105
96 126
97 93
97 94
97 95
97 96
97 98
97 99
97 100
98 94
98 95
98 96
98 97
98 99
98 100
99 43
99 46
99 95
99 96
99 97
99 98
99 100
99 101
99 105
99 106
100 96
100 97
100 98
100 99
100 101
100 102
100 103
100 104
100 105
100 106
101 50
101 99
101 100
101 102
101 103
101 104
101 105
101 106
102 100
102 101
102 103
102 104
103 100
103 101
103 102
103 104
103 105
104 100
104 101
104 102
104 103
104 105
104 106
105 96
105 99
105 100
105 101
105 103
105 104
105 106
105 107
105 108
105 124
105 125
106 42
106 43
106 46
106 99
106 100
106 101
106 104
106 105
106 107
106 108
106 125
107 42
107 105
107 106
107 108
107 109
107 124
107 125
108 39
108 42
108 105
108 106
108 107
108 109
108 110
108 124
108 125
108 126
109 107
109 108
109 110
109 111
109 122
109 123
109 124
109 125
110 37
110 108
110 109
110 111
110 112
110 122
110 123
110 124
110 125
110 126
110 128
110 129
111 34
111 35
111 109
111 110
111 112
111 113
111 120
111 121
111 122
111 123
112 32
112 33
112 34
112 35
112 110
112 111
112 113
112 114
112 120
112 121
112 122
112 128
112 132
113 32
113 33
113 111
113 112
113 114
113 115
113 118
113 119
113 120
113 121
113 182
114 32
114 112
114 113
114 115
114 116
114 117
114 118
114 119
114 120
114 121
114 182
114 183
114 184
115 5
115 29
115 30
115 31
115 32
115 113
115 114
115 116
115 117
115 118
115 184
116 2
116 5
116 6
116 30
116 114
116 115
116 117
116 118
116 184
116 250
116 251
116 252
117 1
117 2
117 5
117 114
117 115
117 116
117 118
117 119
117 250
118 1
118 2
118 113
118 114
118 115
118 116
118 117
118 119
118 120
119 113
119 114
119 117
119 118
119 120
119 121
120 111
120 112
120 113
120 114
120 118
120 119
120 121
120 122
121 111
121 112
121 113
121 114
121 119
121 120
121 122
121 123
121 181
121 182
122 109
122 110
122 111
122 112
122 120
122 121
122 123
122 124
122 128
123 109
123 110
123 111
123 121
123 122
123 124
123 125
123 126
123 127
123 128
123 181
123 504
124 105
124 107
124 108
124 109
124 110
124 122
124 123
124 125
124 126
125 105
125 106
125 107
125 108
125 109
125 110
125 123
125 124
125 126
125 127
125 128
125 129
126 92
126 96
126 108
126 110
126 123
126 124
126 125
126 127
126 128
126 129
126 130
127 123
127 125
127 126
127 128
127 129
127 130
127 131
127 177
128 110
128 112
128 122
128 123
128 125
128 126
128 127
128 129
128 130
128 131
128 132
128 180
128 181
129 110
129 125
129 126
129 127
129 128
129 130
129 131
129 132
129 133
130 89
130 92
130 126
130 127
130 128
130 129
130 131
130 132
130 133
130 134
131 127
131 128
131 129
131 130
131 132
131 133
131 134
131 135
131 173
131 177
131 180
131 185
132 32
132 112
132 128
132 129
132 130
132 131
132 133
132 134
132 135
132 136
133 85
133 86
133 89
133 129
133 130
133 131
133 132
133 134
133 135
133 136
133 137
134 85
134 86
134 89
134 130
134 131
134 132
134 133
134 135
134 136
134 137
134 138
134 169
134 170
134 173
135 31
135 32
135 131
135 132
135 133
135 134
135 136
135 137
135 138
135 139
135 169
135 170
135 173
135 185
136 31
136 32
136 85
136 132
136 133
136 134
136 135
136 137
136 138
136 139
136 140
137 82
137 85
137 86
137 133
137 134
137 135
137 136
137 138
137 139
137 140
137 141
137 166
137 169
138 134
138 135
138 136
138 137
138 139
138 140
138 141
138 142
138 165
138 166
138 167
138 169
138 170
139 28
139 29
139 30
139 31
139 135
139 136
139 137
139 138
139 140
139 141
139 142
139 143
139 166
140 29
140 31
140 77
140 78
140 82
140 136
140 137
140 138
140 139
140 141
140 142
140 143
140 144
140 166
141 82
141 137
141 138
141 139
141 140
141 142
141 143
141 144
141 145
141 162
141 163
141 165
141 166
142 27
142 28
142 29
142 138
142 139
142 140
142 141
142 143
142 144
142 145
142 146
142 162
142 163
142 166
142 197
143 15
143 28
143 29
143 77
143 139
143 140
143 141
143 142
143 144
143 145
143 146
143 147
144 77
144 78
144 140
144 141
144 142
144 143
144 145
144 146
144 147
144 148
144 159
144 162
145 28
145 141
145 142
145 143
145 144
145 146
145 147
145 148
145 149
145 158
145 159
145 160
145 161
145 162
145 163
146 15
146 16
146 26
146 27
146 28
146 142
146 143
146 144
146 145
146 147
146 148
146 149
146 159
147 15
147 16
147 17
147 143
147 144
147 145
147 146
147 148
147 149
148 144
148 145
148 146
148 147
148 149
148 150
148 155
148 156
148 158
148 159
149 16
149 145
149 146
149 147
149 148
149 150
149 151
149 152
149 155
149 156
149 159
150 21
150 148
150 149
150 151
150 152
150 155
151 149
151 150
151 152
151 153
151 155
151 156
151 211
152 149
152 150
152 151
152 153
152 154
152 155
152 156
152 211
153 151
153 152
153 154
153 155
153 156
153 157
153 208
153 211
154 152
154 153
154 155
154 156
154 157
154 158
155 148
155 149
155 150
155 151
155 152
155 153
155 154
155 156
155 157
155 158
155 159
156 148
156 149
156 151
156 152
156 153
156 154
156 155
156 157
156 158
156 159
156 160
156 204
156 205
156 207
156 208
157 153
157 154
157 155
157 156
157 158
157 159
157 160
157 161
157 204
157 205
157 208
158 145
158 148
158 154
158 155
158 156
158 157
158 159
158 160
158 161
158 162
159 144
159 145
159 146
159 148
159 149
159 155
159 156
159 157
159 158
159 160
159 161
159 162
159 163
159 201
159 204
160 145
160 156
160 157
160 158
160 159
160 161
160 162
160 163
160 164
160 200
160 201
160 202
160 204
160 205
161 145
161 157
161 158
161 159
161 160
161 162
161 163
161 164
161 165
161 201
162 141
162 142
162 144
162 145
162 158
162 159
162 160
162 161
162 163
162 164
162 165
162 166
163 141
163 142
163 145
163 159
163 160
163 161
163 162
163 164
163 165
163 166
163 167
163 197
163 198
163 200
163 201
164 160
164 161
164 162
164 163
164 165
164 166
164 167
164 168
164 197
164 198
164 201
165 138
165 141
165 161
165 162
165 163
165 164
165 166
165 167
165 168
165 169
166 137
166 138
166 139
166 140
166 141
166 142
166 162
166 163
166 164
166 165
166 167
166 168
166 169
166 170
166 194
166 197
167 138
167 163
167 164
167 165
167 166
167 168
167 169
167 170
167 171
167 193
167 194
167 195
167 197
167 198
168 164
168 165
168 166
168 167
168 169
168 170
168 171
168 172
168 194
169 134
169 135
169 137
169 138
169 165
169 166
169 167
169 168
169 170
169 171
169 172
169 173
170 134
170 135
170 138
170 166
170 167
170 168
170 169
170 171
170 172
170 173
170 174
170 190
170 193
170 194
171 167
171 168
171 169
171 170
171 172
171 173
171 174
171 175
171 190
171 191
171 194
172 168
172 169
172 170
172 171
172 173
172 174
172 175
172 176
172 403
172 404
173 131
173 134
173 135
173 169
173 170
173 171
173 172
173 174
173 175
173 176
173 177
173 185
174 170
174 171
174 172
174 173
174 175
174 176
174 177
174 178
174 185
174 186
174 187
174 190
174 191
175 171
175 172
175 173
175 174
175 176
175 177
175 178
175 187
175 404
176 172
176 173
176 174
176 175
176 177
176 178
177 127
177 131
177 173
177 174
177 175
177 176
177 178
177 179
177 180
178 174
178 175
178 176
178 177
178 179
178 180
178 186
178 187
178 512
179 177
179 178
179 180
179 181
179 186
179 499
179 500
179 501
179 502
179 510
179 511
179 512
180 128
180 131
180 177
180 178
180 179
180 181
180 182
180 183
180 185
180 186
180 510
180 512
181 121
181 123
181 128
181 179
181 180
181 182
181 183
181 185
181 186
181 504
181 510
181 511
182 113
182 114
182 121
182 180
182 181
182 183
182 184
182 185
182 186
183 114
183 180
183 181
183 182
183 184
183 185
183 186
183 189
183 511
184 114
184 115
184 116
184 182
184 183
184 185
184 186
184 189
184 190
185 131
185 135
185 173
185 174
185 180
185 181
185 182
185 183
185 184
185 186
185 187
185 189
185 190
186 174
186 178
186 179
186 180
186 181
186 182
186 183
186 184
186 185
186 187
186 188
186 189
186 190
186 511
186 512
186 515
187 174
187 175
187 178
187 185
187 186
187 188
187 189
187 190
187 191
187 512
187 515
187 516
188 186
188 187
188 189
188 190
188 191
188 192
188 246
188 247
188 515
188 516
188 518
189 183
189 184
189 185
189 186
189 187
189 188
189 190
189 191
189 192
189 193
189 247
190 170
190 171
190 174
190 184
190 185
190 186
190 187
190 188
190 189
190 191
190 192
190 193
190 194
191 171
191 174
191 187
191 188
191 189
191 190
191 192
191 193
191 194
191 195
192 188
192 189
192 190
192 191
192 193
192 194
192 195
192 196
192 238
192 241
192 242
193 167
193 170
193 189
193 190
193 191
193 192
193 194
193 195
193 196
193 197
194 166
194 167
194 168
194 170
194 171
194 190
194 191
194 192
194 193
194 195
194 196
194 197
194 198
195 167
195 191
195 192
195 193
195 194
195 196
195 197
195 198
195 199
195 238
196 192
196 193
196 194
196 195
196 197
196 198
196 199
196 200
196 238
197 142
197 163
197 164
197 166
197 167
197 193
197 194
197 195
197 196
197 198
197 199
197 200
197 201
198 163
198 164
198 167
198 194
198 195
198 196
198 197
198 199
198 200
198 201
198 202
199 195
199 196
199 197
199 198
199 200
199 201
199 202
199 203
199 231
199 234
199 235
199 238
200 26
200 160
200 163
200 196
200 197
200 198
200 199
200 201
200 202
200 203
200 204
201 159
201 160
201 161
201 163
201 164
201 197
201 198
201 199
201 200
201 202
201 203
201 204
201 205
202 160
202 198
202 199
202 200
202 201
202 203
202 204
202 205
202 206
202 230
202 231
203 199
203 200
203 201
203 202
203 204
203 205
203 206
203 207
203 231
204 156
204 157
204 159
204 160
204 200
204 201
204 202
204 203
204 205
204 206
204 207
204 208
205 156
205 157
205 160
205 201
205 202
205 203
205 204
205 206
205 207
205 208
205 209
205 392
206 202
206 203
206 204
206 205
206 207
206 208
206 209
206 210
206 224
206 227
206 228
206 231
207 156
207 203
207 204
207 205
207 206
207 208
207 209
207 210
207 211
208 153
208 156
208 157
208 204
208 205
208 206
208 207
208 209
208 210
208 211
208 212
209 205
209 206
209 207
209 208
209 210
209 211
209 212
209 224
210 206
210 207
210 208
210 209
210 211
210 212
210 213
210 214
210 224
211 151
211 152
211 153
211 207
211 208
211 209
211 210
211 212
211 213
211 214
212 208
212 209
212 210
212 211
212 213
212 214
213 210
213 211
213 212
213 214
213 215
214 210
214 211
214 212
214 213
214 215
214 216
214 220
214 221
214 224
215 213
215 214
215 216
215 217
215 220
215 221
216 214
216 215
216 217
216 218
216 220
216 221
216 276
216 277
216 280
217 215
217 216
217 218
217 219
217 220
217 221
217 277
217 281
218 216
218 217
218 219
218 220
218 221
218 222
218 277
218 281
218 292
219 217
219 218
219 220
219 221
219 222
219 223
219 292
219 295
220 214
220 215
220 216
220 217
220 218
220 219
220 221
220 222
220 223
220 224
221 214
221 215
221 216
221 217
221 218
221 219
221 220
221 222
221 223
221 224
221 225
221 273
221 274
221 276
221 277
222 218
222 219
222 220
222 221
222 223
222 224
222 225
222 226
222 273
222 274
222 277
222 295
222 296
222 299
223 219
223 220
223 221
223 222
223 224
223 225
223 226
223 227
223 389
223 390
224 206
224 209
224 210
224 214
224 220
224 221
224 222
224 223
224 225
224 226
224 227
224 228
224 270
224 273
225 221
225 222
225 223
225 224
225 226
225 227
225 228
225 229
225 269
225 270
225 271
225 272
225 273
225 274
225 386
226 222
226 223
226 224
226 225
226 227
226 228
226 229
226 230
226 270
226 299
226 386
226 387
226 388
226 389
226 390
227 206
227 223
227 224
227 225
227 226
227 228
227 229
227 230
227 231
227 270
227 388
227 389
227 390
228 206
228 224
228 225
228 226
228 227
228 229
228 230
228 231
228 232
228 266
228 267
228 269
228 270
228 388
229 225
229 226
229 227
229 228
229 230
229 231
229 232
229 233
229 266
229 267
229 269
229 270
229 386
229 387
229 388
229 389
230 202
230 226
230 227
230 228
230 229
230 231
230 232
230 233
230 234
230 387
230 388
230 389
230 390
231 199
231 202
231 203
231 206
231 227
231 228
231 229
231 230
231 232
231 233
231 234
231 235
231 263
231 266
231 267
231 388
232 228
232 229
232 230
232 231
232 233
232 234
232 235
232 236
232 262
232 263
232 264
232 265
232 266
232 267
233 229
233 230
233 231
233 232
233 234
233 235
233 236
233 237
233 263
233 267
233 388
234 199
234 230
234 231
234 232
234 233
234 235
234 236
234 237
234 238
234 263
235 199
235 231
235 232
235 233
235 234
235 236
235 237
235 238
235 239
235 259
235 260
235 262
235 263
236 232
236 233
236 234
236 235
236 237
236 238
236 239
236 240
236 259
236 260
236 263
237 233
237 234
237 235
237 236
237 238
237 239
237 240
237 241
238 192
238 195
238 196
238 199
238 234
238 235
238 236
238 237
238 239
238 240
238 241
238 242
238 259
239 235
239 236
239 237
239 238
239 240
239 241
239 242
239 243
239 256
239 257
239 259
239 260
240 236
240 237
240 238
240 239
240 241
240 242
240 243
240 244
241 192
241 237
241 238
241 239
241 240
241 242
241 243
241 244
242 192
242 238
242 239
242 240
242 241
242 243
242 244
242 247
242 248
242 251
242 256
243 239
243 240
243 241
243 242
243 244
243 245
243 247
243 248
243 256
244 240
244 241
244 242
244 243
244 245
244 246
244 247
244 248
245 243
245 244
245 246
245 247
245 248
245 249
246 188
246 244
246 245
246 247
246 248
246 249
246 515
247 188
247 189
247 242
247 243
247 244
247 245
247 246
247 248
247 249
247 250
247 251
248 242
248 243
248 244
248 245
248 246
248 247
248 249
248 250
248 251
249 245
249 246
249 247
249 248
249 250
249 251
250 116
250 117
250 247
250 248
250 249
250 251
250 252
251 116
251 242
251 247
251 248
251 249
251 250
251 252
251 253
251 255
251 256
252 3
252 6
252 116
252 250
252 251
252 253
252 254
252 255
252 256
253 251
253 252
253 254
253 255
253 256
253 257
254 6
254 252
254 253
254 255
254 256
254 257
254 258
254 344
254 346
254 347
255 27
255 251
255 252
255 253
255 254
255 256
255 257
255 258
255 259
256 239
256 242
256 243
256 251
256 252
256 253
256 254
256 255
256 257
256 258
256 259
256 260
257 239
257 253
257 254
257 255
257 256
257 258
257 259
257 260
257 261
257 340
257 341
257 344
258 254
258 255
258 256
258 257
258 259
258 260
258 261
258 262
258 341
258 347
259 235
259 236
259 238
259 239
259 255
259 256
259 257
259 258
259 260
259 261
259 262
259 263
260 235
260 236
260 239
260 256
260 257
260 258
260 259
260 261
260 262
260 263
260 264
260 337
260 340
261 257
261 258
261 259
261 260
261 262
261 263
261 264
261 265
261 336
261 337
261 338
261 340
261 341
262 232
262 235
262 258
262 259
262 260
262 261
262 263
262 264
262 265
262 266
262 337
263 231
263 232
263 233
263 234
263 235
263 236
263 259
263 260
263 261
263 262
263 264
263 265
263 266
263 267
263 337
264 232
264 260
264 261
264 262
264 263
264 265
264 266
264 267
264 268
264 333
264 334
264 336
264 337
265 232
265 261
265 262
265 263
265 264
265 266
265 267
265 268
265 269
265 333
265 334
265 337
265 357
266 228
266 229
266 231
266 232
266 262
266 263
266 264
266 265
266 267
266 268
266 269
266 270
267 228
267 229
267 231
267 232
267 233
267 263
267 264
267 265
267 266
267 268
267 269
267 270
267 271
267 330
267 333
268 264
268 265
268 266
268 267
268 269
268 270
268 271
268 272
268 329
268 330
268 331
268 332
268 333
268 334
269 225
269 228
269 229
269 265
269 266
269 267
269 268
269 270
269 271
269 272
269 273
269 330
269 360
270 224
270 225
270 226
270 227
270 228
270 229
270 266
270 267
270 268
270 269
270 271
270 272
270 273
270 274
270 330
270 386
271 225
271 267
271 268
271 269
271 270
271 272
271 273
271 274
271 275
271 326
271 327
271 329
271 330
271 386
272 225
272 268
272 269
272 270
272 271
272 273
272 274
272 275
272 276
272 326
272 327
272 330
272 364
273 221
273 222
273 224
273 225
273 269
273 270
273 271
273 272
273 274
273 275
273 276
273 277
274 221
274 222
274 225
274 270
274 271
274 272
274 273
274 275
274 276
274 277
274 278
274 323
274 326
274 386
275 271
275 272
275 273
275 274
275 276
275 277
275 278
275 279
275 322
275 323
275 324
275 325
275 326
275 327
276 216
276 221
276 272
276 273
276 274
276 275
276 277
276 278
276 279
276 280
276 281
276 323
277 216
277 217
277 218
277 221
277 222
277 273
277 274
277 275
277 276
277 278
277 279
277 280
277 281
277 323
278 274
278 275
278 276
278 277
278 279
278 280
278 281
278 319
278 320
278 322
278 323
279 275
279 276
279 277
279 278
279 280
279 281
279 316
279 319
279 320
279 323
279 324
280 216
280 276
280 277
280 278
280 279
280 281
280 282
281 217
281 218
281 276
281 277
281 278
281 279
281 280
281 282
281 283
282 280
282 281
282 283
282 284
282 316
283 281
283 282
283 284
283 285
283 287
283 313
283 314
284 282
284 283
284 285
284 286
284 287
285 283
285 284
285 286
285 287
286 284
286 285
286 287
286 288
287 283
287 284
287 285
287 286
287 288
287 289
288 286
288 287
288 289
288 290
288 291
288 292
289 287
289 288
289 290
289 291
289 292
289 293
289 310
290 288
290 289
290 291
290 292
290 293
290 294
291 288
291 289
291 290
291 292
291 293
291 294
291 295
292 218
292 219
292 288
292 289
292 290
292 291
292 293
292 294
292 295
292 296
292 313
293 289
293 290
293 291
293 292
293 294
293 295
293 296
293 297
293 309
293 310
293 313
294 290
294 291
294 292
294 293
294 295
294 296
294 297
294 298
294 309
295 219
295 222
295 291
295 292
295 293
295 294
295 296
295 297
295 298
295 299
296 222
296 292
296 293
296 294
296 295
296 297
296 298
296 299
296 300
296 309
297 293
297 294
297 295
297 296
297 298
297 299
297 300
297 301
297 302
297 303
297 309
298 294
298 295
298 296
298 297
298 299
298 300
298 301
298 387
299 222
299 226
299 295
299 296
299 297
299 298
299 300
299 301
299 386
299 387
300 296
300 297
300 298
300 299
300 301
300 302
300 303
300 384
300 385
300 386
300 387
301 297
301 298
301 299
301 300
301 302
301 303
301 385
301 386
301 387
302 297
302 300
302 301
302 303
302 304
302 384
303 297
303 300
303 301
303 302
303 304
303 305
303 307
303 308
303 309
303 384
304 302
304 303
304 305
304 306
304 307
304 308
304 381
304 382
304 383
304 384
305 303
305 304
305 306
305 307
306 304
306 305
306 307
306 308
307 303
307 304
307 305
307 306
307 308
307 309
307 311
307 312
307 318
308 303
308 304
308 306
308 307
308 309
308 310
308 311
308 312
309 293
309 294
309 296
309 297
309 303
309 307
309 308
309 310
309 311
309 312
309 313
310 289
310 293
310 308
310 309
310 311
310 312
310 313
310 314
311 307
311 308
311 309
311 310
311 312
311 313
311 314
311 315
312 307
312 308
312 309
312 310
312 311
312 313
312 314
312 315
312 316
312 318
312 319
313 283
313 292
313 293
313 309
313 310
313 311
313 312
313 314
313 315
313 316
313 318
313 319
314 283
314 310
314 311
314 312
314 313
314 315
314 316
315 311
315 312
315 313
315 314
315 316
315 317
315 318
315 319
316 279
316 282
316 312
316 313
316 314
316 315
316 317
316 318
316 319
316 320
317 315
317 316
317 318
317 319
317 320
317 321
318 307
318 312
318 313
318 315
318 316
318 317
318 319
318 320
318 321
318 322
319 278
319 279
319 312
319 313
319 315
319 316
319 317
319 318
319 320
319 321
319 322
319 323
320 278
320 279
320 316
320 317
320 318
320 319
320 321
320 322
320 323
320 324
321 317
321 318
321 319
321 320
321 322
321 323
321 324
321 325
321 380
321 381
322 275
322 278
322 318
322 319
322 320
322 321
322 323
322 324
322 325
322 326
322 381
322 383
323 274
323 275
323 276
323 277
323 278
323 279
323 319
323 320
323 321
323 322
323 324
323 325
323 326
323 327
324 275
324 279
324 320
324 321
324 322
324 323
324 325
324 326
324 327
324 328
324 368
324 371
324 372
324 380
325 275
325 321
325 322
325 323
325 324
325 326
325 327
325 328
325 329
325 380
325 381
325 382
325 383
326 271
326 272
326 274
326 275
326 322
326 323
326 324
326 325
326 327
326 328
326 329
326 330
326 383
326 384
327 271
327 272
327 275
327 323
327 324
327 325
327 326
327 328
327 329
327 330
327 331
327 364
327 365
327 367
327 368
328 324
328 325
328 326
328 327
328 329
328 330
328 331
328 332
328 368
329 268
329 271
329 325
329 326
329 327
329 328
329 330
329 331
329 332
329 333
329 383
330 267
330 268
330 269
330 270
330 271
330 272
330 326
330 327
330 328
330 329
330 331
330 332
330 333
330 334
330 364
331 268
331 327
331 328
331 329
331 330
331 332
331 333
331 334
331 335
331 361
331 364
331 365
332 268
332 328
332 329
332 330
332 331
332 333
332 334
332 335
332 336
333 264
333 265
333 267
333 268
333 329
333 330
333 331
333 332
333 334
333 335
333 336
333 337
334 264
334 265
334 268
334 330
334 331
334 332
334 333
334 335
334 336
334 337
334 338
334 357
334 360
334 361
335 331
335 332
335 333
335 334
335 336
335 337
335 338
335 339
335 361
336 261
336 264
336 332
336 333
336 334
336 335
336 337
336 338
336 339
336 340
337 260
337 261
337 262
337 263
337 264
337 265
337 333
337 334
337 335
337 336
337 338
337 339
337 340
337 341
337 357
338 261
338 334
338 335
338 336
338 337
338 339
338 340
338 341
338 342
338 354
338 357
338 358
339 335
339 336
339 337
339 338
339 340
339 341
339 342
339 343
340 257
340 260
340 261
340 336
340 337
340 338
340 339
340 341
340 342
340 343
340 344
341 257
341 258
341 261
341 337
341 338
341 339
341 340
341 342
341 343
341 344
341 347
341 348
341 354
342 338
342 339
342 340
342 341
342 343
342 344
342 345
342 347
342 348
343 339
343 340
343 341
343 342
343 344
343 345
343 348
344 254
344 257
344 340
344 341
344 342
344 343
344 345
344 346
344 347
344 348
345 342
345 343
345 344
345 346
345 347
345 348
345 349
346 7
346 254
346 344
346 345
346 347
346 348
346 349
346 350
347 254
347 258
347 341
347 342
347 344
347 345
347 346
347 348
347 349
347 350
347 353
347 354
348 341
348 342
348 343
348 344
348 345
348 346
348 347
348 349
348 350
348 351
348 354
349 345
349 346
349 347
349 348
349 350
349 351
350 12
350 346
350 347
350 348
350 349
350 351
350 352
350 353
350 354
351 348
351 349
351 350
351 352
351 353
351 354
351 355
352 18
352 22
352 23
352 24
352 350
352 351
352 353
352 354
352 355
352 356
353 22
353 23
353 24
353 25
353 347
353 350
353 351
353 352
353 354
353 355
353 356
353 357
354 338
354 341
354 347
354 348
354 350
354 351
354 352
354 353
354 355
354 356
354 357
354 358
355 22
355 351
355 352
355 353
355 354
355 356
355 357
355 358
355 359
356 22
356 23
356 24
356 352
356 353
356 354
356 355
356 357
356 358
356 359
356 360
357 265
357 334
357 337
357 338
357 353
357 354
357 355
357 356
357 358
357 359
357 360
357 361
358 338
358 354
358 355
358 356
358 357
358 359
358 360
358 361
358 362
359 355
359 356
359 357
359 358
359 360
359 361
359 362
359 363
360 269
360 334
360 356
360 357
360 358
360 359
360 361
360 362
360 363
360 364
361 331
361 334
361 335
361 357
361 358
361 359
361 360
361 362
361 363
361 364
361 365
362 358
362 359
362 360
362 361
362 363
362 364
362 365
362 366
363 359
363 360
363 361
363 362
363 364
363 365
363 366
363 367
364 272
364 327
364 330
364 331
364 360
364 361
364 362
364 363
364 365
364 366
364 367
364 368
365 327
365 331
365 361
365 362
365 363
365 364
365 366
365 367
365 368
365 369
366 362
366 363
366 364
366 365
366 367
366 368
366 369
366 370
367 327
367 363
367 364
367 365
367 366
367 368
367 369
367 370
367 371
368 324
368 327
368 328
368 364
368 365
368 366
368 367
368 369
368 370
368 371
368 372
369 365
369 366
369 367
369 368
369 370
369 371
369 372
370 366
370 367
370 368
370 369
370 371
370 372
371 324
371 367
371 368
371 369
371 370
371 372
371 373
372 324
372 368
372 369
372 370
372 371
372 373
372 374
372 376
373 371
373 372
373 374
373 375
373 376
374 372
374 373
374 375
374 376
374 377
375 373
375 374
375 376
375 377
375 378
375 379
376 372
376 373
376 374
376 375
376 377
376 378
376 379
376 380
377 374
377 375
377 376
377 378
377 379
377 380
378 375
378 376
378 377
378 379
378 380
379 375
379 376
379 377
379 378
379 380
379 381
380 321
380 324
380 325
380 376
380 377
380 378
380 379
380 381
380 382
381 304
381 321
381 322
381 325
381 379
381 380
381 382
381 383
382 304
382 325
382 380
382 381
382 383
382 384
383 304
383 322
383 325
383 326
383 329
383 381
383 382
383 384
383 385
384 300
384 302
384 303
384 304
384 326
384 382
384 383
384 385
384 386
385 300
385 301
385 383
385 384
385 386
385 387
386 225
386 226
386 229
386 270
386 271
386 274
386 299
386 300
386 301
386 384
386 385
386 387
386 388
387 226
387 229
387 230
387 298
387 299
387 300
387 301
387 385
387 386
387 388
387 389
388 226
388 227
388 228
388 229
388 230
388 231
388 233
388 386
388 387
388 389
388 390
389 223
389 226
389 227
389 229
389 230
389 387
389 388
389 390
389 391
390 223
390 226
390 227
390 230
390 388
390 389
390 391
390 392
390 393
391 389
391 390
391 392
391 393
392 205
392 390
392 391
392 393
392 394
393 390
393 391
393 392
393 394
393 395
393 396
394 392
394 393
394 395
394 396
394 397
395 393
395 394
395 396
395 397
396 393
396 394
396 395
396 397
396 398
396 400
396 401
397 394
397 395
397 396
397 398
397 399
397 400
397 401
397 430
398 396
398 397
398 399
398 400
398 401
398 402
399 397
399 398
399 400
399 401
399 402
400 396
400 397
400 398
400 399
400 401
400 402
400 405
400 431
401 396
401 397
401 398
401 399
401 400
401 402
401 403
401 405
402 398
402 399
402 400
402 401
402 403
402 404
402 405
403 172
403 401
403 402
403 404
403 405
403 406
404 172
404 175
404 402
404 403
404 405
404 406
405 400
405 401
405 402
405 403
405 404
405 406
405 407
405 489
405 490
406 403
406 404
406 405
406 407
406 408
406 489
406 490
406 492
407 405
407 406
407 408
407 409
407 487
407 488
407 489
407 490
408 406
408 407
408 409
408 410
408 487
408 488
408 489
408 490
409 407
409 408
409 410
409 411
409 487
410 408
410 409
410 411
410 412
410 455
410 485
410 486
410 487
410 488
411 409
411 410
411 412
411 413
411 485
411 486
411 487
412 410
412 411
412 413
412 414
412 483
412 484
412 485
412 486
413 411
413 412
413 414
413 415
413 443
413 446
413 447
413 448
413 483
413 484
413 485
413 486
414 412
414 413
414 415
414 416
414 443
414 446
414 481
414 482
414 483
414 484
415 413
415 414
415 416
415 417
415 442
415 443
415 446
415 481
415 482
415 483
416 414
416 415
416 417
416 418
416 422
416 442
416 443
416 479
416 480
416 481
416 482
417 415
417 416
417 418
417 419
417 420
417 421
417 422
417 423
417 442
417 478
417 479
417 480
417 481
418 416
418 417
418 419
418 420
418 421
418 422
418 423
418 442
418 479
419 417
419 418
419 420
419 421
419 479
420 417
420 418
420 419
420 421
420 422
420 475
420 478
420 479
421 417
421 418
421 419
421 420
421 422
421 423
422 416
422 417
422 418
422 420
422 421
422 423
422 424
422 441
422 442
422 443
423 417
423 418
423 421
423 422
423 424
423 425
423 437
423 438
423 441
423 442
423 443
424 422
424 423
424 425
424 426
424 434
424 435
424 436
424 437
424 438
424 441
424 443
425 423
425 424
425 426
425 427
425 434
425 435
425 436
425 437
426 424
426 425
426 427
426 428
426 432
426 433
426 434
426 435
426 436
426 467
427 425
427 426
427 428
427 429
427 432
427 433
427 434
427 435
427 467
428 426
428 427
428 429
428 430
428 431
428 432
428 433
428 466
428 467
429 427
429 428
429 430
429 431
429 432
429 464
429 465
429 466
429 467
430 397
430 428
430 429
430 431
430 432
430 462
430 463
430 464
430 465
430 466
430 467
431 400
431 428
431 429
431 430
431 432
431 433
431 453
431 454
431 455
431 462
431 463
431 464
431 465
431 466
432 426
432 427
432 428
432 429
432 430
432 431
432 433
432 434
432 453
432 454
432 462
432 463
432 465
432 466
432 467
432 470
433 426
433 427
433 428
433 431
433 432
433 434
433 435
433 450
433 451
433 452
433 453
433 454
434 424
434 425
434 426
434 427
434 432
434 433
434 435
434 436
434 437
434 449
434 450
434 451
434 452
434 453
434 454
435 424
435 425
435 426
435 427
435 433
435 434
435 436
435 437
435 450
435 451
435 452
436 424
436 425
436 426
436 434
436 435
436 437
436 438
436 449
436 450
437 423
437 424
437 425
437 434
437 435
437 436
437 438
437 439
437 441
437 443
437 444
437 449
437 450
438 423
438 424
438 436
438 437
438 439
438 440
438 441
438 444
439 437
439 438
439 440
439 441
439 444
440 438
440 439
440 441
440 442
440 444
440 445
441 422
441 423
441 424
441 437
441 438
441 439
441 440
441 442
441 443
441 444
441 445
442 415
442 416
442 417
442 418
442 422
442 423
442 440
442 441
442 443
442 444
442 445
442 446
443 413
443 414
443 415
443 416
443 422
443 423
443 424
443 437
443 441
443 442
443 444
443 445
443 446
443 447
443 448
444 437
444 438
444 439
444 440
444 441
444 442
444 443
444 445
444 446
444 447
444 448
444 449
445 440
445 441
445 442
445 443
445 444
445 446
445 447
445 448
446 413
446 414
446 415
446 442
446 443
446 444
446 445
446 447
446 448
447 413
447 443
447 444
447 445
447 446
447 448
447 449
448 413
448 443
448 444
448 445
448 446
448 447
448 449
448 450
448 452
448 486
449 434
449 436
449 437
449 444
449 447
449 448
449 450
449 451
449 452
450 433
450 434
450 435
450 436
450 437
450 448
450 449
450 451
450 452
451 433
451 434
451 435
451 449
451 450
451 452
451 453
451 488
451 489
452 433
452 434
452 435
452 448
452 449
452 450
452 451
452 453
452 454
452 486
452 487
452 488
452 489
453 431
453 432
453 433
453 434
453 451
453 452
453 454
453 455
453 486
453 487
453 488
454 431
454 432
454 433
454 434
454 452
454 453
454 455
454 456
454 457
454 462
454 463
454 484
454 485
454 486
454 487
455 410
455 431
455 453
455 454
455 456
455 457
455 461
455 462
455 463
455 484
455 485
455 486
455 487
456 454
456 455
456 457
456 458
456 459
456 460
456 461
456 462
456 463
456 484
456 485
456 486
457 454
457 455
457 456
457 458
457 459
457 460
457 461
457 462
457 473
457 474
457 482
457 483
457 484
457 485
458 456
458 457
458 459
458 460
458 482
458 483
458 484
459 456
459 457
459 458
459 460
459 461
459 483
460 456
460 457
460 458
460 459
460 461
460 462
461 455
461 456
461 457
461 459
461 460
461 462
461 463
461 464
462 430
462 431
462 432
462 454
462 455
462 456
462 457
462 460
462 461
462 463
462 464
462 465
462 470
463 430
463 431
463 432
463 454
463 455
463 456
463 461
463 462
463 464
463 465
464 429
464 430
464 431
464 461
464 462
464 463
464 465
464 466
465 429
465 430
465 431
465 432
465 462
465 463
465 464
465 466
465 467
465 468
465 469
465 470
466 428
466 429
466 430
466 431
466 432
466 464
466 465
466 467
466 468
466 469
466 470
467 426
467 427
467 428
467 429
467 430
467 432
467 465
467 466
467 468
467 469
467 470
467 471
468 465
468 466
468 467
468 469
468 470
468 471
468 472
469 465
469 466
469 467
469 468
469 470
469 471
469 472
469 473
470 432
470 462
470 465
470 466
470 467
470 468
470 469
470 471
470 472
470 473
470 474
471 467
471 468
471 469
471 470
471 472
471 473
471 474
471 475
472 468
472 469
472 470
472 471
472 473
472 474
472 475
472 476
473 457
473 469
473 470
473 471
473 472
473 474
473 475
473 476
473 477
474 457
474 470
474 471
474 472
474 473
474 475
474 476
474 477
474 478
474 482
475 420
475 471
475 472
475 473
475 474
475 476
475 477
475 478
476 472
476 473
476 474
476 475
476 477
476 478
477 473
477 474
477 475
477 476
477 478
477 479
477 480
477 481
477 482
478 417
478 420
478 474
478 475
478 476
478 477
478 479
478 480
479 416
479 417
479 418
479 419
479 420
479 477
479 478
479 480
479 481
480 416
480 417
480 477
480 478
480 479
480 481
480 482
481 414
481 415
481 416
481 417
481 477
481 479
481 480
481 482
481 483
482 414
482 415
482 416
482 457
482 458
482 474
482 477
482 480
482 481
482 483
482 484
483 412
483 413
483 414
483 415
483 457
483 458
483 459
483 481
483 482
483 484
483 485
484 412
484 413
484 414
484 454
484 455
484 456
484 457
484 458
484 482
484 483
484 485
484 486
485 410
485 411
485 412
485 413
485 454
485 455
485 456
485 457
485 483
485 484
485 486
485 487
486 410
486 411
486 412
486 413
486 448
486 452
486 453
486 454
486 455
486 456
486 484
486 485
486 487
486 488
487 407
487 408
487 409
487 410
487 411
487 452
487 453
487 454
487 455
487 485
487 486
487 488
487 489
488 407
488 408
488 410
488 451
488 452
488 453
488 486
488 487
488 489
488 490
489 405
489 406
489 407
489 408
489 451
489 452
489 487
489 488
489 490
489 491
490 405
490 406
490 407
490 408
490 488
490 489
490 491
490 492
491 489
491 490
491 492
491 493
491 494
492 406
492 490
492 491
492 493
492 494
492 495
492 496
493 491
493 492
493 494
493 495
493 496
494 491
494 492
494 493
494 495
494 496
495 492
495 493
495 494
495 496
495 497
496 492
496 493
496 494
496 495
496 497
496 498
496 499
497 495
497 496
497 498
497 499
498 496
498 497
498 499
498 500
499 179
499 496
499 497
499 498
499 500
499 501
500 179
500 498
500 499
500 501
500 502
501 179
501 499
501 500
501 502
501 503
501 510
502 179
502 500
502 501
502 503
502 504
502 510
503 501
503 502
503 504
503 505
503 507
503 510
504 123
504 181
504 502
504 503
504 505
504 506
504 507
505 503
505 504
505 506
505 507
506 504
506 505
506 507
506 508
507 503
507 504
507 505
507 506
507 508
507 509
507 510
508 506
508 507
508 509
508 510
509 507
509 508
509 510
509 511
510 179
510 180
510 181
510 501
510 502
510 503
510 507
510 508
510 509
510 511
510 512
510 513
511 179
511 181
511 183
511 186
511 509
511 510
511 512
511 513
511 514
511 515
512 178
512 179
512 180
512 186
512 187
512 510
512 511
512 513
512 514
512 515
512 516
513 510
513 511
513 512
513 514
513 515
513 516
514 511
514 512
514 513
514 515
514 516
514 517
515 186
515 187
515 188
515 246
515 511
515 512
515 513
515 514
515 516
515 517
515 518
516 187
516 188
516 512
516 513
516 514
516 515
516 517
516 518
516 519
517 514
517 515
517 516
517 518
517 519
517 520
518 188
518 515
518 516
518 517
518 519
518 520
518 521
519 516
519 517
519 518
519 520
519 521
520 517
520 518
520 519
520 521
520 522
520 523
521 518
521 519
521 520
521 522
521 523
521 524
522 520
522 521
522 523
522 524
523 520
523 521
523 522
523 524
523 525
524 521
524 522
524 523
524 525
524 526
525 523
525 524
525 526
525 527
526 524
526 525
526 527
526 528
527 525
527 526
527 528
527 529
528 526
528 527
528 529
528 530
529 527
529 528
529 530
529 531
530 528
530 529
530 531
530 532
531 529
531 530
531 532
531 533
532 530
532 531
532 533
532 534
533 531
533 532
533 534
533 535
534 532
534 533
534 535
534 536
535 533
535 534
535 536
535 537
536 534
536 535
536 537
536 538
537 535
537 536
537 538
537 539
538 536
538 537
538 539
538 540
539 537
539 538
539 540
539 541
540 538
540 539
540 541
540 542
541 539
541 540
541 542
541 543
542 540
542 541
542 543
542 544
543 541
543 542
543 544
543 545
544 542
544 543
544 545
544 546
545 543
545 544
545 546
545 547
546 544
546 545
546 547
546 548
547 545
547 546
547 548
547 549
548 546
548 547
548 549
548 550
549 547
549 548
549 550
549 551
550 548
550 549
550 551
550 552
551 549
551 550
551 552
551 553
552 550
552 551
552 553
552 554
553 551
553 552
553 554
553 555
554 552
554 553
554 555
554 556
555 553
555 554
555 556
555 557
556 554
556 555
556 557
556 558
557 555
557 556
557 558
557 559
558 556
558 557
558 559
558 560
559 557
559 558
559 560
559 561
560 558
560 559
560 561
560 562
561 559
561 560
561 562
561 563
562 560
562 561
562 563
562 564
563 561
563 562
563 564
563 565
564 562
564 563
564 565
564 566
565 563
565 564
565 566
565 567
566 564
566 565
566 567
566 568
567 565
567 566
567 568
567 569
568 566
568 567
568 569
568 570
569 567
569 568
569 570
569 571
569 573
570 568
570 569
570 571
570 572
570 573
571 569
571 570
571 572
571 573
571 574
572 570
572 571
572 573
572 574
572 575
573 569
573 570
573 571
573 572
573 574
573 575
573 576
573 577
574 571
574 572
574 573
574 575
574 576
575 572
575 573
575 574
575 576
575 577
576 573
576 574
576 575
576 577
576 578
576 579
577 573
577 575
577 576
577 578
577 579
577 580
578 576
578 577
578 579
578 580
579 576
579 577
579 578
579 580
579 581
579 582
580 577
580 578
580 579
580 581
580 582
581 579
581 580
581 582
582 579
582 580
582 581
