0 1
0 2
1 0
1 2
1 3
2 0
2 1
2 3
2 4
3 1
3 2
3 4
3 5
4 2
4 3
4 5
4 6
5 3
5 4
5 6
5 7
6 4
6 5
6 7
6 8
7 5
7 6
7 8
7 9
8 6
8 7
8 9
8 10
9 7
9 8
9 10
9 11
10 8
10 9
10 11
10 12
11 9
11 10
11 12
11 13
12 10
12 11
12 13
12 14
13 11
13 12
13 14
13 15
14 12
14 13
14 15
14 16
15 13
15 14
15 16
15 17
16 14
16 15
16 17
16 18
17 15
17 16
17 18
17 19
18 16
18 17
18 19
18 20
19 17
19 18
19 20
19 21
20 18
20 19
20 21
20 22
21 19
21 20
21 22
21 23
22 20
22 21
22 23
22 24
23 21
23 22
23 24
23 25
24 22
24 23
24 25
24 26
25 23
25 24
25 26
25 27
26 24
26 25
26 27
26 28
27 25
27 26
27 28
27 29
28 26
28 27
28 29
28 30
29 27
29 28
29 30
29 31
30 28
30 29
30 31
30 32
31 29
31 30
31 32
31 33
32 30
32 31
32 33
32 34
33 31
33 32
33 34
33 35
34 32
34 33
34 35
34 36
35 33
35 34
35 36
35 37
36 34
36 35
36 37
36 38
37 35
37 36
37 38
37 39
38 36
38 37
38 39
38 40
39 37
39 38
39 40
39 41
40 38
40 39
40 41
40 42
41 39
41 40
41 42
41 43
42 40
42 41
42 43
42 44
43 41
43 42
43 44
43 45
44 42
44 43
44 45
44 46
45 43
45 44
45 46
45 47
46 44
46 45
46 47
46 48
47 45
47 46
47 48
47 49
48 46
48 47
48 49
48 50
49 47
49 48
49 50
49 51
50 48
50 49
50 51
50 52
51 49
51 50
51 52
51 53
52 50
52 51
52 53
52 54
53 51
53 52
53 54
53 55
54 52
54 53
54 55
54 56
55 53
55 54
55 56
55 57
56 54
56 55
56 57
56 58
57 55
57 56
57 58
57 59
58 56
58 57
58 59
58 60
59 57
59 58
59 60
59 61
60 58
60 59
60 61
60 62
61 59
61 60
61 62
61 63
62 60
62 61
62 63
62 64
63 61
63 62
63 64
63 65
64 62
64 63
64 65
64 66
65 63
65 64
65 66
65 67
66 64
66 65
66 67
66 68
67 65
67 66
67 68
67 69
68 66
68 67
68 69
68 70
69 67
69 68
69 70
69 71
70 68
70 69
70 71
70 72
71 69
71 70
71 72
71 73
72 70
72 71
72 73
72 74
73 71
73 72
73 74
73 75
74 72
74 73
74 75
74 76
75 73
75 74
75 76
75 77
76 74
76 75
76 77
76 78
77 75
77 76
77 78
77 79
78 76
78 77
78 79
78 80
79 77
79 78
79 80
79 81
80 78
80 79
80 81
80 82
81 79
81 80
81 82
81 83
82 80
82 81
82 83
82 84
83 81
83 82
83 84
83 85
84 82
84 83
84 85
84 86
84 88
85 83
85 84
85 86
85 87
85 88
86 84
86 85
86 87
86 88
87 85
87 86
87 88
87 89
87 126
88 84
88 85
88 86
88 87
88 89
88 90
88 126
88 234
89 87
89 88
89 90
89 91
89 126
89 127
89 128
89 234
89 235
90 88
90 89
90 91
90 92
90 126
90 127
90 128
90 234
90 235
90 236
90 237
91 89
91 90
91 92
91 93
91 127
91 128
91 129
91 130
91 214
91 234
91 235
91 236
91 237
92 90
92 91
92 93
92 94
92 127
92 128
92 129
92 130
92 236
92 237
92 238
92 239
93 91
93 92
93 94
93 95
93 97
93 129
93 130
93 131
93 236
93 237
93 238
93 239
94 92
94 93
94 95
94 96
94 97
94 98
94 129
94 130
94 131
94 238
94 239
94 240
95 93
95 94
95 96
95 97
95 98
95 99
95 238
95 239
95 240
95 244
95 248
96 94
96 95
96 97
96 98
96 99
96 100
96 131
96 132
97 93
97 94
97 95
97 96
97 98
97 99
97 100
97 101
97 130
97 131
97 132
97 133
98 94
98 95
98 96
98 97
98 99
98 100
98 101
98 102
99 95
99 96
99 97
99 98
99 100
99 101
99 102
99 103
100 96
100 97
100 98
100 99
100 101
100 102
100 103
100 104
100 133
100 134
101 97
101 98
101 99
101 100
101 102
101 103
101 104
101 105
101 133
101 135
102 98
102 99
102 100
102 101
102 103
102 104
102 105
102 106
103 99
103 100
103 101
103 102
103 104
103 105
103 106
103 107
104 100
104 101
104 102
104 103
104 105
104 106
104 107
104 108
104 115
104 135
105 101
105 102
105 103
105 104
105 106
105 107
105 108
105 114
105 115
105 174
106 102
106 103
106 104
106 105
106 107
106 108
107 103
107 104
107 105
107 106
107 108
107 109
108 104
108 105
108 106
108 107
108 109
108 110
108 112
108 115
109 107
109 108
109 110
109 111
109 112
110 108
110 109
110 111
110 112
111 109
111 110
111 112
111 113
112 108
112 109
112 110
112 111
112 113
112 114
112 115
112 140
113 111
113 112
113 114
113 115
114 105
114 112
114 113
114 115
114 116
114 173
114 174
114 175
115 104
115 105
115 108
115 112
115 113
115 114
115 116
115 117
115 135
115 136
115 138
115 173
115 174
116 114
116 115
116 117
116 118
116 135
116 136
116 137
116 138
116 171
116 172
116 173
116 174
117 115
117 116
117 118
117 119
117 133
117 134
117 135
117 136
117 137
117 171
117 172
117 173
118 116
118 117
118 119
118 120
118 133
118 134
118 135
118 136
118 152
118 168
118 169
118 170
118 171
118 172
119 117
119 118
119 120
119 121
119 130
119 132
119 133
119 134
119 168
119 169
119 170
119 171
119 172
120 118
120 119
120 121
120 122
120 130
120 131
120 132
120 133
120 166
120 167
120 168
120 169
120 170
121 119
121 120
121 122
121 123
121 128
121 129
121 130
121 131
121 132
121 165
121 166
121 167
121 168
121 169
122 120
122 121
122 123
122 124
122 128
122 129
122 130
122 131
122 165
122 166
122 167
122 169
123 121
123 122
123 124
123 125
123 126
123 127
123 128
123 129
123 169
124 122
124 123
124 125
124 126
124 127
124 128
124 129
125 123
125 124
125 126
125 127
125 128
126 87
126 88
126 89
126 90
126 123
126 124
126 125
126 127
126 128
127 89
127 90
127 91
127 92
127 123
127 124
127 125
127 126
127 128
127 129
128 89
128 90
128 91
128 92
128 121
128 122
128 123
128 124
128 125
128 126
128 127
128 129
128 130
128 169
129 91
129 92
129 93
129 94
129 121
129 122
129 123
129 124
129 127
129 128
129 130
129 131
130 91
130 92
130 93
130 94
130 97
130 119
130 120
130 121
130 122
130 128
130 129
130 131
130 132
130 133
130 169
131 93
131 94
131 96
131 97
131 120
131 121
131 122
131 129
131 130
131 132
131 133
132 96
132 97
132 119
132 120
132 121
132 130
132 131
132 133
132 134
133 97
133 100
133 101
133 117
133 118
133 119
133 120
133 130
133 131
133 132
133 134
133 135
134 100
134 117
134 118
134 119
134 132
134 133
134 135
134 136
134 155
135 101
135 104
135 115
135 116
135 117
135 118
135 133
135 134
135 136
135 137
136 115
136 116
136 117
136 118
136 134
136 135
136 137
136 138
136 147
136 148
136 151
136 152
137 116
137 117
137 135
137 136
137 138
137 139
137 147
137 148
137 151
138 115
138 116
138 136
138 137
138 139
138 140
138 145
138 146
138 147
138 148
139 137
139 138
139 140
139 141
139 145
139 146
139 147
140 112
140 138
140 139
140 141
140 142
140 144
140 145
140 146
141 139
141 140
141 142
141 143
141 144
141 145
142 140
142 141
142 143
142 144
142 145
143 141
143 142
143 144
143 145
143 181
144 140
144 141
144 142
144 143
144 145
144 146
144 181
145 138
145 139
145 140
145 141
145 142
145 143
145 144
145 146
145 147
145 181
145 184
145 185
146 138
146 139
146 140
146 144
146 145
146 147
146 148
147 136
147 137
147 138
147 139
147 145
147 146
147 148
147 149
147 185
148 136
148 137
148 138
148 146
148 147
148 149
148 150
148 151
148 152
149 147
149 148
149 150
149 151
149 152
149 153
150 148
150 149
150 151
150 152
150 153
150 154
151 136
151 137
151 148
151 149
151 150
151 152
151 153
151 154
151 155
152 118
152 136
152 148
152 149
152 150
152 151
152 153
152 154
152 155
152 156
153 149
153 150
153 151
153 152
153 154
153 155
153 156
153 157
154 150
154 151
154 152
154 153
154 155
154 156
154 157
154 158
155 134
155 151
155 152
155 153
155 154
155 156
155 157
155 158
155 159
156 152
156 153
156 154
156 155
156 157
156 158
156 159
156 160
156 168
157 153
157 154
157 155
157 156
157 158
157 159
157 160
157 161
158 154
158 155
158 156
158 157
158 159
158 160
158 161
158 162
159 155
159 156
159 157
159 158
159 160
159 161
159 162
159 163
159 164
159 166
160 156
160 157
160 158
160 159
160 161
160 162
160 163
160 164
160 165
160 166
161 157
161 158
161 159
161 160
161 162
161 163
161 164
162 158
162 159
162 160
162 161
162 163
162 164
163 159
163 160
163 161
163 162
163 164
163 165
163 166
164 159
164 160
164 161
164 162
164 163
164 165
164 166
165 121
165 122
165 160
165 163
165 164
165 166
165 167
166 120
166 121
166 122
166 159
166 160
166 163
166 164
166 165
166 167
166 168
167 120
167 121
167 122
167 165
167 166
167 168
167 169
168 118
168 119
168 120
168 121
168 156
168 166
168 167
168 169
168 170
168 193
168 196
169 118
169 119
169 120
169 121
169 122
169 123
169 128
169 130
169 167
169 168
169 170
169 171
169 193
169 195
169 196
169 197
170 118
170 119
170 120
170 168
170 169
170 171
170 172
170 189
170 193
170 195
170 196
170 197
170 198
171 116
171 117
171 118
171 119
171 169
171 170
171 172
171 173
171 189
171 196
171 197
171 198
171 199
172 116
172 117
172 118
172 119
172 170
172 171
172 173
172 174
172 198
172 199
172 200
172 201
173 114
173 115
173 116
173 117
173 171
173 172
173 174
173 175
173 198
173 199
173 200
173 201
174 105
174 114
174 115
174 116
174 172
174 173
174 175
174 176
174 200
174 201
174 202
174 203
175 114
175 173
175 174
175 176
175 177
175 178
175 200
175 201
175 202
175 203
175 204
176 174
176 175
176 177
176 178
176 200
176 201
176 202
176 203
176 204
176 211
177 175
177 176
177 178
177 179
177 200
178 175
178 176
178 177
178 179
178 180
178 182
178 200
179 177
179 178
179 180
179 181
179 182
179 183
180 178
180 179
180 181
180 182
180 183
180 184
181 143
181 144
181 145
181 179
181 180
181 182
181 183
181 184
181 185
182 178
182 179
182 180
182 181
182 183
182 184
182 185
182 186
183 179
183 180
183 181
183 182
183 184
183 185
183 186
183 187
183 229
184 145
184 180
184 181
184 182
184 183
184 185
184 186
184 187
184 188
185 145
185 147
185 181
185 182
185 183
185 184
185 186
185 187
185 188
185 189
186 182
186 183
186 184
186 185
186 187
186 188
186 189
186 190
186 196
186 198
187 183
187 184
187 185
187 186
187 188
187 189
187 190
187 191
188 184
188 185
188 186
188 187
188 189
188 190
188 191
188 192
189 170
189 171
189 185
189 186
189 187
189 188
189 190
189 191
189 192
189 193
189 196
190 186
190 187
190 188
190 189
190 191
190 192
190 193
190 194
190 195
190 196
191 187
191 188
191 189
191 190
191 192
191 193
191 194
192 188
192 189
192 190
192 191
192 193
192 194
193 168
193 169
193 170
193 189
193 190
193 191
193 192
193 194
193 195
193 196
194 190
194 191
194 192
194 193
194 195
194 196
195 169
195 170
195 190
195 193
195 194
195 196
195 197
195 216
195 217
196 168
196 169
196 170
196 171
196 186
196 189
196 190
196 193
196 194
196 195
196 197
196 198
196 216
196 217
197 169
197 170
197 171
197 195
197 196
197 198
197 199
197 214
197 215
197 216
197 217
198 170
198 171
198 172
198 173
198 186
198 196
198 197
198 199
198 200
198 214
198 215
198 216
198 217
199 171
199 172
199 173
199 197
199 198
199 200
199 201
199 212
199 213
199 214
199 215
200 172
200 173
200 174
200 175
200 176
200 177
200 178
200 198
200 199
200 201
200 202
200 212
200 213
200 214
200 215
201 172
201 173
201 174
201 175
201 176
201 199
201 200
201 202
201 203
201 210
201 211
201 212
201 213
202 174
202 175
202 176
202 200
202 201
202 203
202 204
202 205
202 210
202 211
202 212
203 174
203 175
203 176
203 201
203 202
203 204
203 205
203 210
203 211
204 175
204 176
204 202
204 203
204 205
204 206
204 210
205 202
205 203
205 204
205 206
205 207
205 208
205 209
205 210
206 204
206 205
206 207
206 208
206 209
207 205
207 206
207 208
207 209
207 210
208 205
208 206
208 207
208 209
208 210
209 205
209 206
209 207
209 208
209 210
209 211
210 201
210 202
210 203
210 204
210 205
210 207
210 208
210 209
210 211
210 212
211 176
211 201
211 202
211 203
211 209
211 210
211 212
211 213
212 199
212 200
212 201
212 202
212 210
212 211
212 213
212 214
212 236
213 199
213 200
213 201
213 211
213 212
213 214
213 215
213 233
213 234
213 235
213 236
214 91
214 197
214 198
214 199
214 200
214 212
214 213
214 215
214 216
214 233
214 234
214 235
214 236
215 197
215 198
215 199
215 200
215 213
215 214
215 216
215 217
215 231
215 232
215 233
215 234
216 195
216 196
216 197
216 198
216 214
216 215
216 217
216 218
216 231
216 232
216 233
216 234
217 195
217 196
217 197
217 198
217 215
217 216
217 218
217 219
217 229
217 230
217 231
217 232
218 216
218 217
218 219
218 220
218 229
218 230
218 231
218 232
219 217
219 218
219 220
219 221
219 227
219 228
219 229
219 230
220 218
220 219
220 221
220 222
220 227
220 228
220 229
220 230
221 219
221 220
221 222
221 223
221 225
221 226
221 227
221 228
221 229
222 220
222 221
222 223
222 224
222 225
222 226
222 227
223 221
223 222
223 224
223 225
224 222
224 223
224 225
224 226
225 221
225 222
225 223
225 224
225 226
225 227
226 221
226 222
226 224
226 225
226 227
226 228
227 219
227 220
227 221
227 222
227 225
227 226
227 228
227 229
228 219
228 220
228 221
228 226
228 227
228 229
228 230
229 183
229 217
229 218
229 219
229 220
229 221
229 227
229 228
229 230
229 231
230 217
230 218
230 219
230 220
230 228
230 229
230 231
230 232
231 215
231 216
231 217
231 218
231 229
231 230
231 232
231 233
232 215
232 216
232 217
232 218
232 230
232 231
232 233
232 234
233 213
233 214
233 215
233 216
233 231
233 232
233 234
233 235
234 88
234 89
234 90
234 91
234 213
234 214
234 215
234 216
234 232
234 233
234 235
234 236
235 89
235 90
235 91
235 213
235 214
235 233
235 234
235 236
235 237
236 90
236 91
236 92
236 93
236 212
236 213
236 214
236 234
236 235
236 237
236 238
237 90
237 91
237 92
237 93
237 235
237 236
237 238
237 239
238 92
238 93
238 94
238 95
238 236
238 237
238 239
238 240
239 92
239 93
239 94
239 95
239 237
239 238
239 240
239 241
240 94
240 95
240 238
240 239
240 241
240 242
240 243
240 244
240 245
241 239
241 240
241 242
241 243
241 244
241 245
242 240
242 241
242 243
242 244
242 245
242 246
243 240
243 241
243 242
243 244
243 245
243 246
243 247
244 95
244 240
244 241
244 242
244 243
244 245
244 246
244 247
244 248
245 240
245 241
245 242
245 243
245 244
245 246
245 247
245 248
245 249
246 242
246 243
246 244
246 245
246 247
246 248
246 249
246 250
247 243
247 244
247 245
247 246
247 248
247 249
247 250
247 251
248 95
248 244
248 245
248 246
248 247
248 249
248 250
248 251
248 252
249 245
249 246
249 247
249 248
249 250
249 251
249 252
249 253
250 246
250 247
250 248
250 249
250 251
250 252
250 253
250 254
251 247
251 248
251 249
251 250
251 252
251 253
251 254
251 255
252 248
252 249
252 250
252 251
252 253
252 254
252 255
252 256
253 249
253 250
253 251
253 252
253 254
253 255
253 256
253 257
253 262
254 250
254 251
254 252
254 253
254 255
254 256
254 257
254 260
254 261
254 262
255 251
255 252
255 253
255 254
255 256
255 257
255 258
255 260
256 252
256 253
256 254
256 255
256 257
256 258
256 260
257 253
257 254
257 255
257 256
257 258
257 259
257 260
257 261
257 262
258 255
258 256
258 257
258 259
258 260
258 261
259 257
259 258
259 260
259 261
260 254
260 255
260 256
260 257
260 258
260 259
260 261
260 262
261 254
261 257
261 258
261 259
261 260
261 262
261 263
262 253
262 254
262 257
262 260
262 261
262 263
262 264
262 265
263 261
263 262
263 264
263 265
264 262
264 263
264 265
264 266
265 262
265 263
265 264
265 266
265 267
265 269
265 270
266 264
266 265
266 267
266 268
266 269
266 270
267 265
267 266
267 268
267 269
267 270
267 271
268 266
268 267
268 269
268 270
268 271
268 272
269 265
269 266
269 267
269 268
269 270
269 271
269 272
269 273
270 265
270 266
270 267
270 268
270 269
270 271
270 272
270 273
270 274
271 267
271 268
271 269
271 270
271 272
271 273
271 274
271 275
272 268
272 269
272 270
272 271
272 273
272 274
272 275
272 276
273 269
273 270
273 271
273 272
273 274
273 275
273 276
273 277
274 270
274 271
274 272
274 273
274 275
274 276
274 277
274 278
275 271
275 272
275 273
275 274
275 276
275 277
275 278
275 279
276 272
276 273
276 274
276 275
276 277
276 278
276 279
276 280
277 273
277 274
277 275
277 276
277 278
277 279
277 280
277 281
278 274
278 275
278 276
278 277
278 279
278 280
278 281
278 282
279 275
279 276
279 277
279 278
279 280
279 281
279 282
279 283
280 276
280 277
280 278
280 279
280 281
280 282
280 283
280 284
281 277
281 278
281 279
281 280
281 282
281 283
281 284
281 285
282 278
282 279
282 280
282 281
282 283
282 284
282 285
282 286
283 279
283 280
283 281
283 282
283 284
283 285
283 286
283 287
284 280
284 281
284 282
284 283
284 285
284 286
284 287
284 288
285 281
285 282
285 283
285 284
285 286
285 287
285 288
285 289
286 282
286 283
286 284
286 285
286 287
286 288
286 289
286 290
287 283
287 284
287 285
287 286
287 288
287 289
287 290
287 291
288 284
288 285
288 286
288 287
288 289
288 290
288 291
288 292
288 297
289 285
289 286
289 287
289 288
289 290
289 291
289 292
289 293
290 286
290 287
290 288
290 289
290 291
290 292
290 293
290 294
291 287
291 288
291 289
291 290
291 292
291 293
291 294
291 295
291 296
291 297
292 288
292 289
292 290
292 291
292 293
292 294
292 295
292 296
292 297
292 298
292 299
293 289
293 290
293 291
293 292
293 294
293 295
293 296
294 290
294 291
294 292
294 293
294 295
294 296
294 297
295 291
295 292
295 293
295 294
295 296
295 297
295 298
295 299
296 291
296 292
296 293
296 294
296 295
296 297
296 298
297 288
297 291
297 292
297 294
297 295
297 296
297 298
297 299
298 292
298 295
298 296
298 297
298 299
298 300
299 292
299 295
299 297
299 298
299 300
299 301
299 304
300 298
300 299
300 301
300 302
300 303
300 304
301 299
301 300
301 302
301 303
301 304
301 305
302 300
302 301
302 303
302 304
302 305
302 306
303 300
303 301
303 302
303 304
303 305
303 306
303 307
304 299
304 300
304 301
304 302
304 303
304 305
304 306
304 307
304 308
305 301
305 302
305 303
305 304
305 306
305 307
305 308
305 309
306 302
306 303
306 304
306 305
306 307
306 308
306 309
306 310
307 303
307 304
307 305
307 306
307 308
307 309
307 310
307 311
308 304
308 305
308 306
308 307
308 309
308 310
308 311
308 312
309 305
309 306
309 307
309 308
309 310
309 311
309 312
309 313
310 306
310 307
310 308
310 309
310 311
310 312
310 313
310 314
311 307
311 308
311 309
311 310
311 312
311 313
311 314
312 308
312 309
312 310
312 311
312 313
312 314
312 315
313 309
313 310
313 311
313 312
313 314
313 315
314 310
314 311
314 312
314 313
314 315
314 316
315 312
315 313
315 314
315 316
315 317
316 314
316 315
316 317
316 318
317 315
317 316
317 318
317 319
317 321
317 322
318 316
318 317
318 319
318 320
318 321
318 322
319 317
319 318
319 320
319 321
319 322
319 323
320 318
320 319
320 321
320 322
320 323
320 324
321 317
321 318
321 319
321 320
321 322
321 323
321 324
321 325
322 317
322 318
322 319
322 320
322 321
322 323
322 324
322 325
322 326
323 319
323 320
323 321
323 322
323 324
323 325
323 326
323 327
324 320
324 321
324 322
324 323
324 325
324 326
324 327
324 328
325 321
325 322
325 323
325 324
325 326
325 327
325 328
325 329
326 322
326 323
326 324
326 325
326 327
326 328
326 329
326 330
327 323
327 324
327 325
327 326
327 328
327 329
327 330
327 331
328 324
328 325
328 326
328 327
328 329
328 330
328 331
328 332
329 325
329 326
329 327
329 328
329 330
329 331
329 332
329 333
330 326
330 327
330 328
330 329
330 331
330 332
330 333
330 334
331 327
331 328
331 329
331 330
331 332
331 333
331 334
331 335
332 328
332 329
332 330
332 331
332 333
332 334
332 335
332 336
333 329
333 330
333 331
333 332
333 334
333 335
333 336
333 337
334 330
334 331
334 332
334 333
334 335
334 336
334 337
334 338
335 331
335 332
335 333
335 334
335 336
335 337
335 338
335 339
336 332
336 333
336 334
336 335
336 337
336 338
336 339
336 340
337 333
337 334
337 335
337 336
337 338
337 339
337 340
337 341
338 334
338 335
338 336
338 337
338 339
338 340
338 341
338 342
339 335
339 336
339 337
339 338
339 340
339 341
339 342
339 343
340 336
340 337
340 338
340 339
340 341
340 342
340 343
340 344
341 337
341 338
341 339
341 340
341 342
341 343
341 344
341 345
342 338
342 339
342 340
342 341
342 343
342 344
342 345
342 346
343 339
343 340
343 341
343 342
343 344
343 345
343 346
343 347
344 340
344 341
344 342
344 343
344 345
344 346
344 347
344 348
345 341
345 342
345 343
345 344
345 346
345 347
345 348
345 349
346 342
346 343
346 344
346 345
346 347
346 348
346 349
346 350
347 343
347 344
347 345
347 346
347 348
347 349
347 350
347 351
348 344
348 345
348 346
348 347
348 349
348 350
348 351
348 352
349 345
349 346
349 347
349 348
349 350
349 351
349 352
349 353
350 346
350 347
350 348
350 349
350 351
350 352
350 353
350 354
351 347
351 348
351 349
351 350
351 352
351 353
351 354
351 355
352 348
352 349
352 350
352 351
352 353
352 354
352 355
352 356
353 349
353 350
353 351
353 352
353 354
353 355
353 356
354 350
354 351
354 352
354 353
354 355
354 356
355 351
355 352
355 353
355 354
355 356
356 352
356 353
356 354
356 355
