0 1
0 2
1 0
1 2
1 3
2 0
2 1
2 3
2 4
3 1
3 2
3 4
3 5
4 2
4 3
4 5
4 6
5 3
5 4
5 6
5 7
6 4
6 5
6 7
6 8
7 5
7 6
7 8
7 9
7 10
8 6
8 7
8 9
8 10
9 7
9 8
9 10
9 11
9 12
10 7
10 8
10 9
10 11
10 12
11 9
11 10
11 12
11 13
12 9
12 10
12 11
12 13
12 14
13 11
13 12
13 14
13 15
14 12
14 13
14 15
14 16
15 13
15 14
15 16
15 17
16 14
16 15
16 17
16 18
17 15
17 16
17 18
17 19
18 16
18 17
18 19
18 20
19 17
19 18
19 20
19 21
20 18
20 19
20 21
20 22
21 19
21 20
21 22
21 23
22 20
22 21
22 23
22 24
23 21
23 22
23 24
23 25
24 22
24 23
24 25
24 26
25 23
25 24
25 26
25 27
25 723
25 726
25 727
26 24
26 25
26 27
26 28
26 29
26 30
26 31
26 718
26 719
26 723
27 25
27 26
27 28
27 29
27 30
27 31
27 714
27 715
27 716
27 717
27 718
27 719
27 723
27 724
28 26
28 27
28 29
28 30
28 31
28 32
28 714
28 715
28 717
28 718
28 719
29 26
29 27
29 28
29 30
29 31
29 32
29 33
29 714
29 715
29 717
30 26
30 27
30 28
30 29
30 31
30 32
30 33
30 34
30 715
31 26
31 27
31 28
31 29
31 30
31 32
31 33
31 34
31 35
32 28
32 29
32 30
32 31
32 33
32 34
32 35
32 36
32 37
33 29
33 30
33 31
33 32
33 34
33 35
33 36
34 30
34 31
34 32
34 33
34 35
34 36
35 31
35 32
35 33
35 34
35 36
35 37
36 32
36 33
36 34
36 35
36 37
36 38
37 32
37 35
37 36
37 38
37 39
38 36
38 37
38 39
38 40
39 37
39 38
39 40
39 41
40 38
40 39
40 41
40 42
41 39
41 40
41 42
41 43
42 40
42 41
42 43
42 44
43 41
43 42
43 44
43 45
43 46
43 47
43 48
44 42
44 43
44 45
44 46
44 47
44 48
45 43
45 44
45 46
45 47
45 48
45 49
46 43
46 44
46 45
46 47
46 48
46 49
46 50
47 43
47 44
47 45
47 46
47 48
47 49
47 50
47 51
48 43
48 44
48 45
48 46
48 47
48 49
48 50
48 51
48 52
49 45
49 46
49 47
49 48
49 50
49 51
49 52
49 53
50 46
50 47
50 48
50 49
50 51
50 52
50 53
50 54
51 47
51 48
51 49
51 50
51 52
51 53
51 54
52 48
52 49
52 50
52 51
52 53
52 54
52 55
53 49
53 50
53 51
53 52
53 54
53 55
54 50
54 51
54 52
54 53
54 55
54 56
55 52
55 53
55 54
55 56
55 57
55 59
55 60
56 54
56 55
56 57
56 58
56 59
56 60
57 55
57 56
57 58
57 59
57 60
57 61
58 56
58 57
58 59
58 60
58 61
58 62
59 55
59 56
59 57
59 58
59 60
59 61
59 62
59 63
60 55
60 56
60 57
60 58
60 59
60 61
60 62
60 63
60 64
61 57
61 58
61 59
61 60
61 62
61 63
61 64
61 65
62 58
62 59
62 60
62 61
62 63
62 64
62 65
62 66
63 59
63 60
63 61
63 62
63 64
63 65
63 66
63 67
64 60
64 61
64 62
64 63
64 65
64 66
64 67
64 68
65 61
65 62
65 63
65 64
65 66
65 67
65 68
65 69
65 70
65 71
65 72
66 62
66 63
66 64
66 65
66 67
66 68
66 69
66 382
67 63
67 64
67 65
67 66
67 68
67 69
67 129
67 382
68 64
68 65
68 66
68 67
68 69
68 70
68 71
68 72
68 128
68 129
68 130
69 65
69 66
69 67
69 68
69 70
69 71
69 72
69 73
69 128
69 129
69 130
69 131
70 65
70 68
70 69
70 71
70 72
70 73
70 74
70 127
70 128
70 129
70 130
71 65
71 68
71 69
71 70
71 72
71 73
71 74
71 75
72 65
72 68
72 69
72 70
72 71
72 73
72 74
72 75
72 76
73 69
73 70
73 71
73 72
73 74
73 75
73 76
73 77
74 70
74 71
74 72
74 73
74 75
74 76
74 77
75 71
75 72
75 73
75 74
75 76
75 77
76 72
76 73
76 74
76 75
76 77
76 78
77 73
77 74
77 75
77 76
77 78
77 79
77 82
78 76
78 77
78 79
78 80
78 81
78 82
78 83
79 77
79 78
79 80
79 81
79 82
79 83
80 78
80 79
80 81
80 82
80 83
80 84
81 78
81 79
81 80
81 82
81 83
81 84
81 85
82 77
82 78
82 79
82 80
82 81
82 83
82 84
82 85
82 86
82 417
82 418
83 78
83 79
83 80
83 81
83 82
83 84
83 85
83 86
83 87
84 80
84 81
84 82
84 83
84 85
84 86
84 87
84 88
85 81
85 82
85 83
85 84
85 86
85 87
85 88
85 89
85 415
85 416
85 417
85 418
86 82
86 83
86 84
86 85
86 87
86 88
86 89
86 90
86 416
86 417
86 418
86 419
86 421
86 422
86 425
87 83
87 84
87 85
87 86
87 88
87 89
87 90
87 91
87 417
87 421
87 422
87 425
88 84
88 85
88 86
88 87
88 89
88 90
88 91
88 92
88 415
88 416
88 417
88 422
89 85
89 86
89 87
89 88
89 90
89 91
89 92
89 93
89 411
89 412
89 413
89 415
89 416
89 417
89 422
90 86
90 87
90 88
90 89
90 91
90 92
90 93
90 94
90 412
90 417
90 421
90 422
90 423
90 424
90 425
90 426
91 87
91 88
91 89
91 90
91 92
91 93
91 94
91 95
91 422
91 425
91 426
91 429
92 88
92 89
92 90
92 91
92 93
92 94
92 95
92 96
92 300
92 411
92 412
92 415
92 426
93 89
93 90
93 91
93 92
93 94
93 95
93 96
93 97
93 408
93 409
93 411
93 412
93 422
93 423
93 426
94 90
94 91
94 92
94 93
94 95
94 96
94 97
94 98
94 423
94 425
94 426
94 427
94 428
94 429
94 430
95 91
95 92
95 93
95 94
95 96
95 97
95 98
95 99
95 300
95 303
95 426
95 429
95 430
96 92
96 93
96 94
96 95
96 97
96 98
96 99
96 100
96 300
96 302
96 303
96 408
97 93
97 94
97 95
97 96
97 98
97 99
97 100
97 101
97 116
97 119
97 138
97 408
97 426
97 430
98 94
98 95
98 96
98 97
98 99
98 100
98 101
98 102
98 115
98 116
98 119
98 429
98 430
98 433
99 95
99 96
99 97
99 98
99 100
99 101
99 102
99 103
99 302
99 303
99 449
100 96
100 97
100 98
100 99
100 101
100 102
100 103
100 104
100 115
100 139
100 449
100 452
100 453
101 97
101 98
101 99
101 100
101 102
101 103
101 104
101 105
101 112
101 114
101 115
101 116
101 118
101 119
101 138
101 139
102 98
102 99
102 100
102 101
102 103
102 104
102 105
102 106
102 112
102 113
102 114
102 115
102 116
102 449
103 99
103 100
103 101
103 102
103 104
103 105
103 106
103 107
103 112
103 115
103 446
103 449
103 450
103 452
103 453
104 100
104 101
104 102
104 103
104 105
104 106
104 107
104 108
104 112
104 115
104 139
104 140
104 141
104 144
104 453
105 101
105 102
105 103
105 104
105 106
105 107
105 108
105 109
105 110
105 111
105 112
105 113
105 114
105 115
105 144
106 102
106 103
106 104
106 105
106 107
106 108
106 109
106 110
106 111
106 112
106 450
107 103
107 104
107 105
107 106
107 108
107 109
107 110
107 141
107 144
107 145
107 147
107 148
107 230
107 233
107 234
108 104
108 105
108 106
108 107
108 109
108 110
108 144
108 145
108 146
108 147
108 148
108 149
108 151
108 188
108 400
109 105
109 106
109 107
109 108
109 110
109 111
109 147
109 148
109 151
109 152
109 184
110 105
110 106
110 107
110 108
110 109
110 111
110 112
110 114
110 148
110 181
110 184
110 185
110 188
111 105
111 106
111 109
111 110
111 112
111 113
111 114
111 115
111 181
111 185
111 330
112 101
112 102
112 103
112 104
112 105
112 106
112 110
112 111
112 113
112 114
112 115
112 116
112 327
112 330
113 102
113 105
113 111
113 112
113 114
113 115
113 116
113 117
113 330
113 331
113 434
113 438
114 101
114 102
114 105
114 110
114 111
114 112
114 113
114 115
114 116
114 117
114 118
114 398
114 399
114 400
115 98
115 100
115 101
115 102
115 103
115 104
115 105
115 111
115 112
115 113
115 114
115 116
115 117
115 118
115 119
115 139
115 399
115 400
116 97
116 98
116 101
116 102
116 112
116 113
116 114
116 115
116 117
116 118
116 119
116 120
116 430
116 433
116 434
117 113
117 114
117 115
117 116
117 118
117 119
117 120
117 121
117 397
117 398
117 399
117 434
118 101
118 114
118 115
118 116
118 117
118 119
118 120
118 121
118 122
118 138
118 139
118 394
118 399
118 400
118 401
118 402
119 97
119 98
119 101
119 115
119 116
119 117
119 118
119 120
119 121
119 122
119 123
119 137
119 138
119 139
119 402
119 427
119 430
120 116
120 117
120 118
120 119
120 121
120 122
120 123
120 124
120 138
120 427
120 430
120 431
121 117
121 118
121 119
121 120
121 122
121 123
121 124
121 125
121 390
121 393
121 394
121 397
121 399
121 427
122 118
122 119
122 120
122 121
122 123
122 124
122 125
122 126
122 137
122 138
122 387
122 390
122 391
122 393
122 394
122 402
123 119
123 120
123 121
123 122
123 124
123 125
123 126
123 127
123 136
123 137
123 138
123 390
123 423
123 424
123 427
124 120
124 121
124 122
124 123
124 125
124 126
124 127
124 128
124 390
124 424
124 427
125 121
125 122
125 123
125 124
125 126
125 127
125 128
125 129
125 130
125 386
125 389
125 390
125 393
126 122
126 123
126 124
126 125
126 127
126 128
126 129
126 130
126 137
126 386
126 387
126 389
126 390
127 70
127 123
127 124
127 125
127 126
127 128
127 129
127 130
127 420
127 421
127 423
127 424
128 68
128 69
128 70
128 124
128 125
128 126
128 127
128 129
128 130
129 67
129 68
129 69
129 70
129 125
129 126
129 127
129 128
129 130
129 131
129 382
129 383
129 385
129 386
130 68
130 69
130 70
130 125
130 126
130 127
130 128
130 129
130 131
130 132
130 382
130 383
130 386
130 387
131 69
131 129
131 130
131 132
131 133
131 378
131 379
131 382
131 383
132 130
132 131
132 133
132 134
132 135
132 367
132 371
132 378
132 420
133 131
133 132
133 134
133 135
133 371
133 418
133 419
133 420
134 132
134 133
134 135
134 136
134 367
134 370
134 409
134 412
134 413
134 417
134 418
134 419
134 420
135 132
135 133
135 134
135 136
135 137
135 363
135 366
135 367
135 404
135 405
135 409
135 420
136 123
136 134
136 135
136 137
136 138
136 404
136 405
136 406
136 408
136 409
136 412
136 423
137 119
137 122
137 123
137 126
137 135
137 136
137 138
137 139
137 402
137 403
137 404
137 405
137 423
138 97
138 101
138 118
138 119
138 120
138 122
138 123
138 136
138 137
138 139
138 140
138 402
138 403
138 404
138 405
139 100
139 101
139 104
139 115
139 118
139 119
139 137
139 138
139 140
139 141
139 143
139 144
139 400
139 401
139 402
139 403
139 404
139 405
140 104
140 138
140 139
140 141
140 142
140 143
140 144
140 402
140 403
140 404
140 405
140 406
141 104
141 107
141 139
141 140
141 142
141 143
141 144
141 145
141 230
141 453
142 140
142 141
142 143
142 144
142 145
142 146
142 223
142 226
142 227
142 230
143 139
143 140
143 141
143 142
143 144
143 145
143 146
143 147
143 355
143 358
143 359
143 401
143 402
143 403
144 104
144 105
144 107
144 108
144 139
144 140
144 141
144 142
144 143
144 145
144 146
144 147
144 148
144 400
144 401
145 107
145 108
145 141
145 142
145 143
145 144
145 146
145 147
145 148
145 149
145 230
146 108
146 142
146 143
146 144
146 145
146 147
146 148
146 149
146 150
146 351
146 355
146 493
146 494
147 107
147 108
147 109
147 143
147 144
147 145
147 146
147 148
147 149
147 150
147 151
147 188
147 191
147 355
147 400
147 401
148 107
148 108
148 109
148 110
148 144
148 145
148 146
148 147
148 149
148 150
148 151
148 152
148 188
149 108
149 145
149 146
149 147
149 148
149 150
149 151
149 152
149 153
149 247
150 146
150 147
150 148
150 149
150 151
150 152
150 153
150 154
150 348
150 351
151 108
151 109
151 147
151 148
151 149
151 150
151 152
151 153
151 154
151 155
151 156
151 184
151 187
151 188
152 109
152 148
152 149
152 150
152 151
152 153
152 154
152 155
152 156
152 157
152 184
152 245
153 149
153 150
153 151
153 152
153 154
153 155
153 156
153 247
154 150
154 151
154 152
154 153
154 155
154 156
154 187
155 151
155 152
155 153
155 154
155 156
155 157
155 159
155 180
155 183
155 184
156 151
156 152
156 153
156 154
156 155
156 157
156 158
156 159
156 160
156 245
157 152
157 155
157 156
157 158
157 159
157 160
157 161
157 175
157 180
158 156
158 157
158 159
158 160
158 161
158 175
159 155
159 156
159 157
159 158
159 160
159 161
160 156
160 157
160 158
160 159
160 161
160 162
160 175
160 176
160 177
160 179
160 180
161 157
161 158
161 159
161 160
161 162
161 163
161 173
161 174
161 175
161 176
162 160
162 161
162 163
162 164
162 173
162 174
162 175
162 176
163 161
163 162
163 164
163 165
163 171
163 172
163 173
163 174
164 162
164 163
164 165
164 166
164 171
164 172
164 173
164 174
165 163
165 164
165 166
165 167
165 171
166 164
166 165
166 167
166 168
167 165
167 166
167 168
167 169
168 166
168 167
168 169
168 170
169 167
169 168
169 170
169 171
170 168
170 169
170 171
170 172
171 163
171 164
171 165
171 169
171 170
171 172
171 173
172 163
172 164
172 170
172 171
172 173
172 174
173 161
173 162
173 163
173 164
173 171
173 172
173 174
173 175
174 161
174 162
174 163
174 164
174 172
174 173
174 175
174 176
175 157
175 158
175 160
175 161
175 162
175 173
175 174
175 176
175 177
175 180
176 160
176 161
176 162
176 174
176 175
176 177
176 178
176 179
176 180
177 160
177 175
177 176
177 178
177 179
177 180
177 181
178 176
178 177
178 179
178 180
178 181
178 182
179 160
179 176
179 177
179 178
179 180
179 181
179 182
179 183
180 155
180 157
180 160
180 175
180 176
180 177
180 178
180 179
180 181
180 182
180 183
180 184
181 110
181 111
181 177
181 178
181 179
181 180
181 182
181 183
181 184
181 185
182 178
182 179
182 180
182 181
182 183
182 184
182 185
182 186
183 155
183 179
183 180
183 181
183 182
183 184
183 185
183 186
183 187
184 109
184 110
184 151
184 152
184 155
184 180
184 181
184 182
184 183
184 185
184 186
184 187
184 188
185 110
185 111
185 181
185 182
185 183
185 184
185 186
185 187
185 188
185 189
185 398
185 399
185 400
186 182
186 183
186 184
186 185
186 187
186 188
186 189
186 190
186 340
186 341
186 398
187 151
187 154
187 183
187 184
187 185
187 186
187 188
187 189
187 190
187 191
187 340
187 341
187 344
188 108
188 110
188 147
188 148
188 151
188 184
188 185
188 186
188 187
188 189
188 190
188 191
188 192
188 398
188 399
188 400
188 401
189 185
189 186
189 187
189 188
189 190
189 191
189 192
189 193
189 340
189 394
189 395
189 396
189 397
189 398
189 399
189 400
189 401
190 186
190 187
190 188
190 189
190 191
190 192
190 193
190 194
190 340
190 341
190 342
190 344
190 345
190 395
191 147
191 187
191 188
191 189
191 190
191 192
191 193
191 194
191 195
191 345
191 348
191 352
191 395
191 400
191 401
192 188
192 189
192 190
192 191
192 193
192 194
192 195
192 196
192 352
192 391
192 392
192 394
192 395
192 399
192 400
192 401
192 402
193 189
193 190
193 191
193 192
193 194
193 195
193 196
193 197
193 340
193 391
193 392
193 393
193 394
193 395
193 396
194 190
194 191
194 192
194 193
194 195
194 196
194 197
194 198
194 345
194 349
194 352
194 392
195 191
195 192
195 193
195 194
195 196
195 197
195 198
195 199
195 352
195 353
195 355
195 356
195 388
195 391
195 392
195 401
196 192
196 193
196 194
196 195
196 197
196 198
196 199
196 200
196 356
196 387
196 388
196 389
196 390
196 391
196 392
197 193
197 194
197 195
197 196
197 198
197 199
197 200
197 201
197 388
197 389
197 392
198 194
198 195
198 196
198 197
198 199
198 200
198 201
198 202
198 352
198 353
198 356
198 388
199 195
199 196
199 197
199 198
199 200
199 201
199 202
199 203
199 356
199 357
199 360
199 384
199 385
199 387
199 388
200 196
200 197
200 198
200 199
200 201
200 202
200 203
200 204
200 384
200 385
200 386
200 387
200 388
200 389
201 197
201 198
201 199
201 200
201 202
201 203
201 204
201 205
202 198
202 199
202 200
202 201
202 203
202 204
202 205
202 206
202 207
202 208
202 381
202 384
202 385
203 199
203 200
203 201
203 202
203 204
203 205
203 206
203 207
203 208
203 381
203 382
203 383
203 384
203 385
203 388
204 200
204 201
204 202
204 203
204 205
204 206
204 207
204 381
204 385
205 201
205 202
205 203
205 204
205 206
205 207
206 202
206 203
206 204
206 205
206 207
206 208
206 209
206 381
207 202
207 203
207 204
207 205
207 206
207 208
207 209
207 210
207 381
208 202
208 203
208 206
208 207
208 209
208 210
208 211
208 380
208 381
208 384
209 206
209 207
209 208
209 210
209 211
209 212
209 213
210 207
210 208
210 209
210 211
210 212
210 213
210 214
211 208
211 209
211 210
211 212
211 213
211 214
211 215
211 361
211 364
212 209
212 210
212 211
212 213
212 214
212 215
213 209
213 210
213 211
213 212
213 214
213 215
213 501
213 504
213 505
214 210
214 211
214 212
214 213
214 215
214 216
214 218
214 219
214 361
214 501
215 211
215 212
215 213
215 214
215 216
215 217
215 218
215 219
215 504
216 214
216 215
216 217
216 218
216 219
216 220
217 215
217 216
217 218
217 219
217 220
217 221
217 477
217 478
217 480
217 481
218 214
218 215
218 216
218 217
218 219
218 220
218 221
218 222
218 480
218 481
218 484
218 497
218 500
218 501
218 504
219 214
219 215
219 216
219 217
219 218
219 220
219 221
219 222
219 223
219 481
220 216
220 217
220 218
220 219
220 221
220 222
220 223
220 224
220 463
220 481
221 217
221 218
221 219
221 220
221 222
221 223
221 224
221 225
221 480
221 481
221 482
221 483
221 484
221 485
222 218
222 219
222 220
222 221
222 223
222 224
222 225
222 226
222 481
222 484
222 485
222 488
222 493
222 496
222 497
223 142
223 219
223 220
223 221
223 222
223 224
223 225
223 226
223 227
223 460
223 485
224 220
224 221
224 222
224 223
224 225
224 226
224 227
224 228
224 460
224 461
224 463
224 464
224 485
225 221
225 222
225 223
225 224
225 226
225 227
225 228
225 229
225 485
225 486
225 488
225 489
225 493
226 142
226 222
226 223
226 224
226 225
226 227
226 228
226 229
226 230
226 488
226 489
226 493
227 142
227 223
227 224
227 225
227 226
227 228
227 229
227 230
227 231
227 457
227 460
227 461
228 224
228 225
228 226
228 227
228 229
228 230
228 231
228 232
228 489
229 225
229 226
229 227
229 228
229 230
229 231
229 232
229 233
229 252
229 489
230 107
230 141
230 142
230 145
230 226
230 227
230 228
230 229
230 231
230 232
230 233
230 234
230 454
231 227
231 228
231 229
231 230
231 232
231 233
231 234
231 235
231 454
231 457
232 228
232 229
232 230
232 231
232 233
232 234
232 235
232 236
232 252
232 255
232 256
233 107
233 229
233 230
233 231
233 232
233 234
233 235
233 236
233 237
234 107
234 230
234 231
234 232
234 233
234 235
234 236
234 237
234 238
234 450
234 451
234 453
234 454
235 231
235 232
235 233
235 234
235 236
235 237
235 238
235 239
235 450
236 232
236 233
236 234
236 235
236 237
236 238
236 239
236 240
236 241
236 242
236 243
236 259
237 233
237 234
237 235
237 236
237 238
237 239
237 240
237 241
237 446
237 447
237 450
238 234
238 235
238 236
238 237
238 239
238 240
238 270
238 271
238 274
238 275
238 446
238 447
238 448
238 450
238 451
239 235
239 236
239 237
239 238
239 240
239 241
239 263
239 266
239 267
239 268
239 270
239 271
239 447
240 236
240 237
240 238
240 239
240 241
240 242
240 266
240 267
240 270
240 271
240 324
240 325
240 447
241 236
241 237
241 239
241 240
241 242
241 243
241 259
241 262
241 263
241 265
241 266
241 267
242 236
242 240
242 241
242 243
242 244
242 262
243 236
243 241
243 242
243 244
243 245
243 255
243 258
243 259
243 262
244 242
244 243
244 245
244 246
244 255
244 258
245 152
245 156
245 243
245 244
245 246
245 247
245 255
246 244
246 245
246 247
246 248
246 251
246 252
246 254
246 255
247 149
247 153
247 245
247 246
247 248
247 249
247 251
248 246
248 247
248 249
248 250
248 251
248 491
248 492
249 247
249 248
249 250
249 251
249 490
249 491
249 492
250 248
250 249
250 251
250 252
250 253
250 254
250 489
250 490
250 491
250 492
251 246
251 247
251 248
251 249
251 250
251 252
251 253
251 254
251 255
251 490
251 492
252 229
252 232
252 246
252 250
252 251
252 253
252 254
252 255
252 256
252 489
252 490
253 250
253 251
253 252
253 254
253 255
253 256
253 257
254 246
254 250
254 251
254 252
254 253
254 255
254 256
254 257
254 258
255 232
255 243
255 244
255 245
255 246
255 251
255 252
255 253
255 254
255 256
255 257
255 258
255 259
256 232
256 252
256 253
256 254
256 255
256 257
256 258
256 259
256 260
257 253
257 254
257 255
257 256
257 258
257 259
257 260
257 261
258 243
258 244
258 254
258 255
258 256
258 257
258 259
258 260
258 261
258 262
259 236
259 241
259 243
259 255
259 256
259 257
259 258
259 260
259 261
259 262
259 263
260 256
260 257
260 258
260 259
260 261
260 262
260 263
261 257
261 258
261 259
261 260
261 262
261 263
261 264
262 241
262 242
262 243
262 258
262 259
262 260
262 261
262 263
262 264
262 265
262 266
263 239
263 241
263 259
263 260
263 261
263 262
263 264
263 265
263 266
264 261
264 262
264 263
264 265
264 266
265 241
265 262
265 263
265 264
265 266
265 267
266 239
266 240
266 241
266 262
266 263
266 264
266 265
266 267
266 268
266 271
267 239
267 240
267 241
267 265
267 266
267 268
267 269
267 270
267 271
267 322
267 323
267 324
268 239
268 266
268 267
268 269
268 270
268 271
268 272
269 267
269 268
269 270
269 271
269 272
269 273
269 318
269 322
269 324
270 238
270 239
270 240
270 267
270 268
270 269
270 271
270 272
270 273
270 274
270 324
270 325
270 445
270 447
270 448
271 238
271 239
271 240
271 266
271 267
271 268
271 269
271 270
271 272
271 273
271 274
271 275
271 447
272 268
272 269
272 270
272 271
272 273
272 274
272 275
272 276
273 269
273 270
273 271
273 272
273 274
273 275
273 276
273 277
273 309
273 447
273 448
274 238
274 270
274 271
274 272
274 273
274 275
274 276
274 277
274 278
274 447
274 448
274 450
274 451
275 238
275 271
275 272
275 273
275 274
275 276
275 277
275 278
275 279
275 451
276 272
276 273
276 274
276 275
276 277
276 278
276 279
276 280
277 273
277 274
277 275
277 276
277 278
277 279
277 280
277 281
277 305
277 448
277 451
277 452
278 274
278 275
278 276
278 277
278 279
278 280
278 281
278 282
278 451
278 452
278 454
278 455
279 275
279 276
279 277
279 278
279 280
279 281
279 282
279 283
280 276
280 277
280 278
280 279
280 281
280 282
280 283
280 284
280 305
281 277
281 278
281 279
281 280
281 282
281 283
281 284
281 285
281 301
281 302
281 305
281 452
281 455
282 278
282 279
282 280
282 281
282 283
282 284
282 285
282 286
282 455
283 279
283 280
283 281
283 282
283 284
283 285
283 286
283 287
284 280
284 281
284 282
284 283
284 285
284 286
284 287
284 288
284 299
284 301
285 281
285 282
285 283
285 284
285 286
285 287
285 288
285 289
285 301
286 282
286 283
286 284
286 285
286 287
286 288
286 289
286 290
287 283
287 284
287 285
287 286
287 288
287 289
287 290
287 291
288 284
288 285
288 286
288 287
288 289
288 290
288 291
288 292
288 295
288 298
288 299
289 285
289 286
289 287
289 288
289 290
289 291
289 292
290 286
290 287
290 288
290 289
290 291
290 292
291 287
291 288
291 289
291 290
291 292
291 293
291 294
291 295
292 288
292 289
292 290
292 291
292 293
292 294
292 295
292 296
292 298
293 291
293 292
293 294
293 295
293 296
294 291
294 292
294 293
294 295
294 296
295 288
295 291
295 292
295 293
295 294
295 296
295 297
295 298
296 292
296 293
296 294
296 295
296 297
296 298
296 415
297 295
297 296
297 298
297 299
297 414
297 415
298 288
298 292
298 295
298 296
298 297
298 299
298 300
298 411
298 414
298 415
299 284
299 288
299 297
299 298
299 300
299 301
300 92
300 95
300 96
300 298
300 299
300 301
300 302
300 303
300 304
301 281
301 284
301 285
301 299
301 300
301 302
301 303
301 304
301 305
302 96
302 99
302 281
302 300
302 301
302 303
302 304
302 305
302 306
302 452
303 95
303 96
303 99
303 300
303 301
303 302
303 304
303 305
303 306
303 307
304 300
304 301
304 302
304 303
304 305
304 306
304 307
304 308
305 277
305 280
305 281
305 301
305 302
305 303
305 304
305 306
305 307
305 308
305 309
306 302
306 303
306 304
306 305
306 307
306 308
306 309
306 310
306 444
306 448
306 449
307 303
307 304
307 305
307 306
307 308
307 309
307 310
307 311
308 304
308 305
308 306
308 307
308 309
308 310
308 311
308 312
309 273
309 305
309 306
309 307
309 308
309 310
309 311
309 312
309 313
309 444
309 445
309 448
310 306
310 307
310 308
310 309
310 311
310 312
310 313
310 314
310 440
310 441
310 443
310 444
310 445
311 307
311 308
311 309
311 310
311 312
311 313
311 314
311 315
312 308
312 309
312 310
312 311
312 313
312 314
312 315
312 316
312 317
313 309
313 310
313 311
313 312
313 314
313 315
313 316
313 317
313 318
313 319
313 443
313 444
313 445
314 310
314 311
314 312
314 313
314 315
314 316
314 317
314 318
314 443
314 444
315 311
315 312
315 313
315 314
315 316
315 317
316 312
316 313
316 314
316 315
316 317
316 318
316 321
317 312
317 313
317 314
317 315
317 316
317 318
317 319
317 320
317 321
318 269
318 313
318 314
318 316
318 317
318 319
318 320
318 321
318 322
318 323
318 324
319 313
319 317
319 318
319 320
319 321
319 322
319 323
319 324
319 325
319 326
319 443
320 317
320 318
320 319
320 321
320 322
320 323
320 324
321 316
321 317
321 318
321 319
321 320
321 322
321 323
321 324
322 267
322 269
322 318
322 319
322 320
322 321
322 323
322 324
323 267
323 318
323 319
323 320
323 321
323 322
323 324
323 325
324 240
324 267
324 269
324 270
324 318
324 319
324 320
324 321
324 322
324 323
324 325
324 326
324 445
325 240
325 270
325 319
325 323
325 324
325 326
325 327
325 445
325 446
325 447
326 319
326 324
326 325
326 327
326 328
326 442
326 443
326 444
326 445
326 446
327 112
327 325
327 326
327 328
327 329
327 330
327 441
327 442
327 443
327 444
327 445
327 446
328 326
328 327
328 329
328 330
328 442
328 443
329 327
329 328
329 330
329 331
329 438
329 439
329 442
330 111
330 112
330 113
330 327
330 328
330 329
330 331
330 332
330 438
330 439
330 441
330 442
331 113
331 329
331 330
331 332
331 333
331 438
332 330
332 331
332 333
332 334
332 434
332 435
332 436
332 438
333 331
333 332
333 334
333 335
333 434
333 435
334 332
334 333
334 335
334 336
334 434
335 333
335 334
335 336
335 337
335 397
336 334
336 335
336 337
336 338
336 397
337 335
337 336
337 338
337 339
337 396
337 397
337 398
338 336
338 337
338 339
338 340
338 396
338 397
338 398
339 337
339 338
339 340
339 341
339 395
339 396
340 186
340 187
340 189
340 190
340 193
340 338
340 339
340 341
340 342
340 395
340 396
340 398
341 186
341 187
341 190
341 339
341 340
341 342
341 343
341 344
341 345
342 190
342 340
342 341
342 343
342 344
342 345
343 341
343 342
343 344
343 345
343 346
344 187
344 190
344 341
344 342
344 343
344 345
344 346
344 347
344 348
345 190
345 191
345 194
345 341
345 342
345 343
345 344
345 346
345 347
345 348
345 349
346 343
346 344
346 345
346 347
346 348
346 349
347 344
347 345
347 346
347 348
347 349
347 350
348 150
348 191
348 344
348 345
348 346
348 347
348 349
348 350
348 351
348 352
349 194
349 345
349 346
349 347
349 348
349 350
349 351
349 352
349 353
350 347
350 348
350 349
350 351
350 352
350 353
350 354
351 146
351 150
351 348
351 349
351 350
351 352
351 353
351 354
351 355
351 494
352 191
352 192
352 194
352 195
352 198
352 348
352 349
352 350
352 351
352 353
352 354
352 355
352 356
353 195
353 198
353 349
353 350
353 351
353 352
353 354
353 355
353 356
353 357
354 350
354 351
354 352
354 353
354 355
354 356
354 357
354 358
354 494
354 497
354 498
355 143
355 146
355 147
355 195
355 351
355 352
355 353
355 354
355 356
355 357
355 358
355 359
355 494
356 195
356 196
356 198
356 199
356 352
356 353
356 354
356 355
356 357
356 358
356 359
356 360
357 199
357 353
357 354
357 355
357 356
357 358
357 359
357 360
357 361
358 143
358 354
358 355
358 356
358 357
358 359
358 360
358 361
358 362
359 143
359 355
359 356
359 357
359 358
359 360
359 361
359 362
359 363
359 402
359 403
359 404
360 199
360 356
360 357
360 358
360 359
360 361
360 362
360 363
360 364
360 383
360 384
360 387
360 403
361 211
361 214
361 357
361 358
361 359
361 360
361 362
361 363
361 364
361 365
362 358
362 359
362 360
362 361
362 363
362 364
362 365
362 366
362 403
362 404
363 135
363 359
363 360
363 361
363 362
363 364
363 365
363 366
363 367
363 383
363 403
363 404
364 211
364 360
364 361
364 362
364 363
364 365
364 366
364 367
364 368
364 378
364 380
364 383
365 361
365 362
365 363
365 364
365 366
365 367
365 368
365 369
366 135
366 362
366 363
366 364
366 365
366 367
366 368
366 369
366 370
366 404
366 406
367 132
367 134
367 135
367 363
367 364
367 365
367 366
367 368
367 369
367 370
367 371
367 378
368 364
368 365
368 366
368 367
368 369
368 370
368 371
368 372
368 377
368 378
369 365
369 366
369 367
369 368
369 370
369 371
369 372
369 373
370 134
370 366
370 367
370 368
370 369
370 371
370 372
370 373
370 374
371 132
371 133
371 367
371 368
371 369
371 370
371 372
371 373
371 374
371 375
371 376
371 377
371 378
372 368
372 369
372 370
372 371
372 373
372 374
372 375
372 376
372 377
373 369
373 370
373 371
373 372
373 374
373 375
374 370
374 371
374 372
374 373
374 375
374 376
375 371
375 372
375 373
375 374
375 376
375 377
376 371
376 372
376 374
376 375
376 377
376 378
377 368
377 371
377 372
377 375
377 376
377 378
377 379
378 131
378 132
378 364
378 367
378 368
378 371
378 376
378 377
378 379
378 380
378 383
379 131
379 377
379 378
379 380
379 381
379 382
379 383
380 208
380 364
380 378
380 379
380 381
380 382
380 383
380 384
381 202
381 203
381 204
381 206
381 207
381 208
381 379
381 380
381 382
381 383
381 384
381 385
382 66
382 67
382 129
382 130
382 131
382 203
382 379
382 380
382 381
382 383
382 384
382 385
382 386
383 129
383 130
383 131
383 203
383 360
383 363
383 364
383 378
383 379
383 380
383 381
383 382
383 384
383 385
383 386
383 387
384 199
384 200
384 202
384 203
384 208
384 360
384 380
384 381
384 382
384 383
384 385
384 386
384 387
384 388
385 129
385 199
385 200
385 202
385 203
385 204
385 381
385 382
385 383
385 384
385 386
385 387
385 388
385 389
386 125
386 126
386 129
386 130
386 200
386 382
386 383
386 384
386 385
386 387
386 388
386 389
386 390
387 122
387 126
387 130
387 196
387 199
387 200
387 360
387 383
387 384
387 385
387 386
387 388
387 389
387 390
387 391
387 402
387 403
388 195
388 196
388 197
388 198
388 199
388 200
388 203
388 384
388 385
388 386
388 387
388 389
388 390
388 391
388 392
389 125
389 126
389 196
389 197
389 200
389 385
389 386
389 387
389 388
389 390
389 391
389 392
389 393
390 121
390 122
390 123
390 124
390 125
390 126
390 196
390 386
390 387
390 388
390 389
390 391
390 392
390 393
390 394
390 402
391 122
391 192
391 193
391 195
391 196
391 387
391 388
391 389
391 390
391 392
391 393
391 394
391 395
391 401
391 402
392 192
392 193
392 194
392 195
392 196
392 197
392 388
392 389
392 390
392 391
392 393
392 394
392 395
392 396
393 121
393 122
393 125
393 193
393 389
393 390
393 391
393 392
393 394
393 395
393 396
393 397
394 118
394 121
394 122
394 189
394 192
394 193
394 390
394 391
394 392
394 393
394 395
394 396
394 397
394 398
394 399
394 400
394 401
395 189
395 190
395 191
395 192
395 193
395 339
395 340
395 391
395 392
395 393
395 394
395 396
395 397
395 398
395 399
395 400
395 401
396 189
396 193
396 337
396 338
396 339
396 340
396 392
396 393
396 394
396 395
396 397
396 398
396 399
397 117
397 121
397 189
397 335
397 336
397 337
397 338
397 393
397 394
397 395
397 396
397 398
397 399
398 114
398 117
398 185
398 186
398 188
398 189
398 337
398 338
398 340
398 394
398 395
398 396
398 397
398 399
398 400
399 114
399 115
399 117
399 118
399 121
399 185
399 188
399 189
399 192
399 394
399 395
399 396
399 397
399 398
399 400
399 401
400 108
400 114
400 115
400 118
400 139
400 144
400 147
400 185
400 188
400 189
400 191
400 192
400 394
400 395
400 398
400 399
400 401
400 402
401 118
401 139
401 143
401 144
401 147
401 188
401 189
401 191
401 192
401 195
401 391
401 394
401 395
401 399
401 400
401 402
401 403
402 118
402 119
402 122
402 137
402 138
402 139
402 140
402 143
402 192
402 359
402 387
402 390
402 391
402 400
402 401
402 403
402 404
403 137
403 138
403 139
403 140
403 143
403 359
403 360
403 362
403 363
403 387
403 401
403 402
403 404
403 405
404 135
404 136
404 137
404 138
404 139
404 140
404 359
404 362
404 363
404 366
404 402
404 403
404 405
404 406
404 409
405 135
405 136
405 137
405 138
405 139
405 140
405 403
405 404
405 406
405 407
405 408
405 409
406 136
406 140
406 366
406 404
406 405
406 407
406 408
406 409
406 410
407 405
407 406
407 408
407 409
407 410
407 411
407 456
408 93
408 96
408 97
408 136
408 405
408 406
408 407
408 409
408 410
408 411
408 412
409 93
409 134
409 135
409 136
409 404
409 405
409 406
409 407
409 408
409 410
409 411
409 412
409 413
410 406
410 407
410 408
410 409
410 411
410 412
410 413
410 414
411 89
411 92
411 93
411 298
411 407
411 408
411 409
411 410
411 412
411 413
411 414
411 415
412 89
412 90
412 92
412 93
412 134
412 136
412 408
412 409
412 410
412 411
412 413
412 414
412 415
412 416
412 417
412 422
413 89
413 134
413 409
413 410
413 411
413 412
413 414
413 415
413 416
413 417
413 418
414 297
414 298
414 410
414 411
414 412
414 413
414 415
414 416
414 417
415 85
415 88
415 89
415 92
415 296
415 297
415 298
415 411
415 412
415 413
415 414
415 416
415 417
416 85
416 86
416 88
416 89
416 412
416 413
416 414
416 415
416 417
416 418
417 82
417 85
417 86
417 87
417 88
417 89
417 90
417 134
417 412
417 413
417 414
417 415
417 416
417 418
417 419
417 422
418 82
418 85
418 86
418 133
418 134
418 413
418 416
418 417
418 419
418 420
418 422
419 86
419 133
419 134
419 417
419 418
419 420
419 421
419 422
419 423
420 127
420 132
420 133
420 134
420 135
420 418
420 419
420 421
420 422
420 423
420 424
421 86
421 87
421 90
421 127
421 419
421 420
421 422
421 423
421 424
421 425
422 86
422 87
422 88
422 89
422 90
422 91
422 93
422 412
422 417
422 418
422 419
422 420
422 421
422 423
422 424
422 425
422 426
423 90
423 93
423 94
423 123
423 127
423 136
423 137
423 419
423 420
423 421
423 422
423 424
423 425
423 426
423 427
424 90
424 123
424 124
424 127
424 420
424 421
424 422
424 423
424 425
424 426
424 427
424 428
425 86
425 87
425 90
425 91
425 94
425 421
425 422
425 423
425 424
425 426
425 427
425 428
425 429
426 90
426 91
426 92
426 93
426 94
426 95
426 97
426 422
426 423
426 424
426 425
426 427
426 428
426 429
426 430
427 94
427 119
427 120
427 121
427 123
427 124
427 423
427 424
427 425
427 426
427 428
427 429
427 430
427 431
428 94
428 424
428 425
428 426
428 427
428 429
428 430
428 431
428 432
429 91
429 94
429 95
429 98
429 425
429 426
429 427
429 428
429 430
429 431
429 432
429 433
430 94
430 95
430 97
430 98
430 116
430 119
430 120
430 426
430 427
430 428
430 429
430 431
430 432
430 433
430 434
431 120
431 427
431 428
431 429
431 430
431 432
431 433
431 434
431 435
432 428
432 429
432 430
432 431
432 433
432 434
432 435
432 436
432 437
433 98
433 116
433 429
433 430
433 431
433 432
433 434
433 435
433 436
433 437
433 438
434 113
434 116
434 117
434 332
434 333
434 334
434 430
434 431
434 432
434 433
434 435
434 436
434 437
434 438
435 332
435 333
435 431
435 432
435 433
435 434
435 436
435 437
435 438
436 332
436 432
436 433
436 434
436 435
436 437
436 438
436 439
437 432
437 433
437 434
437 435
437 436
437 438
437 439
437 440
437 441
438 113
438 329
438 330
438 331
438 332
438 433
438 434
438 435
438 436
438 437
438 439
438 440
438 441
438 442
439 329
439 330
439 436
439 437
439 438
439 440
439 441
439 442
440 310
440 437
440 438
440 439
440 441
440 442
440 443
441 310
441 327
441 330
441 437
441 438
441 439
441 440
441 442
441 443
441 444
442 326
442 327
442 328
442 329
442 330
442 438
442 439
442 440
442 441
442 443
442 444
443 310
443 313
443 314
443 319
443 326
443 327
443 328
443 440
443 441
443 442
443 444
443 445
444 306
444 309
444 310
444 313
444 314
444 326
444 327
444 441
444 442
444 443
444 445
444 446
444 448
445 270
445 309
445 310
445 313
445 324
445 325
445 326
445 327
445 443
445 444
445 446
445 447
445 448
445 449
446 103
446 237
446 238
446 325
446 326
446 327
446 444
446 445
446 447
446 448
446 449
446 450
447 237
447 238
447 239
447 240
447 270
447 271
447 273
447 274
447 325
447 445
447 446
447 448
447 449
447 450
447 451
448 238
448 270
448 273
448 274
448 277
448 306
448 309
448 444
448 445
448 446
448 447
448 449
448 450
448 451
448 452
449 99
449 100
449 102
449 103
449 306
449 445
449 446
449 447
449 448
449 450
449 451
449 452
449 453
450 103
450 106
450 234
450 235
450 237
450 238
450 274
450 446
450 447
450 448
450 449
450 451
450 452
450 453
450 454
451 234
451 238
451 274
451 275
451 277
451 278
451 447
451 448
451 449
451 450
451 452
451 453
451 454
451 455
452 100
452 103
452 277
452 278
452 281
452 302
452 448
452 449
452 450
452 451
452 453
452 454
452 455
452 456
453 100
453 103
453 104
453 141
453 234
453 449
453 450
453 451
453 452
453 454
453 455
453 456
453 457
454 230
454 231
454 234
454 278
454 450
454 451
454 452
454 453
454 455
454 456
454 457
454 458
455 278
455 281
455 282
455 451
455 452
455 453
455 454
455 456
455 457
455 458
456 407
456 452
456 453
456 454
456 455
456 457
456 458
456 459
457 227
457 231
457 453
457 454
457 455
457 456
457 458
457 459
457 460
457 461
458 454
458 455
458 456
458 457
458 459
458 460
458 461
458 462
459 456
459 457
459 458
459 460
459 461
459 462
459 463
460 223
460 224
460 227
460 457
460 458
460 459
460 461
460 462
460 463
461 224
461 227
461 457
461 458
461 459
461 460
461 462
461 463
461 464
462 458
462 459
462 460
462 461
462 463
462 464
462 465
462 466
463 220
463 224
463 459
463 460
463 461
463 462
463 464
463 465
463 466
463 467
464 224
464 461
464 462
464 463
464 465
464 466
464 467
465 462
465 463
465 464
465 466
465 467
465 468
465 469
466 462
466 463
466 464
466 465
466 467
466 468
466 469
466 470
467 463
467 464
467 465
467 466
467 468
467 469
467 470
467 471
467 478
467 481
468 465
468 466
468 467
468 469
468 470
468 471
468 472
469 465
469 466
469 467
469 468
469 470
469 471
469 472
469 473
470 466
470 467
470 468
470 469
470 471
470 472
470 473
470 474
470 475
470 477
470 478
471 467
471 468
471 469
471 470
471 472
471 473
471 474
471 475
471 476
471 477
471 478
472 468
472 469
472 470
472 471
472 473
472 474
472 475
473 469
473 470
473 471
473 472
473 474
473 475
474 470
474 471
474 472
474 473
474 475
474 476
474 477
474 478
475 470
475 471
475 472
475 473
475 474
475 476
475 477
475 478
475 479
476 471
476 474
476 475
476 477
476 478
476 479
476 480
476 507
477 217
477 470
477 471
477 474
477 475
477 476
477 478
477 479
477 480
477 481
478 217
478 467
478 470
478 471
478 474
478 475
478 476
478 477
478 479
478 480
478 481
478 482
479 475
479 476
479 477
479 478
479 480
479 481
479 482
479 483
480 217
480 218
480 221
480 476
480 477
480 478
480 479
480 481
480 482
480 483
480 484
480 500
480 503
480 504
481 217
481 218
481 219
481 220
481 221
481 222
481 467
481 477
481 478
481 479
481 480
481 482
481 483
481 484
481 485
482 221
482 478
482 479
482 480
482 481
482 483
482 484
482 485
482 486
483 221
483 479
483 480
483 481
483 482
483 484
483 485
483 486
483 487
483 500
484 218
484 221
484 222
484 480
484 481
484 482
484 483
484 485
484 486
484 487
484 488
484 496
484 497
484 499
484 500
485 221
485 222
485 223
485 224
485 225
485 481
485 482
485 483
485 484
485 486
485 487
485 488
485 489
485 496
486 225
486 482
486 483
486 484
486 485
486 487
486 488
486 489
486 490
487 483
487 484
487 485
487 486
487 488
487 489
487 490
487 491
487 492
487 496
487 499
487 500
488 222
488 225
488 226
488 484
488 485
488 486
488 487
488 489
488 490
488 491
488 492
488 493
488 494
488 495
488 496
488 497
489 225
489 226
489 228
489 229
489 250
489 252
489 485
489 486
489 487
489 488
489 490
489 491
489 492
489 493
489 496
490 249
490 250
490 251
490 252
490 486
490 487
490 488
490 489
490 491
490 492
490 496
491 248
491 249
491 250
491 487
491 488
491 489
491 490
491 492
491 493
491 494
491 495
491 496
492 248
492 249
492 250
492 251
492 487
492 488
492 489
492 490
492 491
492 493
492 494
492 495
492 496
493 146
493 222
493 225
493 226
493 488
493 489
493 491
493 492
493 494
493 495
493 496
493 497
494 146
494 351
494 354
494 355
494 488
494 491
494 492
494 493
494 495
494 496
494 497
494 498
495 488
495 491
495 492
495 493
495 494
495 496
495 497
495 498
495 499
496 222
496 484
496 485
496 487
496 488
496 489
496 490
496 491
496 492
496 493
496 494
496 495
496 497
496 498
496 499
496 500
497 218
497 222
497 354
497 484
497 488
497 493
497 494
497 495
497 496
497 498
497 499
497 500
497 501
498 354
498 494
498 495
498 496
498 497
498 499
498 500
498 501
498 502
499 484
499 487
499 495
499 496
499 497
499 498
499 500
499 501
499 502
499 503
500 218
500 480
500 483
500 484
500 487
500 496
500 497
500 498
500 499
500 501
500 502
500 503
500 504
501 213
501 214
501 218
501 497
501 498
501 499
501 500
501 502
501 503
501 504
501 505
502 498
502 499
502 500
502 501
502 503
502 504
502 505
502 506
503 480
503 499
503 500
503 501
503 502
503 504
503 505
503 506
503 507
504 213
504 215
504 218
504 480
504 500
504 501
504 502
504 503
504 505
504 506
504 507
504 508
505 213
505 501
505 502
505 503
505 504
505 506
505 507
505 508
505 509
506 502
506 503
506 504
506 505
506 507
506 508
506 509
506 510
507 476
507 503
507 504
507 505
507 506
507 508
507 509
507 510
507 511
508 504
508 505
508 506
508 507
508 509
508 510
508 511
508 512
509 505
509 506
509 507
509 508
509 510
509 511
509 512
509 513
510 506
510 507
510 508
510 509
510 511
510 512
510 513
510 514
511 507
511 508
511 509
511 510
511 512
511 513
511 514
511 515
512 508
512 509
512 510
512 511
512 513
512 514
512 515
512 551
512 552
512 557
513 509
513 510
513 511
513 512
513 514
513 515
513 556
513 557
513 560
514 510
514 511
514 512
514 513
514 515
514 516
514 557
514 560
515 511
515 512
515 513
515 514
515 516
515 517
515 549
515 550
515 551
516 514
516 515
516 517
516 518
516 549
516 550
516 551
517 515
517 516
517 518
517 519
517 547
517 548
517 549
517 550
517 564
518 516
518 517
518 519
518 520
518 531
518 532
518 533
518 547
518 548
518 549
519 517
519 518
519 520
519 521
519 531
519 532
519 533
519 545
519 546
519 547
519 548
519 568
520 518
520 519
520 521
520 522
520 529
520 530
520 531
520 532
520 540
520 545
520 546
520 547
520 548
521 519
521 520
521 522
521 523
521 529
521 530
521 531
521 532
521 538
521 539
521 540
521 541
521 546
522 520
522 521
522 523
522 524
522 526
522 527
522 528
522 529
522 530
522 538
522 539
522 540
522 541
523 521
523 522
523 524
523 525
523 526
523 527
523 528
523 529
523 530
523 537
523 538
523 539
524 522
524 523
524 525
524 526
524 537
524 538
524 539
525 523
525 524
525 526
525 527
526 522
526 523
526 524
526 525
526 527
526 528
527 522
527 523
527 525
527 526
527 528
527 529
527 722
528 522
528 523
528 526
528 527
528 529
528 530
528 722
529 520
529 521
529 522
529 523
529 527
529 528
529 530
529 531
529 721
529 722
530 520
530 521
530 522
530 523
530 528
530 529
530 531
530 532
530 534
530 535
530 538
531 518
531 519
531 520
531 521
531 529
531 530
531 532
531 533
531 534
531 535
532 518
532 519
532 520
532 521
532 530
532 531
532 533
532 534
532 535
532 536
532 538
532 539
532 540
533 518
533 519
533 531
533 532
533 534
533 535
533 536
534 530
534 531
534 532
534 533
534 535
534 536
535 530
535 531
535 532
535 533
535 534
535 536
535 537
535 538
536 532
536 533
536 534
536 535
536 537
536 538
537 523
537 524
537 535
537 536
537 538
537 539
538 521
538 522
538 523
538 524
538 530
538 532
538 535
538 536
538 537
538 539
538 540
539 521
539 522
539 523
539 524
539 532
539 537
539 538
539 540
539 541
540 520
540 521
540 522
540 532
540 538
540 539
540 541
540 542
540 544
540 545
541 521
541 522
541 539
541 540
541 542
541 543
541 544
541 545
542 540
542 541
542 543
542 544
542 654
543 541
543 542
543 544
543 545
543 653
543 654
543 655
543 656
544 540
544 541
544 542
544 543
544 545
544 546
544 654
544 655
544 656
544 657
544 658
545 519
545 520
545 540
545 541
545 543
545 544
545 546
545 547
545 568
545 569
545 654
545 656
545 657
545 658
546 519
546 520
546 521
546 544
546 545
546 547
546 548
546 657
546 658
546 659
546 660
547 517
547 518
547 519
547 520
547 545
547 546
547 548
547 549
547 565
547 568
547 657
547 658
547 659
547 660
548 517
548 518
548 519
548 520
548 546
548 547
548 549
548 550
548 659
548 660
548 661
548 663
549 515
549 516
549 517
549 518
549 547
549 548
549 550
549 551
549 561
549 659
549 660
549 661
549 663
549 664
550 515
550 516
550 517
550 548
550 549
550 551
550 552
550 663
550 664
551 512
551 515
551 516
551 549
551 550
551 552
551 553
551 663
551 664
551 665
552 512
552 550
552 551
552 553
552 554
552 663
552 664
552 665
552 666
552 667
553 551
553 552
553 554
553 555
553 556
553 557
553 558
553 561
553 664
553 666
553 667
553 668
553 671
554 552
554 553
554 555
554 556
554 557
554 558
554 666
554 667
554 668
554 669
554 670
554 671
555 553
555 554
555 556
555 557
555 558
555 668
555 670
555 671
556 513
556 553
556 554
556 555
556 557
556 558
556 559
557 512
557 513
557 514
557 553
557 554
557 555
557 556
557 558
557 559
557 560
557 561
558 553
558 554
558 555
558 556
558 557
558 559
558 560
558 561
558 562
558 670
558 671
558 674
559 556
559 557
559 558
559 560
559 561
559 562
559 563
560 513
560 514
560 557
560 558
560 559
560 561
560 562
560 563
560 564
561 549
561 553
561 557
561 558
561 559
561 560
561 562
561 563
561 564
561 565
562 558
562 559
562 560
562 561
562 563
562 564
562 565
562 566
562 678
563 559
563 560
563 561
563 562
563 564
563 565
563 566
563 567
564 517
564 560
564 561
564 562
564 563
564 565
564 566
564 567
564 568
565 547
565 561
565 562
565 563
565 564
565 566
565 567
565 568
565 569
566 562
566 563
566 564
566 565
566 567
566 568
566 569
566 570
566 571
566 572
566 573
567 563
567 564
567 565
567 566
567 568
567 569
567 570
567 571
568 519
568 545
568 547
568 564
568 565
568 566
568 567
568 569
568 570
569 545
569 565
569 566
569 567
569 568
569 570
569 571
569 654
570 566
570 567
570 568
570 569
570 571
570 572
571 566
571 567
571 569
571 570
571 572
571 573
571 575
571 576
571 650
571 652
572 566
572 570
572 571
572 573
572 574
572 575
572 576
573 566
573 571
573 572
573 574
573 575
573 576
573 577
573 681
573 682
573 684
573 685
574 572
574 573
574 575
574 576
574 577
574 578
574 681
575 571
575 572
575 573
575 574
575 576
575 577
575 578
575 579
576 571
576 572
576 573
576 574
576 575
576 577
576 578
576 579
576 580
576 649
576 650
576 685
577 573
577 574
577 575
577 576
577 578
577 579
577 580
577 581
577 684
577 685
578 574
578 575
578 576
578 577
578 579
578 580
578 581
578 582
579 575
579 576
579 577
579 578
579 580
579 581
579 582
579 583
579 647
579 648
579 649
580 576
580 577
580 578
580 579
580 581
580 582
580 583
580 584
580 639
580 649
581 577
581 578
581 579
581 580
581 582
581 583
581 584
581 585
582 578
582 579
582 580
582 581
582 583
582 584
582 585
582 586
582 647
583 579
583 580
583 581
583 582
583 584
583 585
583 586
583 587
583 645
583 647
583 649
584 580
584 581
584 582
584 583
584 585
584 586
584 587
584 588
585 581
585 582
585 583
585 584
585 586
585 587
585 588
585 589
586 582
586 583
586 584
586 585
586 587
586 588
586 589
586 590
586 645
587 583
587 584
587 585
587 586
587 588
587 589
587 590
587 591
587 596
587 644
587 645
588 584
588 585
588 586
588 587
588 589
588 590
588 591
588 592
589 585
589 586
589 587
589 588
589 590
589 591
589 592
589 593
590 586
590 587
590 588
590 589
590 591
590 592
590 593
590 594
590 595
590 596
591 587
591 588
591 589
591 590
591 592
591 593
591 594
591 595
591 596
591 597
591 598
592 588
592 589
592 590
592 591
592 593
592 594
592 595
592 596
593 589
593 590
593 591
593 592
593 594
593 595
593 596
594 590
594 591
594 592
594 593
594 595
594 596
594 597
595 590
595 591
595 592
595 593
595 594
595 596
595 597
595 605
595 606
595 607
596 587
596 590
596 591
596 592
596 593
596 594
596 595
596 597
596 598
596 603
596 604
596 605
596 606
597 591
597 594
597 595
597 596
597 598
597 599
597 603
597 604
597 605
597 606
598 591
598 596
598 597
598 599
598 600
598 602
598 603
598 604
598 635
599 597
599 598
599 600
599 601
599 602
599 603
599 604
600 598
600 599
600 601
600 602
600 636
601 599
601 600
601 602
601 603
602 598
602 599
602 600
602 601
602 603
602 604
602 635
602 636
602 637
602 638
603 596
603 597
603 598
603 599
603 601
603 602
603 604
603 605
603 637
603 644
604 596
604 597
604 598
604 599
604 602
604 603
604 605
604 606
605 595
605 596
605 597
605 603
605 604
605 606
605 607
605 644
606 595
606 596
606 597
606 604
606 605
606 607
606 608
607 595
607 605
607 606
607 608
607 609
608 606
608 607
608 609
608 610
609 607
609 608
609 610
609 611
610 608
610 609
610 611
610 612
611 609
611 610
611 612
611 613
612 610
612 611
612 613
612 614
613 611
613 612
613 614
613 615
614 612
614 613
614 615
614 616
615 613
615 614
615 616
615 617
615 618
616 614
616 615
616 617
616 618
617 615
617 616
617 618
617 619
618 615
618 616
618 617
618 619
618 620
619 617
619 618
619 620
619 621
620 618
620 619
620 621
620 622
621 619
621 620
621 622
621 623
622 620
622 621
622 623
622 624
623 621
623 622
623 624
623 625
624 622
624 623
624 625
624 626
625 623
625 624
625 626
625 627
626 624
626 625
626 627
626 628
627 625
627 626
627 628
627 629
628 626
628 627
628 629
628 630
629 627
629 628
629 630
629 631
630 628
630 629
630 631
630 632
630 633
631 629
631 630
631 632
631 633
632 630
632 631
632 633
632 634
633 630
633 631
633 632
633 634
633 635
634 632
634 633
634 635
634 636
635 598
635 602
635 633
635 634
635 636
635 637
636 600
636 602
636 634
636 635
636 637
636 638
637 602
637 603
637 635
637 636
637 638
637 639
638 602
638 636
638 637
638 639
638 640
638 641
639 580
639 637
639 638
639 640
639 641
639 642
639 643
639 649
639 651
639 652
640 638
640 639
640 641
640 642
640 651
640 652
641 638
641 639
641 640
641 642
641 643
642 639
642 640
642 641
642 643
642 644
643 639
643 641
643 642
643 644
643 645
643 646
643 647
644 587
644 603
644 605
644 642
644 643
644 645
644 646
645 583
645 586
645 587
645 643
645 644
645 646
645 647
646 643
646 644
646 645
646 647
646 648
647 579
647 582
647 583
647 643
647 645
647 646
647 648
647 649
648 579
648 646
648 647
648 649
648 650
649 576
649 579
649 580
649 583
649 639
649 647
649 648
649 650
649 651
650 571
650 576
650 648
650 649
650 651
650 652
651 639
651 640
651 649
651 650
651 652
651 653
652 571
652 639
652 640
652 650
652 651
652 653
652 654
652 655
653 543
653 651
653 652
653 654
653 655
654 542
654 543
654 544
654 545
654 569
654 652
654 653
654 655
654 656
654 657
654 687
655 543
655 544
655 652
655 653
655 654
655 656
655 657
655 686
655 687
655 688
656 543
656 544
656 545
656 654
656 655
656 657
656 658
656 687
656 688
656 689
656 690
657 544
657 545
657 546
657 547
657 654
657 655
657 656
657 658
657 659
657 687
657 688
657 689
657 690
658 544
658 545
658 546
658 547
658 656
658 657
658 659
658 660
658 689
658 690
658 691
658 692
658 721
658 724
659 546
659 547
659 548
659 549
659 657
659 658
659 660
659 661
659 689
659 690
659 691
659 692
660 546
660 547
660 548
660 549
660 658
660 659
660 661
660 662
660 663
660 691
660 692
660 693
660 694
660 721
661 548
661 549
661 659
661 660
661 662
661 663
661 664
661 691
661 692
661 693
661 694
662 660
662 661
662 663
662 664
662 692
662 693
662 694
662 695
663 548
663 549
663 550
663 551
663 552
663 660
663 661
663 662
663 664
663 665
664 549
664 550
664 551
664 552
664 553
664 661
664 662
664 663
664 665
664 666
664 667
664 694
664 695
665 551
665 552
665 663
665 664
665 666
665 667
665 698
666 552
666 553
666 554
666 664
666 665
666 667
666 668
666 698
667 552
667 553
667 554
667 664
667 665
667 666
667 668
667 669
667 671
667 672
667 698
667 701
668 553
668 554
668 555
668 666
668 667
668 669
668 670
668 671
668 672
669 554
669 667
669 668
669 670
669 671
669 672
669 673
669 705
670 554
670 555
670 558
670 668
670 669
670 671
670 672
670 673
670 674
671 553
671 554
671 555
671 558
671 667
671 668
671 669
671 670
671 672
671 673
671 674
671 675
672 667
672 668
672 669
672 670
672 671
672 673
672 674
672 675
672 676
672 702
672 705
672 707
673 669
673 670
673 671
673 672
673 674
673 675
673 676
673 677
673 707
674 558
674 670
674 671
674 672
674 673
674 675
674 676
674 677
674 678
675 671
675 672
675 673
675 674
675 676
675 677
675 678
675 679
676 672
676 673
676 674
676 675
676 677
676 678
676 679
676 680
676 707
677 673
677 674
677 675
677 676
677 678
677 679
677 680
677 681
678 562
678 674
678 675
678 676
678 677
678 679
678 680
678 681
678 682
679 675
679 676
679 677
679 678
679 680
679 681
679 682
679 683
679 688
679 689
679 712
680 676
680 677
680 678
680 679
680 681
680 682
680 683
680 684
681 573
681 574
681 677
681 678
681 679
681 680
681 682
681 683
681 684
681 685
682 573
682 678
682 679
682 680
682 681
682 683
682 684
682 685
682 686
682 687
682 688
682 689
683 679
683 680
683 681
683 682
683 684
683 685
683 686
683 687
683 688
683 689
684 573
684 577
684 680
684 681
684 682
684 683
684 685
684 686
684 687
685 573
685 576
685 577
685 681
685 682
685 683
685 684
685 686
685 687
686 655
686 682
686 683
686 684
686 685
686 687
686 688
687 654
687 655
687 656
687 657
687 682
687 683
687 684
687 685
687 686
687 688
687 689
688 655
688 656
688 657
688 679
688 682
688 683
688 686
688 687
688 689
688 690
689 656
689 657
689 658
689 659
689 679
689 682
689 683
689 687
689 688
689 690
689 691
689 716
690 656
690 657
690 658
690 659
690 688
690 689
690 691
690 692
690 716
690 717
690 718
690 724
691 658
691 659
691 660
691 661
691 689
691 690
691 692
691 693
691 694
691 716
691 717
691 718
691 721
691 724
692 658
692 659
692 660
692 661
692 662
692 690
692 691
692 693
692 694
692 717
692 718
692 719
692 720
692 721
692 724
693 660
693 661
693 662
693 691
693 692
693 694
693 695
693 718
693 719
693 720
693 721
694 660
694 661
694 662
694 664
694 691
694 692
694 693
694 695
694 696
694 698
694 699
694 717
694 718
694 719
695 662
695 664
695 693
695 694
695 696
695 697
695 698
695 699
696 694
696 695
696 697
696 698
696 699
696 700
697 695
697 696
697 698
697 699
697 700
697 701
698 665
698 666
698 667
698 694
698 695
698 696
698 697
698 699
698 700
698 701
698 702
699 694
699 695
699 696
699 697
699 698
699 700
699 701
699 702
699 703
700 696
700 697
700 698
700 699
700 701
700 702
700 703
700 704
701 667
701 697
701 698
701 699
701 700
701 702
701 703
701 704
701 705
702 672
702 698
702 699
702 700
702 701
702 703
702 704
702 705
702 706
702 707
702 708
703 699
703 700
703 701
703 702
703 704
703 705
703 706
703 707
703 708
704 700
704 701
704 702
704 703
704 705
704 706
704 707
705 669
705 672
705 701
705 702
705 703
705 704
705 706
705 707
706 702
706 703
706 704
706 705
706 707
706 708
706 709
707 672
707 673
707 676
707 702
707 703
707 704
707 705
707 706
707 708
707 709
707 712
708 702
708 703
708 706
708 707
708 709
708 710
708 711
708 712
708 713
708 714
709 706
709 707
709 708
709 710
709 711
709 712
709 713
710 708
710 709
710 711
710 712
710 713
711 708
711 709
711 710
711 712
711 713
712 679
712 707
712 708
712 709
712 710
712 711
712 713
712 714
712 716
713 708
713 709
713 710
713 711
713 712
713 714
713 715
713 716
714 27
714 28
714 29
714 708
714 712
714 713
714 715
714 716
714 717
715 27
715 28
715 29
715 30
715 713
715 714
715 716
715 717
715 718
716 27
716 689
716 690
716 691
716 712
716 713
716 714
716 715
716 717
716 718
717 27
717 28
717 29
717 690
717 691
717 692
717 694
717 714
717 715
717 716
717 718
717 719
717 724
718 26
718 27
718 28
718 690
718 691
718 692
718 693
718 694
718 715
718 716
718 717
718 719
718 720
718 721
718 723
718 724
719 26
719 27
719 28
719 692
719 693
719 694
719 717
719 718
719 720
719 721
719 723
720 692
720 693
720 718
720 719
720 721
720 722
720 723
720 724
721 529
721 658
721 660
721 691
721 692
721 693
721 718
721 719
721 720
721 722
721 723
721 724
721 725
722 527
722 528
722 529
722 720
722 721
722 723
722 724
722 725
722 726
723 25
723 26
723 27
723 718
723 719
723 720
723 721
723 722
723 724
723 725
723 726
723 727
724 27
724 658
724 690
724 691
724 692
724 717
724 718
724 720
724 721
724 722
724 723
724 725
724 726
724 727
724 728
725 721
725 722
725 723
725 724
725 726
725 727
725 728
725 729
726 25
726 722
726 723
726 724
726 725
726 727
726 728
726 729
726 730
727 25
727 723
727 724
727 725
727 726
727 728
727 729
727 730
727 731
728 724
728 725
728 726
728 727
728 729
728 730
728 731
728 732
729 725
729 726
729 727
729 728
729 730
729 731
729 732
729 733
730 726
730 727
730 728
730 729
730 731
730 732
730 733
730 734
731 727
731 728
731 729
731 730
731 732
731 733
731 734
731 735
732 728
732 729
732 730
732 731
732 733
732 734
732 735
732 736
733 729
733 730
733 731
733 732
733 734
733 735
733 736
733 737
734 730
734 731
734 732
734 733
734 735
734 736
734 737
734 738
735 731
735 732
735 733
735 734
735 736
735 737
735 738
735 739
736 732
736 733
736 734
736 735
736 737
736 738
736 739
736 740
737 733
737 734
737 735
737 736
737 738
737 739
737 740
737 741
738 734
738 735
738 736
738 737
738 739
738 740
738 741
738 742
739 735
739 736
739 737
739 738
739 740
739 741
739 742
739 743
740 736
740 737
740 738
740 739
740 741
740 742
740 743
740 744
741 737
741 738
741 739
741 740
741 742
741 743
741 744
741 745
742 738
742 739
742 740
742 741
742 743
742 744
742 745
742 746
743 739
743 740
743 741
743 742
743 744
743 745
743 746
743 747
744 740
744 741
744 742
744 743
744 745
744 746
744 747
744 748
745 741
745 742
745 743
745 744
745 746
745 747
745 748
745 749
746 742
746 743
746 744
746 745
746 747
746 748
746 749
746 750
747 743
747 744
747 745
747 746
747 748
747 749
747 750
747 751
748 744
748 745
748 746
748 747
748 749
748 750
748 751
748 752
749 745
749 746
749 747
749 748
749 750
749 751
749 752
749 753
750 746
750 747
750 748
750 749
750 751
750 752
750 753
750 754
751 747
751 748
751 749
751 750
751 752
751 753
751 754
751 755
752 748
752 749
752 750
752 751
752 753
752 754
752 755
752 756
753 749
753 750
753 751
753 752
753 754
753 755
753 756
754 750
754 751
754 752
754 753
754 755
754 756
754 757
755 751
755 752
755 753
755 754
755 756
755 757
755 758
755 759
756 752
756 753
756 754
756 755
756 757
756 758
756 759
757 754
757 755
757 756
757 758
757 759
757 760
758 755
758 756
758 757
758 759
758 760
758 761
759 755
759 756
759 757
759 758
759 760
759 761
759 762
760 757
760 758
760 759
760 761
760 762
760 763
761 758
761 759
761 760
761 762
761 763
762 759
762 760
762 761
762 763
762 764
762 765
763 760
763 761
763 762
763 764
763 765
763 766
763 767
764 762
764 763
764 765
764 766
764 767
765 762
765 763
765 764
765 766
765 767
765 768
766 763
766 764
766 765
766 767
766 768
766 769
766 770
767 763
767 764
767 765
767 766
767 768
767 769
767 770
767 771
768 765
768 766
768 767
768 769
768 770
768 771
768 772
769 766
769 767
769 768
769 770
769 771
769 772
769 773
770 766
770 767
770 768
770 769
770 771
770 772
770 773
770 774
771 767
771 768
771 769
771 770
771 772
771 773
771 774
771 775
772 768
772 769
772 770
772 771
772 773
772 774
772 775
772 776
773 769
773 770
773 771
773 772
773 774
773 775
773 776
773 777
774 770
774 771
774 772
774 773
774 775
774 776
774 777
774 778
775 771
775 772
775 773
775 774
775 776
775 777
775 778
775 779
776 772
776 773
776 774
776 775
776 777
776 778
776 779
777 773
777 774
777 775
777 776
777 778
777 779
778 774
778 775
778 776
778 777
778 779
779 775
779 776
779 777
779 778
