0 1
0 2
1 0
1 2
1 3
2 0
2 1
2 3
2 4
3 1
3 2
3 4
3 5
4 2
4 3
4 5
4 6
5 3
5 4
5 6
5 7
6 4
6 5
6 7
6 8
7 5
7 6
7 8
7 9
8 6
8 7
8 9
8 10
9 7
9 8
9 10
9 11
10 8
10 9
10 11
10 12
11 9
11 10
11 12
11 13
11 14
12 10
12 11
12 13
12 14
12 15
13 11
13 12
13 14
13 15
14 11
14 12
14 13
14 15
14 16
15 12
15 13
15 14
15 16
15 17
16 14
16 15
16 17
16 18
17 15
17 16
17 18
17 19
18 16
18 17
18 19
18 20
19 17
19 18
19 20
19 21
20 18
20 19
20 21
20 22
21 19
21 20
21 22
21 23
22 20
22 21
22 23
22 24
23 21
23 22
23 24
23 25
24 22
24 23
24 25
24 26
25 23
25 24
25 26
25 27
26 24
26 25
26 27
26 28
27 25
27 26
27 28
27 29
28 26
28 27
28 29
28 30
29 27
29 28
29 30
29 31
30 28
30 29
30 31
30 32
31 29
31 30
31 32
31 33
32 30
32 31
32 33
32 34
33 31
33 32
33 34
33 35
34 32
34 33
34 35
34 36
35 33
35 34
35 36
35 37
36 34
36 35
36 37
36 38
37 35
37 36
37 38
37 39
38 36
38 37
38 39
38 40
39 37
39 38
39 40
39 41
40 38
40 39
40 41
40 42
41 39
41 40
41 42
41 43
42 40
42 41
42 43
42 44
43 41
43 42
43 44
43 45
44 42
44 43
44 45
44 46
45 43
45 44
45 46
45 47
46 44
46 45
46 47
46 48
47 45
47 46
47 48
47 49
48 46
48 47
48 49
48 50
49 47
49 48
49 50
49 51
50 48
50 49
50 51
50 52
51 49
51 50
51 52
51 53
52 50
52 51
52 53
52 54
53 51
53 52
53 54
53 55
54 52
54 53
54 55
54 56
55 53
55 54
55 56
55 57
56 54
56 55
56 57
56 58
57 55
57 56
57 58
57 59
58 56
58 57
58 59
58 60
59 57
59 58
59 60
59 61
60 58
60 59
60 61
60 62
61 59
61 60
61 62
61 63
62 60
62 61
62 63
62 64
63 61
63 62
63 64
63 65
64 62
64 63
64 65
64 66
65 63
65 64
65 66
65 67
66 64
66 65
66 67
66 68
67 65
67 66
67 68
67 69
68 66
68 67
68 69
68 70
69 67
69 68
69 70
69 71
70 68
70 69
70 71
70 72
71 69
71 70
71 72
71 73
72 70
72 71
72 73
72 74
73 71
73 72
73 74
73 75
74 72
74 73
74 75
74 76
75 73
75 74
75 76
75 77
76 74
76 75
76 77
76 78
77 75
77 76
77 78
77 79
78 76
78 77
78 79
78 80
79 77
79 78
79 80
79 81
80 78
80 79
80 81
80 82
81 79
81 80
81 82
81 83
82 80
82 81
82 83
82 84
83 81
83 82
83 84
83 85
84 82
84 83
84 85
84 86
85 83
85 84
85 86
85 87
86 84
86 85
86 87
86 88
87 85
87 86
87 88
87 89
87 90
87 91
88 86
88 87
88 89
88 90
88 91
88 92
89 87
89 88
89 90
89 91
89 92
89 93
90 87
90 88
90 89
90 91
90 92
90 93
90 94
91 87
91 88
91 89
91 90
91 92
91 93
91 94
91 95
92 88
92 89
92 90
92 91
92 93
92 94
92 95
92 96
93 89
93 90
93 91
93 92
93 94
93 95
93 96
93 97
94 90
94 91
94 92
94 93
94 95
94 96
94 97
94 98
95 91
95 92
95 93
95 94
95 96
95 97
95 98
95 99
96 92
96 93
96 94
96 95
96 97
96 98
96 99
96 100
97 93
97 94
97 95
97 96
97 98
97 99
97 100
97 101
98 94
98 95
98 96
98 97
98 99
98 100
98 101
98 102
99 95
99 96
99 97
99 98
99 100
99 101
99 102
99 103
100 96
100 97
100 98
100 99
100 101
100 102
100 103
100 104
101 97
101 98
101 99
101 100
101 102
101 103
101 104
101 105
102 98
102 99
102 100
102 101
102 103
102 104
102 105
102 106
103 99
103 100
103 101
103 102
103 104
103 105
103 106
103 107
104 100
104 101
104 102
104 103
104 105
104 106
104 107
105 101
105 102
105 103
105 104
105 106
105 107
105 108
105 109
106 102
106 103
106 104
106 105
106 107
106 108
106 109
107 103
107 104
107 105
107 106
107 108
107 109
108 105
108 106
108 107
108 109
108 110
109 105
109 106
109 107
109 108
109 110
109 111
110 108
110 109
110 111
110 112
110 113
111 109
111 110
111 112
111 113
111 114
112 110
112 111
112 113
112 114
112 115
113 110
113 111
113 112
113 114
113 115
113 116
113 117
114 111
114 112
114 113
114 115
114 116
114 117
114 118
115 112
115 113
115 114
115 116
115 117
115 118
115 119
116 113
116 114
116 115
116 117
116 118
116 119
116 120
117 113
117 114
117 115
117 116
117 118
117 119
117 120
117 121
118 114
118 115
118 116
118 117
118 119
118 120
118 121
118 122
119 115
119 116
119 117
119 118
119 120
119 121
119 122
119 123
120 116
120 117
120 118
120 119
120 121
120 122
120 123
120 124
121 117
121 118
121 119
121 120
121 122
121 123
121 124
121 125
122 118
122 119
122 120
122 121
122 123
122 124
122 125
123 119
123 120
123 121
123 122
123 124
123 125
124 120
124 121
124 122
124 123
124 125
124 126
125 121
125 122
125 123
125 124
125 126
125 127
126 124
126 125
126 127
126 128
127 125
127 126
127 128
127 129
128 126
128 127
128 129
128 130
128 131
128 132
129 127
129 128
129 130
129 131
129 132
130 128
130 129
130 131
130 132
131 128
131 129
131 130
131 132
131 133
131 134
132 128
132 129
132 130
132 131
132 133
132 134
132 135
133 131
133 132
133 134
133 135
133 136
134 131
134 132
134 133
134 135
134 136
135 132
135 133
135 134
135 136
135 137
136 133
136 134
136 135
136 137
136 138
136 139
137 135
137 136
137 138
137 139
137 140
137 141
138 136
138 137
138 139
138 140
138 141
138 142
139 136
139 137
139 138
139 140
139 141
139 142
140 137
140 138
140 139
140 141
140 142
140 143
141 137
141 138
141 139
141 140
141 142
141 143
141 144
141 145
142 138
142 139
142 140
142 141
142 143
142 144
142 145
143 140
143 141
143 142
143 144
143 145
143 146
144 141
144 142
144 143
144 145
144 146
144 147
145 141
145 142
145 143
145 144
145 146
145 147
146 143
146 144
146 145
146 147
146 148
147 144
147 145
147 146
147 148
147 149
147 150
147 151
148 146
148 147
148 149
148 150
148 151
148 152
149 147
149 148
149 150
149 151
149 152
149 153
150 147
150 148
150 149
150 151
150 152
150 153
150 154
151 147
151 148
151 149
151 150
151 152
151 153
151 154
152 148
152 149
152 150
152 151
152 153
152 154
152 155
153 149
153 150
153 151
153 152
153 154
153 155
154 150
154 151
154 152
154 153
154 155
154 156
155 152
155 153
155 154
155 156
155 157
156 154
156 155
156 157
156 158
157 155
157 156
157 158
157 159
157 160
158 156
158 157
158 159
158 160
158 161
159 157
159 158
159 160
159 161
159 162
160 157
160 158
160 159
160 161
160 162
160 163
161 158
161 159
161 160
161 162
161 163
161 164
162 159
162 160
162 161
162 163
162 164
163 160
163 161
163 162
163 164
163 165
164 161
164 162
164 163
164 165
164 166
165 163
165 164
165 166
165 167
166 164
166 165
166 167
166 168
167 165
167 166
167 168
167 169
167 170
168 166
168 167
168 169
168 170
168 171
169 167
169 168
169 170
169 171
169 172
170 167
170 168
170 169
170 171
170 172
170 173
170 174
171 168
171 169
171 170
171 172
171 173
171 174
171 175
172 169
172 170
172 171
172 173
172 174
172 175
173 170
173 171
173 172
173 174
173 175
173 176
173 177
174 170
174 171
174 172
174 173
174 175
174 176
174 177
174 178
175 171
175 172
175 173
175 174
175 176
175 177
175 178
176 173
176 174
176 175
176 177
176 178
176 179
177 173
177 174
177 175
177 176
177 178
177 179
177 180
178 174
178 175
178 176
178 177
178 179
178 180
178 181
179 176
179 177
179 178
179 180
179 181
180 177
180 178
180 179
180 181
180 182
180 183
181 178
181 179
181 180
181 182
181 183
182 180
182 181
182 183
182 184
183 180
183 181
183 182
183 184
183 185
184 182
184 183
184 185
184 186
185 183
185 184
185 186
185 187
186 184
186 185
186 187
186 188
187 185
187 186
187 188
187 189
188 186
188 187
188 189
188 190
189 187
189 188
189 190
189 191
190 188
190 189
190 191
190 192
191 189
191 190
191 192
191 193
192 190
192 191
192 193
192 194
193 191
193 192
193 194
193 195
194 192
194 193
194 195
194 196
195 193
195 194
195 196
195 197
196 194
196 195
196 197
196 198
197 195
197 196
197 198
197 199
198 196
198 197
198 199
198 200
199 197
199 198
199 200
199 201
200 198
200 199
200 201
200 202
201 199
201 200
201 202
201 203
202 200
202 201
202 203
202 204
203 201
203 202
203 204
203 205
204 202
204 203
204 205
204 206
205 203
205 204
205 206
205 207
206 204
206 205
206 207
206 208
207 205
207 206
207 208
207 209
208 206
208 207
208 209
208 210
208 212
208 213
209 207
209 208
209 210
209 211
209 212
209 213
210 208
210 209
210 211
210 212
210 213
210 214
211 209
211 210
211 212
211 213
211 214
211 215
212 208
212 209
212 210
212 211
212 213
212 214
212 215
212 216
213 208
213 209
213 210
213 211
213 212
213 214
213 215
213 216
213 217
214 210
214 211
214 212
214 213
214 215
214 216
214 217
214 218
215 211
215 212
215 213
215 214
215 216
215 217
215 218
215 219
216 212
216 213
216 214
216 215
216 217
216 218
216 219
216 220
217 213
217 214
217 215
217 216
217 218
217 219
217 220
217 221
218 214
218 215
218 216
218 217
218 219
218 220
218 221
218 222
219 215
219 216
219 217
219 218
219 220
219 221
219 222
219 223
220 216
220 217
220 218
220 219
220 221
220 222
220 223
220 224
221 217
221 218
221 219
221 220
221 222
221 223
221 224
221 225
222 218
222 219
222 220
222 221
222 223
222 224
222 225
222 226
223 219
223 220
223 221
223 222
223 224
223 225
223 226
223 227
224 220
224 221
224 222
224 223
224 225
224 226
224 227
224 228
225 221
225 222
225 223
225 224
225 226
225 227
225 228
225 229
226 222
226 223
226 224
226 225
226 227
226 228
226 229
226 230
227 223
227 224
227 225
227 226
227 228
227 229
227 230
227 231
228 224
228 225
228 226
228 227
228 229
228 230
228 231
228 232
229 225
229 226
229 227
229 228
229 230
229 231
229 232
229 233
230 226
230 227
230 228
230 229
230 231
230 232
230 233
230 234
231 227
231 228
231 229
231 230
231 232
231 233
231 234
231 235
232 228
232 229
232 230
232 231
232 233
232 234
232 235
232 236
233 229
233 230
233 231
233 232
233 234
233 235
233 236
233 237
234 230
234 231
234 232
234 233
234 235
234 236
234 237
234 238
235 231
235 232
235 233
235 234
235 236
235 237
235 238
235 239
236 232
236 233
236 234
236 235
236 237
236 238
236 239
236 240
237 233
237 234
237 235
237 236
237 238
237 239
237 240
237 241
238 234
238 235
238 236
238 237
238 239
238 240
238 241
238 242
239 235
239 236
239 237
239 238
239 240
239 241
239 242
239 243
240 236
240 237
240 238
240 239
240 241
240 242
240 243
240 244
241 237
241 238
241 239
241 240
241 242
241 243
241 244
241 245
242 238
242 239
242 240
242 241
242 243
242 244
242 245
242 246
243 239
243 240
243 241
243 242
243 244
243 245
243 246
243 247
244 240
244 241
244 242
244 243
244 245
244 246
244 247
244 248
245 241
245 242
245 243
245 244
245 246
245 247
245 248
245 249
246 242
246 243
246 244
246 245
246 247
246 248
246 249
246 250
247 243
247 244
247 245
247 246
247 248
247 249
247 250
247 251
248 244
248 245
248 246
248 247
248 249
248 250
248 251
248 252
249 245
249 246
249 247
249 248
249 250
249 251
249 252
249 253
249 254
250 246
250 247
250 248
250 249
250 251
250 252
250 253
250 254
251 247
251 248
251 249
251 250
251 252
251 253
252 248
252 249
252 250
252 251
252 253
252 254
253 249
253 250
253 251
253 252
253 254
253 255
254 249
254 250
254 252
254 253
254 255
254 256
255 253
255 254
255 256
255 257
256 254
256 255
256 257
256 258
256 259
257 255
257 256
257 258
257 259
258 256
258 257
258 259
258 260
258 261
259 256
259 257
259 258
259 260
259 261
260 258
260 259
260 261
260 262
261 258
261 259
261 260
261 262
261 263
261 265
261 266
262 260
262 261
262 263
262 264
262 265
262 266
262 331
263 261
263 262
263 264
263 265
263 266
263 267
263 951
263 954
263 955
264 262
264 263
264 265
264 266
264 267
264 268
264 329
264 330
264 331
264 392
264 393
265 261
265 262
265 263
265 264
265 266
265 267
265 268
265 269
265 331
266 261
266 262
266 263
266 264
266 265
266 267
266 268
266 269
266 270
266 947
266 951
267 263
267 264
267 265
267 266
267 268
267 269
267 270
267 271
267 951
268 264
268 265
268 266
268 267
268 269
268 270
268 271
268 272
268 329
268 394
269 265
269 266
269 267
269 268
269 270
269 271
269 272
269 273
269 947
270 266
270 267
270 268
270 269
270 271
270 272
270 273
270 274
270 944
270 947
270 948
271 267
271 268
271 269
271 270
271 272
271 273
271 274
271 275
271 284
271 287
272 268
272 269
272 270
272 271
272 273
272 274
272 275
272 276
273 269
273 270
273 271
273 272
273 274
273 275
273 276
273 277
273 944
274 270
274 271
274 272
274 273
274 275
274 276
274 277
274 278
274 283
274 284
274 944
275 271
275 272
275 273
275 274
275 276
275 277
275 278
275 279
275 284
276 272
276 273
276 274
276 275
276 277
276 278
276 279
277 273
277 274
277 275
277 276
277 278
277 279
277 940
278 274
278 275
278 276
278 277
278 279
278 280
278 281
278 282
278 283
278 284
279 275
279 276
279 277
279 278
279 280
279 281
280 278
280 279
280 281
280 282
280 283
281 278
281 279
281 280
281 282
281 283
281 284
281 285
282 278
282 280
282 281
282 283
282 284
282 285
282 286
283 274
283 278
283 280
283 281
283 282
283 284
283 285
283 286
284 271
284 274
284 275
284 278
284 281
284 282
284 283
284 285
284 286
284 287
285 281
285 282
285 283
285 284
285 286
285 287
285 427
285 428
285 429
286 282
286 283
286 284
286 285
286 287
286 288
286 427
286 428
286 429
286 558
286 562
287 271
287 284
287 285
287 286
287 288
287 289
287 429
287 430
287 555
287 558
287 559
288 286
288 287
288 289
288 290
288 429
288 430
288 431
288 551
288 554
288 555
288 558
289 287
289 288
289 290
289 291
289 393
289 394
289 395
289 396
289 429
289 430
289 431
289 551
290 288
290 289
290 291
290 292
290 393
290 394
290 395
290 396
290 430
290 431
290 432
290 433
290 547
290 551
291 289
291 290
291 292
291 293
291 395
291 396
291 397
291 398
291 424
291 425
291 430
291 431
291 432
291 433
292 290
292 291
292 293
292 294
292 300
292 395
292 396
292 397
292 398
292 432
292 433
292 434
292 435
293 291
293 292
293 294
293 295
293 300
293 397
293 398
293 400
293 401
293 421
293 432
293 433
293 434
293 435
293 447
294 292
294 293
294 295
294 296
294 298
294 299
294 300
294 400
294 401
294 434
294 435
294 436
294 447
295 293
295 294
295 296
295 297
295 298
295 400
295 401
295 402
295 435
295 436
295 445
295 446
295 447
296 294
296 295
296 297
296 298
296 400
296 401
296 402
297 295
297 296
297 298
297 299
297 300
297 400
298 294
298 295
298 296
298 297
298 299
298 300
298 435
298 436
298 437
298 466
299 294
299 297
299 298
299 300
299 301
299 302
299 303
299 435
299 436
299 437
299 466
299 467
299 502
300 292
300 293
300 294
300 297
300 298
300 299
300 301
300 302
300 303
300 304
300 397
300 400
300 435
301 299
301 300
301 302
301 303
301 304
301 305
301 313
301 397
302 299
302 300
302 301
302 303
302 304
302 305
302 306
302 502
303 299
303 300
303 301
303 302
303 304
303 305
303 306
303 307
303 502
303 540
304 300
304 301
304 302
304 303
304 305
304 306
304 307
304 308
304 397
305 301
305 302
305 303
305 304
305 306
305 307
305 308
305 309
305 310
305 311
305 312
305 313
306 302
306 303
306 304
306 305
306 307
306 308
306 309
306 310
306 311
306 502
306 511
306 540
307 303
307 304
307 305
307 306
307 308
307 309
307 310
307 390
307 391
307 540
307 541
307 544
308 304
308 305
308 306
308 307
308 309
308 310
308 330
308 385
308 390
309 305
309 306
309 307
309 308
309 310
309 311
309 390
309 511
310 305
310 306
310 307
310 308
310 309
310 311
310 312
310 349
310 511
311 305
311 306
311 309
311 310
311 312
311 313
311 355
311 511
312 305
312 310
312 311
312 313
312 314
312 349
312 355
312 358
312 359
313 301
313 305
313 311
313 312
313 314
313 315
313 359
313 362
314 312
314 313
314 315
314 316
314 321
314 359
314 360
314 362
314 363
315 313
315 314
315 316
315 317
315 321
316 314
316 315
316 317
316 318
316 319
316 320
316 321
317 315
317 316
317 318
317 319
318 316
318 317
318 319
318 320
319 316
319 317
319 318
319 320
319 321
320 316
320 318
320 319
320 321
320 322
320 323
321 314
321 315
321 316
321 319
321 320
321 322
321 323
321 363
322 320
322 321
322 323
322 324
322 325
322 366
322 398
322 399
322 400
323 320
323 321
323 322
323 324
323 325
323 366
323 367
323 370
323 375
323 376
323 377
323 399
324 322
324 323
324 325
324 326
324 366
324 369
324 370
324 376
324 377
324 378
324 379
324 380
324 381
324 398
324 399
325 322
325 323
325 324
325 326
325 327
325 377
325 378
325 379
325 380
325 381
325 396
325 397
325 398
325 399
326 324
326 325
326 327
326 328
326 380
326 381
326 382
326 383
326 396
326 397
326 398
327 325
327 326
327 328
327 329
327 380
327 381
327 382
327 383
327 394
327 395
327 396
327 397
328 326
328 327
328 329
328 330
328 382
328 383
328 384
328 385
328 394
328 395
328 396
328 397
329 264
329 268
329 327
329 328
329 330
329 331
329 382
329 383
329 384
329 385
329 392
329 393
329 394
329 395
330 264
330 308
330 328
330 329
330 331
330 332
330 384
330 385
330 386
330 390
330 391
330 392
330 393
330 394
330 395
331 262
331 264
331 265
331 329
331 330
331 332
331 333
331 384
331 385
331 386
331 387
331 390
331 391
331 392
331 393
332 330
332 331
332 333
332 334
332 386
332 387
332 388
332 389
332 390
332 391
332 392
333 331
333 332
333 334
333 335
333 336
333 386
333 387
333 388
333 389
333 390
334 332
334 333
334 335
334 336
334 386
334 387
334 388
335 333
335 334
335 336
335 337
335 348
335 386
335 387
335 388
336 333
336 334
336 335
336 337
336 338
336 348
336 349
336 350
336 385
336 386
336 387
336 388
337 335
337 336
337 338
337 339
337 346
337 347
337 348
337 349
337 350
337 385
337 386
337 387
338 336
338 337
338 339
338 340
338 346
338 347
338 348
338 349
338 383
338 384
338 385
338 386
339 337
339 338
339 340
339 341
339 343
339 344
339 345
339 346
339 347
339 383
339 384
339 385
340 338
340 339
340 341
340 342
340 343
340 344
340 345
340 346
340 382
340 383
340 384
341 339
341 340
341 342
341 343
341 382
341 383
341 384
342 340
342 341
342 343
342 344
343 339
343 340
343 341
343 342
343 344
343 345
344 339
344 340
344 342
344 343
344 345
344 346
345 339
345 340
345 343
345 344
345 346
345 347
346 337
346 338
346 339
346 340
346 344
346 345
346 347
346 348
347 337
347 338
347 339
347 345
347 346
347 348
347 349
347 354
347 355
347 358
348 335
348 336
348 337
348 338
348 346
348 347
348 349
348 350
348 351
348 354
348 355
349 310
349 312
349 336
349 337
349 338
349 347
349 348
349 350
349 351
349 352
349 354
349 355
350 336
350 337
350 348
350 349
350 351
350 352
350 355
351 348
351 349
351 350
351 352
351 353
351 354
351 355
352 349
352 350
352 351
352 353
352 354
352 355
352 356
353 351
353 352
353 354
353 355
353 356
353 357
354 347
354 348
354 349
354 351
354 352
354 353
354 355
354 356
354 357
354 358
355 311
355 312
355 347
355 348
355 349
355 350
355 351
355 352
355 353
355 354
355 356
355 357
355 358
355 359
356 352
356 353
356 354
356 355
356 357
356 358
356 359
356 360
357 353
357 354
357 355
357 356
357 358
357 359
357 360
357 361
358 312
358 347
358 354
358 355
358 356
358 357
358 359
358 360
358 361
358 362
359 312
359 313
359 314
359 355
359 356
359 357
359 358
359 360
359 361
359 362
359 363
360 314
360 356
360 357
360 358
360 359
360 361
360 362
360 363
360 364
361 357
361 358
361 359
361 360
361 362
361 363
361 364
361 365
362 313
362 314
362 358
362 359
362 360
362 361
362 363
362 364
362 365
362 366
363 314
363 321
363 359
363 360
363 361
363 362
363 364
363 365
363 366
363 367
364 360
364 361
364 362
364 363
364 365
364 366
364 367
364 368
365 361
365 362
365 363
365 364
365 366
365 367
365 368
365 369
365 381
366 322
366 323
366 324
366 362
366 363
366 364
366 365
366 367
366 368
366 369
366 370
366 381
367 323
367 363
367 364
367 365
367 366
367 368
367 369
367 370
368 364
368 365
368 366
368 367
368 369
368 370
368 371
369 324
369 365
369 366
369 367
369 368
369 370
369 371
369 377
369 379
370 323
370 324
370 366
370 367
370 368
370 369
370 371
370 372
370 374
370 375
370 376
370 377
371 368
371 369
371 370
371 372
371 373
371 374
371 375
371 377
372 370
372 371
372 373
372 374
373 371
373 372
373 374
373 375
373 410
374 370
374 371
374 372
374 373
374 375
374 376
374 377
374 409
374 410
374 413
375 323
375 370
375 371
375 373
375 374
375 376
375 377
375 409
375 410
375 413
376 323
376 324
376 370
376 374
376 375
376 377
376 378
376 413
376 416
376 417
377 323
377 324
377 325
377 369
377 370
377 371
377 374
377 375
377 376
377 378
377 379
378 324
378 325
378 376
378 377
378 379
378 380
378 420
379 324
379 325
379 369
379 377
379 378
379 380
379 381
380 324
380 325
380 326
380 327
380 378
380 379
380 381
380 382
381 324
381 325
381 326
381 327
381 365
381 366
381 379
381 380
381 382
381 383
382 326
382 327
382 328
382 329
382 340
382 341
382 380
382 381
382 383
382 384
383 326
383 327
383 328
383 329
383 338
383 339
383 340
383 341
383 381
383 382
383 384
383 385
384 328
384 329
384 330
384 331
384 338
384 339
384 340
384 341
384 382
384 383
384 385
384 386
385 308
385 328
385 329
385 330
385 331
385 336
385 337
385 338
385 339
385 383
385 384
385 386
385 387
386 330
386 331
386 332
386 333
386 334
386 335
386 336
386 337
386 338
386 384
386 385
386 387
386 388
386 390
387 331
387 332
387 333
387 334
387 335
387 336
387 337
387 385
387 386
387 388
387 389
387 390
388 332
388 333
388 334
388 335
388 336
388 386
388 387
388 389
388 390
389 332
389 333
389 387
389 388
389 390
389 391
390 307
390 308
390 309
390 330
390 331
390 332
390 333
390 386
390 387
390 388
390 389
390 391
390 392
391 307
391 330
391 331
391 332
391 389
391 390
391 392
391 393
391 544
391 545
391 548
392 264
392 329
392 330
392 331
392 332
392 390
392 391
392 393
392 394
392 548
393 264
393 289
393 290
393 329
393 330
393 331
393 391
393 392
393 394
393 395
393 548
393 551
393 552
394 268
394 289
394 290
394 327
394 328
394 329
394 330
394 392
394 393
394 395
394 396
395 289
395 290
395 291
395 292
395 327
395 328
395 329
395 330
395 393
395 394
395 396
395 397
396 289
396 290
396 291
396 292
396 325
396 326
396 327
396 328
396 394
396 395
396 397
396 398
397 291
397 292
397 293
397 300
397 301
397 304
397 325
397 326
397 327
397 328
397 395
397 396
397 398
397 399
398 291
398 292
398 293
398 322
398 324
398 325
398 326
398 396
398 397
398 399
398 400
398 420
398 421
399 322
399 323
399 324
399 325
399 397
399 398
399 400
399 401
399 417
399 421
400 293
400 294
400 295
400 296
400 297
400 300
400 322
400 398
400 399
400 401
400 402
400 417
401 293
401 294
401 295
401 296
401 399
401 400
401 402
401 403
401 414
401 417
401 418
401 446
401 447
402 295
402 296
402 400
402 401
402 403
402 404
402 405
402 414
402 417
403 401
403 402
403 404
403 405
403 414
403 446
404 402
404 403
404 405
404 406
404 414
405 402
405 403
405 404
405 406
405 407
405 409
405 410
405 411
405 413
405 414
406 404
406 405
406 407
406 408
406 409
407 405
407 406
407 408
407 409
407 410
408 406
408 407
408 409
408 410
409 374
409 375
409 405
409 406
409 407
409 408
409 410
409 411
409 413
410 373
410 374
410 375
410 405
410 407
410 408
410 409
410 411
410 412
410 413
411 405
411 409
411 410
411 412
411 413
411 414
412 410
412 411
412 413
412 414
412 415
412 416
413 374
413 375
413 376
413 405
413 409
413 410
413 411
413 412
413 414
413 415
413 416
413 417
414 401
414 402
414 403
414 404
414 405
414 411
414 412
414 413
414 415
414 416
414 417
414 418
415 412
415 413
415 414
415 416
415 417
415 418
415 419
416 376
416 412
416 413
416 414
416 415
416 417
416 418
416 419
416 420
417 376
417 399
417 400
417 401
417 402
417 413
417 414
417 415
417 416
417 418
417 419
417 420
417 421
418 401
418 414
418 415
418 416
418 417
418 419
418 420
418 421
418 422
419 415
419 416
419 417
419 418
419 420
419 421
419 422
419 423
420 378
420 398
420 416
420 417
420 418
420 419
420 421
420 422
420 423
420 424
421 293
421 398
421 399
421 417
421 418
421 419
421 420
421 422
421 423
421 424
421 425
422 418
422 419
422 420
422 421
422 423
422 424
422 425
422 426
422 450
422 454
423 419
423 420
423 421
423 422
423 424
423 425
423 426
423 427
424 291
424 420
424 421
424 422
424 423
424 425
424 426
424 427
424 430
425 291
425 421
425 422
425 423
425 424
425 426
425 427
425 428
425 430
425 432
425 451
425 454
426 422
426 423
426 424
426 425
426 427
426 428
426 430
426 454
427 285
427 286
427 423
427 424
427 425
427 426
427 428
427 429
427 430
428 285
428 286
428 425
428 426
428 427
428 429
428 430
429 285
429 286
429 287
429 288
429 289
429 427
429 428
429 430
429 431
429 460
429 554
429 558
430 287
430 288
430 289
430 290
430 291
430 424
430 425
430 426
430 427
430 428
430 429
430 431
430 432
430 460
431 288
431 289
431 290
431 291
431 429
431 430
431 432
431 433
431 460
431 461
431 462
431 551
432 290
432 291
432 292
432 293
432 425
432 430
432 431
432 433
432 434
432 451
432 460
432 461
432 462
433 290
433 291
433 292
433 293
433 431
433 432
433 434
433 435
433 461
433 462
433 463
433 464
434 292
434 293
434 294
434 432
434 433
434 435
434 436
434 447
434 448
434 451
434 461
434 462
434 463
434 464
435 292
435 293
435 294
435 295
435 298
435 299
435 300
435 433
435 434
435 436
435 437
435 463
435 464
435 465
435 466
436 294
436 295
436 298
436 299
436 434
436 435
436 437
436 438
436 442
436 445
436 463
436 464
436 465
436 466
437 298
437 299
437 435
437 436
437 438
437 439
437 440
437 442
437 465
437 466
437 467
437 468
438 436
438 437
438 439
438 440
438 441
438 442
438 465
438 466
438 467
438 468
438 470
438 471
438 481
439 437
439 438
439 440
439 441
439 467
439 468
439 470
439 471
439 474
439 476
440 437
440 438
440 439
440 441
440 442
440 444
441 438
441 439
441 440
441 442
441 443
441 444
441 445
442 436
442 437
442 438
442 440
442 441
442 443
442 444
442 445
442 448
443 441
443 442
443 444
443 445
443 446
443 448
444 440
444 441
444 442
444 443
444 445
444 446
445 295
445 436
445 441
445 442
445 443
445 444
445 446
445 447
445 448
445 449
446 295
446 401
446 403
446 443
446 444
446 445
446 447
446 448
446 449
446 450
447 293
447 294
447 295
447 401
447 434
447 445
447 446
447 448
447 449
447 450
447 451
448 434
448 442
448 443
448 445
448 446
448 447
448 449
448 450
448 451
448 452
449 445
449 446
449 447
449 448
449 450
449 451
449 452
449 453
450 422
450 446
450 447
450 448
450 449
450 451
450 452
450 453
450 454
451 425
451 432
451 434
451 447
451 448
451 449
451 450
451 452
451 453
451 454
451 455
451 456
451 461
452 448
452 449
452 450
452 451
452 453
452 454
452 455
452 456
452 457
452 458
452 492
453 449
453 450
453 451
453 452
453 454
453 455
453 456
454 422
454 425
454 426
454 450
454 451
454 452
454 453
454 455
454 456
455 451
455 452
455 453
455 454
455 456
455 457
455 458
455 459
455 460
455 461
455 492
456 451
456 452
456 453
456 454
456 455
456 457
456 458
456 492
457 452
457 455
457 456
457 458
457 459
457 492
457 493
457 494
458 452
458 455
458 456
458 457
458 459
458 460
458 461
458 462
458 492
458 493
458 494
458 495
459 455
459 457
459 458
459 460
459 461
459 493
459 494
459 495
460 429
460 430
460 431
460 432
460 455
460 458
460 459
460 461
460 462
460 494
460 495
461 431
461 432
461 433
461 434
461 451
461 455
461 458
461 459
461 460
461 462
461 463
461 494
461 495
461 496
462 431
462 432
462 433
462 434
462 458
462 460
462 461
462 463
462 464
462 494
462 495
462 496
462 497
462 498
463 433
463 434
463 435
463 436
463 461
463 462
463 464
463 465
463 494
463 496
463 497
463 498
464 433
464 434
464 435
464 436
464 462
464 463
464 465
464 466
464 497
464 498
464 499
464 500
465 435
465 436
465 437
465 438
465 463
465 464
465 466
465 467
465 468
465 497
465 498
465 499
465 500
466 298
466 299
466 435
466 436
466 437
466 438
466 464
466 465
466 467
466 468
466 499
466 500
466 501
466 502
467 299
467 437
467 438
467 439
467 465
467 466
467 468
467 469
467 470
467 471
467 500
467 501
467 502
468 437
468 438
468 439
468 465
468 466
468 467
468 469
468 470
468 471
468 472
468 499
468 500
468 501
469 467
469 468
469 470
469 471
469 472
469 473
469 501
469 521
470 438
470 439
470 467
470 468
470 469
470 471
470 472
470 473
470 474
471 438
471 439
471 467
471 468
471 469
471 470
471 472
471 473
471 474
471 475
471 476
472 468
472 469
472 470
472 471
472 473
472 474
472 475
472 476
472 478
472 527
473 469
473 470
473 471
473 472
473 474
473 475
473 476
474 439
474 470
474 471
474 472
474 473
474 475
474 476
475 471
475 472
475 473
475 474
475 476
475 477
475 478
476 439
476 471
476 472
476 473
476 474
476 475
476 477
476 478
476 480
476 481
477 475
477 476
477 478
477 479
477 480
477 481
478 472
478 475
478 476
478 477
478 479
478 480
478 481
478 482
478 527
479 477
479 478
479 480
479 481
479 482
479 483
480 476
480 477
480 478
480 479
480 481
480 482
480 483
480 484
480 489
481 438
481 476
481 477
481 478
481 479
481 480
481 482
481 483
481 484
481 485
482 478
482 479
482 480
482 481
482 483
482 484
482 485
482 486
482 532
482 533
483 479
483 480
483 481
483 482
483 484
483 485
483 486
483 487
483 488
483 489
484 480
484 481
484 482
484 483
484 485
484 486
484 487
484 488
484 489
484 490
484 497
485 481
485 482
485 483
485 484
485 486
485 487
485 488
485 497
485 498
485 499
485 533
486 482
486 483
486 484
486 485
486 487
486 488
486 497
487 483
487 484
487 485
487 486
487 488
487 489
487 490
487 492
487 493
487 494
487 497
488 483
488 484
488 485
488 486
488 487
488 489
488 490
488 491
488 493
489 480
489 483
489 484
489 487
489 488
489 490
489 491
490 484
490 487
490 488
490 489
490 491
490 492
490 493
491 488
491 489
491 490
491 492
491 493
492 452
492 455
492 456
492 457
492 458
492 487
492 490
492 491
492 493
492 494
493 457
493 458
493 459
493 487
493 488
493 490
493 491
493 492
493 494
493 495
494 457
494 458
494 459
494 460
494 461
494 462
494 463
494 487
494 492
494 493
494 495
494 496
494 497
495 458
495 459
495 460
495 461
495 462
495 493
495 494
495 496
495 497
496 461
496 462
496 463
496 494
496 495
496 497
496 498
496 537
497 462
497 463
497 464
497 465
497 484
497 485
497 486
497 487
497 494
497 495
497 496
497 498
497 499
497 537
498 462
498 463
498 464
498 465
498 485
498 496
498 497
498 499
498 500
498 537
498 538
498 539
498 543
499 464
499 465
499 466
499 468
499 485
499 497
499 498
499 500
499 501
499 537
499 538
499 539
499 540
500 464
500 465
500 466
500 467
500 468
500 498
500 499
500 501
500 502
500 518
500 538
500 539
500 540
501 466
501 467
501 468
501 469
501 499
501 500
501 502
501 503
501 514
501 517
501 518
501 539
501 540
502 299
502 302
502 303
502 306
502 466
502 467
502 500
502 501
502 503
502 504
502 505
502 514
502 515
502 518
503 501
503 502
503 504
503 505
503 506
503 509
503 513
503 514
503 515
503 517
503 518
504 502
504 503
504 505
504 506
504 514
504 517
505 502
505 503
505 504
505 506
505 507
506 503
506 504
506 505
506 507
506 508
506 509
507 505
507 506
507 508
507 509
508 506
508 507
508 509
508 510
509 503
509 506
509 507
509 508
509 510
509 511
509 513
509 514
510 508
510 509
510 511
510 512
510 513
510 514
511 306
511 309
511 310
511 311
511 509
511 510
511 512
511 513
511 514
511 515
512 510
512 511
512 513
512 514
512 515
512 516
513 503
513 509
513 510
513 511
513 512
513 514
513 515
513 516
513 517
514 501
514 502
514 503
514 504
514 509
514 510
514 511
514 512
514 513
514 515
514 516
514 517
514 518
515 502
515 503
515 511
515 512
515 513
515 514
515 516
515 517
515 518
515 519
516 512
516 513
516 514
516 515
516 517
516 518
516 519
516 520
517 501
517 503
517 504
517 513
517 514
517 515
517 516
517 518
517 519
517 520
517 521
518 500
518 501
518 502
518 503
518 514
518 515
518 516
518 517
518 519
518 520
518 521
518 522
518 539
519 515
519 516
519 517
519 518
519 520
519 521
519 522
519 523
519 539
520 516
520 517
520 518
520 519
520 521
520 522
520 523
520 524
521 469
521 517
521 518
521 519
521 520
521 522
521 523
521 524
521 525
522 518
522 519
522 520
522 521
522 523
522 524
522 525
522 528
522 538
522 539
523 519
523 520
523 521
523 522
523 524
523 525
523 528
524 520
524 521
524 522
524 523
524 525
524 526
524 529
525 521
525 522
525 523
525 524
525 526
525 527
525 528
525 529
526 524
526 525
526 527
526 528
526 529
526 530
527 472
527 478
527 525
527 526
527 528
527 529
527 530
527 531
527 532
527 533
528 522
528 523
528 525
528 526
528 527
528 529
528 530
528 531
528 532
528 533
528 534
528 535
529 524
529 525
529 526
529 527
529 528
529 530
529 531
529 532
530 526
530 527
530 528
530 529
530 531
530 532
530 533
531 527
531 528
531 529
531 530
531 532
531 533
531 534
532 482
532 527
532 528
532 529
532 530
532 531
532 533
532 534
533 482
533 485
533 527
533 528
533 530
533 531
533 532
533 534
533 535
533 537
533 538
534 528
534 531
534 532
534 533
534 535
534 536
534 537
534 538
535 528
535 533
535 534
535 536
535 537
535 538
536 534
536 535
536 537
536 538
536 539
536 542
537 496
537 497
537 498
537 499
537 533
537 534
537 535
537 536
537 538
537 539
537 542
537 543
538 498
538 499
538 500
538 522
538 533
538 534
538 535
538 536
538 537
538 539
538 540
538 542
538 543
539 498
539 499
539 500
539 501
539 518
539 519
539 522
539 536
539 537
539 538
539 540
539 541
539 542
539 543
540 303
540 306
540 307
540 499
540 500
540 501
540 538
540 539
540 541
540 542
540 543
540 544
541 307
541 539
541 540
541 542
541 543
541 544
541 545
542 536
542 537
542 538
542 539
542 540
542 541
542 543
542 544
542 545
542 546
543 498
543 537
543 538
543 539
543 540
543 541
543 542
543 544
543 545
543 546
543 547
544 307
544 391
544 540
544 541
544 542
544 543
544 545
544 546
544 547
544 548
545 391
545 541
545 542
545 543
545 544
545 546
545 547
545 548
545 549
546 542
546 543
546 544
546 545
546 547
546 548
546 549
546 550
547 290
547 543
547 544
547 545
547 546
547 548
547 549
547 550
547 551
548 391
548 392
548 393
548 544
548 545
548 546
548 547
548 549
548 550
548 551
548 552
549 545
549 546
549 547
549 548
549 550
549 551
549 552
549 553
550 546
550 547
550 548
550 549
550 551
550 552
550 553
550 554
551 288
551 289
551 290
551 393
551 431
551 547
551 548
551 549
551 550
551 552
551 553
551 554
551 555
552 393
552 548
552 549
552 550
552 551
552 553
552 554
552 555
552 556
553 549
553 550
553 551
553 552
553 554
553 555
553 556
553 557
554 288
554 429
554 550
554 551
554 552
554 553
554 555
554 556
554 557
554 558
555 287
555 288
555 551
555 552
555 553
555 554
555 556
555 557
555 558
555 559
556 552
556 553
556 554
556 555
556 557
556 558
556 559
556 560
557 553
557 554
557 555
557 556
557 558
557 559
557 560
557 561
558 286
558 287
558 288
558 429
558 554
558 555
558 556
558 557
558 559
558 560
558 561
558 562
559 287
559 555
559 556
559 557
559 558
559 560
559 561
559 562
559 563
559 948
559 952
560 556
560 557
560 558
560 559
560 561
560 562
560 563
560 564
560 952
561 557
561 558
561 559
561 560
561 562
561 563
561 564
561 565
562 286
562 558
562 559
562 560
562 561
562 563
562 564
562 565
562 566
563 559
563 560
563 561
563 562
563 564
563 565
563 566
563 567
563 945
563 948
563 949
564 560
564 561
564 562
564 563
564 565
564 566
564 567
564 568
565 561
565 562
565 563
565 564
565 566
565 567
565 568
565 569
566 562
566 563
566 564
566 565
566 567
566 568
566 569
566 570
566 941
566 944
566 945
567 563
567 564
567 565
567 566
567 568
567 569
567 570
567 571
567 945
568 564
568 565
568 566
568 567
568 569
568 570
568 571
568 572
569 565
569 566
569 567
569 568
569 570
569 571
569 572
569 573
569 941
570 566
570 567
570 568
570 569
570 571
570 572
570 573
570 574
570 938
570 941
570 942
571 567
571 568
571 569
571 570
571 572
571 573
571 574
571 575
572 568
572 569
572 570
572 571
572 573
572 574
572 575
572 576
573 569
573 570
573 571
573 572
573 574
573 575
573 576
573 577
573 934
573 938
574 570
574 571
574 572
574 573
574 575
574 576
574 577
574 578
574 938
575 571
575 572
575 573
575 574
575 576
575 577
575 578
575 579
576 572
576 573
576 574
576 575
576 577
576 578
576 579
576 580
577 573
577 574
577 575
577 576
577 578
577 579
577 580
577 581
577 582
577 934
577 935
578 574
578 575
578 576
578 577
578 579
578 580
578 581
578 582
578 583
579 575
579 576
579 577
579 578
579 580
579 581
579 582
580 576
580 577
580 578
580 579
580 581
580 582
581 577
581 578
581 579
581 580
581 582
581 583
581 584
581 931
582 577
582 578
582 579
582 580
582 581
582 583
582 584
583 578
583 581
583 582
583 584
583 585
584 581
584 582
584 583
584 585
584 586
585 583
585 584
585 586
585 587
586 584
586 585
586 587
586 588
586 935
587 585
587 586
587 588
587 589
587 590
587 591
587 592
587 932
587 935
587 936
588 586
588 587
588 589
588 590
588 591
588 592
588 932
588 935
588 936
588 939
589 587
589 588
589 590
589 591
589 592
589 593
589 923
589 924
589 927
589 932
589 936
590 587
590 588
590 589
590 591
590 592
590 593
590 594
591 587
591 588
591 589
591 590
591 592
591 593
591 594
591 595
592 587
592 588
592 589
592 590
592 591
592 593
592 594
592 595
592 596
592 927
593 589
593 590
593 591
593 592
593 594
593 595
593 596
593 597
593 917
593 923
593 927
594 590
594 591
594 592
594 593
594 595
594 596
594 597
594 598
595 591
595 592
595 593
595 594
595 596
595 597
595 598
595 599
596 592
596 593
596 594
596 595
596 597
596 598
596 599
596 600
596 696
596 699
597 593
597 594
597 595
597 596
597 598
597 599
597 600
597 601
597 913
598 594
598 595
598 596
598 597
598 599
598 600
598 601
598 602
599 595
599 596
599 597
599 598
599 600
599 601
599 602
599 603
600 596
600 597
600 598
600 599
600 601
600 602
600 603
600 604
600 684
600 700
601 597
601 598
601 599
601 600
601 602
601 603
601 604
601 605
601 906
601 909
601 910
602 598
602 599
602 600
602 601
602 603
602 604
602 605
602 606
603 599
603 600
603 601
603 602
603 604
603 605
603 606
603 607
603 683
603 684
604 600
604 601
604 602
604 603
604 605
604 606
604 607
604 608
604 680
604 683
604 906
605 601
605 602
605 603
605 604
605 606
605 607
605 608
605 609
605 906
606 602
606 603
606 604
606 605
606 607
606 608
606 609
606 610
606 683
607 603
607 604
607 605
607 606
607 608
607 609
607 610
607 679
607 680
607 683
607 902
608 604
608 605
608 606
608 607
608 609
608 610
608 898
608 902
609 605
609 606
609 607
609 608
609 610
609 611
610 606
610 607
610 608
610 609
610 611
610 612
610 614
610 615
611 609
611 610
611 612
611 613
611 614
611 615
612 610
612 611
612 613
612 614
612 615
612 616
612 894
613 611
613 612
613 614
613 615
613 616
613 617
614 610
614 611
614 612
614 613
614 615
614 616
614 617
614 618
615 610
615 611
615 612
615 613
615 614
615 616
615 617
615 618
615 619
615 890
615 894
616 612
616 613
616 614
616 615
616 617
616 618
616 619
616 620
616 887
616 890
616 891
616 894
617 613
617 614
617 615
617 616
617 618
617 619
617 620
617 621
617 890
618 614
618 615
618 616
618 617
618 619
618 620
618 621
618 622
618 675
619 615
619 616
619 617
619 618
619 620
619 621
619 622
619 623
619 671
619 672
619 675
619 890
619 893
619 894
620 616
620 617
620 618
620 619
620 621
620 622
620 623
620 624
620 886
620 887
620 889
620 890
621 617
621 618
621 619
621 620
621 622
621 623
621 624
621 625
622 618
622 619
622 620
622 621
622 623
622 624
622 625
622 626
622 671
622 675
623 619
623 620
623 621
623 622
623 624
623 625
623 626
623 627
623 667
623 668
623 671
623 886
624 620
624 621
624 622
624 623
624 625
624 626
624 627
624 628
624 886
625 621
625 622
625 623
625 624
625 626
625 627
625 628
625 629
626 622
626 623
626 624
626 625
626 627
626 628
626 629
626 667
626 671
627 623
627 624
627 625
627 626
627 628
627 629
627 630
627 631
628 624
628 625
628 626
628 627
628 629
628 630
628 631
628 632
628 750
629 625
629 626
629 627
629 628
629 630
629 631
629 632
629 633
629 634
630 627
630 628
630 629
630 631
630 632
630 633
630 634
630 635
631 627
631 628
631 629
631 630
631 632
631 633
631 634
631 635
631 636
632 628
632 629
632 630
632 631
632 633
632 634
632 635
632 636
632 637
633 629
633 630
633 631
633 632
633 634
633 635
633 636
633 637
633 638
634 629
634 630
634 631
634 632
634 633
634 635
634 636
634 637
634 638
634 655
635 630
635 631
635 632
635 633
635 634
635 636
635 637
635 638
635 639
635 651
635 652
635 655
635 656
636 631
636 632
636 633
636 634
636 635
636 637
636 638
636 639
636 640
636 652
636 875
637 632
637 633
637 634
637 635
637 636
637 638
637 639
637 640
637 641
638 633
638 634
638 635
638 636
638 637
638 639
638 640
638 641
638 642
638 651
639 635
639 636
639 637
639 638
639 640
639 641
639 642
639 647
639 648
639 649
639 651
639 652
640 636
640 637
640 638
640 639
640 641
640 642
640 643
640 648
641 637
641 638
641 639
641 640
641 642
641 643
641 648
641 805
641 806
642 638
642 639
642 640
642 641
642 643
642 644
642 645
642 647
642 648
643 640
643 641
643 642
643 644
643 645
643 647
643 648
644 642
644 643
644 645
644 646
644 647
644 648
645 642
645 643
645 644
645 646
645 647
645 648
645 649
645 872
645 874
646 644
646 645
646 647
646 648
646 649
646 650
647 639
647 642
647 643
647 644
647 645
647 646
647 648
647 649
647 650
647 651
648 639
648 640
648 641
648 642
648 643
648 644
648 645
648 646
648 647
648 649
648 650
648 651
648 652
648 874
649 639
649 645
649 646
649 647
649 648
649 650
649 651
649 652
649 653
649 874
650 646
650 647
650 648
650 649
650 651
650 652
650 653
650 654
651 635
651 638
651 639
651 647
651 648
651 649
651 650
651 652
651 653
651 654
651 655
652 635
652 636
652 639
652 648
652 649
652 650
652 651
652 653
652 654
652 655
652 656
652 878
653 649
653 650
653 651
653 652
653 654
653 655
653 656
653 657
654 650
654 651
654 652
654 653
654 655
654 656
654 657
654 658
655 634
655 635
655 651
655 652
655 653
655 654
655 656
655 657
655 658
655 659
656 635
656 652
656 653
656 654
656 655
656 657
656 658
656 659
656 660
656 729
657 653
657 654
657 655
657 656
657 658
657 659
657 660
657 661
657 726
658 654
658 655
658 656
658 657
658 659
658 660
658 661
658 662
659 655
659 656
659 657
659 658
659 660
659 661
659 662
659 663
659 664
660 656
660 657
660 658
660 659
660 661
660 662
660 663
660 664
660 665
660 722
660 725
660 726
661 657
661 658
661 659
661 660
661 662
661 663
661 664
661 665
661 722
662 658
662 659
662 660
662 661
662 663
662 664
662 665
662 666
663 659
663 660
663 661
663 662
663 664
663 665
663 666
663 667
664 659
664 660
664 661
664 662
664 663
664 665
664 666
664 667
664 668
664 722
665 660
665 661
665 662
665 663
665 664
665 666
665 667
665 668
665 669
665 718
665 719
665 721
665 722
665 725
666 662
666 663
666 664
666 665
666 667
666 668
666 669
666 670
666 718
667 623
667 626
667 663
667 664
667 665
667 666
667 668
667 669
667 670
667 671
668 623
668 664
668 665
668 666
668 667
668 669
668 670
668 671
668 672
668 889
668 893
669 665
669 666
669 667
669 668
669 670
669 671
669 672
669 673
669 713
669 717
669 718
669 893
670 666
670 667
670 668
670 669
670 671
670 672
670 673
670 674
671 619
671 622
671 623
671 626
671 667
671 668
671 669
671 670
671 672
671 673
671 674
671 675
672 619
672 668
672 669
672 670
672 671
672 673
672 674
672 675
672 676
672 893
672 897
673 669
673 670
673 671
673 672
673 674
673 675
673 676
673 677
673 713
674 670
674 671
674 672
674 673
674 675
674 676
674 677
674 678
675 618
675 619
675 622
675 671
675 672
675 673
675 674
675 676
675 677
675 678
675 679
676 672
676 673
676 674
676 675
676 677
676 678
676 679
676 680
676 897
676 902
677 673
677 674
677 675
677 676
677 678
677 679
677 680
677 681
677 708
678 674
678 675
678 676
678 677
678 679
678 680
678 681
678 682
679 607
679 675
679 676
679 677
679 678
679 680
679 681
679 682
679 683
680 604
680 607
680 676
680 677
680 678
680 679
680 681
680 682
680 683
680 684
681 677
681 678
681 679
681 680
681 682
681 683
681 684
681 685
681 704
682 678
682 679
682 680
682 681
682 683
682 684
682 685
682 686
683 603
683 604
683 606
683 607
683 679
683 680
683 681
683 682
683 684
683 685
683 686
684 600
684 603
684 680
684 681
684 682
684 683
684 685
684 686
684 700
684 701
684 704
685 681
685 682
685 683
685 684
685 686
685 687
685 697
685 700
686 682
686 683
686 684
686 685
686 687
686 688
687 685
687 686
687 688
687 689
687 692
688 686
688 687
688 689
688 690
688 691
688 692
689 687
689 688
689 690
689 691
689 692
690 688
690 689
690 691
690 692
691 688
691 689
691 690
691 692
691 693
692 687
692 688
692 689
692 690
692 691
692 693
692 694
693 691
693 692
693 694
693 695
693 696
693 697
694 692
694 693
694 695
694 696
694 697
695 693
695 694
695 696
695 697
695 698
695 927
695 928
695 929
696 596
696 693
696 694
696 695
696 697
696 698
696 699
696 700
696 926
696 927
697 685
697 693
697 694
697 695
697 696
697 698
697 699
697 700
697 701
698 695
698 696
698 697
698 699
698 700
698 701
698 702
698 926
698 927
699 596
699 696
699 697
699 698
699 700
699 701
699 702
699 703
699 926
699 927
700 600
700 684
700 685
700 696
700 697
700 698
700 699
700 701
700 702
700 703
700 704
701 684
701 697
701 698
701 699
701 700
701 702
701 703
701 704
701 705
702 698
702 699
702 700
702 701
702 703
702 704
702 705
702 706
703 699
703 700
703 701
703 702
703 704
703 705
703 706
703 707
703 909
703 912
703 913
704 681
704 684
704 700
704 701
704 702
704 703
704 705
704 706
704 707
704 708
704 909
705 701
705 702
705 703
705 704
705 706
705 707
705 708
705 709
706 702
706 703
706 704
706 705
706 707
706 708
706 709
706 710
706 912
707 703
707 704
707 705
707 706
707 708
707 709
707 710
707 711
707 905
707 908
707 909
707 912
708 677
708 704
708 705
708 706
708 707
708 709
708 710
708 711
708 905
709 705
709 706
709 707
709 708
709 710
709 711
710 706
710 707
710 708
710 709
710 711
710 712
710 908
711 707
711 708
711 709
711 710
711 712
711 713
711 904
711 905
711 908
712 710
712 711
712 713
712 714
713 669
713 673
713 711
713 712
713 714
713 715
713 717
713 901
714 712
714 713
714 715
714 716
714 717
715 713
715 714
715 716
715 717
715 718
716 714
716 715
716 717
716 718
716 719
716 720
717 669
717 713
717 714
717 715
717 716
717 718
717 719
717 720
717 721
717 896
718 665
718 666
718 669
718 715
718 716
718 717
718 719
718 720
718 721
718 722
719 665
719 716
719 717
719 718
719 720
719 721
719 722
719 723
720 716
720 717
720 718
720 719
720 721
720 722
720 723
720 724
721 665
721 717
721 718
721 719
721 720
721 722
721 723
721 724
721 725
721 889
721 892
722 660
722 661
722 664
722 665
722 718
722 719
722 720
722 721
722 723
722 724
722 725
722 726
723 719
723 720
723 721
723 722
723 724
723 725
723 726
723 727
724 720
724 721
724 722
724 723
724 725
724 726
724 727
724 728
724 888
724 889
725 660
725 665
725 721
725 722
725 723
725 724
725 726
725 727
725 728
725 729
725 885
725 888
725 889
726 657
726 660
726 722
726 723
726 724
726 725
726 727
726 728
726 729
726 730
727 723
727 724
727 725
727 726
727 728
727 729
727 730
727 731
728 724
728 725
728 726
728 727
728 729
728 730
728 731
728 881
728 884
728 885
728 888
729 656
729 725
729 726
729 727
729 728
729 730
729 731
729 732
729 881
729 882
729 884
729 885
730 726
730 727
730 728
730 729
730 731
730 732
730 881
731 727
731 728
731 729
731 730
731 732
731 733
731 881
732 729
732 730
732 731
732 733
732 734
732 877
732 881
733 731
733 732
733 734
733 735
733 877
734 732
734 733
734 735
734 736
734 737
734 739
734 740
734 877
734 880
735 733
735 734
735 736
735 737
735 739
735 863
736 734
736 735
736 737
736 738
736 739
736 740
737 734
737 735
737 736
737 738
737 739
737 740
737 741
737 859
738 736
738 737
738 739
738 740
738 741
738 742
739 734
739 735
739 736
739 737
739 738
739 740
739 741
739 742
739 743
739 880
740 734
740 736
740 737
740 738
740 739
740 741
740 742
740 743
740 744
740 859
740 876
740 880
741 737
741 738
741 739
741 740
741 742
741 743
741 744
741 745
741 856
742 738
742 739
742 740
742 741
742 743
742 744
742 745
742 746
742 880
743 739
743 740
743 741
743 742
743 744
743 745
743 746
743 747
743 876
743 877
743 879
743 880
743 883
744 740
744 741
744 742
744 743
744 745
744 746
744 747
744 748
744 852
744 855
744 856
744 876
744 879
745 741
745 742
745 743
745 744
745 746
745 747
745 748
745 749
746 742
746 743
746 744
746 745
746 747
746 748
746 749
746 750
746 879
746 883
747 743
747 744
747 745
747 746
747 748
747 749
747 750
747 751
747 852
747 876
747 879
748 744
748 745
748 746
748 747
748 749
748 750
748 751
748 752
748 849
748 852
749 745
749 746
749 747
749 748
749 750
749 751
749 752
749 753
750 628
750 746
750 747
750 748
750 749
750 751
750 752
750 753
750 754
751 747
751 748
751 749
751 750
751 752
751 753
751 754
751 755
751 845
751 848
751 849
752 748
752 749
752 750
752 751
752 753
752 754
752 755
752 756
752 845
752 849
753 749
753 750
753 751
753 752
753 754
753 755
753 756
753 757
754 750
754 751
754 752
754 753
754 755
754 756
754 757
754 758
754 845
755 751
755 752
755 753
755 754
755 756
755 757
755 758
755 759
755 842
755 845
755 846
756 752
756 753
756 754
756 755
756 757
756 758
756 759
756 760
757 753
757 754
757 755
757 756
757 758
757 759
757 760
757 761
758 754
758 755
758 756
758 757
758 759
758 760
758 761
758 762
758 838
758 841
758 842
759 755
759 756
759 757
759 758
759 760
759 761
759 762
759 763
759 842
760 756
760 757
760 758
760 759
760 761
760 762
760 763
760 764
761 757
761 758
761 759
761 760
761 762
761 763
761 764
761 765
761 838
762 758
762 759
762 760
762 761
762 763
762 764
762 765
762 766
762 838
762 839
763 759
763 760
763 761
763 762
763 764
763 765
763 766
763 767
763 768
764 760
764 761
764 762
764 763
764 765
764 766
764 767
764 768
765 761
765 762
765 763
765 764
765 766
765 767
765 784
765 787
766 762
766 763
766 764
766 765
766 767
766 768
766 780
766 783
766 784
766 785
766 787
766 788
767 763
767 764
767 765
767 766
767 768
767 769
767 779
767 780
767 781
767 784
767 785
767 788
768 763
768 764
768 766
768 767
768 769
768 770
768 771
768 772
768 773
768 778
768 779
768 780
769 767
769 768
769 770
769 771
769 772
769 773
770 768
770 769
770 771
770 772
770 773
770 774
771 768
771 769
771 770
771 772
771 773
771 774
771 775
772 768
772 769
772 770
772 771
772 773
772 774
772 775
772 776
772 777
772 778
773 768
773 769
773 770
773 771
773 772
773 774
773 775
773 776
773 777
773 778
773 779
774 770
774 771
774 772
774 773
774 775
774 776
774 777
774 778
775 771
775 772
775 773
775 774
775 776
775 777
776 772
776 773
776 774
776 775
776 777
776 778
777 772
777 773
777 774
777 775
777 776
777 778
777 779
778 768
778 772
778 773
778 774
778 776
778 777
778 779
778 780
779 767
779 768
779 773
779 777
779 778
779 780
779 781
780 766
780 767
780 768
780 778
780 779
780 781
780 782
780 784
780 785
781 767
781 779
781 780
781 782
781 783
781 784
781 785
782 780
782 781
782 783
782 784
782 785
782 786
783 766
783 781
783 782
783 784
783 785
783 786
783 787
784 765
784 766
784 767
784 780
784 781
784 782
784 783
784 785
784 786
784 787
784 788
785 766
785 767
785 780
785 781
785 782
785 783
785 784
785 786
785 787
785 788
785 789
786 782
786 783
786 784
786 785
786 787
786 788
786 789
786 790
786 825
786 827
787 765
787 766
787 783
787 784
787 785
787 786
787 788
787 789
787 790
787 791
787 831
787 835
788 766
788 767
788 784
788 785
788 786
788 787
788 789
788 790
788 791
788 792
789 785
789 786
789 787
789 788
789 790
789 791
789 792
789 793
789 820
789 825
790 786
790 787
790 788
790 789
790 791
790 792
790 793
790 794
790 816
790 820
790 832
790 835
791 787
791 788
791 789
791 790
791 792
791 793
791 794
791 795
791 835
791 836
791 839
792 788
792 789
792 790
792 791
792 793
792 794
792 795
792 796
793 789
793 790
793 791
793 792
793 794
793 795
793 796
793 797
793 816
793 819
793 820
794 790
794 791
794 792
794 793
794 795
794 796
794 797
794 798
794 816
794 836
794 839
795 791
795 792
795 793
795 794
795 796
795 797
795 798
795 799
795 839
796 792
796 793
796 794
796 795
796 797
796 798
796 799
796 800
797 793
797 794
797 795
797 796
797 798
797 799
797 800
797 801
798 794
798 795
798 796
798 797
798 799
798 800
798 801
798 802
798 803
798 804
798 840
798 843
799 795
799 796
799 797
799 798
799 800
799 801
799 802
800 796
800 797
800 798
800 799
800 801
800 802
801 797
801 798
801 799
801 800
801 802
801 803
801 804
802 798
802 799
802 800
802 801
802 803
802 804
803 798
803 801
803 802
803 804
803 805
804 798
804 801
804 802
804 803
804 805
804 806
805 641
805 803
805 804
805 806
805 807
805 808
806 641
806 804
806 805
806 807
806 808
806 837
806 840
807 805
807 806
807 808
807 809
808 805
808 806
808 807
808 809
808 810
808 812
808 813
808 833
808 836
809 807
809 808
809 810
809 811
809 812
809 813
810 808
810 809
810 811
810 812
810 813
810 814
811 809
811 810
811 812
811 813
811 814
811 815
812 808
812 809
812 810
812 811
812 813
812 814
812 815
812 816
813 808
813 809
813 810
813 811
813 812
813 814
813 815
813 816
813 817
813 829
813 832
813 833
814 810
814 811
814 812
814 813
814 815
814 816
814 817
814 818
814 829
815 811
815 812
815 813
815 814
815 816
815 817
815 818
815 819
816 790
816 793
816 794
816 812
816 813
816 814
816 815
816 817
816 818
816 819
816 820
816 832
817 813
817 814
817 815
817 816
817 818
817 819
817 820
817 821
817 826
817 827
817 828
817 829
817 832
818 814
818 815
818 816
818 817
818 819
818 820
818 821
818 822
819 793
819 815
819 816
819 817
819 818
819 820
819 821
819 822
819 823
820 789
820 790
820 793
820 816
820 817
820 818
820 819
820 821
820 822
820 823
820 824
820 825
820 826
820 827
821 817
821 818
821 819
821 820
821 822
821 823
821 824
821 825
821 826
821 827
822 818
822 819
822 820
822 821
822 823
822 824
822 825
823 819
823 820
823 821
823 822
823 824
823 825
824 820
824 821
824 822
824 823
824 825
824 826
825 786
825 789
825 820
825 821
825 822
825 823
825 824
825 826
825 827
826 817
826 820
826 821
826 824
826 825
826 827
826 828
827 786
827 817
827 820
827 821
827 825
827 826
827 828
827 829
827 831
827 832
828 817
828 826
828 827
828 829
828 830
828 831
828 832
829 813
829 814
829 817
829 827
829 828
829 830
829 831
829 832
829 833
830 828
830 829
830 831
830 832
830 833
830 834
831 787
831 827
831 828
831 829
831 830
831 832
831 833
831 834
831 835
832 790
832 813
832 816
832 817
832 827
832 828
832 829
832 830
832 831
832 833
832 834
832 835
832 836
833 808
833 813
833 829
833 830
833 831
833 832
833 834
833 835
833 836
833 837
834 830
834 831
834 832
834 833
834 835
834 836
834 837
834 838
835 787
835 790
835 791
835 831
835 832
835 833
835 834
835 836
835 837
835 838
835 839
836 791
836 794
836 808
836 832
836 833
836 834
836 835
836 837
836 838
836 839
836 840
837 806
837 833
837 834
837 835
837 836
837 838
837 839
837 840
837 841
838 758
838 761
838 762
838 834
838 835
838 836
838 837
838 839
838 840
838 841
838 842
839 762
839 791
839 794
839 795
839 835
839 836
839 837
839 838
839 840
839 841
839 842
839 843
840 798
840 806
840 836
840 837
840 838
840 839
840 841
840 842
840 843
840 844
841 758
841 837
841 838
841 839
841 840
841 842
841 843
841 844
841 845
842 755
842 758
842 759
842 838
842 839
842 840
842 841
842 843
842 844
842 845
842 846
843 798
843 839
843 840
843 841
843 842
843 844
843 845
843 846
843 847
844 840
844 841
844 842
844 843
844 845
844 846
844 847
844 848
845 751
845 752
845 754
845 755
845 841
845 842
845 843
845 844
845 846
845 847
845 848
845 849
846 755
846 842
846 843
846 844
846 845
846 847
846 848
846 849
846 850
847 843
847 844
847 845
847 846
847 848
847 849
847 850
847 851
848 751
848 844
848 845
848 846
848 847
848 849
848 850
848 851
848 852
849 748
849 751
849 752
849 845
849 846
849 847
849 848
849 850
849 851
849 852
849 853
850 846
850 847
850 848
850 849
850 851
850 852
850 853
850 854
851 847
851 848
851 849
851 850
851 852
851 853
851 854
851 855
852 744
852 747
852 748
852 848
852 849
852 850
852 851
852 853
852 854
852 855
852 856
852 876
853 849
853 850
853 851
853 852
853 854
853 855
853 856
853 857
854 850
854 851
854 852
854 853
854 855
854 856
854 857
854 858
854 871
855 744
855 851
855 852
855 853
855 854
855 856
855 857
855 858
855 859
855 871
855 873
855 876
856 741
856 744
856 852
856 853
856 854
856 855
856 857
856 858
856 859
857 853
857 854
857 855
857 856
857 858
857 859
857 860
858 854
858 855
858 856
858 857
858 859
858 860
858 861
858 862
858 871
858 873
859 737
859 740
859 855
859 856
859 857
859 858
859 860
859 861
859 862
859 863
860 857
860 858
860 859
860 861
860 862
860 863
860 864
861 858
861 859
861 860
861 862
861 863
861 864
861 865
861 866
861 869
862 858
862 859
862 860
862 861
862 863
862 864
862 865
862 866
862 873
863 735
863 859
863 860
863 861
863 862
863 864
863 865
864 860
864 861
864 862
864 863
864 865
864 866
865 861
865 862
865 863
865 864
865 866
865 867
866 861
866 862
866 864
866 865
866 867
866 868
866 869
867 865
867 866
867 868
867 869
868 866
868 867
868 869
868 870
869 861
869 866
869 867
869 868
869 870
869 871
869 872
870 868
870 869
870 871
870 872
871 854
871 855
871 858
871 869
871 870
871 872
871 873
872 645
872 869
872 870
872 871
872 873
872 874
873 855
873 858
873 862
873 871
873 872
873 874
873 875
873 876
873 877
874 645
874 648
874 649
874 872
874 873
874 875
874 876
874 877
874 878
875 636
875 873
875 874
875 876
875 877
875 878
875 879
876 740
876 743
876 744
876 747
876 852
876 855
876 873
876 874
876 875
876 877
876 878
876 879
876 880
877 732
877 733
877 734
877 743
877 873
877 874
877 875
877 876
877 878
877 879
877 880
877 881
878 652
878 874
878 875
878 876
878 877
878 879
878 880
878 881
878 882
879 743
879 744
879 746
879 747
879 875
879 876
879 877
879 878
879 880
879 881
879 882
879 883
880 734
880 739
880 740
880 742
880 743
880 876
880 877
880 878
880 879
880 881
880 882
880 883
880 884
881 728
881 729
881 730
881 731
881 732
881 877
881 878
881 879
881 880
881 882
881 883
881 884
881 885
882 729
882 878
882 879
882 880
882 881
882 883
882 884
882 885
882 886
883 743
883 746
883 879
883 880
883 881
883 882
883 884
883 885
883 886
883 887
884 728
884 729
884 880
884 881
884 882
884 883
884 885
884 886
884 887
884 888
885 725
885 728
885 729
885 881
885 882
885 883
885 884
885 886
885 887
885 888
885 889
886 620
886 623
886 624
886 882
886 883
886 884
886 885
886 887
886 888
886 889
886 890
887 616
887 620
887 883
887 884
887 885
887 886
887 888
887 889
887 890
887 891
888 724
888 725
888 728
888 884
888 885
888 886
888 887
888 889
888 890
888 891
888 892
889 620
889 668
889 721
889 724
889 725
889 885
889 886
889 887
889 888
889 890
889 891
889 892
889 893
890 615
890 616
890 617
890 619
890 620
890 886
890 887
890 888
890 889
890 891
890 892
890 893
890 894
891 616
891 887
891 888
891 889
891 890
891 892
891 893
891 894
891 895
892 721
892 888
892 889
892 890
892 891
892 893
892 894
892 895
892 896
893 619
893 668
893 669
893 672
893 889
893 890
893 891
893 892
893 894
893 895
893 896
893 897
894 612
894 615
894 616
894 619
894 890
894 891
894 892
894 893
894 895
894 896
894 897
894 898
895 891
895 892
895 893
895 894
895 896
895 897
895 898
895 899
895 900
896 717
896 892
896 893
896 894
896 895
896 897
896 898
896 899
896 900
896 901
897 672
897 676
897 893
897 894
897 895
897 896
897 898
897 899
897 900
897 901
897 902
898 608
898 894
898 895
898 896
898 897
898 899
898 900
898 901
898 902
898 903
899 895
899 896
899 897
899 898
899 900
899 901
899 902
899 903
900 895
900 896
900 897
900 898
900 899
900 901
900 902
900 903
900 904
901 713
901 896
901 897
901 898
901 899
901 900
901 902
901 903
901 904
901 905
902 607
902 608
902 676
902 897
902 898
902 899
902 900
902 901
902 903
902 904
902 905
902 906
903 898
903 899
903 900
903 901
903 902
903 904
903 905
903 906
903 907
904 711
904 900
904 901
904 902
904 903
904 905
904 906
904 907
904 908
905 707
905 708
905 711
905 901
905 902
905 903
905 904
905 906
905 907
905 908
905 909
906 601
906 604
906 605
906 902
906 903
906 904
906 905
906 907
906 908
906 909
906 910
907 903
907 904
907 905
907 906
907 908
907 909
907 910
907 911
908 707
908 710
908 711
908 904
908 905
908 906
908 907
908 909
908 910
908 911
908 912
909 601
909 703
909 704
909 707
909 905
909 906
909 907
909 908
909 910
909 911
909 912
909 913
910 601
910 906
910 907
910 908
910 909
910 911
910 912
910 913
910 914
911 907
911 908
911 909
911 910
911 912
911 913
911 914
911 915
912 703
912 706
912 707
912 908
912 909
912 910
912 911
912 913
912 914
912 915
912 916
913 597
913 703
913 909
913 910
913 911
913 912
913 914
913 915
913 916
913 917
914 910
914 911
914 912
914 913
914 915
914 916
914 917
914 918
915 911
915 912
915 913
915 914
915 916
915 917
915 918
915 919
916 912
916 913
916 914
916 915
916 917
916 918
916 919
916 920
916 922
916 923
917 593
917 913
917 914
917 915
917 916
917 918
917 919
917 920
917 923
918 914
918 915
918 916
918 917
918 919
918 920
919 915
919 916
919 917
919 918
919 920
919 921
919 922
919 923
920 916
920 917
920 918
920 919
920 921
920 922
920 923
920 924
921 919
921 920
921 922
921 923
921 924
921 925
922 916
922 919
922 920
922 921
922 923
922 924
922 925
922 926
923 589
923 593
923 916
923 917
923 919
923 920
923 921
923 922
923 924
923 925
923 926
923 927
924 589
924 920
924 921
924 922
924 923
924 925
924 926
924 927
924 928
925 921
925 922
925 923
925 924
925 926
925 927
925 928
926 696
926 698
926 699
926 922
926 923
926 924
926 925
926 927
926 928
927 589
927 592
927 593
927 695
927 696
927 698
927 699
927 923
927 924
927 925
927 926
927 928
927 929
927 932
928 695
928 924
928 925
928 926
928 927
928 929
928 930
928 932
928 933
929 695
929 927
929 928
929 930
929 931
929 932
929 933
930 928
930 929
930 931
930 932
930 933
930 934
931 581
931 929
931 930
931 932
931 933
931 934
931 935
932 587
932 588
932 589
932 927
932 928
932 929
932 930
932 931
932 933
932 934
932 935
932 936
933 928
933 929
933 930
933 931
933 932
933 934
933 935
933 936
933 937
934 573
934 577
934 930
934 931
934 932
934 933
934 935
934 936
934 937
934 938
935 577
935 586
935 587
935 588
935 931
935 932
935 933
935 934
935 936
935 937
935 938
935 939
936 587
936 588
936 589
936 932
936 933
936 934
936 935
936 937
936 938
936 939
936 940
937 933
937 934
937 935
937 936
937 938
937 939
937 940
937 941
938 570
938 573
938 574
938 934
938 935
938 936
938 937
938 939
938 940
938 941
938 942
939 588
939 935
939 936
939 937
939 938
939 940
939 941
939 942
939 943
940 277
940 936
940 937
940 938
940 939
940 941
940 942
940 943
940 944
941 566
941 569
941 570
941 937
941 938
941 939
941 940
941 942
941 943
941 944
941 945
942 570
942 938
942 939
942 940
942 941
942 943
942 944
942 945
942 946
943 939
943 940
943 941
943 942
943 944
943 945
943 946
943 947
944 270
944 273
944 274
944 566
944 940
944 941
944 942
944 943
944 945
944 946
944 947
944 948
945 563
945 566
945 567
945 941
945 942
945 943
945 944
945 946
945 947
945 948
945 949
946 942
946 943
946 944
946 945
946 947
946 948
946 949
946 950
947 266
947 269
947 270
947 943
947 944
947 945
947 946
947 948
947 949
947 950
947 951
948 270
948 559
948 563
948 944
948 945
948 946
948 947
948 949
948 950
948 951
948 952
949 563
949 945
949 946
949 947
949 948
949 950
949 951
949 952
949 953
950 946
950 947
950 948
950 949
950 951
950 952
950 953
950 954
951 263
951 266
951 267
951 947
951 948
951 949
951 950
951 952
951 953
951 954
951 955
952 559
952 560
952 948
952 949
952 950
952 951
952 953
952 954
952 955
952 956
953 949
953 950
953 951
953 952
953 954
953 955
953 956
953 957
954 263
954 950
954 951
954 952
954 953
954 955
954 956
954 957
954 958
955 263
955 951
955 952
955 953
955 954
955 956
955 957
955 958
955 959
956 952
956 953
956 954
956 955
956 957
956 958
956 959
957 953
957 954
957 955
957 956
957 958
957 959
958 954
958 955
958 956
958 957
958 959
959 955
959 956
959 957
959 958
