0 1
0 2
1 0
1 2
1 3
2 0
2 1
2 3
2 4
3 1
3 2
3 4
3 5
4 2
4 3
4 5
4 6
5 3
5 4
5 6
5 7
6 4
6 5
6 7
6 8
7 5
7 6
7 8
7 9
8 6
8 7
8 9
8 10
9 7
9 8
9 10
9 11
9 12
10 8
10 9
10 11
10 12
11 9
11 10
11 12
11 13
12 9
12 10
12 11
12 13
12 14
12 15
13 11
13 12
13 14
13 15
14 12
14 13
14 15
14 16
15 12
15 13
15 14
15 16
15 17
16 14
16 15
16 17
16 18
16 90
16 91
17 15
17 16
17 18
17 19
17 89
17 90
17 91
18 16
18 17
18 19
18 20
18 90
18 91
18 92
18 93
19 17
19 18
19 20
19 21
19 23
19 24
19 41
19 90
19 91
19 92
19 93
20 18
20 19
20 21
20 22
20 23
20 24
20 92
20 93
20 96
21 19
21 20
21 22
21 23
21 24
21 25
21 92
21 96
21 100
22 20
22 21
22 23
22 24
22 25
22 26
23 19
23 20
23 21
23 22
23 24
23 25
23 26
23 27
24 19
24 20
24 21
24 22
24 23
24 25
24 26
24 27
24 28
24 34
24 35
24 36
24 63
24 64
25 21
25 22
25 23
25 24
25 26
25 27
25 28
25 62
25 63
25 64
26 22
26 23
26 24
26 25
26 27
26 28
26 30
26 63
27 23
27 24
27 25
27 26
27 28
27 29
27 30
27 31
27 32
27 33
27 34
27 62
27 63
28 24
28 25
28 26
28 27
28 29
28 30
28 33
28 34
28 61
28 62
28 63
28 64
29 27
29 28
29 30
29 31
29 33
29 62
30 26
30 27
30 28
30 29
30 31
30 32
30 33
31 27
31 29
31 30
31 32
31 33
31 45
32 27
32 30
32 31
32 33
32 34
32 43
32 44
32 45
33 27
33 28
33 29
33 30
33 31
33 32
33 34
33 35
33 43
33 44
33 45
33 59
33 62
33 63
34 24
34 27
34 28
34 32
34 33
34 35
34 36
34 41
34 42
34 43
34 44
34 45
34 62
34 63
34 64
35 24
35 33
35 34
35 36
35 37
35 41
35 42
35 43
35 44
35 61
35 62
35 63
35 64
35 65
35 66
36 24
36 34
36 35
36 37
36 38
36 39
36 40
36 41
36 42
36 63
36 64
36 65
36 66
36 67
37 35
37 36
37 38
37 39
37 40
37 41
37 42
37 65
37 66
37 67
37 70
38 36
38 37
38 39
38 40
38 67
38 98
39 36
39 37
39 38
39 40
39 41
39 91
39 92
39 98
39 99
40 36
40 37
40 38
40 39
40 41
40 42
40 88
40 89
40 90
40 91
40 92
41 19
41 34
41 35
41 36
41 37
41 39
41 40
41 42
41 43
41 88
41 89
41 90
41 91
41 92
42 34
42 35
42 36
42 37
42 40
42 41
42 43
42 44
42 84
42 87
42 88
42 89
42 90
43 32
43 33
43 34
43 35
43 41
43 42
43 44
43 45
43 46
43 47
43 87
43 88
43 89
44 32
44 33
44 34
44 35
44 42
44 43
44 45
44 46
44 47
44 48
44 87
45 31
45 32
45 33
45 34
45 43
45 44
45 46
45 47
45 48
46 43
46 44
46 45
46 47
46 48
46 49
46 50
47 43
47 44
47 45
47 46
47 48
47 49
47 50
47 51
47 87
48 44
48 45
48 46
48 47
48 49
48 50
48 51
48 54
48 55
48 56
48 58
48 59
49 46
49 47
49 48
49 50
49 51
49 54
49 55
50 46
50 47
50 48
50 49
50 51
50 52
50 54
50 55
51 47
51 48
51 49
51 50
51 52
51 53
51 54
51 55
51 58
52 50
52 51
52 53
52 54
53 51
53 52
53 54
53 55
53 57
53 58
53 212
53 213
53 216
54 48
54 49
54 50
54 51
54 52
54 53
54 55
54 56
54 57
54 58
54 213
55 48
55 49
55 50
55 51
55 53
55 54
55 56
55 57
55 58
55 59
56 48
56 54
56 55
56 57
56 58
56 59
56 60
56 217
56 227
57 53
57 54
57 55
57 56
57 58
57 59
57 60
57 61
57 216
57 217
57 220
57 227
58 48
58 51
58 53
58 54
58 55
58 56
58 57
58 59
58 60
58 61
58 62
59 33
59 48
59 55
59 56
59 57
59 58
59 60
59 61
59 62
60 56
60 57
60 58
60 59
60 61
60 62
60 220
60 221
60 227
61 28
61 35
61 57
61 58
61 59
61 60
61 62
61 63
61 64
61 65
61 66
62 25
62 27
62 28
62 29
62 33
62 34
62 35
62 58
62 59
62 60
62 61
62 63
62 64
63 24
63 25
63 26
63 27
63 28
63 33
63 34
63 35
63 36
63 61
63 62
63 64
63 65
64 24
64 25
64 28
64 34
64 35
64 36
64 61
64 62
64 63
64 65
64 66
64 100
64 351
65 35
65 36
65 37
65 61
65 63
65 64
65 66
65 67
65 68
65 99
65 100
66 35
66 36
66 37
66 61
66 64
66 65
66 67
66 68
66 69
66 70
67 36
67 37
67 38
67 65
67 66
67 68
67 69
67 70
67 71
68 65
68 66
68 67
68 69
68 70
68 71
68 72
68 354
69 66
69 67
69 68
69 70
69 71
69 72
69 73
69 220
69 354
70 37
70 66
70 67
70 68
70 69
70 71
70 72
70 73
70 74
71 67
71 68
71 69
71 70
71 72
71 73
71 74
71 75
71 77
72 68
72 69
72 70
72 71
72 73
72 74
72 75
72 386
72 387
72 388
72 389
73 69
73 70
73 71
73 72
73 74
73 75
73 182
73 388
73 389
74 70
74 71
74 72
74 73
74 75
74 76
74 77
74 80
75 71
75 72
75 73
75 74
75 76
75 77
75 183
75 187
75 188
75 189
75 389
76 74
76 75
76 77
76 78
76 79
76 80
77 71
77 74
77 75
77 76
77 78
77 79
77 80
77 81
78 76
78 77
78 79
78 80
78 81
78 82
79 76
79 77
79 78
79 80
79 81
79 82
79 83
80 74
80 76
80 77
80 78
80 79
80 81
80 82
80 83
80 84
81 77
81 78
81 79
81 80
81 82
81 83
81 84
81 85
82 78
82 79
82 80
82 81
82 83
82 84
82 85
83 79
83 80
83 81
83 82
83 84
83 85
83 86
83 87
84 42
84 80
84 81
84 82
84 83
84 85
84 86
84 87
84 88
85 81
85 82
85 83
85 84
85 86
85 87
85 88
86 83
86 84
86 85
86 87
86 88
87 42
87 43
87 44
87 47
87 83
87 84
87 85
87 86
87 88
87 89
88 40
88 41
88 42
88 43
88 84
88 85
88 86
88 87
88 89
88 90
89 17
89 40
89 41
89 42
89 43
89 87
89 88
89 90
89 91
90 16
90 17
90 18
90 19
90 40
90 41
90 42
90 88
90 89
90 91
90 92
91 16
91 17
91 18
91 19
91 39
91 40
91 41
91 89
91 90
91 92
91 93
92 18
92 19
92 20
92 21
92 39
92 40
92 41
92 90
92 91
92 93
92 94
92 96
92 98
93 18
93 19
93 20
93 91
93 92
93 94
93 95
93 96
94 92
94 93
94 95
94 96
94 97
95 93
95 94
95 96
95 97
96 20
96 21
96 92
96 93
96 94
96 95
96 97
96 98
97 94
97 95
97 96
97 98
97 99
97 100
97 101
98 38
98 39
98 92
98 96
98 97
98 99
98 100
99 39
99 65
99 97
99 98
99 100
99 101
99 103
99 105
100 21
100 64
100 65
100 97
100 98
100 99
100 101
100 102
100 103
101 97
101 99
101 100
101 102
101 103
102 100
102 101
102 103
102 104
102 352
103 99
103 100
103 101
103 102
103 104
103 105
103 352
103 353
104 102
104 103
104 105
104 106
104 107
104 108
104 353
105 99
105 103
105 104
105 106
105 107
105 108
105 109
106 104
106 105
106 107
106 108
106 109
106 110
107 104
107 105
107 106
107 108
107 109
107 110
107 111
107 355
107 409
108 104
108 105
108 106
108 107
108 109
108 110
108 111
108 112
108 353
108 355
109 105
109 106
109 107
109 108
109 110
109 111
109 112
109 113
110 106
110 107
110 108
110 109
110 111
110 112
110 113
110 114
110 405
111 107
111 108
111 109
111 110
111 112
111 113
111 114
111 115
111 355
111 405
112 108
112 109
112 110
112 111
112 113
112 114
112 115
112 116
113 109
113 110
113 111
113 112
113 114
113 115
113 116
113 117
114 110
114 111
114 112
114 113
114 115
114 116
114 117
114 118
114 401
115 111
115 112
115 113
115 114
115 116
115 117
115 118
115 119
116 112
116 113
116 114
116 115
116 117
116 118
116 119
116 120
117 113
117 114
117 115
117 116
117 118
117 119
117 120
117 121
118 114
118 115
118 116
118 117
118 119
118 120
118 121
118 122
118 123
118 124
118 398
119 115
119 116
119 117
119 118
119 120
119 121
119 122
119 123
119 124
120 116
120 117
120 118
120 119
120 121
120 122
120 123
121 117
121 118
121 119
121 120
121 122
121 123
122 118
122 119
122 120
122 121
122 123
122 124
122 125
123 118
123 119
123 120
123 121
123 122
123 124
123 125
123 126
123 390
123 391
123 394
123 397
123 398
124 118
124 119
124 122
124 123
124 125
124 126
124 184
124 389
124 390
124 391
124 394
125 122
125 123
125 124
125 126
125 127
125 185
125 390
125 391
126 123
126 124
126 125
126 127
126 128
126 184
126 185
126 186
126 390
126 391
127 125
127 126
127 128
127 129
127 130
127 131
127 185
127 391
128 126
128 127
128 129
128 130
128 131
128 132
128 185
129 127
129 128
129 130
129 131
129 132
129 133
130 127
130 128
130 129
130 131
130 132
130 133
130 134
130 393
131 127
131 128
131 129
131 130
131 132
131 133
131 134
131 135
131 176
131 185
132 128
132 129
132 130
132 131
132 133
132 134
132 135
132 136
133 129
133 130
133 131
133 132
133 134
133 135
133 136
133 137
134 130
134 131
134 132
134 133
134 135
134 136
134 137
134 138
134 172
134 176
135 131
135 132
135 133
135 134
135 136
135 137
135 138
135 139
135 173
135 176
136 132
136 133
136 134
136 135
136 137
136 138
136 139
136 140
137 133
137 134
137 135
137 136
137 138
137 139
137 140
137 141
138 134
138 135
138 136
138 137
138 139
138 140
138 141
138 142
138 169
138 172
138 173
139 135
139 136
139 137
139 138
139 140
139 141
139 142
139 143
139 169
140 136
140 137
140 138
140 139
140 141
140 142
140 143
140 144
141 137
141 138
141 139
141 140
141 142
141 143
141 144
141 145
141 165
141 166
141 168
141 169
142 138
142 139
142 140
142 141
142 143
142 144
142 145
142 146
142 165
142 166
142 169
143 139
143 140
143 141
143 142
143 144
143 145
143 146
143 147
144 140
144 141
144 142
144 143
144 145
144 146
144 147
144 148
144 162
144 165
145 141
145 142
145 143
145 144
145 146
145 147
145 148
145 149
145 161
145 162
145 163
145 165
145 166
146 142
146 143
146 144
146 145
146 147
146 148
146 149
146 150
146 162
146 308
146 309
147 143
147 144
147 145
147 146
147 148
147 149
147 150
147 151
148 144
148 145
148 146
148 147
148 149
148 150
148 151
148 152
148 153
148 158
148 159
148 161
148 162
149 145
149 146
149 147
149 148
149 150
149 151
149 152
149 153
149 154
149 158
149 159
149 162
149 312
150 146
150 147
150 148
150 149
150 151
150 152
150 153
150 154
150 312
151 147
151 148
151 149
151 150
151 152
151 153
152 148
152 149
152 150
152 151
152 153
152 154
152 155
152 158
153 148
153 149
153 150
153 151
153 152
153 154
153 155
153 158
154 149
154 150
154 152
154 153
154 155
154 156
154 158
154 159
154 312
154 313
155 152
155 153
155 154
155 156
155 157
155 158
155 159
156 154
156 155
156 157
156 158
156 159
156 160
157 155
157 156
157 158
157 159
157 160
157 161
158 148
158 149
158 152
158 153
158 154
158 155
158 156
158 157
158 159
158 160
158 161
158 162
159 148
159 149
159 154
159 155
159 156
159 157
159 158
159 160
159 161
159 162
159 163
159 321
160 156
160 157
160 158
160 159
160 161
160 162
160 163
160 164
161 145
161 148
161 157
161 158
161 159
161 160
161 162
161 163
161 164
161 165
162 144
162 145
162 146
162 148
162 149
162 158
162 159
162 160
162 161
162 163
162 164
162 165
162 166
163 145
163 159
163 160
163 161
163 162
163 164
163 165
163 166
163 167
163 321
163 324
163 325
164 160
164 161
164 162
164 163
164 165
164 166
164 167
164 168
164 325
164 328
165 141
165 142
165 144
165 145
165 161
165 162
165 163
165 164
165 166
165 167
165 168
165 169
166 141
166 142
166 145
166 162
166 163
166 164
166 165
166 167
166 168
166 169
166 170
166 325
167 163
167 164
167 165
167 166
167 168
167 169
167 170
167 171
167 325
167 326
167 328
167 329
168 141
168 164
168 165
168 166
168 167
168 169
168 170
168 171
168 172
168 329
169 138
169 139
169 141
169 142
169 165
169 166
169 167
169 168
169 170
169 171
169 172
169 173
170 166
170 167
170 168
170 169
170 171
170 172
170 173
170 174
170 203
170 204
170 329
171 167
171 168
171 169
171 170
171 172
171 173
171 174
171 175
171 329
171 332
171 333
172 134
172 138
172 168
172 169
172 170
172 171
172 173
172 174
172 175
172 176
172 374
172 376
173 135
173 138
173 169
173 170
173 171
173 172
173 174
173 175
173 176
173 177
173 199
173 200
173 203
173 204
174 170
174 171
174 172
174 173
174 175
174 176
174 177
174 178
174 199
174 200
174 204
175 171
175 172
175 173
175 174
175 176
175 177
175 178
175 179
175 375
175 376
176 131
176 134
176 135
176 172
176 173
176 174
176 175
176 177
176 178
176 179
176 180
176 199
176 376
177 173
177 174
177 175
177 176
177 178
177 179
177 180
177 181
177 195
177 196
177 199
177 200
178 174
178 175
178 176
178 177
178 179
178 180
178 181
178 182
178 196
179 175
179 176
179 177
179 178
179 180
179 181
179 182
179 183
179 184
179 185
179 391
179 392
180 176
180 177
180 178
180 179
180 181
180 182
180 183
180 184
180 185
180 192
180 193
180 195
180 196
181 177
181 178
181 179
181 180
181 182
181 183
181 184
181 192
181 193
181 196
181 208
181 211
181 212
182 73
182 178
182 179
182 180
182 181
182 183
182 184
182 388
182 389
183 75
183 179
183 180
183 181
183 182
183 184
183 185
183 186
183 187
183 188
183 189
183 192
183 193
183 389
184 124
184 126
184 179
184 180
184 181
184 182
184 183
184 185
184 186
184 187
184 192
184 388
184 389
184 390
184 391
184 392
185 125
185 126
185 127
185 128
185 131
185 179
185 180
185 183
185 184
185 186
185 187
185 192
185 391
186 126
186 183
186 184
186 185
186 187
186 188
186 189
186 191
186 192
187 75
187 183
187 184
187 185
187 186
187 188
187 189
188 75
188 183
188 186
188 187
188 189
188 190
188 191
188 192
189 75
189 183
189 186
189 187
189 188
189 190
189 191
189 192
189 193
190 188
190 189
190 191
190 192
190 193
190 194
191 186
191 188
191 189
191 190
191 192
191 193
191 194
191 195
192 180
192 181
192 183
192 184
192 185
192 186
192 188
192 189
192 190
192 191
192 193
192 194
192 195
192 196
193 180
193 181
193 183
193 189
193 190
193 191
193 192
193 194
193 195
193 196
193 197
194 190
194 191
194 192
194 193
194 195
194 196
194 197
194 198
195 177
195 180
195 191
195 192
195 193
195 194
195 196
195 197
195 198
195 199
196 177
196 178
196 180
196 181
196 192
196 193
196 194
196 195
196 197
196 198
196 199
196 200
196 201
196 208
197 193
197 194
197 195
197 196
197 198
197 199
197 200
197 201
197 202
197 207
197 208
197 294
197 297
198 194
198 195
198 196
198 197
198 199
198 200
198 201
198 202
198 203
198 297
199 173
199 174
199 176
199 177
199 195
199 196
199 197
199 198
199 200
199 201
199 202
199 203
199 204
200 173
200 174
200 177
200 196
200 197
200 198
200 199
200 201
200 202
200 203
200 204
200 205
200 206
200 207
200 208
201 196
201 197
201 198
201 199
201 200
201 202
201 203
201 204
201 205
201 206
201 207
201 208
201 294
201 297
201 298
201 299
201 300
201 301
202 197
202 198
202 199
202 200
202 201
202 203
202 204
202 205
202 297
202 298
202 299
202 300
202 301
203 170
203 173
203 198
203 199
203 200
203 201
203 202
203 204
203 205
203 301
204 170
204 173
204 174
204 199
204 200
204 201
204 202
204 203
204 205
204 206
204 298
204 301
205 200
205 201
205 202
205 203
205 204
205 206
205 207
205 297
205 298
205 299
205 300
205 301
205 302
206 200
206 201
206 204
206 205
206 207
206 208
206 210
206 282
206 294
206 298
207 197
207 200
207 201
207 205
207 206
207 208
207 209
207 210
207 211
207 282
207 286
207 294
207 295
207 297
207 298
208 181
208 196
208 197
208 200
208 201
208 206
208 207
208 209
208 210
208 211
208 212
208 294
209 207
209 208
209 210
209 211
209 212
209 213
209 291
209 294
210 206
210 207
210 208
210 209
210 211
210 212
210 213
210 214
210 282
210 285
210 286
211 181
211 207
211 208
211 209
211 210
211 212
211 213
211 214
211 215
212 53
212 181
212 208
212 209
212 210
212 211
212 213
212 214
212 215
212 216
213 53
213 54
213 209
213 210
213 211
213 212
213 214
213 215
213 216
213 217
214 210
214 211
214 212
214 213
214 215
214 216
214 217
214 218
214 229
214 230
215 211
215 212
215 213
215 214
215 216
215 217
215 218
215 219
216 53
216 57
216 212
216 213
216 214
216 215
216 217
216 218
216 219
216 220
217 56
217 57
217 213
217 214
217 215
217 216
217 218
217 219
217 220
217 221
217 222
217 227
217 228
217 229
218 214
218 215
218 216
218 217
218 219
218 220
218 221
218 222
218 223
218 227
218 228
218 229
218 230
219 215
219 216
219 217
219 218
219 220
219 221
219 222
219 228
219 358
219 385
219 388
220 57
220 60
220 69
220 216
220 217
220 218
220 219
220 221
220 222
220 228
221 60
221 217
221 218
221 219
221 220
221 222
221 223
221 224
221 227
221 228
221 349
221 357
221 358
222 217
222 218
222 219
222 220
222 221
222 223
222 224
222 227
222 228
222 357
222 358
222 361
223 218
223 221
223 222
223 224
223 225
223 228
223 230
223 231
223 341
223 344
223 345
223 346
223 347
223 361
224 221
224 222
224 223
224 225
224 226
224 227
224 228
224 231
224 346
224 347
224 348
224 349
225 223
225 224
225 226
225 227
225 228
225 231
225 232
225 346
225 347
225 348
225 349
226 224
226 225
226 227
226 228
226 229
226 232
226 348
227 56
227 57
227 60
227 217
227 218
227 221
227 222
227 224
227 225
227 226
227 228
227 229
227 349
228 217
228 218
228 219
228 220
228 221
228 222
228 223
228 224
228 225
228 226
228 227
228 229
228 230
228 231
228 232
229 214
229 217
229 218
229 226
229 227
229 228
229 230
229 231
229 232
230 214
230 218
230 223
230 228
230 229
230 231
230 232
230 233
231 223
231 224
231 225
231 228
231 229
231 230
231 232
231 233
231 240
231 342
232 225
232 226
232 228
232 229
232 230
232 231
232 233
232 234
233 230
233 231
233 232
233 234
233 235
233 236
233 237
233 238
233 239
233 240
234 232
234 233
234 235
234 236
234 237
234 238
234 239
234 240
235 233
235 234
235 236
235 237
235 238
235 239
235 255
235 256
236 233
236 234
236 235
236 237
236 238
236 255
236 256
237 233
237 234
237 235
237 236
237 238
237 239
237 256
237 269
238 233
238 234
238 235
238 236
238 237
238 239
238 240
238 256
238 258
238 261
239 233
239 234
239 235
239 237
239 238
239 240
239 241
239 244
239 245
239 258
239 261
239 429
239 432
239 433
240 231
240 233
240 234
240 238
240 239
240 241
240 242
240 244
240 245
240 342
240 346
240 429
240 432
241 239
241 240
241 242
241 243
241 244
241 245
241 342
241 345
241 346
241 347
241 428
241 429
241 432
242 240
242 241
242 243
242 244
242 245
242 246
242 346
242 431
242 432
242 435
242 436
243 241
243 242
243 244
243 245
243 246
243 247
243 346
243 347
244 239
244 240
244 241
244 242
244 243
244 245
244 246
244 247
244 248
244 347
245 239
245 240
245 241
245 242
245 243
245 244
245 246
245 247
245 248
245 249
245 432
245 433
245 435
245 436
246 242
246 243
246 244
246 245
246 247
246 248
246 249
246 250
246 435
246 436
246 438
246 439
246 440
247 243
247 244
247 245
247 246
247 248
247 249
247 250
247 251
247 436
247 439
248 244
248 245
248 246
248 247
248 249
248 250
248 251
248 252
248 253
248 254
248 436
248 440
249 245
249 246
249 247
249 248
249 250
249 251
249 252
249 253
249 254
249 435
249 436
249 437
249 438
249 439
249 440
249 441
249 443
250 246
250 247
250 248
250 249
250 251
250 252
250 253
250 436
250 439
250 440
250 443
251 247
251 248
251 249
251 250
251 252
251 253
251 440
252 248
252 249
252 250
252 251
252 253
252 254
252 440
253 248
253 249
253 250
253 251
253 252
253 254
253 255
253 440
254 248
254 249
254 252
254 253
254 255
254 256
254 257
254 258
255 235
255 236
255 253
255 254
255 256
255 257
256 235
256 236
256 237
256 238
256 254
256 255
256 257
256 258
257 254
257 255
257 256
257 258
257 259
257 260
257 261
258 238
258 239
258 254
258 256
258 257
258 259
258 260
258 261
258 432
258 433
258 436
258 437
259 257
259 258
259 260
259 261
259 262
259 430
259 432
259 433
259 434
259 436
259 437
260 257
260 258
260 259
260 261
260 262
260 263
260 264
260 430
260 433
261 238
261 239
261 257
261 258
261 259
261 260
261 262
261 263
261 264
261 265
261 429
261 430
261 433
262 259
262 260
262 261
262 263
262 264
262 265
262 266
262 426
262 427
262 429
262 430
262 433
263 260
263 261
263 262
263 264
263 265
263 266
263 267
264 260
264 261
264 262
264 263
264 265
264 266
264 267
264 268
264 269
265 261
265 262
265 263
265 264
265 266
265 267
265 268
265 269
265 270
265 426
266 262
266 263
266 264
266 265
266 267
266 268
266 269
266 270
266 271
267 263
267 264
267 265
267 266
267 268
267 269
267 270
267 271
268 264
268 265
268 266
268 267
268 269
268 270
268 271
268 272
268 273
269 237
269 264
269 265
269 266
269 267
269 268
269 270
269 271
269 272
269 273
270 265
270 266
270 267
270 268
270 269
270 271
270 272
270 273
270 274
270 327
270 330
270 331
270 334
270 335
271 266
271 267
271 268
271 269
271 270
271 272
271 273
271 274
271 275
271 327
271 330
271 331
272 268
272 269
272 270
272 271
272 273
272 274
272 275
272 276
272 277
272 327
272 330
273 268
273 269
273 270
273 271
273 272
273 274
273 275
273 276
273 277
273 278
273 330
274 270
274 271
274 272
274 273
274 275
274 276
274 277
274 278
274 279
274 326
274 327
274 329
274 330
275 271
275 272
275 273
275 274
275 276
275 277
275 278
275 279
275 323
275 326
275 327
275 330
276 272
276 273
276 274
276 275
276 277
276 278
276 279
276 280
277 272
277 273
277 274
277 275
277 276
277 278
277 279
277 280
277 281
278 273
278 274
278 275
278 276
278 277
278 279
278 280
278 281
278 282
279 274
279 275
279 276
279 277
279 278
279 280
279 281
279 282
279 283
280 276
280 277
280 278
280 279
280 281
280 282
280 283
280 284
281 277
281 278
281 279
281 280
281 282
281 283
281 284
281 285
282 206
282 207
282 210
282 278
282 279
282 280
282 281
282 283
282 284
282 285
282 286
283 279
283 280
283 281
283 282
283 284
283 285
283 286
283 287
283 295
284 280
284 281
284 282
284 283
284 285
284 286
284 287
284 288
285 210
285 281
285 282
285 283
285 284
285 286
285 287
285 288
285 289
286 207
286 210
286 282
286 283
286 284
286 285
286 287
286 288
286 289
286 290
286 291
286 292
286 294
286 295
287 283
287 284
287 285
287 286
287 288
287 289
287 290
287 291
287 292
287 295
288 284
288 285
288 286
288 287
288 289
288 290
288 291
289 285
289 286
289 287
289 288
289 290
289 291
290 286
290 287
290 288
290 289
290 291
290 292
291 209
291 286
291 287
291 288
291 289
291 290
291 292
291 293
291 294
291 295
292 286
292 287
292 290
292 291
292 293
292 294
292 295
292 296
293 291
293 292
293 294
293 295
293 296
293 297
294 197
294 201
294 206
294 207
294 208
294 209
294 286
294 291
294 292
294 293
294 295
294 296
294 297
294 298
295 207
295 283
295 286
295 287
295 291
295 292
295 293
295 294
295 296
295 297
295 298
295 299
296 292
296 293
296 294
296 295
296 297
296 298
296 299
296 300
297 197
297 198
297 201
297 202
297 205
297 207
297 293
297 294
297 295
297 296
297 298
297 299
297 300
297 301
298 201
298 202
298 204
298 205
298 206
298 207
298 294
298 295
298 296
298 297
298 299
298 300
298 301
298 302
299 201
299 202
299 205
299 295
299 296
299 297
299 298
299 300
299 301
299 302
299 303
300 201
300 202
300 205
300 296
300 297
300 298
300 299
300 301
300 302
300 303
300 304
301 201
301 202
301 203
301 204
301 205
301 297
301 298
301 299
301 300
301 302
301 303
301 304
301 305
302 205
302 298
302 299
302 300
302 301
302 303
302 304
302 305
302 306
303 299
303 300
303 301
303 302
303 304
303 305
303 306
303 307
304 300
304 301
304 302
304 303
304 305
304 306
304 307
304 308
305 301
305 302
305 303
305 304
305 306
305 307
305 308
305 309
306 302
306 303
306 304
306 305
306 307
306 308
306 309
306 310
306 318
307 303
307 304
307 305
307 306
307 308
307 309
307 310
307 311
308 146
308 304
308 305
308 306
308 307
308 309
308 310
308 311
308 312
309 146
309 305
309 306
309 307
309 308
309 310
309 311
309 312
309 313
309 314
309 318
310 306
310 307
310 308
310 309
310 311
310 312
310 313
310 314
310 315
310 318
311 307
311 308
311 309
311 310
311 312
311 313
311 314
312 149
312 150
312 154
312 308
312 309
312 310
312 311
312 313
312 314
313 154
313 309
313 310
313 311
313 312
313 314
313 315
313 316
313 317
313 318
314 309
314 310
314 311
314 312
314 313
314 315
314 316
314 317
314 318
315 310
315 313
315 314
315 316
315 317
315 318
315 319
316 313
316 314
316 315
316 317
316 318
316 319
316 320
317 313
317 314
317 315
317 316
317 318
317 319
317 320
317 321
318 306
318 309
318 310
318 313
318 314
318 315
318 316
318 317
318 319
318 320
318 321
318 322
319 315
319 316
319 317
319 318
319 320
319 321
319 322
319 323
320 316
320 317
320 318
320 319
320 321
320 322
320 323
320 324
321 159
321 163
321 317
321 318
321 319
321 320
321 322
321 323
321 324
321 325
322 318
322 319
322 320
322 321
322 323
322 324
322 325
322 326
323 275
323 319
323 320
323 321
323 322
323 324
323 325
323 326
323 327
324 163
324 320
324 321
324 322
324 323
324 325
324 326
324 327
324 328
325 163
325 164
325 166
325 167
325 321
325 322
325 323
325 324
325 326
325 327
325 328
325 329
326 167
326 274
326 275
326 322
326 323
326 324
326 325
326 327
326 328
326 329
326 330
327 270
327 271
327 272
327 274
327 275
327 323
327 324
327 325
327 326
327 328
327 329
327 330
327 331
328 164
328 167
328 324
328 325
328 326
328 327
328 329
328 330
328 331
328 332
329 167
329 168
329 170
329 171
329 274
329 325
329 326
329 327
329 328
329 330
329 331
329 332
329 333
330 270
330 271
330 272
330 273
330 274
330 275
330 326
330 327
330 328
330 329
330 331
330 332
330 333
330 334
331 270
331 271
331 327
331 328
331 329
331 330
331 332
331 333
331 334
331 335
332 171
332 328
332 329
332 330
332 331
332 333
332 334
332 335
332 336
333 171
333 329
333 330
333 331
333 332
333 334
333 335
333 336
333 337
334 270
334 330
334 331
334 332
334 333
334 335
334 336
334 337
334 338
335 270
335 331
335 332
335 333
335 334
335 336
335 337
335 338
335 339
335 422
336 332
336 333
336 334
336 335
336 337
336 338
336 339
336 340
336 375
336 378
337 333
337 334
337 335
337 336
337 338
337 339
337 340
337 341
337 378
338 334
338 335
338 336
338 337
338 339
338 340
338 341
338 342
338 425
339 335
339 336
339 337
339 338
339 340
339 341
339 342
339 343
339 421
339 422
339 424
339 425
340 336
340 337
340 338
340 339
340 341
340 342
340 343
340 344
340 361
340 362
340 363
340 364
340 365
340 379
340 381
340 421
341 223
341 337
341 338
341 339
341 340
341 342
341 343
341 344
341 345
341 361
341 362
341 363
342 231
342 240
342 241
342 338
342 339
342 340
342 341
342 343
342 344
342 345
342 346
342 425
342 428
343 339
343 340
343 341
343 342
343 344
343 345
343 424
343 425
343 427
343 428
344 223
344 340
344 341
344 342
344 343
344 345
344 346
344 360
344 361
344 362
344 363
345 223
345 241
345 341
345 342
345 343
345 344
345 346
345 347
345 360
345 361
346 223
346 224
346 225
346 240
346 241
346 242
346 243
346 342
346 344
346 345
346 347
346 348
346 361
347 223
347 224
347 225
347 241
347 243
347 244
347 345
347 346
347 348
347 349
348 224
348 225
348 226
348 346
348 347
348 349
348 350
349 221
349 224
349 225
349 227
349 347
349 348
349 350
349 351
349 352
350 348
350 349
350 351
350 352
351 64
351 349
351 350
351 352
351 353
352 102
352 103
352 349
352 350
352 351
352 353
352 354
352 356
352 357
353 103
353 104
353 108
353 351
353 352
353 354
353 355
353 356
353 357
354 68
354 69
354 352
354 353
354 355
354 356
354 357
354 358
355 107
355 108
355 111
355 353
355 354
355 356
355 357
355 358
355 359
355 386
356 352
356 353
356 354
356 355
356 357
356 358
356 359
356 360
357 221
357 222
357 352
357 353
357 354
357 355
357 356
357 358
357 359
357 360
357 361
358 219
358 221
358 222
358 354
358 355
358 356
358 357
358 359
358 360
358 361
358 362
358 382
358 385
358 386
359 355
359 356
359 357
359 358
359 360
359 361
359 362
359 363
359 382
359 413
360 344
360 345
360 356
360 357
360 358
360 359
360 361
360 362
360 363
361 222
361 223
361 340
361 341
361 344
361 345
361 346
361 357
361 358
361 359
361 360
361 362
361 363
362 340
362 341
362 344
362 358
362 359
362 360
362 361
362 363
362 364
362 381
362 382
362 385
363 340
363 341
363 344
363 359
363 360
363 361
363 362
363 364
363 365
363 380
363 381
363 382
363 413
363 414
363 415
364 340
364 362
364 363
364 365
364 366
364 378
364 379
364 380
364 381
364 382
364 414
364 415
364 416
365 340
365 363
365 364
365 366
365 367
365 371
365 379
365 380
365 415
365 416
365 417
365 418
365 421
366 364
366 365
366 367
366 368
366 371
366 379
366 415
366 416
366 417
366 418
367 365
367 366
367 368
367 369
367 371
367 372
367 379
367 380
367 396
368 366
368 367
368 369
368 370
368 371
368 372
369 367
369 368
369 370
369 371
369 372
369 373
370 368
370 369
370 371
370 372
370 373
370 374
371 365
371 366
371 367
371 368
371 369
371 370
371 372
371 373
371 374
371 375
371 376
371 377
371 379
371 418
372 367
372 368
372 369
372 370
372 371
372 373
372 374
372 375
372 376
372 377
372 378
372 379
373 369
373 370
373 371
373 372
373 374
373 375
373 376
373 377
374 172
374 370
374 371
374 372
374 373
374 375
374 376
374 377
375 175
375 336
375 371
375 372
375 373
375 374
375 376
375 377
375 378
375 379
376 172
376 175
376 176
376 371
376 372
376 373
376 374
376 375
376 377
376 378
376 379
376 392
377 371
377 372
377 373
377 374
377 375
377 376
377 378
377 379
377 380
377 381
377 392
377 393
377 395
378 336
378 337
378 364
378 372
378 375
378 376
378 377
378 379
378 380
378 381
378 384
379 340
379 364
379 365
379 366
379 367
379 371
379 372
379 375
379 376
379 377
379 378
379 380
379 381
380 363
380 364
380 365
380 367
380 377
380 378
380 379
380 381
380 382
380 383
380 384
380 395
380 396
380 399
381 340
381 362
381 363
381 364
381 377
381 378
381 379
381 380
381 382
381 383
381 384
381 385
382 358
382 359
382 362
382 363
382 364
382 380
382 381
382 383
382 384
382 385
382 386
383 380
383 381
383 382
383 384
383 385
383 386
383 387
383 388
383 395
383 398
383 399
383 402
384 378
384 380
384 381
384 382
384 383
384 385
384 386
384 387
384 388
384 390
384 392
384 395
385 219
385 358
385 362
385 381
385 382
385 383
385 384
385 386
385 387
385 388
386 72
386 355
386 358
386 382
386 383
386 384
386 385
386 387
386 388
387 72
387 383
387 384
387 385
387 386
387 388
387 389
387 390
388 72
388 73
388 182
388 184
388 219
388 383
388 384
388 385
388 386
388 387
388 389
388 390
389 72
389 73
389 75
389 124
389 182
389 183
389 184
389 387
389 388
389 390
389 391
390 123
390 124
390 125
390 126
390 184
390 384
390 387
390 388
390 389
390 391
390 392
390 394
390 395
391 123
391 124
391 125
391 126
391 127
391 179
391 184
391 185
391 389
391 390
391 392
391 393
391 394
391 395
392 179
392 184
392 376
392 377
392 384
392 390
392 391
392 393
392 394
392 395
393 130
393 377
393 391
393 392
393 394
393 395
393 396
394 123
394 124
394 390
394 391
394 392
394 393
394 395
394 396
394 397
394 398
395 377
395 380
395 383
395 384
395 390
395 391
395 392
395 393
395 394
395 396
395 397
395 398
395 399
396 367
396 380
396 393
396 394
396 395
396 397
396 398
396 399
396 400
397 123
397 394
397 395
397 396
397 398
397 399
397 400
398 118
398 123
398 383
398 394
398 395
398 396
398 397
398 399
398 400
398 401
398 402
399 380
399 383
399 395
399 396
399 397
399 398
399 400
399 401
399 402
399 403
400 396
400 397
400 398
400 399
400 401
400 402
400 403
400 404
401 114
401 398
401 399
401 400
401 402
401 403
401 404
401 405
402 383
402 398
402 399
402 400
402 401
402 403
402 404
402 405
402 406
403 399
403 400
403 401
403 402
403 404
403 405
403 406
403 407
403 413
404 400
404 401
404 402
404 403
404 405
404 406
404 407
404 408
405 110
405 111
405 401
405 402
405 403
405 404
405 406
405 407
405 408
405 409
406 402
406 403
406 404
406 405
406 407
406 408
406 409
406 410
406 411
406 412
406 413
407 403
407 404
407 405
407 406
407 408
407 409
407 410
407 411
407 412
407 413
408 404
408 405
408 406
408 407
408 409
408 410
408 411
409 107
409 405
409 406
409 407
409 408
409 410
409 411
410 406
410 407
410 408
410 409
410 411
410 412
411 406
411 407
411 408
411 409
411 410
411 412
411 413
412 406
412 407
412 410
412 411
412 413
412 414
413 359
413 363
413 403
413 406
413 407
413 411
413 412
413 414
413 415
414 363
414 364
414 412
414 413
414 415
414 416
415 363
415 364
415 365
415 366
415 413
415 414
415 416
415 417
416 364
416 365
416 366
416 414
416 415
416 417
416 418
416 420
416 421
417 365
417 366
417 415
417 416
417 418
417 419
417 420
417 421
418 365
418 366
418 371
418 416
418 417
418 419
418 420
418 421
418 422
419 417
419 418
419 420
419 421
419 422
419 423
420 416
420 417
420 418
420 419
420 421
420 422
420 423
420 424
421 339
421 340
421 365
421 416
421 417
421 418
421 419
421 420
421 422
421 423
421 424
421 425
422 335
422 339
422 418
422 419
422 420
422 421
422 423
422 424
422 425
422 426
423 419
423 420
423 421
423 422
423 424
423 425
423 426
423 427
424 339
424 343
424 420
424 421
424 422
424 423
424 425
424 426
424 427
424 428
425 338
425 339
425 342
425 343
425 421
425 422
425 423
425 424
425 426
425 427
425 428
425 429
426 262
426 265
426 422
426 423
426 424
426 425
426 427
426 428
426 429
426 430
427 262
427 343
427 423
427 424
427 425
427 426
427 428
427 429
427 430
427 431
428 241
428 342
428 343
428 424
428 425
428 426
428 427
428 429
428 430
428 431
428 432
429 239
429 240
429 241
429 261
429 262
429 425
429 426
429 427
429 428
429 430
429 431
429 432
429 433
430 259
430 260
430 261
430 262
430 426
430 427
430 428
430 429
430 431
430 432
430 433
430 434
431 242
431 427
431 428
431 429
431 430
431 432
431 433
431 434
431 435
432 239
432 240
432 241
432 242
432 245
432 258
432 259
432 428
432 429
432 430
432 431
432 433
432 434
432 435
432 436
433 239
433 245
433 258
433 259
433 260
433 261
433 262
433 429
433 430
433 431
433 432
433 434
433 435
433 436
433 437
434 259
434 430
434 431
434 432
434 433
434 435
434 436
434 437
434 438
435 242
435 245
435 246
435 249
435 431
435 432
435 433
435 434
435 436
435 437
435 438
435 439
436 242
436 245
436 246
436 247
436 248
436 249
436 250
436 258
436 259
436 432
436 433
436 434
436 435
436 437
436 438
436 439
436 440
437 249
437 258
437 259
437 433
437 434
437 435
437 436
437 438
437 439
437 440
437 441
438 246
438 249
438 434
438 435
438 436
438 437
438 439
438 440
438 441
438 442
438 443
439 246
439 247
439 249
439 250
439 435
439 436
439 437
439 438
439 440
439 441
439 442
439 443
440 246
440 248
440 249
440 250
440 251
440 252
440 253
440 436
440 437
440 438
440 439
440 441
440 442
440 443
441 249
441 437
441 438
441 439
441 440
441 442
441 443
442 438
442 439
442 440
442 441
442 443
443 249
443 250
443 438
443 439
443 440
443 441
443 442
