0 1
0 2
1 0
1 2
1 3
2 0
2 1
2 3
2 4
3 1
3 2
3 4
3 5
4 2
4 3
4 5
4 6
5 3
5 4
5 6
5 7
6 4
6 5
6 7
6 8
7 5
7 6
7 8
7 9
8 6
8 7
8 9
8 10
9 7
9 8
9 10
9 11
10 8
10 9
10 11
10 12
11 9
11 10
11 12
11 13
12 10
12 11
12 13
12 14
13 11
13 12
13 14
13 15
14 12
14 13
14 15
14 16
15 13
15 14
15 16
15 17
16 14
16 15
16 17
16 18
17 15
17 16
17 18
17 19
18 16
18 17
18 19
18 20
19 17
19 18
19 20
19 21
20 18
20 19
20 21
20 22
21 19
21 20
21 22
21 23
22 20
22 21
22 23
22 24
23 21
23 22
23 24
23 25
24 22
24 23
24 25
24 26
25 23
25 24
25 26
25 27
26 24
26 25
26 27
26 28
27 25
27 26
27 28
27 29
28 26
28 27
28 29
28 30
29 27
29 28
29 30
29 31
29 32
30 28
30 29
30 31
30 32
30 33
30 34
31 29
31 30
31 32
31 33
31 34
31 35
32 29
32 30
32 31
32 33
32 34
32 35
32 36
33 30
33 31
33 32
33 34
33 35
33 36
33 37
34 30
34 31
34 32
34 33
34 35
34 36
34 37
34 38
35 31
35 32
35 33
35 34
35 36
35 37
35 38
35 39
36 32
36 33
36 34
36 35
36 37
36 38
36 39
36 40
37 33
37 34
37 35
37 36
37 38
37 39
37 40
37 41
38 34
38 35
38 36
38 37
38 39
38 40
38 41
38 42
39 35
39 36
39 37
39 38
39 40
39 41
39 42
39 43
40 36
40 37
40 38
40 39
40 41
40 42
40 43
40 44
41 37
41 38
41 39
41 40
41 42
41 43
41 44
41 45
42 38
42 39
42 40
42 41
42 43
42 44
42 45
43 39
43 40
43 41
43 42
43 44
43 45
44 40
44 41
44 42
44 43
44 45
44 46
45 41
45 42
45 43
45 44
45 46
45 47
46 44
46 45
46 47
46 48
47 45
47 46
47 48
47 49
48 46
48 47
48 49
48 50
48 51
49 47
49 48
49 50
49 51
50 48
50 49
50 51
50 52
51 48
51 49
51 50
51 52
51 53
52 50
52 51
52 53
52 54
53 51
53 52
53 54
53 55
54 52
54 53
54 55
54 56
55 53
55 54
55 56
55 57
56 54
56 55
56 57
56 58
56 59
56 87
57 55
57 56
57 58
57 59
57 181
57 182
57 183
57 184
58 56
58 57
58 59
58 60
58 179
58 180
58 181
58 182
59 56
59 57
59 58
59 60
59 61
59 86
59 87
59 179
59 180
59 181
60 58
60 59
60 61
60 62
60 86
60 177
60 178
60 179
60 180
61 59
61 60
61 62
61 63
61 84
61 85
61 86
61 177
61 178
61 179
61 180
62 60
62 61
62 63
62 64
62 84
62 85
62 176
62 177
62 178
63 61
63 62
63 64
63 65
63 82
63 83
63 84
63 85
63 176
63 177
63 178
64 62
64 63
64 65
64 66
64 82
64 83
64 84
65 63
65 64
65 66
65 67
65 69
65 80
65 81
65 82
65 83
66 64
66 65
66 67
66 68
66 69
66 80
66 81
66 82
66 83
67 65
67 66
67 68
67 69
67 81
68 66
68 67
68 69
68 70
68 80
68 81
69 65
69 66
69 67
69 68
69 70
69 71
69 78
69 79
69 80
69 81
70 68
70 69
70 71
70 72
70 74
70 76
70 77
70 78
70 79
70 80
71 69
71 70
71 72
71 73
71 74
71 77
71 78
71 79
71 80
72 70
72 71
72 73
72 74
72 75
72 76
72 77
72 78
72 124
72 125
73 71
73 72
73 74
73 75
73 76
73 78
74 70
74 71
74 72
74 73
74 75
74 76
74 77
74 78
75 72
75 73
75 74
75 76
75 77
76 70
76 72
76 73
76 74
76 75
76 77
76 78
77 70
77 71
77 72
77 74
77 75
77 76
77 78
77 79
77 96
77 97
78 69
78 70
78 71
78 72
78 73
78 74
78 76
78 77
78 79
78 80
78 96
78 97
79 69
79 70
79 71
79 77
79 78
79 80
79 81
79 94
79 95
79 96
79 97
79 127
80 65
80 66
80 68
80 69
80 70
80 71
80 78
80 79
80 81
80 82
80 93
80 94
80 95
80 96
80 127
81 65
81 66
81 67
81 68
81 69
81 79
81 80
81 82
81 83
81 92
81 93
81 94
81 95
82 63
82 64
82 65
82 66
82 80
82 81
82 83
82 84
82 92
82 93
82 94
83 63
83 64
83 65
83 66
83 81
83 82
83 84
83 85
83 90
83 91
83 92
83 93
84 61
84 62
84 63
84 64
84 82
84 83
84 85
84 86
84 90
84 91
84 92
84 93
85 61
85 62
85 63
85 83
85 84
85 86
85 87
85 88
85 89
85 90
85 91
86 59
86 60
86 61
86 84
86 85
86 87
86 88
86 89
86 90
86 91
86 180
87 56
87 59
87 85
87 86
87 88
87 89
88 85
88 86
88 87
88 89
88 90
89 85
89 86
89 87
89 88
89 90
89 91
90 83
90 84
90 85
90 86
90 88
90 89
90 91
90 92
91 83
91 84
91 85
91 86
91 89
91 90
91 92
91 93
91 131
91 132
92 81
92 82
92 83
92 84
92 90
92 91
92 93
92 94
92 131
92 132
92 133
93 80
93 81
93 82
93 83
93 84
93 91
93 92
93 94
93 95
93 129
93 130
93 131
93 132
93 133
93 139
94 79
94 80
94 81
94 82
94 92
94 93
94 95
94 96
94 129
94 130
94 131
94 132
94 133
95 79
95 80
95 81
95 93
95 94
95 96
95 97
95 127
95 128
95 129
95 130
95 139
96 77
96 78
96 79
96 80
96 94
96 95
96 97
96 98
96 127
96 128
96 129
97 77
97 78
97 79
97 95
97 96
97 98
97 99
97 125
97 126
97 127
97 128
98 96
98 97
98 99
98 100
98 101
98 126
98 127
98 128
99 97
99 98
99 100
99 101
99 102
99 126
100 98
100 99
100 101
100 102
101 98
101 99
101 100
101 102
101 103
101 126
102 99
102 100
102 101
102 103
102 104
103 101
103 102
103 104
103 105
104 102
104 103
104 105
104 106
105 103
105 104
105 106
105 107
105 108
106 104
106 105
106 107
106 108
106 109
106 267
107 105
107 106
107 108
107 109
107 266
107 267
107 268
107 431
108 105
108 106
108 107
108 109
108 110
108 267
108 268
108 269
108 270
109 106
109 107
109 108
109 110
109 111
109 267
109 268
109 269
109 270
110 108
110 109
110 111
110 112
110 114
110 269
110 270
110 271
110 272
111 109
111 110
111 112
111 113
111 114
111 269
111 270
111 271
111 272
111 275
112 110
112 111
112 113
112 114
112 271
112 272
112 273
112 274
112 275
113 111
113 112
113 114
113 115
113 272
113 273
114 110
114 111
114 112
114 113
114 115
114 116
114 117
114 118
114 119
114 272
115 113
115 114
115 116
115 117
115 118
115 119
115 231
115 234
116 114
116 115
116 117
116 118
116 119
117 114
117 115
117 116
117 118
117 119
117 120
117 234
117 235
118 114
118 115
118 116
118 117
118 119
118 120
118 121
118 234
118 235
119 114
119 115
119 116
119 117
119 118
119 120
119 121
119 235
120 117
120 118
120 119
120 121
120 122
120 123
120 235
121 118
121 119
121 120
121 122
121 123
121 124
122 120
122 121
122 123
122 124
122 125
122 144
123 120
123 121
123 122
123 124
123 125
123 144
123 145
124 72
124 121
124 122
124 123
124 125
124 126
124 142
124 143
124 144
124 145
125 72
125 97
125 122
125 123
125 124
125 126
125 127
125 142
125 143
125 144
126 97
126 98
126 99
126 101
126 124
126 125
126 127
126 128
126 140
126 141
126 142
126 143
127 79
127 80
127 95
127 96
127 97
127 98
127 125
127 126
127 128
127 129
127 139
127 140
127 141
127 142
127 143
128 95
128 96
128 97
128 98
128 126
128 127
128 129
128 130
128 138
128 139
128 140
128 141
129 93
129 94
129 95
129 96
129 127
129 128
129 130
129 131
129 137
129 138
129 139
129 140
130 93
130 94
130 95
130 128
130 129
130 131
130 132
130 133
130 134
130 135
130 136
130 137
130 138
130 139
131 91
131 92
131 93
131 94
131 129
131 130
131 132
131 133
131 134
131 137
131 138
131 139
131 152
131 154
132 91
132 92
132 93
132 94
132 130
132 131
132 133
132 134
133 92
133 93
133 94
133 130
133 131
133 132
133 134
133 135
134 130
134 131
134 132
134 133
134 135
134 136
134 137
135 130
135 133
135 134
135 136
135 137
135 138
136 130
136 134
136 135
136 137
136 138
136 154
136 155
137 129
137 130
137 131
137 134
137 135
137 136
137 138
137 139
137 152
137 153
137 154
137 155
138 128
138 129
138 130
138 131
138 135
138 136
138 137
138 139
138 140
138 152
138 153
138 154
139 93
139 95
139 127
139 128
139 129
139 130
139 131
139 137
139 138
139 140
139 141
139 151
139 152
139 153
140 126
140 127
140 128
140 129
140 138
140 139
140 141
140 142
140 150
140 151
140 152
141 126
141 127
141 128
141 139
141 140
141 142
141 143
141 148
141 149
141 150
141 151
142 124
142 125
142 126
142 127
142 140
142 141
142 143
142 144
142 148
142 149
142 150
143 124
143 125
143 126
143 127
143 141
143 142
143 144
143 145
143 146
143 147
143 148
143 149
144 122
144 123
144 124
144 125
144 142
144 143
144 145
144 146
144 147
144 148
145 123
145 124
145 143
145 144
145 146
145 147
146 143
146 144
146 145
146 147
146 148
146 173
146 174
146 175
147 143
147 144
147 145
147 146
147 148
147 149
147 162
147 163
147 174
147 175
147 178
148 141
148 142
148 143
148 144
148 146
148 147
148 149
148 150
148 161
148 162
148 163
148 178
149 141
149 142
149 143
149 147
149 148
149 150
149 151
149 160
149 161
149 162
149 163
150 140
150 141
150 142
150 148
150 149
150 151
150 152
150 160
150 161
150 162
151 139
151 140
151 141
151 149
151 150
151 152
151 153
151 158
151 159
151 160
151 161
152 131
152 137
152 138
152 139
152 140
152 150
152 151
152 153
152 154
152 158
152 159
152 160
152 161
153 137
153 138
153 139
153 151
153 152
153 154
153 155
153 156
153 157
153 158
153 159
154 131
154 136
154 137
154 138
154 152
154 153
154 155
154 156
154 157
154 158
154 159
155 136
155 137
155 153
155 154
155 156
155 157
156 153
156 154
156 155
156 157
156 158
157 153
157 154
157 155
157 156
157 158
157 159
157 182
157 183
157 184
158 151
158 152
158 153
158 154
158 156
158 157
158 159
158 160
158 182
158 183
159 151
159 152
159 153
159 154
159 157
159 158
159 160
159 161
159 180
159 181
159 182
159 183
160 149
160 150
160 151
160 152
160 158
160 159
160 161
160 162
160 179
160 180
160 181
160 182
160 183
161 148
161 149
161 150
161 151
161 152
161 159
161 160
161 162
161 163
161 178
161 179
161 180
161 181
162 147
162 148
162 149
162 150
162 160
162 161
162 163
162 164
162 178
162 179
162 180
163 147
163 148
163 149
163 161
163 162
163 164
163 165
163 175
163 177
163 178
163 179
164 162
164 163
164 165
164 166
164 167
164 175
164 177
164 178
164 179
165 163
165 164
165 166
165 167
165 175
166 164
166 165
166 167
166 168
167 164
167 165
167 166
167 168
167 169
167 175
167 176
167 177
168 166
168 167
168 169
168 170
168 175
168 176
169 167
169 168
169 170
169 171
169 172
169 173
169 174
169 175
169 176
170 168
170 169
170 171
170 172
170 173
170 174
170 175
170 176
171 169
171 170
171 172
171 173
171 174
172 169
172 170
172 171
172 173
172 174
173 146
173 169
173 170
173 171
173 172
173 174
173 175
174 146
174 147
174 169
174 170
174 171
174 172
174 173
174 175
174 176
175 146
175 147
175 163
175 164
175 165
175 167
175 168
175 169
175 170
175 173
175 174
175 176
175 177
175 178
176 62
176 63
176 167
176 168
176 169
176 170
176 174
176 175
176 177
176 178
177 60
177 61
177 62
177 63
177 163
177 164
177 167
177 175
177 176
177 178
177 179
178 60
178 61
178 62
178 63
178 147
178 148
178 161
178 162
178 163
178 164
178 175
178 176
178 177
178 179
178 180
179 58
179 59
179 60
179 61
179 160
179 161
179 162
179 163
179 164
179 177
179 178
179 180
179 181
180 58
180 59
180 60
180 61
180 86
180 159
180 160
180 161
180 162
180 178
180 179
180 181
180 182
181 57
181 58
181 59
181 159
181 160
181 161
181 179
181 180
181 182
181 183
182 57
182 58
182 157
182 158
182 159
182 160
182 180
182 181
182 183
182 184
183 57
183 157
183 158
183 159
183 160
183 181
183 182
183 184
183 185
184 57
184 157
184 182
184 183
184 185
184 186
185 183
185 184
185 186
185 187
185 188
185 189
185 190
186 184
186 185
186 187
186 188
186 189
187 185
187 186
187 188
187 189
188 185
188 186
188 187
188 189
188 190
189 185
189 186
189 187
189 188
189 190
189 191
190 185
190 188
190 189
190 191
190 192
191 189
191 190
191 192
191 193
192 190
192 191
192 193
192 194
193 191
193 192
193 194
193 195
194 192
194 193
194 195
194 196
195 193
195 194
195 196
195 197
196 194
196 195
196 197
196 198
197 195
197 196
197 198
197 199
198 196
198 197
198 199
198 200
199 197
199 198
199 200
199 201
200 198
200 199
200 201
200 202
201 199
201 200
201 202
201 203
202 200
202 201
202 203
202 204
203 201
203 202
203 204
203 205
204 202
204 203
204 205
204 206
204 207
205 203
205 204
205 206
205 207
206 204
206 205
206 207
206 208
206 209
207 204
207 205
207 206
207 208
207 209
208 206
208 207
208 209
208 210
209 206
209 207
209 208
209 210
209 211
210 208
210 209
210 211
210 212
210 213
210 561
211 209
211 210
211 212
211 213
211 416
211 417
211 418
212 210
212 211
212 213
212 214
212 416
212 560
212 561
212 562
212 563
212 564
213 210
213 211
213 212
213 214
213 215
213 416
213 559
213 560
213 561
213 562
213 563
214 212
214 213
214 215
214 216
214 259
214 260
214 558
214 559
214 560
214 561
214 562
215 213
215 214
215 216
215 217
215 259
215 260
215 424
215 559
215 560
216 214
216 215
216 217
216 218
216 259
216 260
216 261
216 262
216 424
216 559
217 215
217 216
217 218
217 219
217 260
217 261
217 262
217 423
217 424
217 425
218 216
218 217
218 219
218 220
218 261
218 262
218 263
218 264
218 423
218 424
218 425
218 426
218 427
219 217
219 218
219 220
219 221
219 261
219 262
219 263
219 264
219 265
219 309
219 310
219 311
219 423
220 218
220 219
220 221
220 222
220 263
220 264
220 265
220 266
220 308
220 309
220 310
220 311
220 423
220 427
221 219
221 220
221 222
221 223
221 263
221 264
221 265
221 266
221 267
221 309
221 310
221 311
221 312
221 313
222 220
222 221
222 223
222 224
222 265
222 266
222 267
222 268
222 269
222 309
222 311
222 312
222 313
223 221
223 222
223 224
223 225
223 265
223 267
223 268
223 269
223 312
223 313
223 314
223 315
224 222
224 223
224 225
224 226
224 268
224 269
224 270
224 271
224 312
224 313
224 314
224 315
225 223
225 224
225 226
225 227
225 229
225 230
225 269
225 270
225 271
225 314
225 315
225 316
226 224
226 225
226 227
226 228
226 229
226 230
226 270
226 271
226 272
226 277
226 314
226 315
226 316
226 317
227 225
227 226
227 228
227 229
227 230
227 231
227 270
227 271
227 272
227 273
227 316
228 226
228 227
228 229
228 230
228 231
228 232
228 316
228 317
228 318
229 225
229 226
229 227
229 228
229 230
229 231
229 232
229 233
229 234
229 237
229 315
229 316
229 317
229 349
230 225
230 226
230 227
230 228
230 229
230 231
230 232
230 233
230 234
230 237
230 270
230 271
230 272
231 115
231 227
231 228
231 229
231 230
231 232
231 233
231 234
232 228
232 229
232 230
232 231
232 233
232 234
232 317
233 229
233 230
233 231
233 232
233 234
233 235
233 236
233 237
233 240
234 115
234 117
234 118
234 229
234 230
234 231
234 232
234 233
234 235
234 236
234 237
235 117
235 118
235 119
235 120
235 233
235 234
235 236
235 237
235 238
236 233
236 234
236 235
236 237
236 238
236 239
236 240
237 229
237 230
237 233
237 234
237 235
237 236
237 238
237 239
237 240
237 241
238 235
238 236
238 237
238 239
238 240
238 241
238 242
239 236
239 237
239 238
239 240
239 241
239 242
239 243
240 233
240 236
240 237
240 238
240 239
240 241
240 242
240 243
240 244
240 352
241 237
241 238
241 239
241 240
241 242
241 243
241 244
241 245
242 238
242 239
242 240
242 241
242 243
242 244
242 245
242 246
242 433
242 434
243 239
243 240
243 241
243 242
243 244
243 245
243 246
243 247
243 352
243 433
243 434
243 438
244 240
244 241
244 242
244 243
244 245
244 246
244 247
244 248
244 352
244 353
244 354
244 355
245 241
245 242
245 243
245 244
245 246
245 247
245 248
245 249
245 265
245 355
245 358
245 433
246 242
246 243
246 244
246 245
246 247
246 248
246 249
246 250
246 433
246 434
246 435
247 243
247 244
247 245
247 246
247 248
247 249
247 250
247 251
247 355
247 356
248 244
248 245
248 246
248 247
248 249
248 250
248 251
248 252
248 263
248 355
248 356
248 358
248 359
249 245
249 246
249 247
249 248
249 250
249 251
249 252
249 253
249 262
249 263
249 264
249 359
250 246
250 247
250 248
250 249
250 251
250 252
250 253
250 254
250 554
251 247
251 248
251 249
251 250
251 252
251 253
251 254
251 359
251 402
251 403
252 248
252 249
252 250
252 251
252 253
252 254
252 257
252 261
252 262
252 263
252 359
253 249
253 250
253 251
253 252
253 254
253 255
253 257
253 260
253 261
253 262
253 554
253 557
254 250
254 251
254 252
254 253
254 255
254 256
254 257
254 401
254 402
254 551
254 552
254 554
255 253
255 254
255 256
255 257
255 258
255 259
255 546
255 550
255 551
255 552
255 557
256 254
256 255
256 257
256 258
256 401
256 402
256 403
256 404
256 405
256 408
257 252
257 253
257 254
257 255
257 256
257 258
257 259
257 403
257 404
257 407
257 408
257 411
258 255
258 256
258 257
258 259
258 260
258 408
258 412
258 545
258 546
259 214
259 215
259 216
259 255
259 257
259 258
259 260
259 261
259 408
259 411
259 412
259 557
260 214
260 215
260 216
260 217
260 253
260 258
260 259
260 261
260 262
260 556
260 557
260 558
260 559
261 216
261 217
261 218
261 219
261 252
261 253
261 259
261 260
261 262
261 263
262 216
262 217
262 218
262 219
262 249
262 252
262 253
262 260
262 261
262 263
262 264
263 218
263 219
263 220
263 221
263 248
263 249
263 252
263 261
263 262
263 264
263 265
264 218
264 219
264 220
264 221
264 249
264 262
264 263
264 265
264 266
264 430
264 431
264 433
265 219
265 220
265 221
265 222
265 223
265 245
265 263
265 264
265 266
265 267
265 268
265 430
265 431
265 432
265 433
266 107
266 220
266 221
266 222
266 264
266 265
266 267
266 268
266 307
266 308
266 309
266 427
266 429
266 430
266 431
267 106
267 107
267 108
267 109
267 221
267 222
267 223
267 265
267 266
267 268
267 269
267 307
267 430
267 431
268 107
268 108
268 109
268 222
268 223
268 224
268 265
268 266
268 267
268 269
268 270
269 108
269 109
269 110
269 111
269 222
269 223
269 224
269 225
269 267
269 268
269 270
269 271
270 108
270 109
270 110
270 111
270 224
270 225
270 226
270 227
270 230
270 268
270 269
270 271
270 272
271 110
271 111
271 112
271 224
271 225
271 226
271 227
271 230
271 269
271 270
271 272
271 273
271 275
271 277
272 110
272 111
272 112
272 113
272 114
272 226
272 227
272 230
272 270
272 271
272 273
272 274
272 275
273 112
273 113
273 227
273 271
273 272
273 274
273 275
274 112
274 272
274 273
274 275
274 276
275 111
275 112
275 271
275 272
275 273
275 274
275 276
275 277
276 274
276 275
276 277
276 278
277 226
277 271
277 275
277 276
277 278
277 279
277 294
278 276
278 277
278 279
278 280
278 287
278 290
278 291
278 294
279 277
279 278
279 280
279 281
279 286
279 287
279 290
279 291
280 278
280 279
280 281
280 282
280 286
280 287
280 290
280 316
280 318
281 279
281 280
281 282
281 283
281 284
281 286
281 287
281 318
281 320
282 280
282 281
282 283
282 284
282 287
282 318
282 319
282 320
282 321
283 281
283 282
283 284
283 285
283 286
283 287
283 320
283 321
283 322
283 323
284 281
284 282
284 283
284 285
284 286
284 287
284 288
284 320
284 321
284 322
284 328
284 330
284 331
284 346
285 283
285 284
285 286
285 287
285 288
285 289
285 322
285 331
286 279
286 280
286 281
286 283
286 284
286 285
286 287
286 288
286 289
286 290
287 278
287 279
287 280
287 281
287 282
287 283
287 284
287 285
287 286
287 288
287 289
287 290
287 291
287 346
288 284
288 285
288 286
288 287
288 289
288 290
288 291
288 292
288 331
288 332
288 344
288 345
288 346
289 285
289 286
289 287
289 288
289 290
289 291
289 292
289 293
290 278
290 279
290 280
290 286
290 287
290 288
290 289
290 291
290 292
290 293
290 294
291 278
291 279
291 287
291 288
291 289
291 290
291 292
291 293
291 294
291 295
291 314
291 344
291 346
292 288
292 289
292 290
292 291
292 293
292 294
292 295
292 296
292 312
292 341
292 342
292 343
292 344
292 345
293 289
293 290
293 291
293 292
293 294
293 295
293 296
293 297
293 341
294 277
294 278
294 290
294 291
294 292
294 293
294 295
294 296
294 297
294 298
295 291
295 292
295 293
295 294
295 296
295 297
295 298
295 299
295 312
296 292
296 293
296 294
296 295
296 297
296 298
296 299
296 340
296 341
297 293
297 294
297 295
297 296
297 298
297 299
298 294
298 295
298 296
298 297
298 299
298 300
299 295
299 296
299 297
299 298
299 300
299 301
299 307
299 308
299 309
299 340
300 298
300 299
300 301
300 302
300 303
300 305
300 307
300 308
300 309
301 299
301 300
301 302
301 303
301 308
302 300
302 301
302 303
302 304
302 305
302 308
303 300
303 301
303 302
303 304
303 305
303 308
303 309
303 310
303 422
304 302
304 303
304 305
304 306
304 308
304 425
305 300
305 302
305 303
305 304
305 306
305 307
305 308
306 304
306 305
306 307
306 308
306 427
306 428
306 429
307 266
307 267
307 299
307 300
307 305
307 306
307 308
307 309
308 220
308 266
308 299
308 300
308 301
308 302
308 303
308 304
308 305
308 306
308 307
308 309
308 310
309 219
309 220
309 221
309 222
309 266
309 299
309 300
309 303
309 307
309 308
309 310
309 311
309 312
310 219
310 220
310 221
310 303
310 308
310 309
310 311
310 312
310 337
310 338
310 339
310 340
310 343
310 422
310 423
311 219
311 220
311 221
311 222
311 309
311 310
311 312
311 313
311 337
311 338
311 340
311 343
311 344
311 345
312 221
312 222
312 223
312 224
312 292
312 295
312 309
312 310
312 311
312 313
312 314
312 343
312 344
312 345
313 221
313 222
313 223
313 224
313 311
313 312
313 314
313 315
313 344
313 345
313 346
313 347
313 358
314 223
314 224
314 225
314 226
314 291
314 312
314 313
314 315
314 316
314 345
314 346
314 347
315 223
315 224
315 225
315 226
315 229
315 313
315 314
315 316
315 317
315 346
315 347
315 348
315 349
316 225
316 226
316 227
316 228
316 229
316 280
316 314
316 315
316 317
316 318
316 346
316 347
316 348
316 349
317 226
317 228
317 229
317 232
317 315
317 316
317 318
317 319
317 348
317 349
317 350
318 228
318 280
318 281
318 282
318 316
318 317
318 319
318 320
318 348
319 282
319 317
319 318
319 320
319 321
319 326
319 329
319 348
320 281
320 282
320 283
320 284
320 318
320 319
320 321
320 322
320 326
320 327
320 328
320 329
320 330
320 348
321 282
321 283
321 284
321 319
321 320
321 322
321 323
321 324
321 325
321 326
321 327
321 328
322 283
322 284
322 285
322 320
322 321
322 323
322 324
322 325
322 326
322 327
322 328
323 283
323 321
323 322
323 324
323 325
324 321
324 322
324 323
324 325
324 326
325 321
325 322
325 323
325 324
325 326
325 327
325 328
326 319
326 320
326 321
326 322
326 324
326 325
326 327
326 328
327 320
327 321
327 322
327 325
327 326
327 328
327 329
328 284
328 320
328 321
328 322
328 325
328 326
328 327
328 329
328 330
328 331
329 319
329 320
329 327
329 328
329 330
329 331
329 347
329 348
329 349
329 350
329 357
330 284
330 320
330 328
330 329
330 331
330 332
330 345
330 346
330 347
330 348
330 357
330 358
330 361
331 284
331 285
331 288
331 328
331 329
331 330
331 332
331 333
331 345
331 346
331 347
331 361
332 288
332 330
332 331
332 333
332 334
332 344
332 345
332 346
332 361
332 362
332 364
332 365
333 331
333 332
333 334
333 335
333 336
333 342
333 343
333 344
333 345
333 364
333 365
334 332
334 333
334 335
334 336
334 364
334 365
334 366
334 367
334 368
334 369
335 333
335 334
335 336
335 337
335 364
335 365
335 366
335 367
335 368
335 414
336 333
336 334
336 335
336 337
336 338
336 339
336 342
336 343
336 344
336 365
336 366
336 367
337 310
337 311
337 335
337 336
337 338
337 339
337 340
337 342
337 343
337 344
337 365
337 366
337 419
337 420
338 310
338 311
338 336
338 337
338 339
338 340
338 343
338 419
338 420
338 421
338 422
338 423
339 310
339 336
339 337
339 338
339 340
339 341
339 342
339 343
340 296
340 299
340 310
340 311
340 337
340 338
340 339
340 341
340 342
340 343
341 292
341 293
341 296
341 339
341 340
341 342
341 343
342 292
342 333
342 336
342 337
342 339
342 340
342 341
342 343
342 344
343 292
343 310
343 311
343 312
343 333
343 336
343 337
343 338
343 339
343 340
343 341
343 342
343 344
343 345
343 365
344 288
344 291
344 292
344 311
344 312
344 313
344 332
344 333
344 336
344 337
344 342
344 343
344 345
344 346
344 365
345 288
345 292
345 311
345 312
345 313
345 314
345 330
345 331
345 332
345 333
345 343
345 344
345 346
345 347
345 358
345 361
345 362
345 365
346 284
346 287
346 288
346 291
346 313
346 314
346 315
346 316
346 330
346 331
346 332
346 344
346 345
346 347
346 348
346 361
347 313
347 314
347 315
347 316
347 329
347 330
347 331
347 345
347 346
347 348
347 349
347 354
347 357
347 358
347 361
348 315
348 316
348 317
348 318
348 319
348 320
348 329
348 330
348 346
348 347
348 349
348 350
348 354
349 229
349 315
349 316
349 317
349 329
349 347
349 348
349 350
349 351
349 354
350 317
350 329
350 348
350 349
350 351
350 352
350 353
350 354
350 450
350 451
351 349
351 350
351 352
351 353
351 354
351 447
351 450
351 451
351 452
352 240
352 243
352 244
352 350
352 351
352 353
352 354
352 355
352 447
352 450
352 451
352 489
353 244
353 350
353 351
353 352
353 354
353 355
353 356
353 357
353 486
354 244
354 347
354 348
354 349
354 350
354 351
354 352
354 353
354 355
354 356
354 357
354 358
355 244
355 245
355 247
355 248
355 352
355 353
355 354
355 356
355 357
355 358
355 359
356 247
356 248
356 353
356 354
356 355
356 357
356 358
356 359
356 360
356 389
357 329
357 330
357 347
357 353
357 354
357 355
357 356
357 358
357 359
357 360
357 361
357 389
357 394
358 245
358 248
358 313
358 330
358 345
358 347
358 354
358 355
358 356
358 357
358 359
358 360
358 361
358 362
359 248
359 249
359 251
359 252
359 355
359 356
359 357
359 358
359 360
359 361
359 362
359 363
359 389
360 356
360 357
360 358
360 359
360 361
360 362
360 363
360 364
360 389
360 390
361 330
361 331
361 332
361 345
361 346
361 347
361 357
361 358
361 359
361 360
361 362
361 363
361 364
361 365
362 332
362 345
362 358
362 359
362 360
362 361
362 363
362 364
362 365
362 366
363 359
363 360
363 361
363 362
363 364
363 365
363 366
363 367
363 368
363 369
363 390
363 407
364 332
364 333
364 334
364 335
364 360
364 361
364 362
364 363
364 365
364 366
364 367
364 368
364 369
365 332
365 333
365 334
365 335
365 336
365 337
365 343
365 344
365 345
365 361
365 362
365 363
365 364
365 366
365 367
365 368
366 334
366 335
366 336
366 337
366 362
366 363
366 364
366 365
366 367
366 368
366 410
366 411
366 414
367 334
367 335
367 336
367 363
367 364
367 365
367 366
367 368
367 369
367 410
367 411
367 414
368 334
368 335
368 363
368 364
368 365
368 366
368 367
368 369
368 370
368 390
368 406
368 407
368 410
368 411
369 334
369 363
369 364
369 367
369 368
369 370
369 371
369 373
369 376
369 390
369 406
369 407
369 410
370 368
370 369
370 371
370 372
370 373
370 376
370 390
370 391
370 392
371 369
371 370
371 372
371 373
371 376
371 377
371 380
371 386
371 388
371 390
371 391
371 392
371 404
371 406
371 407
372 370
372 371
372 373
372 374
372 376
372 377
372 391
372 392
373 369
373 370
373 371
373 372
373 374
373 375
373 376
373 377
374 372
374 373
374 375
374 376
374 377
374 378
375 373
375 374
375 376
375 377
375 378
375 379
376 369
376 370
376 371
376 372
376 373
376 374
376 375
376 377
376 378
376 379
376 380
376 406
377 371
377 372
377 373
377 374
377 375
377 376
377 378
377 379
377 380
377 381
377 382
378 374
378 375
378 376
378 377
378 379
378 380
378 381
378 382
379 375
379 376
379 377
379 378
379 380
379 381
379 405
379 406
380 371
380 376
380 377
380 378
380 379
380 381
380 382
380 383
380 384
380 404
380 405
380 406
381 377
381 378
381 379
381 380
381 382
381 383
381 384
382 377
382 378
382 380
382 381
382 383
382 384
383 380
383 381
383 382
383 384
383 385
384 380
384 381
384 382
384 383
384 385
384 386
385 383
385 384
385 386
385 387
386 371
386 384
386 385
386 387
386 388
386 391
386 392
386 395
387 385
387 386
387 388
387 389
387 391
387 395
387 396
387 397
387 398
387 402
388 371
388 386
388 387
388 389
388 390
388 391
388 396
388 397
388 398
388 401
388 402
388 403
388 404
389 356
389 357
389 359
389 360
389 387
389 388
389 390
389 391
389 397
389 402
389 403
389 404
390 360
390 363
390 368
390 369
390 370
390 371
390 388
390 389
390 391
390 392
390 403
390 404
390 407
391 370
391 371
391 372
391 386
391 387
391 388
391 389
391 390
391 392
391 393
391 394
391 395
392 370
392 371
392 372
392 386
392 390
392 391
392 393
392 394
393 391
393 392
393 394
393 395
394 357
394 391
394 392
394 393
394 395
394 396
395 386
395 387
395 391
395 393
395 394
395 396
395 397
395 485
395 486
396 387
396 388
396 394
396 395
396 397
396 398
396 485
396 486
396 487
397 387
397 388
397 389
397 395
397 396
397 398
397 399
397 401
397 402
398 387
398 388
398 396
398 397
398 399
398 400
398 401
398 402
398 502
399 397
399 398
399 400
399 401
399 402
399 502
400 398
400 399
400 401
400 402
401 254
401 256
401 388
401 397
401 398
401 399
401 400
401 402
401 403
401 404
402 251
402 254
402 256
402 387
402 388
402 389
402 397
402 398
402 399
402 400
402 401
402 403
402 404
403 251
403 256
403 257
403 388
403 389
403 390
403 401
403 402
403 404
403 405
403 406
403 407
403 408
404 256
404 257
404 371
404 380
404 388
404 389
404 390
404 401
404 402
404 403
404 405
404 406
404 407
404 408
405 256
405 379
405 380
405 403
405 404
405 406
405 407
405 408
405 409
406 368
406 369
406 371
406 376
406 379
406 380
406 403
406 404
406 405
406 407
406 408
406 409
406 410
407 257
407 363
407 368
407 369
407 371
407 390
407 403
407 404
407 405
407 406
407 408
407 409
407 410
407 411
408 256
408 257
408 258
408 259
408 403
408 404
408 405
408 406
408 407
408 409
408 410
408 411
408 412
409 405
409 406
409 407
409 408
409 410
409 411
409 412
409 413
410 366
410 367
410 368
410 369
410 406
410 407
410 408
410 409
410 411
410 412
410 413
410 414
411 257
411 259
411 366
411 367
411 368
411 407
411 408
411 409
411 410
411 412
411 413
411 414
411 415
412 258
412 259
412 408
412 409
412 410
412 411
412 413
412 414
412 415
412 416
413 409
413 410
413 411
413 412
413 414
413 415
413 416
413 417
414 335
414 366
414 367
414 410
414 411
414 412
414 413
414 415
414 416
414 417
414 418
414 419
414 420
415 411
415 412
415 413
415 414
415 416
415 417
415 418
415 419
415 420
415 421
416 211
416 212
416 213
416 412
416 413
416 414
416 415
416 417
416 418
416 419
417 211
417 413
417 414
417 415
417 416
417 418
417 419
417 653
417 654
418 211
418 414
418 415
418 416
418 417
418 419
418 420
418 421
419 337
419 338
419 414
419 415
419 416
419 417
419 418
419 420
419 421
420 337
420 338
420 414
420 415
420 418
420 419
420 421
420 422
420 423
420 424
421 338
421 415
421 418
421 419
421 420
421 422
421 423
421 424
422 303
422 310
422 338
422 420
422 421
422 423
422 424
422 425
423 217
423 218
423 219
423 220
423 310
423 338
423 420
423 421
423 422
423 424
423 425
423 426
424 215
424 216
424 217
424 218
424 420
424 421
424 422
424 423
424 425
424 426
425 217
425 218
425 304
425 422
425 423
425 424
425 426
425 427
426 218
426 423
426 424
426 425
426 427
426 428
427 218
427 220
427 266
427 306
427 425
427 426
427 428
427 429
427 430
428 306
428 426
428 427
428 429
428 430
429 266
429 306
429 427
429 428
429 430
429 431
430 264
430 265
430 266
430 267
430 427
430 428
430 429
430 431
430 432
431 107
431 264
431 265
431 266
431 267
431 429
431 430
431 432
431 433
432 265
432 430
432 431
432 433
432 434
433 242
433 243
433 245
433 246
433 264
433 265
433 431
433 432
433 434
433 435
434 242
434 243
434 246
434 432
434 433
434 435
434 436
434 437
435 246
435 433
435 434
435 436
435 437
436 434
436 435
436 437
436 438
436 440
437 434
437 435
437 436
437 438
437 439
437 440
437 441
437 489
437 490
437 491
438 243
438 436
438 437
438 439
438 440
438 441
438 442
438 489
438 490
438 491
438 492
439 437
439 438
439 440
439 441
439 442
439 443
439 444
439 488
439 489
439 490
439 491
439 492
439 493
439 500
440 436
440 437
440 438
440 439
440 441
440 442
440 443
440 491
440 492
440 493
441 437
441 438
441 439
441 440
441 442
441 443
442 438
442 439
442 440
442 441
442 443
442 444
442 445
442 446
442 447
442 489
442 492
443 439
443 440
443 441
443 442
443 444
443 445
443 446
443 447
443 492
443 493
444 439
444 442
444 443
444 445
444 446
444 447
444 448
444 457
444 458
444 469
444 488
444 492
445 442
445 443
445 444
445 446
445 447
445 448
445 449
445 456
445 457
445 458
445 471
446 442
446 443
446 444
446 445
446 447
446 448
446 449
446 450
446 457
447 351
447 352
447 442
447 443
447 444
447 445
447 446
447 448
447 449
447 450
447 451
447 488
448 444
448 445
448 446
448 447
448 449
448 450
448 451
448 452
448 453
448 456
448 457
448 458
448 469
448 470
448 471
448 472
449 445
449 446
449 447
449 448
449 450
449 451
449 452
449 453
449 454
449 455
449 456
449 457
450 350
450 351
450 352
450 446
450 447
450 448
450 449
450 451
450 452
450 453
450 454
451 350
451 351
451 352
451 447
451 448
451 449
451 450
451 452
451 453
452 351
452 448
452 449
452 450
452 451
452 453
452 454
452 455
452 456
452 471
452 473
453 448
453 449
453 450
453 451
453 452
453 454
453 455
453 456
454 449
454 450
454 452
454 453
454 455
454 456
455 449
455 452
455 453
455 454
455 456
455 457
456 445
456 448
456 449
456 452
456 453
456 454
456 455
456 457
456 458
456 471
456 472
456 473
457 444
457 445
457 446
457 448
457 449
457 455
457 456
457 458
457 459
457 471
457 472
458 444
458 445
458 448
458 456
458 457
458 459
458 460
458 469
458 470
458 471
458 472
459 457
459 458
459 460
459 461
459 462
459 470
459 471
459 472
459 481
460 458
460 459
460 461
460 462
460 463
460 470
461 459
461 460
461 462
461 463
462 459
462 460
462 461
462 463
462 464
462 465
462 470
463 460
463 461
463 462
463 464
463 465
464 462
464 463
464 465
464 466
464 467
464 468
465 462
465 463
465 464
465 466
465 467
465 468
465 469
465 494
465 503
465 504
465 505
466 464
466 465
466 467
466 468
466 469
466 487
466 488
466 489
466 492
466 494
466 500
466 501
466 502
466 503
466 504
466 505
467 464
467 465
467 466
467 468
467 469
467 485
467 486
467 487
467 488
467 503
467 504
468 464
468 465
468 466
468 467
468 469
468 470
468 483
468 484
468 485
468 486
468 487
468 488
468 503
469 444
469 448
469 458
469 465
469 466
469 467
469 468
469 470
469 471
469 483
469 484
469 485
469 486
469 487
469 488
470 448
470 458
470 459
470 460
470 462
470 468
470 469
470 471
470 472
470 481
470 482
470 483
470 484
470 485
471 445
471 448
471 452
471 456
471 457
471 458
471 459
471 469
471 470
471 472
471 473
471 481
471 482
471 483
472 448
472 456
472 457
472 458
472 459
472 470
472 471
472 473
472 474
472 479
472 480
472 481
472 482
473 452
473 456
473 471
473 472
473 474
473 475
473 479
473 480
473 481
473 482
474 472
474 473
474 475
474 476
474 477
474 478
474 479
474 480
475 473
475 474
475 476
475 477
475 478
475 479
475 480
476 474
476 475
476 477
476 478
477 474
477 475
477 476
477 478
477 479
478 474
478 475
478 476
478 477
478 479
478 480
479 472
479 473
479 474
479 475
479 477
479 478
479 480
479 481
480 472
480 473
480 474
480 475
480 478
480 479
480 481
480 482
481 459
481 470
481 471
481 472
481 473
481 479
481 480
481 482
481 483
482 470
482 471
482 472
482 473
482 480
482 481
482 483
482 484
483 468
483 469
483 470
483 471
483 481
483 482
483 484
483 485
483 486
484 468
484 469
484 470
484 482
484 483
484 485
484 486
485 395
485 396
485 467
485 468
485 469
485 470
485 483
485 484
485 486
485 487
486 353
486 395
486 396
486 467
486 468
486 469
486 483
486 484
486 485
486 487
486 488
487 396
487 466
487 467
487 468
487 469
487 485
487 486
487 488
487 489
487 502
487 503
488 439
488 444
488 447
488 466
488 467
488 468
488 469
488 486
488 487
488 489
488 490
488 492
488 500
488 503
489 352
489 437
489 438
489 439
489 442
489 466
489 487
489 488
489 490
489 491
489 492
489 500
489 501
489 503
490 437
490 438
490 439
490 488
490 489
490 491
490 492
490 499
490 500
490 501
490 502
490 503
491 437
491 438
491 439
491 440
491 489
491 490
491 492
491 493
491 499
491 500
491 501
492 438
492 439
492 440
492 442
492 443
492 444
492 466
492 488
492 489
492 490
492 491
492 493
492 494
492 499
492 500
493 439
493 440
493 443
493 491
493 492
493 494
493 495
493 496
493 497
493 498
493 499
493 500
494 465
494 466
494 492
494 493
494 495
494 496
494 498
494 499
494 500
494 505
495 493
495 494
495 496
495 497
495 498
495 499
495 505
496 493
496 494
496 495
496 497
496 498
497 493
497 495
497 496
497 498
497 499
497 507
497 508
498 493
498 494
498 495
498 496
498 497
498 499
498 500
498 505
498 506
498 507
498 508
499 490
499 491
499 492
499 493
499 494
499 495
499 497
499 498
499 500
499 501
499 505
499 506
499 507
499 508
500 439
500 466
500 488
500 489
500 490
500 491
500 492
500 493
500 494
500 498
500 499
500 501
500 502
500 503
500 504
500 505
500 506
501 466
501 489
501 490
501 491
501 499
501 500
501 502
501 503
501 504
501 505
501 506
501 511
502 398
502 399
502 466
502 487
502 490
502 500
502 501
502 503
502 504
503 465
503 466
503 467
503 468
503 487
503 488
503 489
503 490
503 500
503 501
503 502
503 504
503 505
504 465
504 466
504 467
504 500
504 501
504 502
504 503
504 505
504 506
505 465
505 466
505 494
505 495
505 498
505 499
505 500
505 501
505 503
505 504
505 506
505 507
506 498
506 499
506 500
506 501
506 504
506 505
506 507
506 508
506 510
506 511
507 497
507 498
507 499
507 505
507 506
507 508
507 509
507 510
507 511
508 497
508 498
508 499
508 506
508 507
508 509
508 510
508 511
508 512
509 507
509 508
509 510
509 511
509 512
509 513
510 506
510 507
510 508
510 509
510 511
510 512
510 513
510 514
511 501
511 506
511 507
511 508
511 509
511 510
511 512
511 513
511 514
511 515
512 508
512 509
512 510
512 511
512 513
512 514
512 515
512 516
513 509
513 510
513 511
513 512
513 514
513 515
513 516
514 510
514 511
514 512
514 513
514 515
514 516
514 517
514 553
515 511
515 512
515 513
515 514
515 516
515 517
515 553
516 512
516 513
516 514
516 515
516 517
516 518
516 553
517 514
517 515
517 516
517 518
517 519
517 551
517 552
517 553
517 554
517 555
518 516
518 517
518 519
518 520
518 549
518 550
518 551
518 552
518 553
518 554
518 555
518 556
519 517
519 518
519 520
519 521
519 549
519 550
519 551
519 552
519 555
519 556
519 557
519 558
520 518
520 519
520 521
520 522
520 546
520 547
520 548
520 549
520 550
520 551
520 552
520 555
520 556
520 557
520 558
521 519
521 520
521 522
521 523
521 546
521 547
521 548
521 549
521 550
521 551
521 557
521 558
522 520
522 521
522 523
522 524
522 544
522 545
522 546
522 547
522 548
522 549
522 558
523 521
523 522
523 524
523 525
523 544
523 545
523 546
523 547
523 548
524 522
524 523
524 525
524 526
524 544
524 545
525 523
525 524
525 526
525 527
525 542
525 543
525 544
526 524
526 525
526 527
526 528
526 542
526 543
526 544
527 525
527 526
527 528
527 529
527 542
527 543
528 526
528 527
528 529
528 530
528 540
528 541
528 542
528 543
529 527
529 528
529 530
529 531
529 540
529 541
529 542
530 528
530 529
530 531
530 532
530 540
530 541
531 529
531 530
531 532
531 533
531 534
531 538
531 539
531 540
531 541
531 568
531 569
532 530
532 531
532 533
532 534
532 538
532 539
532 540
532 638
532 639
532 640
533 531
533 532
533 534
533 535
533 536
533 537
533 538
533 539
533 568
533 569
533 639
533 640
534 531
534 532
534 533
534 535
534 536
534 537
534 538
534 569
535 533
535 534
535 536
535 537
535 538
535 569
535 570
535 571
535 572
535 573
536 533
536 534
536 535
536 537
536 538
536 569
536 570
536 571
536 572
536 573
536 663
537 533
537 534
537 535
537 536
537 538
537 539
537 567
537 568
537 569
537 570
537 571
537 572
537 640
537 663
537 664
538 531
538 532
538 533
538 534
538 535
538 536
538 537
538 539
538 540
538 567
538 568
538 569
538 570
538 639
538 640
538 641
539 531
539 532
539 533
539 537
539 538
539 540
539 541
539 565
539 566
539 567
539 568
539 639
539 640
539 652
540 528
540 529
540 530
540 531
540 532
540 538
540 539
540 541
540 542
540 565
540 566
540 567
540 568
541 528
541 529
541 530
541 531
541 539
541 540
541 542
541 543
541 563
541 564
541 565
541 566
542 525
542 526
542 527
542 528
542 529
542 540
542 541
542 543
542 544
542 563
542 564
542 565
543 525
543 526
543 527
543 528
543 541
543 542
543 544
543 545
543 562
543 563
543 564
544 522
544 523
544 524
544 525
544 526
544 542
544 543
544 545
544 546
544 562
544 563
545 258
545 522
545 523
545 524
545 543
545 544
545 546
545 547
545 562
546 255
546 258
546 520
546 521
546 522
546 523
546 544
546 545
546 547
546 548
546 549
546 550
546 551
546 557
546 558
547 520
547 521
547 522
547 523
547 545
547 546
547 548
547 549
547 550
547 551
548 520
548 521
548 522
548 523
548 546
548 547
548 549
548 550
549 518
549 519
549 520
549 521
549 522
549 546
549 547
549 548
549 550
549 551
550 255
550 518
550 519
550 520
550 521
550 546
550 547
550 548
550 549
550 551
550 552
551 254
551 255
551 517
551 518
551 519
551 520
551 521
551 546
551 547
551 549
551 550
551 552
551 553
551 554
551 555
551 556
551 557
551 558
552 254
552 255
552 517
552 518
552 519
552 520
552 550
552 551
552 553
552 554
552 555
553 514
553 515
553 516
553 517
553 518
553 551
553 552
553 554
553 555
554 250
554 253
554 254
554 517
554 518
554 551
554 552
554 553
554 555
554 556
555 517
555 518
555 519
555 520
555 551
555 552
555 553
555 554
555 556
555 557
556 260
556 518
556 519
556 520
556 551
556 554
556 555
556 557
556 558
557 253
557 255
557 259
557 260
557 519
557 520
557 521
557 546
557 551
557 555
557 556
557 558
557 559
558 214
558 260
558 519
558 520
558 521
558 522
558 546
558 551
558 556
558 557
558 559
558 560
559 213
559 214
559 215
559 216
559 260
559 557
559 558
559 560
559 561
560 212
560 213
560 214
560 215
560 558
560 559
560 561
560 562
561 210
561 212
561 213
561 214
561 559
561 560
561 562
561 563
561 564
562 212
562 213
562 214
562 543
562 544
562 545
562 560
562 561
562 563
562 564
563 212
563 213
563 541
563 542
563 543
563 544
563 561
563 562
563 564
563 565
564 212
564 541
564 542
564 543
564 561
564 562
564 563
564 565
564 566
565 539
565 540
565 541
565 542
565 563
565 564
565 566
565 567
566 539
566 540
566 541
566 564
566 565
566 567
566 568
566 664
566 665
567 537
567 538
567 539
567 540
567 565
567 566
567 568
567 569
567 570
567 640
567 663
567 664
567 665
568 531
568 533
568 537
568 538
568 539
568 540
568 566
568 567
568 569
568 570
569 531
569 533
569 534
569 535
569 536
569 537
569 538
569 567
569 568
569 570
569 571
570 535
570 536
570 537
570 538
570 567
570 568
570 569
570 571
570 572
570 662
570 663
570 664
571 535
571 536
571 537
571 569
571 570
571 572
571 573
572 535
572 536
572 537
572 570
572 571
572 573
572 574
573 535
573 536
573 571
573 572
573 574
573 575
574 572
574 573
574 575
574 576
574 577
575 573
575 574
575 576
575 577
576 574
576 575
576 577
576 578
577 574
577 575
577 576
577 578
577 579
577 580
578 576
578 577
578 579
578 580
578 754
578 755
579 577
579 578
579 580
579 581
579 582
579 583
579 584
579 755
580 577
580 578
580 579
580 581
580 582
580 583
580 584
580 755
581 579
581 580
581 582
581 583
581 584
581 585
581 641
582 579
582 580
582 581
582 583
582 584
582 585
582 586
582 607
582 620
582 637
582 641
582 642
583 579
583 580
583 581
583 582
583 584
583 585
583 586
583 587
583 605
583 606
583 607
584 579
584 580
584 581
584 582
584 583
584 585
584 586
584 587
584 588
585 581
585 582
585 583
585 584
585 586
585 587
585 588
585 589
585 620
585 637
586 582
586 583
586 584
586 585
586 587
586 588
586 589
586 590
586 605
586 606
586 607
586 620
586 622
586 633
587 583
587 584
587 585
587 586
587 588
587 589
587 590
587 604
587 605
587 606
588 584
588 585
588 586
588 587
588 589
588 590
588 591
589 585
589 586
589 587
589 588
589 590
589 591
589 592
589 603
589 605
590 586
590 587
590 588
590 589
590 591
590 592
590 593
590 602
590 603
590 604
590 605
591 588
591 589
591 590
591 592
591 593
591 602
591 603
592 589
592 590
592 591
592 593
592 594
592 595
592 596
592 602
593 590
593 591
593 592
593 594
593 595
593 596
593 597
593 601
593 602
594 592
594 593
594 595
594 596
594 597
595 592
595 593
595 594
595 596
595 597
596 592
596 593
596 594
596 595
596 597
596 598
596 599
597 593
597 594
597 595
597 596
597 598
597 599
598 596
598 597
598 599
598 600
599 596
599 597
599 598
599 600
599 601
600 598
600 599
600 601
600 602
601 593
601 599
601 600
601 602
601 603
602 590
602 591
602 592
602 593
602 600
602 601
602 603
602 604
603 589
603 590
603 591
603 601
603 602
603 604
603 605
603 624
603 625
604 587
604 590
604 602
604 603
604 605
604 606
604 624
604 625
604 626
605 583
605 586
605 587
605 589
605 590
605 603
605 604
605 606
605 607
605 622
605 623
605 624
605 625
606 583
606 586
606 587
606 604
606 605
606 607
606 608
606 622
606 623
606 624
606 625
607 582
607 583
607 586
607 605
607 606
607 608
607 609
607 620
607 621
607 622
607 623
608 606
608 607
608 609
608 610
608 611
608 612
608 621
608 622
608 623
608 630
609 607
609 608
609 610
609 611
609 612
609 617
609 621
609 644
609 749
610 608
610 609
610 611
610 612
610 747
610 748
610 749
611 608
611 609
611 610
611 612
611 613
612 608
612 609
612 610
612 611
612 613
612 614
612 616
612 617
612 621
613 611
613 612
613 614
613 615
613 616
613 617
614 612
614 613
614 615
614 616
614 617
615 613
615 614
615 616
615 617
615 618
615 655
616 612
616 613
616 614
616 615
616 617
616 618
616 619
616 654
616 655
617 609
617 612
617 613
617 614
617 615
617 616
617 618
617 619
617 643
617 644
617 655
617 656
618 615
618 616
618 617
618 619
618 620
618 636
618 637
618 643
618 651
618 652
618 654
618 655
618 656
619 616
619 617
619 618
619 620
619 621
619 632
619 633
619 634
619 635
619 636
619 637
619 654
620 582
620 585
620 586
620 607
620 618
620 619
620 621
620 622
620 632
620 633
620 634
620 635
620 636
620 637
621 607
621 608
621 609
621 612
621 619
621 620
621 622
621 623
621 630
621 631
621 632
621 633
621 634
622 586
622 605
622 606
622 607
622 608
622 620
622 621
622 623
622 624
622 630
622 631
622 632
622 633
623 605
623 606
623 607
623 608
623 621
623 622
623 624
623 625
623 628
623 629
623 630
623 631
624 603
624 604
624 605
624 606
624 622
624 623
624 625
624 626
624 627
624 628
624 629
624 630
625 603
625 604
625 605
625 606
625 623
625 624
625 626
625 627
625 628
626 604
626 624
626 625
626 627
626 628
627 624
627 625
627 626
627 628
627 629
628 623
628 624
628 625
628 626
628 627
628 629
628 630
629 623
629 624
629 627
629 628
629 630
629 631
630 608
630 621
630 622
630 623
630 624
630 628
630 629
630 631
630 632
631 621
631 622
631 623
631 629
631 630
631 632
631 633
632 619
632 620
632 621
632 622
632 630
632 631
632 633
632 634
632 635
633 586
633 619
633 620
633 621
633 622
633 631
633 632
633 634
633 635
634 619
634 620
634 621
634 632
634 633
634 635
634 636
634 637
635 619
635 620
635 632
635 633
635 634
635 636
635 637
635 654
636 618
636 619
636 620
636 634
636 635
636 637
636 638
636 653
636 654
637 582
637 585
637 618
637 619
637 620
637 634
637 635
637 636
637 638
637 639
637 641
637 651
637 653
637 654
638 532
638 636
638 637
638 639
638 640
638 641
638 651
638 652
638 653
639 532
639 533
639 538
639 539
639 637
639 638
639 640
639 641
639 650
639 651
639 652
639 653
639 654
640 532
640 533
640 537
640 538
640 539
640 567
640 638
640 639
640 641
640 642
640 650
640 651
640 652
641 538
641 581
641 582
641 637
641 638
641 639
641 640
641 642
641 643
641 650
641 651
642 582
642 640
642 641
642 643
642 644
642 645
642 647
642 648
642 649
642 650
642 651
643 617
643 618
643 641
643 642
643 644
643 645
643 647
643 648
643 649
643 650
643 651
643 656
644 609
644 617
644 642
644 643
644 645
644 646
644 647
644 649
645 642
645 643
645 644
645 646
645 647
645 756
645 757
646 644
646 645
646 647
646 648
646 757
646 772
646 773
647 642
647 643
647 644
647 645
647 646
647 648
647 649
647 650
648 642
648 643
648 646
648 647
648 649
648 650
648 658
648 659
648 660
648 661
648 663
649 642
649 643
649 644
649 647
649 648
649 650
649 651
649 656
649 657
649 658
649 659
649 660
649 665
650 639
650 640
650 641
650 642
650 643
650 647
650 648
650 649
650 651
650 652
650 656
650 657
650 658
650 659
650 665
651 618
651 637
651 638
651 639
651 640
651 641
651 642
651 643
651 649
651 650
651 652
651 653
651 654
651 655
651 656
651 657
652 539
652 618
652 638
652 639
652 640
652 650
652 651
652 653
652 654
652 655
652 656
652 657
653 417
653 636
653 637
653 638
653 639
653 651
653 652
653 654
653 655
654 417
654 616
654 618
654 619
654 635
654 636
654 637
654 639
654 651
654 652
654 653
654 655
654 656
655 615
655 616
655 617
655 618
655 651
655 652
655 653
655 654
655 656
655 657
656 617
656 618
656 643
656 649
656 650
656 651
656 652
656 654
656 655
656 657
656 658
657 649
657 650
657 651
657 652
657 655
657 656
657 658
657 659
657 665
658 648
658 649
658 650
658 656
658 657
658 659
658 660
658 665
658 666
658 667
659 648
659 649
659 650
659 657
659 658
659 660
659 661
659 662
659 663
659 664
659 665
659 666
659 667
659 668
660 648
660 649
660 658
660 659
660 661
660 662
660 663
660 664
660 665
660 666
660 667
660 668
660 669
660 670
661 648
661 659
661 660
661 662
661 663
661 664
661 667
661 669
661 670
661 671
661 677
661 678
662 570
662 659
662 660
662 661
662 663
662 664
662 667
662 669
662 670
662 677
663 536
663 537
663 567
663 570
663 648
663 659
663 660
663 661
663 662
663 664
663 665
663 667
664 537
664 566
664 567
664 570
664 659
664 660
664 661
664 662
664 663
664 665
664 666
664 667
665 566
665 567
665 649
665 650
665 657
665 658
665 659
665 660
665 663
665 664
665 666
665 667
666 658
666 659
666 660
666 664
666 665
666 667
666 668
667 658
667 659
667 660
667 661
667 662
667 663
667 664
667 665
667 666
667 668
667 669
668 659
668 660
668 666
668 667
668 669
668 670
669 660
669 661
669 662
669 667
669 668
669 670
669 671
669 677
669 678
670 660
670 661
670 662
670 668
670 669
670 671
670 672
670 677
670 678
671 661
671 669
671 670
671 672
671 673
671 674
671 675
671 676
671 677
671 678
671 679
672 670
672 671
672 673
672 674
672 675
672 676
672 677
672 678
672 679
672 680
672 681
673 671
673 672
673 674
673 675
673 676
673 681
673 684
673 709
673 710
673 800
674 671
674 672
674 673
674 675
674 676
674 679
674 681
674 682
674 683
674 684
674 709
674 710
674 800
674 801
674 802
675 671
675 672
675 673
675 674
675 676
675 677
675 679
675 709
675 773
675 774
675 775
676 671
676 672
676 673
676 674
676 675
676 677
676 678
676 679
676 681
677 661
677 662
677 669
677 670
677 671
677 672
677 675
677 676
677 678
677 679
678 661
678 669
678 670
678 671
678 672
678 676
678 677
678 679
678 680
679 671
679 672
679 674
679 675
679 676
679 677
679 678
679 680
679 681
679 682
680 672
680 678
680 679
680 681
680 682
680 683
681 672
681 673
681 674
681 676
681 679
681 680
681 682
681 683
681 684
682 674
682 679
682 680
682 681
682 683
682 684
682 685
683 674
683 680
683 681
683 682
683 684
683 685
683 802
683 803
684 673
684 674
684 681
684 682
684 683
684 685
684 686
684 800
684 801
684 802
684 803
685 682
685 683
685 684
685 686
685 687
685 800
685 801
685 802
685 803
686 684
686 685
686 687
686 688
686 798
686 799
686 800
686 801
687 685
687 686
687 688
687 689
687 798
687 799
687 800
687 801
688 686
688 687
688 689
688 690
688 796
688 797
688 798
688 799
689 687
689 688
689 690
689 691
689 796
689 797
689 798
690 688
690 689
690 691
690 692
690 794
690 795
690 796
690 797
691 689
691 690
691 692
691 693
691 694
691 701
691 794
691 795
691 796
692 690
692 691
692 693
692 694
692 793
692 794
692 795
693 691
693 692
693 694
693 695
694 691
694 692
694 693
694 695
694 696
694 699
694 786
694 790
695 693
695 694
695 696
695 697
695 698
695 699
695 786
696 694
696 695
696 697
696 698
696 699
696 785
696 786
696 787
696 788
697 695
697 696
697 698
697 699
697 784
697 785
697 786
697 787
698 695
698 696
698 697
698 699
698 700
698 783
698 784
698 785
698 786
699 694
699 695
699 696
699 697
699 698
699 700
699 701
699 783
699 784
699 785
699 786
700 698
700 699
700 701
700 702
700 703
700 781
700 782
700 783
700 784
701 691
701 699
701 700
701 702
701 703
701 781
701 782
701 783
701 784
702 700
702 701
702 703
702 704
702 781
702 782
702 783
703 700
703 701
703 702
703 704
703 705
703 779
703 780
703 781
703 782
704 702
704 703
704 705
704 706
704 708
704 779
704 780
704 781
704 782
704 799
705 703
705 704
705 706
705 707
705 708
705 776
705 778
705 779
705 780
705 801
706 704
706 705
706 707
706 708
706 775
706 776
706 777
706 778
706 779
706 780
707 705
707 706
707 708
707 709
707 774
707 775
707 776
707 777
707 778
707 801
707 802
708 704
708 705
708 706
708 707
708 709
708 710
708 711
708 774
708 775
708 776
708 799
708 800
708 801
708 802
709 673
709 674
709 675
709 707
709 708
709 710
709 711
709 772
709 773
709 774
709 775
709 776
709 799
709 800
709 801
710 673
710 674
710 708
710 709
710 711
710 712
710 771
710 772
710 773
710 774
710 775
710 798
710 799
710 800
711 708
711 709
711 710
711 712
711 713
711 770
711 771
711 772
711 773
711 774
711 797
711 798
711 799
711 800
712 710
712 711
712 713
712 714
712 769
712 770
712 771
712 772
712 797
712 798
712 799
713 711
713 712
713 714
713 715
713 769
713 770
713 771
713 795
713 796
713 797
713 798
714 712
714 713
714 715
714 716
714 767
714 768
714 769
714 770
714 795
714 796
714 797
715 713
715 714
715 716
715 717
715 767
715 768
715 769
715 793
715 794
715 795
715 796
716 714
716 715
716 717
716 718
716 767
716 793
716 794
716 795
716 796
717 715
717 716
717 718
717 719
717 721
717 767
717 792
717 793
717 794
718 716
718 717
718 719
718 720
718 721
718 792
718 793
719 717
719 718
719 720
719 721
719 722
719 766
719 767
720 718
720 719
720 721
720 722
720 766
721 717
721 718
721 719
721 720
721 722
721 723
721 790
721 791
722 719
722 720
722 721
722 723
722 724
722 725
722 788
723 721
723 722
723 724
723 725
723 786
723 787
723 788
723 789
723 790
724 722
724 723
724 725
724 726
724 784
724 785
724 786
724 787
724 788
724 790
725 722
725 723
725 724
725 726
725 727
725 738
725 743
725 763
725 768
725 784
725 785
725 786
726 724
726 725
726 727
726 728
726 737
726 738
726 763
726 768
726 782
726 783
726 784
726 785
727 725
727 726
727 728
727 729
727 735
727 736
727 737
727 738
727 739
727 782
727 783
727 784
727 785
728 726
728 727
728 729
728 730
728 735
728 736
728 737
728 738
728 739
728 780
728 781
728 782
728 783
729 727
729 728
729 730
729 731
729 733
729 734
729 735
729 736
729 737
729 739
729 780
729 781
729 782
729 783
730 728
730 729
730 731
730 732
730 733
730 734
730 735
730 736
730 779
730 780
730 781
731 729
731 730
731 732
731 733
731 734
731 778
731 779
731 780
731 781
732 730
732 731
732 733
732 734
733 729
733 730
733 731
733 732
733 734
733 735
734 729
734 730
734 731
734 732
734 733
734 735
734 736
734 739
735 727
735 728
735 729
735 730
735 733
735 734
735 736
735 737
735 738
735 739
736 727
736 728
736 729
736 730
736 734
736 735
736 737
736 738
736 739
736 750
736 751
736 752
737 726
737 727
737 728
737 729
737 735
737 736
737 738
737 739
737 744
737 750
738 725
738 726
738 727
738 728
738 735
738 736
738 737
738 739
738 740
738 741
738 742
738 743
738 744
739 727
739 728
739 729
739 734
739 735
739 736
739 737
739 738
739 740
739 741
739 742
739 743
740 738
740 739
740 741
740 742
741 738
741 739
741 740
741 742
741 743
741 785
742 738
742 739
742 740
742 741
742 743
742 744
743 725
743 738
743 739
743 741
743 742
743 744
743 745
743 763
744 737
744 738
744 742
744 743
744 745
744 746
744 747
744 748
744 762
744 763
745 743
745 744
745 746
745 747
745 762
745 763
745 764
746 744
746 745
746 747
746 748
746 761
746 762
746 763
746 764
746 765
747 610
747 744
747 745
747 746
747 748
747 749
747 759
747 760
747 761
747 762
748 610
748 744
748 746
748 747
748 749
748 750
748 759
748 760
748 761
748 762
749 609
749 610
749 747
749 748
749 750
749 751
749 757
749 758
749 759
749 760
750 736
750 737
750 748
750 749
750 751
750 752
750 757
750 758
750 759
750 760
751 736
751 749
751 750
751 752
751 753
751 755
751 756
751 757
751 758
752 736
752 750
752 751
752 753
752 754
752 755
752 756
752 757
752 758
753 751
753 752
753 754
753 755
753 756
753 776
753 777
753 778
754 578
754 752
754 753
754 755
754 756
754 776
754 777
755 578
755 579
755 580
755 751
755 752
755 753
755 754
755 756
755 757
756 645
756 751
756 752
756 753
756 754
756 755
756 757
756 758
756 772
756 773
756 774
756 775
756 776
756 777
757 645
757 646
757 749
757 750
757 751
757 752
757 755
757 756
757 758
757 759
757 772
757 773
757 774
758 749
758 750
758 751
758 752
758 756
758 757
758 759
758 760
758 770
758 771
758 772
758 773
759 747
759 748
759 749
759 750
759 757
759 758
759 760
759 761
759 769
759 770
759 771
759 772
760 747
760 748
760 749
760 750
760 758
760 759
760 761
760 762
760 768
760 769
760 770
760 771
761 746
761 747
761 748
761 759
761 760
761 762
761 763
761 765
761 768
761 769
761 770
762 744
762 745
762 746
762 747
762 748
762 760
762 761
762 763
762 764
762 765
762 768
763 725
763 726
763 743
763 744
763 745
763 746
763 761
763 762
763 764
763 765
763 768
764 745
764 746
764 762
764 763
764 765
764 766
765 746
765 761
765 762
765 763
765 764
765 766
765 767
765 768
766 719
766 720
766 764
766 765
766 767
766 768
767 714
767 715
767 716
767 717
767 719
767 765
767 766
767 768
767 769
768 714
768 715
768 725
768 726
768 760
768 761
768 762
768 763
768 765
768 766
768 767
768 769
768 770
769 712
769 713
769 714
769 715
769 759
769 760
769 761
769 767
769 768
769 770
769 771
770 711
770 712
770 713
770 714
770 758
770 759
770 760
770 761
770 768
770 769
770 771
770 772
771 710
771 711
771 712
771 713
771 758
771 759
771 760
771 769
771 770
771 772
771 773
772 646
772 709
772 710
772 711
772 712
772 756
772 757
772 758
772 759
772 770
772 771
772 773
772 774
773 646
773 675
773 709
773 710
773 711
773 756
773 757
773 758
773 771
773 772
773 774
773 775
774 675
774 707
774 708
774 709
774 710
774 711
774 756
774 757
774 772
774 773
774 775
774 776
775 675
775 706
775 707
775 708
775 709
775 710
775 756
775 773
775 774
775 776
775 777
776 705
776 706
776 707
776 708
776 709
776 753
776 754
776 756
776 774
776 775
776 777
776 778
776 779
776 780
777 706
777 707
777 753
777 754
777 756
777 775
777 776
777 778
777 779
778 705
778 706
778 707
778 731
778 753
778 776
778 777
778 779
778 780
779 703
779 704
779 705
779 706
779 730
779 731
779 776
779 777
779 778
779 780
779 781
780 703
780 704
780 705
780 706
780 728
780 729
780 730
780 731
780 776
780 778
780 779
780 781
780 782
781 700
781 701
781 702
781 703
781 704
781 728
781 729
781 730
781 731
781 779
781 780
781 782
781 783
782 700
782 701
782 702
782 703
782 704
782 726
782 727
782 728
782 729
782 780
782 781
782 783
782 784
783 698
783 699
783 700
783 701
783 702
783 726
783 727
783 728
783 729
783 781
783 782
783 784
783 785
784 697
784 698
784 699
784 700
784 701
784 724
784 725
784 726
784 727
784 782
784 783
784 785
784 786
785 696
785 697
785 698
785 699
785 724
785 725
785 726
785 727
785 741
785 783
785 784
785 786
785 787
786 694
786 695
786 696
786 697
786 698
786 699
786 723
786 724
786 725
786 784
786 785
786 787
786 788
786 789
786 790
787 696
787 697
787 723
787 724
787 785
787 786
787 788
787 789
788 696
788 722
788 723
788 724
788 786
788 787
788 789
788 790
789 723
789 786
789 787
789 788
789 790
789 791
790 694
790 721
790 723
790 724
790 786
790 788
790 789
790 791
790 792
790 793
791 721
791 789
791 790
791 792
791 793
792 717
792 718
792 790
792 791
792 793
792 794
793 692
793 715
793 716
793 717
793 718
793 790
793 791
793 792
793 794
793 795
794 690
794 691
794 692
794 715
794 716
794 717
794 792
794 793
794 795
794 796
795 690
795 691
795 692
795 713
795 714
795 715
795 716
795 793
795 794
795 796
795 797
796 688
796 689
796 690
796 691
796 713
796 714
796 715
796 716
796 794
796 795
796 797
796 798
797 688
797 689
797 690
797 711
797 712
797 713
797 714
797 795
797 796
797 798
797 799
798 686
798 687
798 688
798 689
798 710
798 711
798 712
798 713
798 796
798 797
798 799
798 800
799 686
799 687
799 688
799 704
799 708
799 709
799 710
799 711
799 712
799 797
799 798
799 800
799 801
800 673
800 674
800 684
800 685
800 686
800 687
800 708
800 709
800 710
800 711
800 798
800 799
800 801
800 802
801 674
801 684
801 685
801 686
801 687
801 705
801 707
801 708
801 709
801 799
801 800
801 802
801 803
802 674
802 683
802 684
802 685
802 707
802 708
802 800
802 801
802 803
802 804
803 683
803 684
803 685
803 801
803 802
803 804
803 805
804 802
804 803
804 805
804 806
805 803
805 804
805 806
805 807
806 804
806 805
806 807
806 808
807 805
807 806
807 808
807 809
807 810
808 806
808 807
808 809
808 810
809 807
809 808
809 810
809 811
809 812
810 807
810 808
810 809
810 811
810 812
811 809
811 810
811 812
811 813
811 814
811 815
811 816
812 809
812 810
812 811
812 813
812 814
812 815
812 816
813 811
813 812
813 814
813 815
813 816
813 817
814 811
814 812
814 813
814 815
814 816
814 817
814 818
815 811
815 812
815 813
815 814
815 816
815 817
815 818
815 819
816 811
816 812
816 813
816 814
816 815
816 817
816 818
816 819
816 820
817 813
817 814
817 815
817 816
817 818
817 819
817 820
817 821
818 814
818 815
818 816
818 817
818 819
818 820
818 821
818 822
819 815
819 816
819 817
819 818
819 820
819 821
819 822
819 823
820 816
820 817
820 818
820 819
820 821
820 822
820 823
820 824
821 817
821 818
821 819
821 820
821 822
821 823
821 824
821 825
822 818
822 819
822 820
822 821
822 823
822 824
822 825
822 826
823 819
823 820
823 821
823 822
823 824
823 825
823 826
823 827
824 820
824 821
824 822
824 823
824 825
824 826
824 827
824 828
825 821
825 822
825 823
825 824
825 826
825 827
825 828
825 829
826 822
826 823
826 824
826 825
826 827
826 828
826 829
826 830
827 823
827 824
827 825
827 826
827 828
827 829
827 830
828 824
828 825
828 826
828 827
828 829
828 830
828 831
829 825
829 826
829 827
829 828
829 830
829 831
830 826
830 827
830 828
830 829
830 831
830 832
831 828
831 829
831 830
831 832
831 833
832 830
832 831
832 833
832 834
832 835
833 831
833 832
833 834
833 835
834 832
834 833
834 835
834 836
835 832
835 833
835 834
835 836
836 834
836 835
