0 1
0 2
1 0
1 2
1 3
1 4
2 0
2 1
2 3
2 4
2 5
3 1
3 2
3 4
3 5
3 6
3 7
4 1
4 2
4 3
4 5
4 6
4 7
4 8
5 2
5 3
5 4
5 6
5 7
5 8
5 9
6 3
6 4
6 5
6 7
6 8
6 9
6 10
7 3
7 4
7 5
7 6
7 8
7 9
7 10
7 11
8 4
8 5
8 6
8 7
8 9
8 10
8 11
8 12
9 5
9 6
9 7
9 8
9 10
9 11
9 12
9 13
10 6
10 7
10 8
10 9
10 11
10 12
10 13
10 14
11 7
11 8
11 9
11 10
11 12
11 13
11 14
11 15
12 8
12 9
12 10
12 11
12 13
12 14
12 15
12 16
13 9
13 10
13 11
13 12
13 14
13 15
13 16
13 17
14 10
14 11
14 12
14 13
14 15
14 16
14 17
14 18
15 11
15 12
15 13
15 14
15 16
15 17
15 18
15 19
16 12
16 13
16 14
16 15
16 17
16 18
16 19
16 20
17 13
17 14
17 15
17 16
17 18
17 19
17 20
17 21
18 14
18 15
18 16
18 17
18 19
18 20
18 21
19 15
19 16
19 17
19 18
19 20
19 21
19 22
20 16
20 17
20 18
20 19
20 21
20 22
21 17
21 18
21 19
21 20
21 22
21 23
21 24
22 19
22 20
22 21
22 23
22 24
22 207
23 21
23 22
23 24
23 25
23 198
23 202
23 207
24 21
24 22
24 23
24 25
24 26
24 27
24 28
24 202
24 204
25 23
25 24
25 26
25 27
25 28
25 199
25 200
25 201
25 202
25 203
26 24
26 25
26 27
26 28
26 200
27 24
27 25
27 26
27 28
27 29
27 30
27 71
28 24
28 25
28 26
28 27
28 29
28 30
29 27
29 28
29 30
29 31
30 27
30 28
30 29
30 31
30 32
30 34
30 35
31 29
31 30
31 32
31 33
31 34
31 35
32 30
32 31
32 33
32 34
32 35
32 75
32 78
32 79
32 125
32 126
33 31
33 32
33 34
33 35
33 125
33 126
34 30
34 31
34 32
34 33
34 35
34 36
35 30
35 31
35 32
35 33
35 34
35 36
35 37
35 39
35 40
35 126
36 34
36 35
36 37
36 38
36 39
36 40
37 35
37 36
37 38
37 39
37 40
38 36
38 37
38 39
38 40
39 35
39 36
39 37
39 38
39 40
39 41
39 68
40 35
40 36
40 37
40 38
40 39
40 41
40 42
40 72
40 126
41 39
41 40
41 42
41 43
41 45
41 46
41 72
41 130
42 40
42 41
42 43
42 44
42 45
42 46
42 72
42 130
42 131
42 132
42 133
43 41
43 42
43 44
43 45
43 46
43 47
43 69
43 72
43 73
43 130
43 131
43 132
43 133
44 42
44 43
44 45
44 46
44 47
44 48
44 69
44 132
44 133
44 134
44 137
45 41
45 42
45 43
45 44
45 46
45 47
45 48
45 49
46 41
46 42
46 43
46 44
46 45
46 47
46 48
46 49
46 50
46 65
46 66
46 68
46 69
47 43
47 44
47 45
47 46
47 48
47 49
47 50
47 51
47 65
47 66
47 69
48 44
48 45
48 46
48 47
48 49
48 50
48 51
48 52
49 45
49 46
49 47
49 48
49 50
49 51
49 52
49 53
49 62
49 65
50 46
50 47
50 48
50 49
50 51
50 52
50 53
50 54
50 61
50 62
50 63
50 64
50 65
50 66
51 47
51 48
51 49
51 50
51 52
51 53
51 54
51 55
51 62
51 149
52 48
52 49
52 50
52 51
52 53
52 54
52 55
52 56
52 62
53 49
53 50
53 51
53 52
53 54
53 55
53 56
53 57
53 58
53 59
53 61
53 62
54 50
54 51
54 52
54 53
54 55
54 56
54 57
54 58
54 59
54 62
54 149
54 153
55 51
55 52
55 53
55 54
55 56
55 57
55 58
56 52
56 53
56 54
56 55
56 57
56 58
57 53
57 54
57 55
57 56
57 58
57 59
58 53
58 54
58 55
58 56
58 57
58 59
58 60
58 61
58 62
59 53
59 54
59 57
59 58
59 60
59 61
59 62
59 63
59 153
59 154
59 156
59 157
60 58
60 59
60 61
60 62
60 63
60 64
60 153
60 154
60 157
61 50
61 53
61 58
61 59
61 60
61 62
61 63
61 64
61 65
62 49
62 50
62 51
62 52
62 53
62 54
62 58
62 59
62 60
62 61
62 63
62 64
62 65
62 66
62 150
62 153
63 50
63 59
63 60
63 61
63 62
63 64
63 65
63 66
63 67
63 150
63 153
63 154
64 50
64 60
64 61
64 62
64 63
64 65
64 66
64 67
64 68
65 46
65 47
65 49
65 50
65 61
65 62
65 63
65 64
65 66
65 67
65 68
65 69
66 46
66 47
66 50
66 62
66 63
66 64
66 65
66 67
66 68
66 69
66 70
66 146
66 150
67 63
67 64
67 65
67 66
67 68
67 69
67 70
67 71
68 39
68 46
68 64
68 65
68 66
68 67
68 69
68 70
68 71
68 72
69 43
69 44
69 46
69 47
69 65
69 66
69 67
69 68
69 70
69 71
69 72
69 73
70 66
70 67
70 68
70 69
70 71
70 72
70 73
70 74
70 141
70 146
71 27
71 67
71 68
71 69
71 70
71 72
71 73
71 74
71 75
72 40
72 41
72 42
72 43
72 68
72 69
72 70
72 71
72 73
72 74
72 75
72 76
72 127
73 43
73 69
73 70
73 71
73 72
73 74
73 75
73 76
73 77
73 138
73 141
74 70
74 71
74 72
74 73
74 75
74 76
74 77
74 78
75 32
75 71
75 72
75 73
75 74
75 76
75 77
75 78
75 79
75 127
76 72
76 73
76 74
76 75
76 77
76 78
76 79
76 80
76 127
76 128
77 73
77 74
77 75
77 76
77 78
77 79
77 80
77 81
77 245
78 32
78 74
78 75
78 76
78 77
78 79
78 80
78 81
78 82
78 241
78 245
79 32
79 75
79 76
79 77
79 78
79 80
79 81
79 82
79 83
79 122
79 125
79 127
80 76
80 77
80 78
80 79
80 81
80 82
80 83
80 84
80 122
80 244
80 245
80 247
80 248
81 77
81 78
81 79
81 80
81 82
81 83
81 84
81 85
81 241
81 242
81 243
81 244
81 245
82 78
82 79
82 80
82 81
82 83
82 84
82 85
82 86
82 241
82 244
83 79
83 80
83 81
83 82
83 84
83 85
83 86
83 87
83 118
83 121
83 122
84 80
84 81
84 82
84 83
84 85
84 86
84 87
84 88
84 118
84 244
84 245
84 247
85 81
85 82
85 83
85 84
85 86
85 87
85 88
85 89
85 240
85 241
85 244
86 82
86 83
86 84
86 85
86 87
86 88
86 89
86 90
87 83
87 84
87 85
87 86
87 88
87 89
87 90
87 114
87 117
87 118
88 84
88 85
88 86
88 87
88 89
88 90
88 114
89 85
89 86
89 87
89 88
89 90
89 91
90 86
90 87
90 88
90 89
90 91
90 92
91 89
91 90
91 92
91 93
92 90
92 91
92 93
92 94
92 110
93 91
93 92
93 94
93 95
94 92
94 93
94 95
94 96
95 93
95 94
95 96
95 97
95 98
95 99
95 100
95 106
96 94
96 95
96 97
96 98
96 99
96 100
97 95
97 96
97 98
97 99
97 100
97 101
98 95
98 96
98 97
98 99
98 100
98 101
98 102
99 95
99 96
99 97
99 98
99 100
99 101
99 102
99 103
99 105
99 106
100 95
100 96
100 97
100 98
100 99
100 101
100 102
100 103
100 106
101 97
101 98
101 99
101 100
101 102
101 103
102 98
102 99
102 100
102 101
102 103
102 104
102 105
102 106
103 99
103 100
103 101
103 102
103 104
103 105
103 106
103 107
104 102
104 103
104 105
104 106
104 107
104 108
105 99
105 102
105 103
105 104
105 106
105 107
105 108
105 109
106 95
106 99
106 100
106 102
106 103
106 104
106 105
106 107
106 108
106 109
106 110
107 103
107 104
107 105
107 106
107 108
107 109
107 110
107 111
108 104
108 105
108 106
108 107
108 109
108 110
108 111
108 112
109 105
109 106
109 107
109 108
109 110
109 111
109 112
109 113
110 92
110 106
110 107
110 108
110 109
110 111
110 112
110 113
110 114
111 107
111 108
111 109
111 110
111 112
111 113
111 114
111 115
112 108
112 109
112 110
112 111
112 113
112 114
112 115
112 116
113 109
113 110
113 111
113 112
113 114
113 115
113 116
113 117
114 87
114 88
114 110
114 111
114 112
114 113
114 115
114 116
114 117
114 118
115 111
115 112
115 113
115 114
115 116
115 117
115 118
115 119
116 112
116 113
116 114
116 115
116 117
116 118
116 119
116 120
117 87
117 113
117 114
117 115
117 116
117 118
117 119
117 120
117 121
118 83
118 84
118 87
118 114
118 115
118 116
118 117
118 119
118 120
118 121
118 122
119 115
119 116
119 117
119 118
119 120
119 121
119 122
119 123
120 116
120 117
120 118
120 119
120 121
120 122
120 123
120 124
121 83
121 117
121 118
121 119
121 120
121 122
121 123
121 124
121 125
122 79
122 80
122 83
122 118
122 119
122 120
122 121
122 123
122 124
122 125
122 128
123 119
123 120
123 121
123 122
123 124
123 125
123 128
123 129
124 120
124 121
124 122
124 123
124 125
124 126
125 32
125 33
125 79
125 121
125 122
125 123
125 124
125 126
125 127
125 128
125 129
126 32
126 33
126 35
126 40
126 124
126 125
126 127
126 128
126 129
126 130
127 72
127 75
127 76
127 79
127 125
127 126
127 128
127 129
127 130
128 76
128 122
128 123
128 125
128 126
128 127
128 129
128 130
128 131
128 132
129 123
129 125
129 126
129 127
129 128
129 130
129 131
130 41
130 42
130 43
130 126
130 127
130 128
130 129
130 131
130 132
131 42
131 43
131 128
131 129
131 130
131 132
131 133
132 42
132 43
132 44
132 128
132 130
132 131
132 133
132 134
133 42
133 43
133 44
133 131
133 132
133 134
133 135
133 137
133 138
134 44
134 132
134 133
134 135
134 136
134 137
134 138
135 133
135 134
135 136
135 137
135 138
135 139
136 134
136 135
136 137
136 138
136 139
136 140
137 44
137 133
137 134
137 135
137 136
137 138
137 139
137 140
137 141
138 73
138 133
138 134
138 135
138 136
138 137
138 139
138 140
138 141
138 142
139 135
139 136
139 137
139 138
139 140
139 141
139 142
139 143
140 136
140 137
140 138
140 139
140 141
140 142
140 143
140 144
140 145
140 146
141 70
141 73
141 137
141 138
141 139
141 140
141 142
141 143
141 144
141 145
141 146
142 138
142 139
142 140
142 141
142 143
142 144
142 145
143 139
143 140
143 141
143 142
143 144
143 145
143 173
144 140
144 141
144 142
144 143
144 145
144 146
144 147
144 148
144 169
144 170
144 173
145 140
145 141
145 142
145 143
145 144
145 146
145 147
145 148
145 149
145 170
146 66
146 70
146 140
146 141
146 144
146 145
146 147
146 148
146 149
146 150
147 144
147 145
147 146
147 148
147 149
147 150
147 151
147 166
147 167
147 169
147 170
148 144
148 145
148 146
148 147
148 149
148 150
148 151
148 152
148 166
148 167
148 170
148 180
149 51
149 54
149 145
149 146
149 147
149 148
149 150
149 151
149 152
149 153
150 62
150 63
150 66
150 146
150 147
150 148
150 149
150 151
150 152
150 153
150 154
150 163
150 166
151 147
151 148
151 149
151 150
151 152
151 153
151 154
151 155
151 162
151 163
151 164
151 165
151 166
151 167
152 148
152 149
152 150
152 151
152 153
152 154
152 155
152 156
152 163
153 54
153 59
153 60
153 62
153 63
153 149
153 150
153 151
153 152
153 154
153 155
153 156
153 157
153 163
154 59
154 60
154 63
154 150
154 151
154 152
154 153
154 155
154 156
154 157
154 158
154 159
154 160
154 162
154 163
155 151
155 152
155 153
155 154
155 156
155 157
155 158
155 159
155 160
155 163
156 59
156 152
156 153
156 154
156 155
156 157
156 158
156 159
157 59
157 60
157 153
157 154
157 155
157 156
157 158
157 159
158 154
158 155
158 156
158 157
158 159
158 160
159 154
159 155
159 156
159 157
159 158
159 160
159 161
159 162
159 163
160 154
160 155
160 158
160 159
160 161
160 162
160 163
160 164
161 159
161 160
161 162
161 163
161 164
161 165
161 193
161 196
162 151
162 154
162 159
162 160
162 161
162 163
162 164
162 165
162 166
162 196
163 150
163 151
163 152
163 153
163 154
163 155
163 159
163 160
163 161
163 162
163 164
163 165
163 166
163 167
164 151
164 160
164 161
164 162
164 163
164 165
164 166
164 167
164 168
164 184
164 187
164 193
164 196
164 197
164 198
165 151
165 161
165 162
165 163
165 164
165 166
165 167
165 168
165 169
165 196
165 197
165 198
165 199
165 200
166 147
166 148
166 150
166 151
166 162
166 163
166 164
166 165
166 167
166 168
166 169
166 170
166 199
166 200
167 147
167 148
167 151
167 163
167 164
167 165
167 166
167 168
167 169
167 170
167 171
167 180
167 183
167 184
168 164
168 165
168 166
168 167
168 169
168 170
168 171
168 172
168 184
168 197
168 198
168 199
169 144
169 147
169 165
169 166
169 167
169 168
169 170
169 171
169 172
169 173
169 198
169 199
169 200
169 201
170 144
170 145
170 147
170 148
170 166
170 167
170 168
170 169
170 171
170 172
170 173
170 174
171 167
171 168
171 169
171 170
171 172
171 173
171 174
171 175
171 176
171 177
171 180
171 181
172 168
172 169
172 170
172 171
172 173
172 174
172 175
172 283
172 286
173 143
173 144
173 169
173 170
173 171
173 172
173 174
173 175
174 170
174 171
174 172
174 173
174 175
174 176
174 177
175 171
175 172
175 173
175 174
175 176
175 177
175 181
175 286
176 171
176 174
176 175
176 177
176 178
176 181
177 171
177 174
177 175
177 176
177 178
177 179
177 180
177 181
178 176
178 177
178 179
178 180
178 181
178 182
179 177
179 178
179 180
179 181
179 182
179 183
180 148
180 167
180 171
180 177
180 178
180 179
180 181
180 182
180 183
180 184
181 171
181 175
181 176
181 177
181 178
181 179
181 180
181 182
181 183
181 184
181 185
182 178
182 179
182 180
182 181
182 183
182 184
182 185
182 186
183 167
183 179
183 180
183 181
183 182
183 184
183 185
183 186
183 187
184 164
184 167
184 168
184 180
184 181
184 182
184 183
184 185
184 186
184 187
184 188
185 181
185 182
185 183
185 184
185 186
185 187
185 188
185 189
186 182
186 183
186 184
186 185
186 187
186 188
186 189
186 190
187 164
187 183
187 184
187 185
187 186
187 188
187 189
187 190
187 193
188 184
188 185
188 186
188 187
188 189
188 190
188 191
188 193
188 194
189 185
189 186
189 187
189 188
189 190
189 191
189 193
190 186
190 187
190 188
190 189
190 191
190 192
190 193
191 188
191 189
191 190
191 192
191 193
192 190
192 191
192 193
192 194
192 195
192 196
193 161
193 164
193 187
193 188
193 189
193 190
193 191
193 192
193 194
193 195
193 196
193 197
194 188
194 192
194 193
194 195
194 196
194 197
195 192
195 193
195 194
195 196
195 197
195 198
196 161
196 162
196 164
196 165
196 192
196 193
196 194
196 195
196 197
196 198
197 164
197 165
197 168
197 193
197 194
197 195
197 196
197 198
197 199
198 23
198 164
198 165
198 168
198 169
198 195
198 196
198 197
198 199
198 200
199 25
199 165
199 166
199 168
199 169
199 197
199 198
199 200
199 201
199 202
200 25
200 26
200 165
200 166
200 169
200 198
200 199
200 201
200 202
201 25
201 169
201 199
201 200
201 202
201 203
202 23
202 24
202 25
202 199
202 200
202 201
202 203
202 204
202 206
202 207
203 25
203 201
203 202
203 204
203 205
203 206
203 207
204 24
204 202
204 203
204 205
204 206
204 207
204 208
204 231
204 234
205 203
205 204
205 206
205 207
205 208
205 209
205 230
205 231
205 232
205 234
205 235
206 202
206 203
206 204
206 205
206 207
206 208
206 209
206 210
206 231
206 282
207 22
207 23
207 202
207 203
207 204
207 205
207 206
207 208
207 209
207 210
207 211
208 204
208 205
208 206
208 207
208 209
208 210
208 211
208 212
208 227
208 228
208 230
208 231
209 205
209 206
209 207
209 208
209 210
209 211
209 212
209 213
209 227
209 228
209 231
209 296
210 206
210 207
210 208
210 209
210 211
210 212
210 213
210 214
211 207
211 208
211 209
211 210
211 212
211 213
211 214
211 215
211 224
211 227
212 208
212 209
212 210
212 211
212 213
212 214
212 215
212 216
212 223
212 224
212 225
212 226
212 227
212 228
213 209
213 210
213 211
213 212
213 214
213 215
213 216
213 217
213 224
213 299
214 210
214 211
214 212
214 213
214 215
214 216
214 217
214 218
214 224
215 211
215 212
215 213
215 214
215 216
215 217
215 218
215 219
215 220
215 221
215 223
215 224
216 212
216 213
216 214
216 215
216 217
216 218
216 219
216 220
216 221
216 223
216 224
216 299
216 303
217 213
217 214
217 215
217 216
217 218
217 219
217 220
218 214
218 215
218 216
218 217
218 219
218 220
219 215
219 216
219 217
219 218
219 220
219 221
220 215
220 216
220 217
220 218
220 219
220 221
220 222
220 223
220 224
221 215
221 216
221 219
221 220
221 222
221 223
221 224
221 225
221 303
221 304
221 306
221 307
222 220
222 221
222 223
222 224
222 225
222 226
222 303
222 307
223 212
223 215
223 216
223 220
223 221
223 222
223 224
223 225
223 226
223 227
224 211
224 212
224 213
224 214
224 215
224 216
224 220
224 221
224 222
224 223
224 225
224 226
224 227
224 228
224 299
224 300
224 303
225 212
225 221
225 222
225 223
225 224
225 226
225 227
225 228
225 229
225 299
225 300
225 303
225 304
226 212
226 222
226 223
226 224
226 225
226 227
226 228
226 229
226 230
227 208
227 209
227 211
227 212
227 223
227 224
227 225
227 226
227 228
227 229
227 230
227 231
228 208
228 209
228 212
228 224
228 225
228 226
228 227
228 229
228 230
228 231
228 232
228 296
228 299
228 300
229 225
229 226
229 227
229 228
229 230
229 231
229 232
229 233
229 300
230 205
230 208
230 226
230 227
230 228
230 229
230 231
230 232
230 233
230 234
231 204
231 205
231 206
231 208
231 209
231 227
231 228
231 229
231 230
231 232
231 233
231 234
231 235
232 205
232 228
232 229
232 230
232 231
232 233
232 234
232 235
232 236
232 293
232 296
233 229
233 230
233 231
233 232
233 234
233 235
233 236
233 237
234 204
234 205
234 230
234 231
234 232
234 233
234 235
234 236
234 237
234 238
235 205
235 231
235 232
235 233
235 234
235 236
235 237
235 238
235 239
236 232
236 233
236 234
236 235
236 237
236 238
236 239
236 240
236 360
237 233
237 234
237 235
237 236
237 238
237 239
237 240
237 241
238 234
238 235
238 236
238 237
238 239
238 240
238 241
238 242
238 280
239 235
239 236
239 237
239 238
239 240
239 241
239 242
239 243
239 276
239 277
239 280
240 85
240 236
240 237
240 238
240 239
240 241
240 242
240 243
240 244
241 78
241 81
241 82
241 85
241 237
241 238
241 239
241 240
241 242
241 243
241 244
241 245
242 81
242 238
242 239
242 240
242 241
242 243
242 244
242 245
242 246
242 273
242 276
243 81
243 239
243 240
243 241
243 242
243 244
243 245
243 246
243 247
243 272
243 273
243 276
244 80
244 81
244 82
244 84
244 85
244 240
244 241
244 242
244 243
244 245
244 246
244 247
245 77
245 78
245 80
245 81
245 84
245 241
245 242
245 243
245 244
245 246
245 247
245 248
246 242
246 243
246 244
246 245
246 247
246 248
246 269
246 270
246 272
246 273
247 80
247 84
247 243
247 244
247 245
247 246
247 248
247 249
247 269
248 80
248 245
248 246
248 247
248 249
248 250
249 247
249 248
249 250
249 251
250 248
250 249
250 251
250 252
250 265
251 249
251 250
251 252
251 253
252 250
252 251
252 253
252 254
253 251
253 252
253 254
253 255
254 252
254 253
254 255
254 256
255 253
255 254
255 256
255 257
255 261
256 254
256 255
256 257
256 258
256 260
256 261
257 255
257 256
257 258
257 259
257 260
257 261
258 256
258 257
258 259
258 260
258 261
258 262
259 257
259 258
259 260
259 261
259 262
259 263
260 256
260 257
260 258
260 259
260 261
260 262
260 263
260 264
261 255
261 256
261 257
261 258
261 259
261 260
261 262
261 263
261 264
261 265
262 258
262 259
262 260
262 261
262 263
262 264
262 265
262 266
263 259
263 260
263 261
263 262
263 264
263 265
263 266
263 267
263 378
264 260
264 261
264 262
264 263
264 265
264 266
264 267
264 268
264 378
264 379
265 250
265 261
265 262
265 263
265 264
265 266
265 267
265 268
265 269
266 262
266 263
266 264
266 265
266 267
266 268
266 269
266 270
267 263
267 264
267 265
267 266
267 268
267 269
267 270
267 271
267 371
267 374
268 264
268 265
268 266
268 267
268 269
268 270
268 271
268 272
269 246
269 247
269 265
269 266
269 267
269 268
269 270
269 271
269 272
269 273
270 246
270 266
270 267
270 268
270 269
270 271
270 272
270 273
270 274
270 367
270 368
270 370
270 371
271 267
271 268
271 269
271 270
271 272
271 273
271 274
271 275
271 371
272 243
272 246
272 268
272 269
272 270
272 271
272 273
272 274
272 275
272 276
273 242
273 243
273 246
273 269
273 270
273 271
273 272
273 274
273 275
273 276
273 367
274 270
274 271
274 272
274 273
274 275
274 276
274 277
274 364
274 367
274 368
275 271
275 272
275 273
275 274
275 276
275 277
275 278
275 279
276 239
276 242
276 243
276 272
276 273
276 274
276 275
276 277
276 278
276 279
276 280
277 239
277 274
277 275
277 276
277 278
277 279
277 280
277 281
278 275
278 276
278 277
278 279
278 280
278 281
279 275
279 276
279 277
279 278
279 280
279 281
280 238
280 239
280 276
280 277
280 278
280 279
280 281
280 282
281 277
281 278
281 279
281 280
281 282
281 283
281 288
281 289
281 292
282 206
282 280
282 281
282 283
282 284
282 288
282 289
282 292
283 172
283 281
283 282
283 284
283 285
283 286
283 287
283 288
283 289
284 282
284 283
284 285
284 286
284 287
284 288
284 289
285 283
285 284
285 286
285 287
286 172
286 175
286 283
286 284
286 285
286 287
286 288
287 283
287 284
287 285
287 286
287 288
287 289
288 281
288 282
288 283
288 284
288 286
288 287
288 289
288 290
289 281
289 282
289 283
289 284
289 287
289 288
289 290
289 291
289 292
289 295
290 288
290 289
290 291
290 292
290 295
291 289
291 290
291 292
291 293
291 294
291 295
291 323
291 324
292 281
292 282
292 289
292 290
292 291
292 293
292 294
292 295
292 296
293 232
293 291
293 292
293 294
293 295
293 296
293 297
293 320
293 323
294 291
294 292
294 293
294 295
294 296
294 297
294 298
294 319
294 320
294 321
294 323
294 324
295 289
295 290
295 291
295 292
295 293
295 294
295 296
295 297
295 298
295 299
295 320
296 209
296 228
296 232
296 292
296 293
296 294
296 295
296 297
296 298
296 299
296 300
297 293
297 294
297 295
297 296
297 298
297 299
297 300
297 301
297 316
297 317
297 319
297 320
298 294
298 295
298 296
298 297
298 299
298 300
298 301
298 302
298 316
298 317
298 320
299 213
299 216
299 224
299 225
299 228
299 295
299 296
299 297
299 298
299 300
299 301
299 302
299 303
300 224
300 225
300 228
300 229
300 296
300 297
300 298
300 299
300 301
300 302
300 303
300 304
300 313
300 316
301 297
301 298
301 299
301 300
301 302
301 303
301 304
301 305
301 312
301 313
301 314
301 315
301 316
301 317
302 298
302 299
302 300
302 301
302 303
302 304
302 305
302 306
302 313
303 216
303 221
303 222
303 224
303 225
303 299
303 300
303 301
303 302
303 304
303 305
303 306
303 307
303 313
304 221
304 225
304 300
304 301
304 302
304 303
304 305
304 306
304 307
304 308
304 309
304 310
304 312
304 313
305 301
305 302
305 303
305 304
305 306
305 307
305 308
305 309
305 310
305 313
306 221
306 302
306 303
306 304
306 305
306 307
306 308
306 309
307 221
307 222
307 303
307 304
307 305
307 306
307 308
307 309
308 304
308 305
308 306
308 307
308 309
308 310
309 304
309 305
309 306
309 307
309 308
309 310
309 311
309 312
309 313
310 304
310 305
310 308
310 309
310 311
310 312
310 313
310 314
310 337
310 344
310 346
311 309
311 310
311 312
311 313
311 314
311 315
311 346
311 350
312 301
312 304
312 309
312 310
312 311
312 313
312 314
312 315
312 316
312 350
313 300
313 301
313 302
313 303
313 304
313 305
313 309
313 310
313 311
313 312
313 314
313 315
313 316
313 317
314 301
314 310
314 311
314 312
314 313
314 315
314 316
314 317
314 318
314 334
314 337
314 350
314 351
315 301
315 311
315 312
315 313
315 314
315 316
315 317
315 318
315 319
315 350
315 351
315 352
315 353
315 354
316 297
316 298
316 300
316 301
316 312
316 313
316 314
316 315
316 317
316 318
316 319
316 320
316 353
316 354
317 297
317 298
317 301
317 313
317 314
317 315
317 316
317 318
317 319
317 320
317 321
317 330
317 333
317 334
317 353
318 314
318 315
318 316
318 317
318 319
318 320
318 321
318 322
318 334
318 351
318 352
318 353
318 354
319 294
319 297
319 315
319 316
319 317
319 318
319 320
319 321
319 322
319 323
319 352
319 353
319 354
319 357
319 358
320 293
320 294
320 295
320 297
320 298
320 316
320 317
320 318
320 319
320 321
320 322
320 323
320 324
320 330
321 294
321 317
321 318
321 319
321 320
321 322
321 323
321 324
321 325
321 326
321 327
321 330
321 331
322 318
322 319
322 320
322 321
322 323
322 324
322 325
322 353
322 357
322 358
322 361
323 291
323 293
323 294
323 319
323 320
323 321
323 322
323 324
323 325
323 361
324 291
324 294
324 320
324 321
324 322
324 323
324 325
324 326
324 327
325 321
325 322
325 323
325 324
325 326
325 327
325 331
326 321
326 324
326 325
326 327
326 328
327 321
327 324
327 325
327 326
327 328
327 329
327 330
327 331
328 326
328 327
328 329
328 330
328 331
328 332
329 327
329 328
329 330
329 331
329 332
329 333
330 317
330 320
330 321
330 327
330 328
330 329
330 331
330 332
330 333
330 334
331 321
331 325
331 327
331 328
331 329
331 330
331 332
331 333
331 334
331 335
332 328
332 329
332 330
332 331
332 333
332 334
332 335
332 336
333 317
333 329
333 330
333 331
333 332
333 334
333 335
333 336
333 337
334 314
334 317
334 318
334 330
334 331
334 332
334 333
334 335
334 336
334 337
334 338
335 331
335 332
335 333
335 334
335 336
335 337
335 338
335 339
336 332
336 333
336 334
336 335
336 337
336 338
336 339
336 340
337 310
337 314
337 333
337 334
337 335
337 336
337 338
337 339
337 340
337 341
338 334
338 335
338 336
338 337
338 339
338 340
338 341
339 335
339 336
339 337
339 338
339 340
339 341
339 342
340 336
340 337
340 338
340 339
340 341
340 342
340 343
340 344
341 337
341 338
341 339
341 340
341 342
341 343
341 344
341 345
341 346
341 347
342 339
342 340
342 341
342 343
342 344
342 345
342 346
343 340
343 341
343 342
343 344
343 345
343 346
344 310
344 340
344 341
344 342
344 343
344 345
344 346
345 341
345 342
345 343
345 344
345 346
345 347
346 310
346 311
346 341
346 342
346 343
346 344
346 345
346 347
346 348
346 350
347 341
347 345
347 346
347 348
347 349
347 350
347 351
348 346
348 347
348 349
348 350
348 351
348 352
349 347
349 348
349 350
349 351
349 352
350 311
350 312
350 314
350 315
350 346
350 347
350 348
350 349
350 351
350 352
351 314
351 315
351 318
351 347
351 348
351 349
351 350
351 352
351 353
352 315
352 318
352 319
352 348
352 349
352 350
352 351
352 353
352 354
353 315
353 316
353 317
353 318
353 319
353 322
353 351
353 352
353 354
353 355
353 357
353 358
354 315
354 316
354 318
354 319
354 352
354 353
354 355
354 356
354 357
354 358
355 353
355 354
355 356
355 357
355 358
355 359
356 354
356 355
356 357
356 358
356 359
356 360
357 319
357 322
357 353
357 354
357 355
357 356
357 358
357 359
357 360
357 361
358 319
358 322
358 353
358 354
358 355
358 356
358 357
358 359
358 360
358 361
358 362
359 355
359 356
359 357
359 358
359 360
359 361
359 362
359 363
360 236
360 356
360 357
360 358
360 359
360 361
360 362
360 363
360 364
361 322
361 323
361 357
361 358
361 359
361 360
361 362
361 363
361 364
361 365
362 358
362 359
362 360
362 361
362 363
362 364
362 365
362 366
363 359
363 360
363 361
363 362
363 364
363 365
363 366
363 367
364 274
364 360
364 361
364 362
364 363
364 365
364 366
364 367
364 368
365 361
365 362
365 363
365 364
365 366
365 367
365 368
365 369
366 362
366 363
366 364
366 365
366 367
366 368
366 369
366 370
367 270
367 273
367 274
367 363
367 364
367 365
367 366
367 368
367 369
367 370
367 371
368 270
368 274
368 364
368 365
368 366
368 367
368 369
368 370
368 371
368 372
369 365
369 366
369 367
369 368
369 370
369 371
369 372
369 373
370 270
370 366
370 367
370 368
370 369
370 371
370 372
370 373
370 374
371 267
371 270
371 271
371 367
371 368
371 369
371 370
371 372
371 373
371 374
371 375
372 368
372 369
372 370
372 371
372 373
372 374
372 375
372 376
373 369
373 370
373 371
373 372
373 374
373 375
373 376
373 377
373 378
374 267
374 370
374 371
374 372
374 373
374 375
374 376
374 377
374 378
374 379
375 371
375 372
375 373
375 374
375 376
375 377
375 378
375 379
376 372
376 373
376 374
376 375
376 377
376 378
376 379
377 373
377 374
377 375
377 376
377 378
377 379
378 263
378 264
378 373
378 374
378 375
378 376
378 377
378 379
378 380
379 264
379 374
379 375
379 376
379 377
379 378
379 380
379 381
380 378
380 379
380 381
380 382
380 383
380 384
381 379
381 380
381 382
381 383
381 384
381 385
382 380
382 381
382 383
382 384
383 380
383 381
383 382
383 384
383 385
384 380
384 381
384 382
384 383
384 385
384 386
385 381
385 383
385 384
385 386
385 387
386 384
386 385
386 387
386 388
386 389
387 385
387 386
387 388
387 389
387 390
388 386
388 387
388 389
388 390
388 391
388 392
389 386
389 387
389 388
389 390
389 391
389 392
389 393
390 387
390 388
390 389
390 391
390 392
390 393
390 394
391 388
391 389
391 390
391 392
391 393
391 394
391 395
392 388
392 389
392 390
392 391
392 393
392 394
392 395
392 396
393 389
393 390
393 391
393 392
393 394
393 395
393 396
393 397
394 390
394 391
394 392
394 393
394 395
394 396
394 397
394 398
395 391
395 392
395 393
395 394
395 396
395 397
395 398
395 399
396 392
396 393
396 394
396 395
396 397
396 398
396 399
396 400
397 393
397 394
397 395
397 396
397 398
397 399
397 400
398 394
398 395
398 396
398 397
398 399
398 400
399 395
399 396
399 397
399 398
399 400
400 396
400 397
400 398
400 399
