0 1
0 2
0 66
0 67
0 90
1 0
1 2
1 3
1 67
2 0
2 1
2 3
2 4
2 67
2 181
3 1
3 2
3 4
3 5
3 6
3 66
3 67
3 68
3 69
3 90
3 181
4 2
4 3
4 5
4 6
4 35
4 36
4 37
4 67
4 68
5 3
5 4
5 6
5 7
5 36
5 37
5 38
5 39
5 67
5 68
5 69
6 3
6 4
6 5
6 7
6 8
6 30
6 36
6 37
6 38
6 39
6 68
6 69
6 70
6 71
7 5
7 6
7 8
7 9
7 38
7 39
7 40
7 62
7 64
7 68
7 69
7 70
7 71
8 6
8 7
8 9
8 10
8 23
8 27
8 38
8 39
8 40
8 41
8 70
8 71
8 72
9 7
9 8
9 10
9 11
9 40
9 41
9 43
9 70
9 71
9 72
9 73
9 76
9 77
9 79
9 80
10 8
10 9
10 11
10 12
10 17
10 23
10 43
10 72
10 73
10 74
10 75
10 76
11 9
11 10
11 12
11 13
11 72
11 73
11 74
11 75
11 76
11 77
12 10
12 11
12 13
12 14
12 15
12 46
12 47
12 48
12 49
12 74
12 75
12 76
13 11
13 12
13 14
13 15
13 46
13 47
13 48
14 12
14 13
14 15
14 16
14 46
14 47
15 12
15 13
15 14
15 16
15 17
15 19
15 20
15 42
15 46
16 14
16 15
16 17
16 18
16 19
16 20
16 42
17 10
17 15
17 16
17 18
17 19
17 20
17 21
17 23
17 24
17 40
17 41
17 42
18 16
18 17
18 19
18 20
18 23
18 24
18 25
18 40
18 41
19 15
19 16
19 17
19 18
19 20
19 21
19 22
19 23
19 24
20 15
20 16
20 17
20 18
20 19
20 21
20 22
20 23
20 24
20 168
21 17
21 19
21 20
21 22
21 23
21 24
21 165
21 166
21 167
21 168
21 169
22 19
22 20
22 21
22 23
22 24
22 25
22 26
22 166
22 167
22 168
22 169
22 170
23 8
23 10
23 17
23 18
23 19
23 20
23 21
23 22
23 24
23 25
23 26
23 27
23 40
23 168
24 17
24 18
24 19
24 20
24 21
24 22
24 23
24 25
24 26
24 27
24 28
24 40
25 18
25 22
25 23
25 24
25 26
25 27
25 28
25 29
25 168
25 169
25 170
26 22
26 23
26 24
26 25
26 27
26 28
26 29
26 30
26 169
26 170
26 173
26 174
27 8
27 23
27 24
27 25
27 26
27 28
27 29
27 30
27 31
27 38
27 39
27 40
28 24
28 25
28 26
28 27
28 29
28 30
28 31
28 32
28 38
29 25
29 26
29 27
29 28
29 30
29 31
29 32
29 33
29 174
30 6
30 26
30 27
30 28
30 29
30 31
30 32
30 33
30 36
30 37
30 38
30 174
30 177
31 27
31 28
31 29
31 30
31 32
31 33
31 34
31 36
31 37
31 38
32 28
32 29
32 30
32 31
32 33
32 34
32 36
33 29
33 30
33 31
33 32
33 34
33 35
33 36
34 31
34 32
34 33
34 35
34 36
35 4
35 33
35 34
35 36
35 37
36 4
36 5
36 6
36 30
36 31
36 32
36 33
36 34
36 35
36 37
36 38
37 4
37 5
37 6
37 30
37 31
37 35
37 36
37 38
37 39
38 5
38 6
38 7
38 8
38 27
38 28
38 30
38 31
38 36
38 37
38 39
38 40
39 5
39 6
39 7
39 8
39 27
39 37
39 38
39 40
39 41
39 62
40 7
40 8
40 9
40 17
40 18
40 23
40 24
40 27
40 38
40 39
40 41
40 42
41 8
41 9
41 17
41 18
41 39
41 40
41 42
41 43
41 62
42 15
42 16
42 17
42 40
42 41
42 43
42 44
42 46
43 9
43 10
43 41
43 42
43 44
43 45
43 46
43 49
43 54
43 57
44 42
44 43
44 45
44 46
44 49
44 53
44 54
44 57
45 43
45 44
45 46
45 47
45 48
45 49
45 50
45 53
45 54
46 12
46 13
46 14
46 15
46 42
46 43
46 44
46 45
46 47
46 48
46 49
47 12
47 13
47 14
47 45
47 46
47 48
47 49
48 12
48 13
48 45
48 46
48 47
48 49
48 50
48 106
48 107
48 109
48 110
49 12
49 43
49 44
49 45
49 46
49 47
49 48
49 50
49 51
49 53
49 54
49 75
49 110
50 45
50 48
50 49
50 51
50 52
50 53
50 54
50 109
50 110
50 111
50 112
51 49
51 50
51 52
51 53
51 54
51 55
51 79
51 110
51 111
51 112
52 50
52 51
52 53
52 54
52 55
52 56
52 111
53 44
53 45
53 49
53 50
53 51
53 52
53 54
53 55
53 56
53 57
54 43
54 44
54 45
54 49
54 50
54 51
54 52
54 53
54 55
54 56
54 57
54 58
54 79
55 51
55 52
55 53
55 54
55 56
55 57
55 58
55 59
55 79
55 82
55 83
56 52
56 53
56 54
56 55
56 57
56 58
56 59
56 60
56 61
57 43
57 44
57 53
57 54
57 55
57 56
57 58
57 59
57 60
57 61
57 62
58 54
58 55
58 56
58 57
58 59
58 60
58 61
58 62
58 63
58 64
59 55
59 56
59 57
59 58
59 60
59 61
59 62
59 63
59 64
59 65
60 56
60 57
60 58
60 59
60 61
60 62
60 63
60 64
61 56
61 57
61 58
61 59
61 60
61 62
61 63
62 7
62 39
62 41
62 57
62 58
62 59
62 60
62 61
62 63
62 64
63 58
63 59
63 60
63 61
63 62
63 64
63 65
64 7
64 58
64 59
64 60
64 62
64 63
64 65
64 66
64 67
64 68
64 70
64 89
65 59
65 63
65 64
65 66
65 67
65 68
65 87
65 88
65 89
65 90
66 0
66 3
66 64
66 65
66 67
66 68
66 88
66 89
66 90
67 0
67 1
67 2
67 3
67 4
67 5
67 64
67 65
67 66
67 68
67 69
67 89
67 90
68 3
68 4
68 5
68 6
68 7
68 64
68 65
68 66
68 67
68 69
68 70
68 89
68 90
68 91
69 3
69 5
69 6
69 7
69 67
69 68
69 70
69 71
69 89
69 90
69 91
69 92
69 93
70 6
70 7
70 8
70 9
70 64
70 68
70 69
70 71
70 72
70 80
70 89
70 91
70 92
70 93
71 6
71 7
71 8
71 9
71 69
71 70
71 72
71 73
71 76
71 77
71 80
71 92
71 93
71 94
71 95
72 8
72 9
72 10
72 11
72 70
72 71
72 73
72 74
72 75
72 76
72 77
72 78
72 79
72 80
72 92
72 93
72 94
72 95
73 9
73 10
73 11
73 71
73 72
73 74
73 75
73 76
73 77
73 94
73 95
73 96
73 97
74 10
74 11
74 12
74 72
74 73
74 75
74 76
74 77
74 78
74 94
74 95
74 96
74 97
74 98
75 10
75 11
75 12
75 49
75 72
75 73
75 74
75 76
75 77
75 78
75 79
75 97
76 9
76 10
76 11
76 12
76 71
76 72
76 73
76 74
76 75
76 77
76 78
76 79
76 80
77 9
77 11
77 71
77 72
77 73
77 74
77 75
77 76
77 78
77 79
77 80
77 81
77 93
77 94
77 95
77 96
77 97
78 72
78 74
78 75
78 76
78 77
78 79
78 80
78 81
78 82
78 97
78 98
78 99
78 112
79 9
79 51
79 54
79 55
79 72
79 75
79 76
79 77
79 78
79 80
79 81
79 82
79 83
79 112
80 9
80 70
80 71
80 72
80 76
80 77
80 78
80 79
80 81
80 82
80 83
80 84
80 92
80 94
81 77
81 78
81 79
81 80
81 82
81 83
81 84
81 85
81 92
81 122
82 55
82 78
82 79
82 80
82 81
82 83
82 84
82 85
82 86
82 112
82 122
83 55
83 79
83 80
83 81
83 82
83 84
83 85
83 86
83 87
84 80
84 81
84 82
84 83
84 85
84 86
84 87
84 88
84 89
84 121
84 122
84 125
84 126
85 81
85 82
85 83
85 84
85 86
85 87
85 118
85 119
85 121
85 122
85 125
86 82
86 83
86 84
86 85
86 87
86 88
86 121
86 122
86 125
87 65
87 83
87 84
87 85
87 86
87 88
87 89
87 125
88 65
88 66
88 84
88 86
88 87
88 89
88 90
88 125
88 126
89 64
89 65
89 66
89 67
89 68
89 69
89 70
89 84
89 87
89 88
89 90
89 91
89 92
89 125
89 126
89 127
90 0
90 3
90 65
90 66
90 67
90 68
90 69
90 88
90 89
90 91
90 92
90 126
90 127
90 128
91 68
91 69
91 70
91 89
91 90
91 92
91 93
91 126
91 127
91 128
91 129
91 130
92 69
92 70
92 71
92 72
92 80
92 81
92 89
92 90
92 91
92 93
92 94
92 126
92 128
92 129
92 130
93 69
93 70
93 71
93 72
93 77
93 91
93 92
93 94
93 95
93 129
93 130
93 131
93 132
94 71
94 72
94 73
94 74
94 77
94 80
94 92
94 93
94 95
94 96
94 97
94 129
94 130
94 131
94 132
95 71
95 72
95 73
95 74
95 77
95 93
95 94
95 96
95 97
95 131
95 132
95 133
95 165
96 73
96 74
96 77
96 94
96 95
96 97
96 98
96 131
96 132
96 133
96 134
96 137
96 140
96 145
96 164
96 165
97 73
97 74
97 75
97 77
97 78
97 94
97 95
97 96
97 98
97 99
97 131
97 133
97 144
97 145
97 148
98 74
98 78
98 96
98 97
98 99
98 100
98 140
98 144
98 145
98 147
98 148
99 78
99 97
99 98
99 100
99 101
99 113
99 144
99 145
99 147
99 148
100 98
100 99
100 101
100 102
100 103
100 113
100 144
101 99
101 100
101 102
101 103
101 104
101 105
101 107
101 108
101 113
102 100
102 101
102 103
102 104
102 107
103 100
103 101
103 102
103 104
103 105
103 107
103 108
104 101
104 102
104 103
104 105
104 106
104 107
104 108
105 101
105 103
105 104
105 106
105 107
105 108
105 109
106 48
106 104
106 105
106 107
106 108
106 109
106 110
107 48
107 101
107 102
107 103
107 104
107 105
107 106
107 108
107 109
107 110
107 111
107 112
107 113
108 101
108 103
108 104
108 105
108 106
108 107
108 109
108 110
108 111
108 112
108 113
108 114
109 48
109 50
109 105
109 106
109 107
109 108
109 110
109 111
110 48
110 49
110 50
110 51
110 106
110 107
110 108
110 109
110 111
110 112
110 113
111 50
111 51
111 52
111 107
111 108
111 109
111 110
111 112
111 113
111 114
112 50
112 51
112 78
112 79
112 82
112 107
112 108
112 110
112 111
112 113
112 114
112 115
113 99
113 100
113 101
113 107
113 108
113 110
113 111
113 112
113 114
113 115
113 116
114 108
114 111
114 112
114 113
114 115
114 116
115 112
115 113
115 114
115 116
115 117
116 113
116 114
116 115
116 117
116 118
117 115
117 116
117 118
117 119
118 85
118 116
118 117
118 119
118 120
118 121
118 122
119 85
119 117
119 118
119 120
119 121
119 122
119 123
119 151
119 152
120 118
120 119
120 121
120 122
120 123
120 124
120 152
121 84
121 85
121 86
121 118
121 119
121 120
121 122
121 123
121 124
121 125
122 81
122 82
122 84
122 85
122 86
122 118
122 119
122 120
122 121
122 123
122 124
122 125
122 126
122 152
123 119
123 120
123 121
123 122
123 124
123 125
123 126
123 127
123 129
123 152
124 120
124 121
124 122
124 123
124 125
124 126
124 127
125 84
125 85
125 86
125 87
125 88
125 89
125 121
125 122
125 123
125 124
125 126
125 127
126 84
126 88
126 89
126 90
126 91
126 92
126 122
126 123
126 124
126 125
126 127
126 128
126 129
127 89
127 90
127 91
127 123
127 124
127 125
127 126
127 128
127 129
128 90
128 91
128 92
128 126
128 127
128 129
128 130
128 154
129 91
129 92
129 93
129 94
129 123
129 126
129 127
129 128
129 130
129 131
129 152
129 153
129 154
129 155
130 91
130 92
130 93
130 94
130 128
130 129
130 131
130 132
130 154
130 155
130 156
130 157
131 93
131 94
131 95
131 96
131 97
131 129
131 130
131 132
131 133
131 149
131 154
131 155
131 156
131 157
132 93
132 94
132 95
132 96
132 130
132 131
132 133
132 134
132 156
132 157
132 158
132 159
133 95
133 96
133 97
133 131
133 132
133 134
133 135
133 142
133 145
133 156
133 157
133 158
133 159
134 96
134 132
134 133
134 135
134 136
134 137
134 142
134 158
134 159
134 160
134 161
134 162
134 163
134 164
135 133
135 134
135 136
135 137
135 141
135 142
135 158
135 159
135 160
135 161
135 163
136 134
136 135
136 137
136 138
136 142
136 160
136 161
136 162
136 163
136 164
137 96
137 134
137 135
137 136
137 138
137 139
137 140
137 141
137 142
137 162
137 163
137 164
138 136
138 137
138 139
138 140
138 141
138 163
138 164
139 137
139 138
139 140
139 141
139 164
140 96
140 98
140 137
140 138
140 139
140 141
140 142
140 144
140 145
140 164
141 135
141 137
141 138
141 139
141 140
141 142
141 143
141 144
141 145
142 133
142 134
142 135
142 136
142 137
142 140
142 141
142 143
142 144
142 145
142 146
143 141
143 142
143 144
143 145
143 146
143 147
144 97
144 98
144 99
144 100
144 140
144 141
144 142
144 143
144 145
144 146
144 147
144 148
145 96
145 97
145 98
145 99
145 133
145 140
145 141
145 142
145 143
145 144
145 146
145 147
145 148
145 149
146 142
146 143
146 144
146 145
146 147
146 148
146 149
146 150
147 98
147 99
147 143
147 144
147 145
147 146
147 148
147 149
147 150
147 151
148 97
148 98
148 99
148 144
148 145
148 146
148 147
148 149
148 150
148 151
148 152
148 153
148 154
149 131
149 145
149 146
149 147
149 148
149 150
149 151
149 152
149 153
149 154
149 155
149 156
150 146
150 147
150 148
150 149
150 151
150 152
150 153
150 154
151 119
151 147
151 148
151 149
151 150
151 152
151 153
151 154
152 119
152 120
152 122
152 123
152 129
152 148
152 149
152 150
152 151
152 153
152 154
153 129
153 148
153 149
153 150
153 151
153 152
153 154
153 155
154 128
154 129
154 130
154 131
154 148
154 149
154 150
154 151
154 152
154 153
154 155
154 156
155 129
155 130
155 131
155 149
155 153
155 154
155 156
155 157
156 130
156 131
156 132
156 133
156 149
156 154
156 155
156 157
156 158
157 130
157 131
157 132
157 133
157 155
157 156
157 158
157 159
158 132
158 133
158 134
158 135
158 156
158 157
158 159
158 160
159 132
159 133
159 134
159 135
159 157
159 158
159 160
159 161
159 162
160 134
160 135
160 136
160 158
160 159
160 161
160 162
160 163
161 134
161 135
161 136
161 159
161 160
161 162
161 163
162 134
162 136
162 137
162 159
162 160
162 161
162 163
162 164
162 165
163 134
163 135
163 136
163 137
163 138
163 160
163 161
163 162
163 164
163 165
163 166
164 96
164 134
164 136
164 137
164 138
164 139
164 140
164 162
164 163
164 165
164 166
165 21
165 95
165 96
165 162
165 163
165 164
165 166
165 167
166 21
166 22
166 163
166 164
166 165
166 167
166 168
167 21
167 22
167 165
167 166
167 168
167 169
167 170
168 20
168 21
168 22
168 23
168 25
168 166
168 167
168 169
168 170
169 21
169 22
169 25
169 26
169 167
169 168
169 170
169 171
170 22
170 25
170 26
170 167
170 168
170 169
170 171
170 172
170 173
170 174
171 169
171 170
171 172
171 173
171 174
171 175
172 170
172 171
172 173
172 174
172 175
172 176
173 26
173 170
173 171
173 172
173 174
173 175
173 176
173 177
174 26
174 29
174 30
174 170
174 171
174 172
174 173
174 175
174 176
174 177
174 178
174 185
175 171
175 172
175 173
175 174
175 176
175 177
175 178
175 179
175 185
176 172
176 173
176 174
176 175
176 177
176 178
176 179
176 180
177 30
177 173
177 174
177 175
177 176
177 178
177 179
177 180
177 181
178 174
178 175
178 176
178 177
178 179
178 180
178 181
178 182
178 183
178 184
178 185
179 175
179 176
179 177
179 178
179 180
179 181
179 182
179 183
179 184
179 185
180 176
180 177
180 178
180 179
180 181
180 182
180 183
181 2
181 3
181 177
181 178
181 179
181 180
181 182
181 183
182 178
182 179
182 180
182 181
182 183
182 184
183 178
183 179
183 180
183 181
183 182
183 184
183 185
184 178
184 179
184 182
184 183
184 185
185 174
185 175
185 178
185 179
185 183
185 184
