0 1
0 2
1 0
1 2
1 3
1 5
1 6
2 0
2 1
2 3
2 4
2 5
2 6
3 1
3 2
3 4
3 5
3 6
3 7
4 2
4 3
4 5
4 6
4 7
4 8
5 1
5 2
5 3
5 4
5 6
5 7
5 8
5 9
6 1
6 2
6 3
6 4
6 5
6 7
6 8
6 9
6 10
7 3
7 4
7 5
7 6
7 8
7 9
7 10
7 11
8 4
8 5
8 6
8 7
8 9
8 10
8 11
8 12
9 5
9 6
9 7
9 8
9 10
9 11
9 12
9 13
10 6
10 7
10 8
10 9
10 11
10 12
10 13
10 14
11 7
11 8
11 9
11 10
11 12
11 13
11 14
11 15
12 8
12 9
12 10
12 11
12 13
12 14
12 15
12 16
13 9
13 10
13 11
13 12
13 14
13 15
13 16
13 17
14 10
14 11
14 12
14 13
14 15
14 16
14 17
14 18
15 11
15 12
15 13
15 14
15 16
15 17
15 18
15 19
16 12
16 13
16 14
16 15
16 17
16 18
16 19
16 20
17 13
17 14
17 15
17 16
17 18
17 19
17 20
17 21
18 14
18 15
18 16
18 17
18 19
18 20
18 21
18 22
19 15
19 16
19 17
19 18
19 20
19 21
19 22
19 23
20 16
20 17
20 18
20 19
20 21
20 22
20 23
20 24
21 17
21 18
21 19
21 20
21 22
21 23
21 24
21 25
21 130
22 18
22 19
22 20
22 21
22 23
22 24
22 25
22 26
23 19
23 20
23 21
23 22
23 24
23 25
23 26
23 27
24 20
24 21
24 22
24 23
24 25
24 26
24 27
24 28
25 21
25 22
25 23
25 24
25 26
25 27
25 28
25 29
26 22
26 23
26 24
26 25
26 27
26 28
26 29
26 30
27 23
27 24
27 25
27 26
27 28
27 29
27 30
27 31
28 24
28 25
28 26
28 27
28 29
28 30
28 31
28 32
28 134
29 25
29 26
29 27
29 28
29 30
29 31
29 32
29 33
30 26
30 27
30 28
30 29
30 31
30 32
30 33
30 34
31 27
31 28
31 29
31 30
31 32
31 33
31 34
31 35
32 28
32 29
32 30
32 31
32 33
32 34
32 35
33 29
33 30
33 31
33 32
33 34
33 35
33 36
34 30
34 31
34 32
34 33
34 35
34 36
35 31
35 32
35 33
35 34
35 36
35 37
35 38
36 33
36 34
36 35
36 37
36 38
37 35
37 36
37 38
37 39
37 40
38 35
38 36
38 37
38 39
38 40
39 37
39 38
39 40
39 41
40 37
40 38
40 39
40 41
40 42
40 43
41 39
41 40
41 42
41 43
42 40
42 41
42 43
42 44
42 168
43 40
43 41
43 42
43 44
43 45
44 42
44 43
44 45
44 46
45 43
45 44
45 46
45 47
45 171
46 44
46 45
46 47
46 48
46 171
47 45
47 46
47 48
47 49
47 83
47 171
48 46
48 47
48 49
48 50
48 81
48 82
48 83
48 106
48 107
49 47
49 48
49 50
49 51
49 81
50 48
50 49
50 51
50 52
50 81
51 49
51 50
51 52
51 53
51 54
51 77
51 78
51 80
51 81
52 50
52 51
52 53
52 54
52 77
53 51
53 52
53 54
53 55
53 77
54 51
54 52
54 53
54 55
54 56
54 58
54 59
54 73
54 77
55 53
55 54
55 56
55 57
55 58
55 59
56 54
56 55
56 57
56 58
56 59
56 60
57 55
57 56
57 58
57 59
57 60
57 61
58 54
58 55
58 56
58 57
58 59
58 60
58 61
58 62
58 63
59 54
59 55
59 56
59 57
59 58
59 60
59 61
59 62
59 63
59 66
60 56
60 57
60 58
60 59
60 61
60 62
60 63
61 57
61 58
61 59
61 60
61 62
61 63
61 64
62 58
62 59
62 60
62 61
62 63
62 64
62 65
62 66
62 76
62 103
62 104
63 58
63 59
63 60
63 61
63 62
63 64
63 65
63 66
63 67
64 61
64 62
64 63
64 65
64 66
64 67
64 68
65 62
65 63
65 64
65 66
65 67
65 68
65 71
65 72
65 76
65 103
66 59
66 62
66 63
66 64
66 65
66 67
66 68
66 69
66 71
66 72
66 73
66 76
67 63
67 64
67 65
67 66
67 68
67 69
67 71
67 72
68 64
68 65
68 66
68 67
68 69
68 70
68 71
68 72
69 66
69 67
69 68
69 70
69 71
69 72
70 68
70 69
70 71
70 72
70 75
70 266
71 65
71 66
71 67
71 68
71 69
71 70
71 72
71 73
71 74
71 75
71 76
71 264
71 266
72 65
72 66
72 67
72 68
72 69
72 70
72 71
72 73
72 74
72 75
72 76
73 54
73 66
73 71
73 72
73 74
73 75
73 76
73 77
74 71
74 72
74 73
74 75
74 76
74 77
74 78
74 264
75 70
75 71
75 72
75 73
75 74
75 76
75 77
75 78
75 79
75 264
75 265
76 62
76 65
76 66
76 71
76 72
76 73
76 74
76 75
76 77
76 78
76 79
76 80
76 104
76 264
77 51
77 52
77 53
77 54
77 73
77 74
77 75
77 76
77 78
77 79
77 80
77 81
78 51
78 74
78 75
78 76
78 77
78 79
78 80
78 81
78 82
78 263
78 264
78 265
79 75
79 76
79 77
79 78
79 80
79 81
79 82
79 103
79 104
79 105
79 106
79 260
79 263
79 264
80 51
80 76
80 77
80 78
80 79
80 81
80 82
80 104
80 105
80 106
80 107
81 48
81 49
81 50
81 51
81 77
81 78
81 79
81 80
81 82
81 83
81 105
81 106
81 107
82 48
82 78
82 79
82 80
82 81
82 83
82 84
82 105
82 106
82 107
82 172
82 173
82 263
83 47
83 48
83 81
83 82
83 84
83 85
83 105
83 106
83 107
83 108
83 109
83 171
83 172
83 173
83 174
84 82
84 83
84 85
84 86
84 105
84 107
84 108
84 109
84 172
84 173
84 174
84 175
84 176
85 83
85 84
85 86
85 87
85 108
85 109
85 110
85 111
85 169
85 172
85 173
85 174
85 175
85 176
86 84
86 85
86 87
86 88
86 89
86 93
86 97
86 108
86 109
86 110
86 111
86 175
86 176
86 177
86 178
87 85
87 86
87 88
87 89
87 93
87 110
87 111
87 112
87 160
87 175
87 176
87 177
87 178
87 179
88 86
88 87
88 89
88 90
88 92
88 93
88 110
88 111
88 112
88 177
88 178
88 179
89 86
89 87
89 88
89 90
89 91
89 92
89 93
89 94
89 110
89 111
89 112
89 124
89 136
89 137
89 140
89 178
90 88
90 89
90 91
90 92
90 93
90 94
90 120
90 123
90 124
90 136
90 178
90 179
91 89
91 90
91 92
91 93
91 94
91 95
91 120
91 123
91 124
91 125
91 178
91 245
91 248
91 249
91 252
92 88
92 89
92 90
92 91
92 93
92 94
92 95
92 96
92 124
92 178
92 202
92 203
92 248
92 249
92 251
92 252
93 86
93 87
93 88
93 89
93 90
93 91
93 92
93 94
93 95
93 96
93 97
93 178
93 252
94 89
94 90
94 91
94 92
94 93
94 95
94 96
94 97
94 98
94 124
94 125
94 126
94 127
94 140
94 249
94 252
95 91
95 92
95 93
95 94
95 96
95 97
95 98
95 99
95 125
95 126
95 249
95 252
95 253
95 256
96 92
96 93
96 94
96 95
96 97
96 98
96 99
96 100
96 252
96 253
96 255
96 256
97 86
97 93
97 94
97 95
97 96
97 98
97 99
97 100
97 101
97 108
97 144
97 256
98 94
98 95
98 96
98 97
98 99
98 100
98 101
98 102
98 126
98 144
98 147
99 95
99 96
99 97
99 98
99 100
99 101
99 102
99 103
99 253
99 256
100 96
100 97
100 98
100 99
100 101
100 102
100 103
100 104
100 105
100 256
100 260
101 97
101 98
101 99
101 100
101 102
101 103
101 104
101 105
101 108
101 144
101 147
101 148
101 151
102 98
102 99
102 100
102 101
102 103
102 104
102 105
102 147
102 148
103 62
103 65
103 79
103 99
103 100
103 101
103 102
103 104
103 105
104 62
104 76
104 79
104 80
104 100
104 101
104 102
104 103
104 105
104 106
104 148
104 150
104 151
105 79
105 80
105 81
105 82
105 83
105 84
105 100
105 101
105 102
105 103
105 104
105 106
105 107
105 108
105 151
106 48
106 79
106 80
106 81
106 82
106 83
106 104
106 105
106 107
106 108
106 150
106 151
106 152
107 48
107 80
107 81
107 82
107 83
107 84
107 105
107 106
107 108
107 109
107 151
107 152
107 153
107 154
108 83
108 84
108 85
108 86
108 97
108 101
108 105
108 106
108 107
108 109
108 110
108 151
108 152
108 153
108 154
109 83
109 84
109 85
109 86
109 107
109 108
109 110
109 111
109 153
109 154
109 155
109 156
109 172
110 85
110 86
110 87
110 88
110 89
110 108
110 109
110 111
110 112
110 137
110 140
110 141
110 153
110 154
110 155
110 156
111 85
111 86
111 87
111 88
111 89
111 109
111 110
111 112
111 113
111 137
111 155
111 156
111 157
111 158
111 159
111 160
112 87
112 88
112 89
112 110
112 111
112 113
112 114
112 135
112 136
112 137
112 155
112 156
112 157
112 158
112 159
113 111
113 112
113 114
113 115
113 135
113 136
113 137
113 156
113 157
113 158
113 159
114 112
114 113
114 115
114 116
114 135
114 136
114 157
115 113
115 114
115 116
115 117
115 132
115 133
115 134
115 135
115 136
116 114
116 115
116 117
116 118
116 120
116 121
116 127
116 131
116 132
116 133
116 134
116 135
116 136
116 139
117 115
117 116
117 118
117 119
117 120
117 121
117 132
117 133
118 116
118 117
118 119
118 120
118 121
118 129
118 132
119 117
119 118
119 120
119 121
119 122
119 459
120 90
120 91
120 116
120 117
120 118
120 119
120 121
120 122
120 123
120 124
121 116
121 117
121 118
121 119
121 120
121 122
121 123
121 124
121 125
121 127
121 128
121 129
122 119
122 120
122 121
122 123
122 124
122 125
122 245
123 90
123 91
123 120
123 121
123 122
123 124
123 125
123 244
123 245
123 246
123 248
123 249
124 89
124 90
124 91
124 92
124 94
124 120
124 121
124 122
124 123
124 125
124 126
124 127
124 245
125 91
125 94
125 95
125 121
125 122
125 123
125 124
125 126
125 127
125 128
126 94
126 95
126 98
126 124
126 125
126 127
126 128
126 139
126 140
126 143
126 144
127 94
127 116
127 121
127 124
127 125
127 126
127 128
127 129
127 131
127 136
127 139
127 140
127 143
128 121
128 125
128 126
128 127
128 129
128 130
128 131
128 132
129 118
129 121
129 127
129 128
129 130
129 131
129 132
130 21
130 128
130 129
130 131
130 132
131 116
131 127
131 128
131 129
131 130
131 132
131 133
131 134
131 139
132 115
132 116
132 117
132 118
132 128
132 129
132 130
132 131
132 133
132 134
133 115
133 116
133 117
133 131
133 132
133 134
133 135
134 28
134 115
134 116
134 131
134 132
134 133
134 135
134 136
134 138
134 139
135 112
135 113
135 114
135 115
135 116
135 133
135 134
135 136
135 137
135 138
135 139
135 157
136 89
136 90
136 112
136 113
136 114
136 115
136 116
136 127
136 134
136 135
136 137
136 138
136 139
136 140
136 157
137 89
137 110
137 111
137 112
137 113
137 135
137 136
137 138
137 139
137 140
137 141
137 155
137 156
137 157
138 134
138 135
138 136
138 137
138 139
138 140
138 141
138 142
138 155
138 156
138 157
139 116
139 126
139 127
139 131
139 134
139 135
139 136
139 137
139 138
139 140
139 141
139 142
139 143
140 89
140 94
140 110
140 126
140 127
140 136
140 137
140 138
140 139
140 141
140 142
140 143
140 144
140 155
141 110
141 137
141 138
141 139
141 140
141 142
141 143
141 144
141 145
141 153
141 154
141 155
142 138
142 139
142 140
142 141
142 143
142 144
142 145
142 146
143 126
143 127
143 139
143 140
143 141
143 142
143 144
143 145
143 146
143 147
144 97
144 98
144 101
144 126
144 140
144 141
144 142
144 143
144 145
144 146
144 147
144 148
144 149
144 151
144 153
145 141
145 142
145 143
145 144
145 146
145 147
145 148
145 149
145 150
145 151
145 152
145 153
146 142
146 143
146 144
146 145
146 147
146 148
146 149
147 98
147 101
147 102
147 143
147 144
147 145
147 146
147 148
147 149
148 101
148 102
148 104
148 144
148 145
148 146
148 147
148 149
148 150
148 151
149 144
149 145
149 146
149 147
149 148
149 150
149 151
149 152
150 104
150 106
150 145
150 148
150 149
150 151
150 152
151 101
151 104
151 105
151 106
151 107
151 108
151 144
151 145
151 148
151 149
151 150
151 152
151 153
152 106
152 107
152 108
152 145
152 149
152 150
152 151
152 153
152 154
153 107
153 108
153 109
153 110
153 141
153 144
153 145
153 151
153 152
153 154
153 155
154 107
154 108
154 109
154 110
154 141
154 152
154 153
154 155
154 156
155 109
155 110
155 111
155 112
155 137
155 138
155 140
155 141
155 153
155 154
155 156
155 157
156 109
156 110
156 111
156 112
156 113
156 137
156 138
156 154
156 155
156 157
156 158
157 111
157 112
157 113
157 114
157 135
157 136
157 137
157 138
157 155
157 156
157 158
157 159
158 111
158 112
158 113
158 156
158 157
158 159
158 160
159 111
159 112
159 113
159 157
159 158
159 160
159 161
160 87
160 111
160 158
160 159
160 161
160 162
160 164
160 165
160 184
161 159
161 160
161 162
161 163
161 164
161 165
161 187
162 160
162 161
162 163
162 164
162 165
162 166
162 187
162 308
162 309
162 310
162 311
163 161
163 162
163 164
163 165
163 166
163 308
164 160
164 161
164 162
164 163
164 165
164 166
164 167
164 168
165 160
165 161
165 162
165 163
165 164
165 166
165 167
165 168
165 169
165 187
165 188
165 191
166 162
166 163
166 164
166 165
166 167
166 168
166 169
166 170
166 191
166 192
166 194
166 195
166 308
167 164
167 165
167 166
167 168
167 169
167 170
167 171
168 42
168 164
168 165
168 166
168 167
168 169
168 170
168 171
168 172
169 85
169 165
169 166
169 167
169 168
169 170
169 171
169 172
169 175
169 191
169 192
169 195
169 197
170 166
170 167
170 168
170 169
170 171
170 172
170 173
170 192
170 195
170 196
170 197
171 45
171 46
171 47
171 83
171 167
171 168
171 169
171 170
171 172
171 173
172 82
172 83
172 84
172 85
172 109
172 168
172 169
172 170
172 171
172 173
172 174
172 175
172 197
173 82
173 83
173 84
173 85
173 170
173 171
173 172
173 174
173 175
173 197
173 198
173 263
174 83
174 84
174 85
174 172
174 173
174 175
174 176
174 197
174 198
174 199
174 200
174 259
174 262
174 263
175 84
175 85
175 86
175 87
175 169
175 172
175 173
175 174
175 176
175 177
175 192
175 197
175 198
175 199
175 200
176 84
176 85
176 86
176 87
176 174
176 175
176 177
176 178
176 199
176 200
176 201
176 255
176 259
177 86
177 87
177 88
177 175
177 176
177 178
177 179
177 185
177 188
177 199
177 200
177 201
177 202
178 86
178 87
178 88
178 89
178 90
178 91
178 92
178 93
178 176
178 177
178 179
178 180
178 201
178 202
178 203
179 87
179 88
179 90
179 177
179 178
179 180
179 181
179 184
179 185
179 203
180 178
180 179
180 181
180 182
180 184
180 203
180 237
180 238
180 321
181 179
181 180
181 182
181 183
181 184
181 185
181 237
181 318
181 319
181 320
181 321
182 180
182 181
182 183
182 184
182 185
182 186
182 229
182 315
182 317
182 319
183 181
183 182
183 184
183 185
183 186
183 187
183 311
183 312
183 314
183 315
183 317
183 318
183 319
184 160
184 179
184 180
184 181
184 182
184 183
184 185
184 186
184 187
184 188
184 311
184 319
185 177
185 179
185 181
185 182
185 183
185 184
185 186
185 187
185 188
185 189
186 182
186 183
186 184
186 185
186 187
186 188
186 189
186 190
186 222
186 223
186 311
187 161
187 162
187 165
187 183
187 184
187 185
187 186
187 188
187 189
187 190
187 191
187 308
187 309
187 311
188 165
188 177
188 184
188 185
188 186
188 187
188 189
188 190
188 191
188 192
189 185
189 186
189 187
189 188
189 190
189 191
189 192
189 193
189 199
189 221
189 222
189 223
190 186
190 187
190 188
190 189
190 191
190 192
190 193
190 194
190 298
190 305
190 308
191 165
191 166
191 169
191 187
191 188
191 189
191 190
191 192
191 193
191 194
191 195
191 308
192 166
192 169
192 170
192 175
192 188
192 189
192 190
192 191
192 193
192 194
192 195
192 196
192 197
192 198
192 199
192 215
193 189
193 190
193 191
193 192
193 194
193 195
193 196
193 197
193 198
193 215
193 221
193 298
193 299
194 166
194 190
194 191
194 192
194 193
194 195
194 196
194 197
194 298
194 306
194 307
195 166
195 169
195 170
195 191
195 192
195 193
195 194
195 196
195 197
196 170
196 192
196 193
196 194
196 195
196 197
196 198
196 215
197 169
197 170
197 172
197 173
197 174
197 175
197 192
197 193
197 194
197 195
197 196
197 198
197 199
197 215
197 216
198 173
198 174
198 175
198 192
198 193
198 196
198 197
198 199
198 200
198 213
198 214
198 215
198 216
199 174
199 175
199 176
199 177
199 189
199 192
199 197
199 198
199 200
199 201
199 213
199 214
199 215
199 216
200 174
200 175
200 176
200 177
200 198
200 199
200 201
200 202
200 211
200 212
200 213
200 214
200 255
200 258
200 259
201 176
201 177
201 178
201 199
201 200
201 202
201 203
201 211
201 212
201 213
201 214
201 255
202 92
202 177
202 178
202 200
202 201
202 203
202 204
202 209
202 210
202 211
202 212
202 251
202 252
202 255
203 92
203 178
203 179
203 180
203 201
203 202
203 204
203 205
203 209
203 210
203 211
203 248
203 251
204 202
204 203
204 205
204 206
204 207
204 208
204 209
204 210
204 238
204 243
204 247
204 248
204 251
205 203
205 204
205 206
205 207
205 208
205 209
205 237
205 238
205 241
205 242
205 243
205 244
206 204
206 205
206 207
206 208
206 238
206 241
206 242
206 243
206 244
206 247
207 204
207 205
207 206
207 208
207 209
207 243
207 244
207 247
207 278
207 279
207 280
208 204
208 205
208 206
208 207
208 209
208 210
208 247
208 276
208 277
208 278
208 279
208 280
209 202
209 203
209 204
209 205
209 207
209 208
209 210
209 211
209 247
209 248
209 251
209 276
209 277
209 278
210 202
210 203
210 204
210 208
210 209
210 211
210 212
210 251
210 274
210 275
210 276
210 277
211 200
211 201
211 202
211 203
211 209
211 210
211 212
211 213
211 251
211 254
211 255
211 270
211 274
211 275
211 276
212 200
212 201
212 202
212 210
212 211
212 213
212 214
212 270
212 271
212 272
212 273
212 274
212 275
213 198
213 199
213 200
213 201
213 211
213 212
213 214
213 215
213 216
213 258
213 268
213 269
213 270
213 271
213 272
213 273
214 198
214 199
214 200
214 201
214 212
214 213
214 215
214 216
214 219
214 220
214 221
214 222
214 271
214 272
215 192
215 193
215 196
215 197
215 198
215 199
215 213
215 214
215 216
215 217
215 218
215 219
215 220
215 221
215 271
216 197
216 198
216 199
216 213
216 214
216 215
216 217
216 218
216 219
216 220
216 271
217 215
217 216
217 218
217 219
218 215
218 216
218 217
218 219
218 220
218 292
219 214
219 215
219 216
219 217
219 218
219 220
219 221
219 271
219 272
219 291
219 292
220 214
220 215
220 216
220 218
220 219
220 221
220 222
220 223
220 224
220 225
220 271
220 272
220 290
220 291
220 292
220 293
220 299
221 189
221 193
221 214
221 215
221 219
221 220
221 222
221 223
221 224
221 225
221 292
221 298
221 299
222 186
222 189
222 214
222 220
222 221
222 223
222 224
222 225
222 226
222 227
223 186
223 189
223 220
223 221
223 222
223 224
223 225
223 226
223 227
223 228
223 296
223 297
223 298
224 220
224 221
224 222
224 223
224 225
224 226
224 227
224 290
224 291
224 292
224 293
224 296
225 220
225 221
225 222
225 223
225 224
225 226
225 227
225 289
225 290
226 222
226 223
226 224
226 225
226 227
226 228
226 229
227 222
227 223
227 224
227 225
227 226
227 228
227 229
227 296
227 297
228 223
228 226
228 227
228 229
228 230
229 182
229 226
229 227
229 228
229 230
229 231
229 232
229 314
229 315
230 228
230 229
230 231
230 232
230 234
230 235
230 315
231 229
231 230
231 232
231 233
231 234
231 235
231 315
231 316
232 229
232 230
232 231
232 233
232 234
232 235
232 315
232 316
232 317
233 231
233 232
233 234
233 235
234 230
234 231
234 232
234 233
234 235
234 236
235 230
235 231
235 232
235 233
235 234
235 236
235 237
236 234
236 235
236 237
236 238
236 240
236 241
237 180
237 181
237 205
237 235
237 236
237 238
237 239
237 240
237 241
237 242
238 180
238 204
238 205
238 206
238 236
238 237
238 239
238 240
238 241
238 242
238 243
239 237
239 238
239 240
239 241
239 242
239 243
239 321
240 236
240 237
240 238
240 239
240 241
240 242
241 205
241 206
241 236
241 237
241 238
241 239
241 240
241 242
241 243
242 205
242 206
242 237
242 238
242 239
242 240
242 241
242 243
242 244
243 204
243 205
243 206
243 207
243 238
243 239
243 241
243 242
243 244
243 245
243 247
243 248
244 123
244 205
244 206
244 207
244 242
244 243
244 245
244 246
244 247
244 248
245 91
245 122
245 123
245 124
245 243
245 244
245 246
245 247
245 248
245 249
246 123
246 244
246 245
246 247
246 248
246 249
246 250
247 204
247 206
247 207
247 208
247 209
247 243
247 244
247 245
247 246
247 248
247 249
247 250
247 251
247 279
248 91
248 92
248 123
248 203
248 204
248 209
248 243
248 244
248 245
248 246
248 247
248 249
248 250
248 251
248 252
249 91
249 92
249 94
249 95
249 123
249 245
249 246
249 247
249 248
249 250
249 251
249 252
249 253
250 246
250 247
250 248
250 249
250 251
250 252
250 253
250 254
251 92
251 202
251 203
251 204
251 209
251 210
251 211
251 247
251 248
251 249
251 250
251 252
251 253
251 254
251 255
252 91
252 92
252 93
252 94
252 95
252 96
252 202
252 248
252 249
252 250
252 251
252 253
252 254
252 255
252 256
253 95
253 96
253 99
253 249
253 250
253 251
253 252
253 254
253 255
253 256
253 257
254 211
254 250
254 251
254 252
254 253
254 255
254 256
254 257
254 258
255 96
255 176
255 200
255 201
255 202
255 211
255 251
255 252
255 253
255 254
255 256
255 257
255 258
255 259
256 95
256 96
256 97
256 99
256 100
256 252
256 253
256 254
256 255
256 257
256 258
256 259
256 260
257 253
257 254
257 255
257 256
257 258
257 259
257 260
257 261
258 200
258 213
258 254
258 255
258 256
258 257
258 259
258 260
258 261
258 262
258 267
258 268
258 269
258 270
259 174
259 176
259 200
259 255
259 256
259 257
259 258
259 260
259 261
259 262
259 263
259 268
260 79
260 100
260 256
260 257
260 258
260 259
260 261
260 262
260 263
260 264
261 257
261 258
261 259
261 260
261 262
261 263
261 264
261 265
261 266
261 267
261 268
262 174
262 258
262 259
262 260
262 261
262 263
262 264
262 265
262 266
262 267
262 268
263 78
263 79
263 82
263 173
263 174
263 259
263 260
263 261
263 262
263 264
263 265
263 266
264 71
264 74
264 75
264 76
264 78
264 79
264 260
264 261
264 262
264 263
264 265
264 266
265 75
265 78
265 261
265 262
265 263
265 264
265 266
265 267
266 70
266 71
266 261
266 262
266 263
266 264
266 265
266 267
266 268
267 258
267 261
267 262
267 265
267 266
267 268
267 269
268 213
268 258
268 259
268 261
268 262
268 266
268 267
268 269
268 270
268 271
269 213
269 258
269 267
269 268
269 270
269 271
269 273
270 211
270 212
270 213
270 258
270 268
270 269
270 271
270 272
270 273
270 274
270 275
271 212
271 213
271 214
271 215
271 216
271 219
271 220
271 268
271 269
271 270
271 272
271 273
271 274
272 212
272 213
272 214
272 219
272 220
272 270
272 271
272 273
272 274
272 288
272 289
272 290
272 291
273 212
273 213
273 269
273 270
273 271
273 272
273 274
273 275
273 286
273 287
273 288
273 289
274 210
274 211
274 212
274 270
274 271
274 272
274 273
274 275
274 276
274 286
274 287
274 288
274 289
275 210
275 211
275 212
275 270
275 273
275 274
275 276
275 277
275 284
275 285
275 286
275 287
276 208
276 209
276 210
276 211
276 274
276 275
276 277
276 278
276 284
276 285
276 286
276 287
277 208
277 209
277 210
277 275
277 276
277 278
277 279
277 282
277 283
277 284
277 285
278 207
278 208
278 209
278 276
278 277
278 279
278 280
278 281
278 282
278 283
278 284
279 207
279 208
279 247
279 277
279 278
279 280
279 281
279 282
279 283
280 207
280 208
280 278
280 279
280 281
280 282
281 278
281 279
281 280
281 282
281 283
282 277
282 278
282 279
282 280
282 281
282 283
282 284
283 277
283 278
283 279
283 281
283 282
283 284
283 285
284 275
284 276
284 277
284 278
284 282
284 283
284 285
284 286
285 275
285 276
285 277
285 283
285 284
285 286
285 287
286 273
286 274
286 275
286 276
286 284
286 285
286 287
286 288
287 273
287 274
287 275
287 276
287 285
287 286
287 288
287 289
288 272
288 273
288 274
288 286
288 287
288 289
288 290
289 225
289 272
289 273
289 274
289 287
289 288
289 290
289 291
290 220
290 224
290 225
290 272
290 288
290 289
290 291
290 292
291 219
291 220
291 224
291 272
291 289
291 290
291 292
291 293
292 218
292 219
292 220
292 221
292 224
292 290
292 291
292 293
292 294
292 296
292 299
292 300
293 220
293 224
293 291
293 292
293 294
293 295
293 296
293 299
293 300
294 292
294 293
294 295
294 296
294 299
294 300
294 301
294 302
295 293
295 294
295 296
295 297
295 300
295 301
295 302
295 303
296 223
296 224
296 227
296 292
296 293
296 294
296 295
296 297
296 298
296 299
296 300
296 301
296 302
296 303
297 223
297 227
297 295
297 296
297 298
297 299
297 300
297 302
297 303
297 304
297 305
298 190
298 193
298 194
298 221
298 223
298 296
298 297
298 299
298 300
298 303
298 304
298 305
298 306
299 193
299 220
299 221
299 292
299 293
299 294
299 296
299 297
299 298
299 300
299 301
299 303
300 292
300 293
300 294
300 295
300 296
300 297
300 298
300 299
300 301
300 302
300 303
301 294
301 295
301 296
301 299
301 300
301 302
301 303
302 294
302 295
302 296
302 297
302 300
302 301
302 303
302 304
303 295
303 296
303 297
303 298
303 299
303 300
303 301
303 302
303 304
303 305
303 306
304 297
304 298
304 302
304 303
304 305
304 306
305 190
305 297
305 298
305 303
305 304
305 306
305 307
305 308
306 194
306 298
306 303
306 304
306 305
306 307
306 308
307 194
307 305
307 306
307 308
307 309
308 162
308 163
308 166
308 187
308 190
308 191
308 305
308 306
308 307
308 309
308 310
309 162
309 187
309 307
309 308
309 310
309 311
309 314
310 162
310 308
310 309
310 311
310 312
310 313
310 314
311 162
311 183
311 184
311 186
311 187
311 309
311 310
311 312
311 313
311 314
311 315
311 319
312 183
312 310
312 311
312 313
312 314
312 315
312 316
312 317
312 318
312 319
313 310
313 311
313 312
313 314
313 315
313 316
313 317
314 183
314 229
314 309
314 310
314 311
314 312
314 313
314 315
314 316
315 182
315 183
315 229
315 230
315 231
315 232
315 311
315 312
315 313
315 314
315 316
315 317
316 231
316 232
316 312
316 313
316 314
316 315
316 317
316 318
317 182
317 183
317 232
317 312
317 313
317 315
317 316
317 318
317 319
317 324
318 181
318 183
318 312
318 316
318 317
318 319
318 320
318 321
318 324
319 181
319 182
319 183
319 184
319 311
319 312
319 317
319 318
319 320
319 321
320 181
320 318
320 319
320 321
320 322
320 323
321 180
321 181
321 239
321 318
321 319
321 320
321 322
321 323
321 324
322 320
322 321
322 323
322 324
323 320
323 321
323 322
323 324
323 325
323 413
324 317
324 318
324 321
324 322
324 323
324 325
324 326
325 323
325 324
325 326
325 327
325 414
325 415
326 324
326 325
326 327
326 328
326 415
326 418
327 325
327 326
327 328
327 329
327 330
328 326
328 327
328 329
328 330
328 418
328 419
329 327
329 328
329 330
329 331
329 333
329 334
329 418
330 327
330 328
330 329
330 331
330 332
330 333
330 334
331 329
331 330
331 332
331 333
331 334
331 335
332 330
332 331
332 333
332 334
332 335
332 439
333 329
333 330
333 331
333 332
333 334
333 335
333 438
333 439
333 440
334 329
334 330
334 331
334 332
334 333
334 335
334 336
334 439
334 440
334 441
334 442
335 331
335 332
335 333
335 334
335 336
335 337
335 339
335 340
335 439
335 440
335 441
335 442
336 334
336 335
336 337
336 338
336 339
336 340
336 441
336 442
336 443
337 335
337 336
337 338
337 339
337 340
337 341
337 441
337 442
337 443
337 444
337 447
337 448
337 451
337 452
338 336
338 337
338 339
338 340
338 341
338 342
338 451
338 452
339 335
339 336
339 337
339 338
339 340
339 341
339 342
339 343
340 335
340 336
340 337
340 338
340 339
340 341
340 342
340 343
340 344
340 441
341 337
341 338
341 339
341 340
341 342
341 343
341 344
341 345
341 452
342 338
342 339
342 340
342 341
342 343
342 344
342 345
342 346
343 339
343 340
343 341
343 342
343 344
343 345
343 346
343 347
343 348
344 340
344 341
344 342
344 343
344 345
344 346
344 347
344 348
345 341
345 342
345 343
345 344
345 346
345 347
345 348
346 342
346 343
346 344
346 345
346 347
346 348
347 343
347 344
347 345
347 346
347 348
347 349
348 343
348 344
348 345
348 346
348 347
348 349
348 350
349 347
349 348
349 350
349 351
349 395
349 406
350 348
350 349
350 351
350 352
350 405
350 406
350 407
350 408
351 349
351 350
351 352
351 353
351 369
351 370
351 391
351 392
351 405
351 406
351 407
351 408
352 350
352 351
352 353
352 354
352 368
352 369
352 370
352 407
352 408
352 409
352 410
353 351
353 352
353 354
353 355
353 369
353 370
353 371
353 372
353 407
353 408
353 409
353 410
354 352
354 353
354 355
354 356
354 365
354 369
354 370
354 371
354 372
354 373
354 409
354 410
354 411
355 353
355 354
355 356
355 357
355 371
355 372
355 373
355 374
355 409
355 410
355 411
355 416
355 417
355 420
356 354
356 355
356 357
356 358
356 360
356 361
356 371
356 372
356 373
356 374
356 410
356 411
356 412
356 416
357 355
357 356
357 358
357 359
357 360
357 361
357 373
357 374
358 356
358 357
358 359
358 360
358 361
358 362
358 373
359 357
359 358
359 360
359 361
359 362
359 363
360 356
360 357
360 358
360 359
360 361
360 362
360 363
360 364
361 356
361 357
361 358
361 359
361 360
361 362
361 363
361 364
361 365
361 371
362 358
362 359
362 360
362 361
362 363
362 364
362 365
363 359
363 360
363 361
363 362
363 364
363 365
363 457
364 360
364 361
364 362
364 363
364 365
364 366
364 456
364 457
365 354
365 361
365 362
365 363
365 364
365 366
365 367
365 369
366 364
366 365
366 367
366 368
366 369
367 365
367 366
367 368
367 369
368 352
368 366
368 367
368 369
368 370
369 351
369 352
369 353
369 354
369 365
369 366
369 367
369 368
369 370
369 371
370 351
370 352
370 353
370 354
370 368
370 369
370 371
370 372
371 353
371 354
371 355
371 356
371 361
371 369
371 370
371 372
371 373
372 353
372 354
372 355
372 356
372 370
372 371
372 373
372 374
372 376
372 377
372 384
373 354
373 355
373 356
373 357
373 358
373 371
373 372
373 374
373 375
373 376
373 377
374 355
374 356
374 357
374 372
374 373
374 375
374 376
374 377
374 378
374 416
374 417
374 419
374 420
375 373
375 374
375 376
375 377
375 378
375 379
376 372
376 373
376 374
376 375
376 377
376 378
376 379
376 380
376 381
376 384
377 372
377 373
377 374
377 375
377 376
377 378
377 379
377 380
377 381
377 384
377 385
377 420
377 423
377 424
378 374
378 375
378 376
378 377
378 379
378 380
378 381
378 420
378 423
379 375
379 376
379 377
379 378
379 380
379 381
380 376
380 377
380 378
380 379
380 381
380 382
380 384
380 385
381 376
381 377
381 378
381 379
381 380
381 382
381 383
381 384
381 385
382 380
382 381
382 383
382 384
382 385
382 386
383 381
383 382
383 384
383 385
383 386
383 387
384 372
384 376
384 377
384 380
384 381
384 382
384 383
384 385
384 386
384 387
384 388
385 377
385 380
385 381
385 382
385 383
385 384
385 386
385 387
385 388
385 389
386 382
386 383
386 384
386 385
386 387
386 388
386 389
386 390
387 383
387 384
387 385
387 386
387 388
387 389
387 390
387 391
388 384
388 385
388 386
388 387
388 389
388 390
388 391
388 392
389 385
389 386
389 387
389 388
389 390
389 391
389 392
389 393
389 433
390 386
390 387
390 388
390 389
390 391
390 392
390 393
390 394
391 351
391 387
391 388
391 389
391 390
391 392
391 393
391 394
391 395
392 351
392 388
392 389
392 390
392 391
392 393
392 394
392 395
392 396
392 405
393 389
393 390
393 391
393 392
393 394
393 395
393 396
393 397
394 390
394 391
394 392
394 393
394 395
394 396
394 397
395 349
395 391
395 392
395 393
395 394
395 396
395 397
395 398
395 399
396 392
396 393
396 394
396 395
396 397
396 398
396 399
396 400
396 405
397 393
397 394
397 395
397 396
397 398
397 399
398 395
398 396
398 397
398 399
398 400
399 395
399 396
399 397
399 398
399 400
399 401
399 403
400 396
400 398
400 399
400 401
400 402
400 403
401 399
401 400
401 402
401 403
402 400
402 401
402 403
402 404
402 435
403 399
403 400
403 401
403 402
403 404
403 405
403 435
404 402
404 403
404 405
404 406
404 434
404 435
404 436
404 437
405 350
405 351
405 392
405 396
405 403
405 404
405 406
405 407
405 434
405 435
405 436
405 437
406 349
406 350
406 351
406 404
406 405
406 407
406 408
406 436
406 437
406 438
406 439
407 350
407 351
407 352
407 353
407 405
407 406
407 408
407 409
407 436
407 437
407 438
407 439
408 350
408 351
408 352
408 353
408 406
408 407
408 409
408 410
408 438
408 439
408 440
408 441
409 352
409 353
409 354
409 355
409 407
409 408
409 410
409 411
409 417
409 418
409 420
409 421
409 438
409 439
409 440
409 441
410 352
410 353
410 354
410 355
410 356
410 408
410 409
410 411
410 412
410 414
410 417
410 440
410 441
410 444
410 445
411 354
411 355
411 356
411 409
411 410
411 412
411 413
411 414
411 415
411 416
411 417
411 441
411 444
411 445
412 356
412 410
412 411
412 413
412 414
412 415
412 443
412 444
412 445
412 446
413 323
413 411
413 412
413 414
413 415
413 416
413 442
413 443
413 444
413 445
413 446
413 447
414 325
414 410
414 411
414 412
414 413
414 415
414 416
414 417
414 418
414 440
414 441
414 442
414 443
414 444
414 445
415 325
415 326
415 411
415 412
415 413
415 414
415 416
415 417
415 418
415 419
415 443
415 444
416 355
416 356
416 374
416 411
416 413
416 414
416 415
416 417
416 418
416 419
416 420
417 355
417 374
417 409
417 410
417 411
417 414
417 415
417 416
417 418
417 419
417 420
417 421
417 440
417 441
417 444
418 326
418 328
418 329
418 409
418 414
418 415
418 416
418 417
418 419
418 420
418 421
418 422
418 440
419 328
419 374
419 415
419 416
419 417
419 418
419 420
419 421
419 422
419 423
420 355
420 374
420 377
420 378
420 409
420 416
420 417
420 418
420 419
420 421
420 422
420 423
420 424
421 409
421 417
421 418
421 419
421 420
421 422
421 423
421 424
421 425
421 438
421 439
421 440
422 418
422 419
422 420
422 421
422 423
422 424
422 425
422 426
423 377
423 378
423 419
423 420
423 421
423 422
423 424
423 425
423 426
423 427
424 377
424 420
424 421
424 422
424 423
424 425
424 426
424 427
424 428
424 436
424 438
425 421
425 422
425 423
425 424
425 426
425 427
425 428
425 429
425 436
425 438
426 422
426 423
426 424
426 425
426 427
426 428
426 429
426 430
427 423
427 424
427 425
427 426
427 428
427 429
427 430
427 431
427 432
427 433
428 424
428 425
428 426
428 427
428 429
428 430
428 431
428 432
428 433
428 434
428 435
428 436
429 425
429 426
429 427
429 428
429 430
429 431
429 432
429 435
430 426
430 427
430 428
430 429
430 431
430 432
430 433
431 427
431 428
431 429
431 430
431 432
431 433
431 434
431 435
432 427
432 428
432 429
432 430
432 431
432 433
432 434
433 389
433 427
433 428
433 430
433 431
433 432
433 434
433 435
433 436
434 404
434 405
434 428
434 431
434 432
434 433
434 435
434 436
435 402
435 403
435 404
435 405
435 428
435 429
435 431
435 433
435 434
435 436
435 437
436 404
436 405
436 406
436 407
436 424
436 425
436 428
436 433
436 434
436 435
436 437
436 438
437 404
437 405
437 406
437 407
437 435
437 436
437 438
437 439
438 333
438 406
438 407
438 408
438 409
438 421
438 424
438 425
438 436
438 437
438 439
438 440
439 332
439 333
439 334
439 335
439 406
439 407
439 408
439 409
439 421
439 437
439 438
439 440
439 441
440 333
440 334
440 335
440 408
440 409
440 410
440 414
440 417
440 418
440 421
440 438
440 439
440 441
440 442
441 334
441 335
441 336
441 337
441 340
441 408
441 409
441 410
441 411
441 414
441 417
441 439
441 440
441 442
441 443
441 444
442 334
442 335
442 336
442 337
442 413
442 414
442 440
442 441
442 443
442 444
442 447
443 336
443 337
443 412
443 413
443 414
443 415
443 441
443 442
443 444
443 445
443 446
443 447
443 448
444 337
444 410
444 411
444 412
444 413
444 414
444 415
444 417
444 441
444 442
444 443
444 445
444 446
444 447
444 448
445 410
445 411
445 412
445 413
445 414
445 443
445 444
445 446
445 447
445 448
445 449
445 458
446 412
446 413
446 443
446 444
446 445
446 447
446 448
446 449
446 450
446 458
447 337
447 413
447 442
447 443
447 444
447 445
447 446
447 448
447 449
447 450
447 451
447 452
448 337
448 443
448 444
448 445
448 446
448 447
448 449
448 450
448 451
448 452
448 453
448 456
449 445
449 446
449 447
449 448
449 450
449 451
449 452
449 453
449 454
449 455
449 456
449 457
449 458
450 446
450 447
450 448
450 449
450 451
450 452
450 453
450 454
451 337
451 338
451 447
451 448
451 449
451 450
451 452
451 453
451 454
452 337
452 338
452 341
452 447
452 448
452 449
452 450
452 451
452 453
452 454
453 448
453 449
453 450
453 451
453 452
453 454
453 455
453 456
454 449
454 450
454 451
454 452
454 453
454 455
454 456
455 449
455 453
455 454
455 456
455 457
456 364
456 448
456 449
456 453
456 454
456 455
456 457
456 458
457 363
457 364
457 449
457 455
457 456
457 458
457 459
458 445
458 446
458 449
458 456
458 457
458 459
459 119
459 457
459 458
