0 1
0 2
1 0
1 2
1 3
2 0
2 1
2 3
2 4
3 1
3 2
3 4
3 5
4 2
4 3
4 5
4 6
5 3
5 4
5 6
5 7
6 4
6 5
6 7
6 8
7 5
7 6
7 8
7 9
8 6
8 7
8 9
8 10
9 7
9 8
9 10
9 11
10 8
10 9
10 11
10 12
11 9
11 10
11 12
11 13
12 10
12 11
12 13
12 14
13 11
13 12
13 14
13 15
14 12
14 13
14 15
14 16
15 13
15 14
15 16
15 17
16 14
16 15
16 17
16 18
17 15
17 16
17 18
17 19
18 16
18 17
18 19
18 20
19 17
19 18
19 20
19 21
20 18
20 19
20 21
20 22
21 19
21 20
21 22
21 23
22 20
22 21
22 23
22 24
23 21
23 22
23 24
23 25
24 22
24 23
24 25
24 26
25 23
25 24
25 26
25 27
26 24
26 25
26 27
26 28
27 25
27 26
27 28
27 29
28 26
28 27
28 29
28 30
29 27
29 28
29 30
29 31
29 32
30 28
30 29
30 31
30 32
31 29
31 30
31 32
31 33
31 34
32 29
32 30
32 31
32 33
32 34
32 56
33 31
33 32
33 34
33 35
33 54
33 56
33 74
34 31
34 32
34 33
34 35
34 36
34 53
34 54
34 55
34 56
34 72
34 73
34 74
35 33
35 34
35 36
35 37
35 53
35 54
35 55
35 56
35 57
35 70
35 71
35 72
35 73
35 74
36 34
36 35
36 37
36 38
36 50
36 51
36 52
36 53
36 54
36 55
36 56
36 70
36 71
36 72
36 73
36 74
36 76
37 35
37 36
37 38
37 39
37 50
37 51
37 52
37 53
37 55
37 57
37 60
37 68
37 69
37 70
37 71
38 36
38 37
38 39
38 40
38 47
38 48
38 49
38 50
38 51
38 52
38 68
38 69
38 70
38 71
38 91
39 37
39 38
39 40
39 41
39 47
39 48
39 49
39 50
39 51
39 67
39 68
39 69
40 38
40 39
40 41
40 42
40 45
40 46
40 47
40 48
40 49
40 67
40 68
40 69
41 39
41 40
41 42
41 43
41 44
41 45
41 46
41 47
41 48
41 49
41 67
42 40
42 41
42 43
42 44
42 45
42 46
43 41
43 42
43 44
43 45
43 46
44 41
44 42
44 43
44 45
44 46
45 40
45 41
45 42
45 43
45 44
45 46
45 47
45 67
46 40
46 41
46 42
46 43
46 44
46 45
46 47
46 48
46 84
46 85
46 87
47 38
47 39
47 40
47 41
47 45
47 46
47 48
47 49
47 50
47 69
47 84
47 85
47 87
47 89
47 90
47 91
48 38
48 39
48 40
48 41
48 46
48 47
48 49
48 50
48 81
48 82
48 83
48 84
48 85
48 86
48 87
49 38
49 39
49 40
49 41
49 47
49 48
49 50
49 51
49 81
49 84
49 85
50 36
50 37
50 38
50 39
50 47
50 48
50 49
50 51
50 52
50 53
50 81
51 36
51 37
51 38
51 39
51 49
51 50
51 52
51 53
52 36
52 37
52 38
52 50
52 51
52 53
52 54
52 55
52 60
53 34
53 35
53 36
53 37
53 50
53 51
53 52
53 54
53 55
53 76
54 33
54 34
54 35
54 36
54 52
54 53
54 55
54 56
54 74
55 34
55 35
55 36
55 37
55 52
55 53
55 54
55 56
55 57
55 59
55 60
56 32
56 33
56 34
56 35
56 36
56 54
56 55
56 57
56 58
56 59
56 60
57 35
57 37
57 55
57 56
57 58
57 59
57 60
57 61
57 70
57 71
57 94
58 56
58 57
58 59
58 60
58 61
58 62
59 55
59 56
59 57
59 58
59 60
59 61
59 62
60 37
60 52
60 55
60 56
60 57
60 58
60 59
60 61
60 62
60 63
60 68
60 69
60 70
60 94
61 57
61 58
61 59
61 60
61 62
61 63
61 64
61 65
61 68
61 69
61 70
61 94
61 95
62 58
62 59
62 60
62 61
62 63
62 64
63 60
63 61
63 62
63 64
63 65
63 102
64 61
64 62
64 63
64 65
64 66
64 100
64 101
64 102
64 103
65 61
65 63
65 64
65 66
65 67
65 68
65 101
65 102
65 103
66 64
66 65
66 67
66 68
66 94
66 95
66 101
66 102
66 103
66 116
66 117
66 118
67 39
67 40
67 41
67 45
67 65
67 66
67 68
67 69
67 93
67 94
68 37
68 38
68 39
68 40
68 60
68 61
68 65
68 66
68 67
68 69
68 70
68 93
68 94
68 95
69 37
69 38
69 39
69 40
69 47
69 60
69 61
69 67
69 68
69 70
69 71
69 91
69 92
69 93
69 94
69 95
70 35
70 36
70 37
70 38
70 57
70 60
70 61
70 68
70 69
70 71
70 72
70 91
70 92
70 93
70 94
71 35
71 36
71 37
71 38
71 57
71 69
71 70
71 72
71 73
71 89
71 90
71 91
71 92
72 34
72 35
72 36
72 70
72 71
72 73
72 74
72 91
73 34
73 35
73 36
73 71
73 72
73 74
73 75
73 76
74 33
74 34
74 35
74 36
74 54
74 72
74 73
74 75
74 76
75 73
75 74
75 76
75 77
76 36
76 53
76 73
76 74
76 75
76 77
76 78
76 79
76 80
77 75
77 76
77 78
77 79
77 80
78 76
78 77
78 79
78 80
78 81
79 76
79 77
79 78
79 80
79 81
79 82
79 83
80 76
80 77
80 78
80 79
80 81
80 82
80 83
80 84
81 48
81 49
81 50
81 78
81 79
81 80
81 82
81 83
81 84
81 85
82 48
82 79
82 80
82 81
82 83
82 84
82 85
82 86
83 48
83 79
83 80
83 81
83 82
83 84
83 85
83 86
83 87
83 88
83 89
84 46
84 47
84 48
84 49
84 80
84 81
84 82
84 83
84 85
84 86
84 87
84 88
84 89
85 46
85 47
85 48
85 49
85 81
85 82
85 83
85 84
85 86
85 87
85 88
86 48
86 82
86 83
86 84
86 85
86 87
86 88
86 89
87 46
87 47
87 48
87 83
87 84
87 85
87 86
87 88
87 89
87 90
88 83
88 84
88 85
88 86
88 87
88 89
88 90
89 47
89 71
89 83
89 84
89 86
89 87
89 88
89 90
89 91
90 47
90 71
90 87
90 88
90 89
90 91
90 92
91 38
91 47
91 69
91 70
91 71
91 72
91 89
91 90
91 92
91 93
92 69
92 70
92 71
92 90
92 91
92 93
92 94
93 67
93 68
93 69
93 70
93 91
93 92
93 94
93 95
93 96
94 57
94 60
94 61
94 66
94 67
94 68
94 69
94 70
94 92
94 93
94 95
94 96
95 61
95 66
95 68
95 69
95 93
95 94
95 96
95 97
95 98
95 99
95 100
95 101
95 116
96 93
96 94
96 95
96 97
96 98
96 115
96 116
97 95
97 96
97 98
97 99
97 101
97 111
97 115
97 116
98 95
98 96
98 97
98 99
98 100
98 101
98 109
98 110
98 111
98 116
98 117
99 95
99 97
99 98
99 100
99 101
100 64
100 95
100 98
100 99
100 101
100 102
101 64
101 65
101 66
101 95
101 97
101 98
101 99
101 100
101 102
101 103
101 109
102 63
102 64
102 65
102 66
102 100
102 101
102 103
102 104
103 64
103 65
103 66
103 101
103 102
103 104
103 105
103 107
103 108
103 109
103 118
104 102
104 103
104 105
104 106
104 107
105 103
105 104
105 106
105 107
106 104
106 105
106 107
106 108
106 120
106 121
106 122
106 123
106 152
107 103
107 104
107 105
107 106
107 108
107 109
107 118
107 119
107 120
107 121
107 122
107 152
108 103
108 106
108 107
108 109
108 110
108 118
108 119
108 120
108 121
109 98
109 101
109 103
109 107
109 108
109 110
109 111
109 116
109 117
109 118
109 119
110 98
110 108
110 109
110 111
110 112
110 116
110 117
110 118
110 119
111 97
111 98
111 109
111 110
111 112
111 113
111 114
111 115
111 116
111 117
112 110
112 111
112 113
112 114
112 115
112 116
112 117
113 111
113 112
113 114
113 115
114 111
114 112
114 113
114 115
114 116
115 96
115 97
115 111
115 112
115 113
115 114
115 116
115 117
116 66
116 95
116 96
116 97
116 98
116 109
116 110
116 111
116 112
116 114
116 115
116 117
116 118
117 66
117 98
117 109
117 110
117 111
117 112
117 115
117 116
117 118
117 119
118 66
118 103
118 107
118 108
118 109
118 110
118 116
118 117
118 119
118 120
119 107
119 108
119 109
119 110
119 117
119 118
119 120
119 121
120 106
120 107
120 108
120 118
120 119
120 121
120 122
120 149
120 152
120 153
121 106
121 107
121 108
121 119
121 120
121 122
121 123
121 149
122 106
122 107
122 120
122 121
122 123
122 124
122 145
122 148
122 149
122 152
123 106
123 121
123 122
123 124
123 125
123 145
124 122
124 123
124 125
124 126
124 127
124 145
125 123
125 124
125 126
125 127
126 124
126 125
126 127
126 128
127 124
127 125
127 126
127 128
127 129
127 144
127 145
128 126
128 127
128 129
128 130
128 131
128 143
128 144
129 127
129 128
129 130
129 131
129 143
129 144
129 145
130 128
130 129
130 131
130 132
130 142
130 143
131 128
131 129
131 130
131 132
131 133
131 142
131 143
131 144
131 163
131 164
132 130
132 131
132 133
132 134
132 140
132 141
132 142
132 143
132 144
132 163
132 164
132 165
133 131
133 132
133 134
133 135
133 140
133 141
133 142
133 143
133 144
133 147
133 160
133 161
133 162
133 163
133 164
133 165
133 166
134 132
134 133
134 135
134 136
134 138
134 139
134 140
134 141
134 160
134 161
134 162
134 163
134 164
134 165
134 166
135 133
135 134
135 136
135 137
135 138
135 139
135 140
135 141
135 147
135 158
135 159
135 160
135 161
135 162
135 166
136 134
136 135
136 137
136 138
136 139
136 157
136 158
136 159
136 160
136 161
137 135
137 136
137 138
137 139
137 158
138 134
138 135
138 136
138 137
138 139
138 140
138 166
138 188
138 190
139 134
139 135
139 136
139 137
139 138
139 140
139 141
139 166
140 132
140 133
140 134
140 135
140 138
140 139
140 141
140 142
140 164
140 165
140 166
141 132
141 133
141 134
141 135
141 139
141 140
141 142
141 143
141 144
141 146
141 147
141 165
142 130
142 131
142 132
142 133
142 140
142 141
142 143
142 144
142 146
143 128
143 129
143 130
143 131
143 132
143 133
143 141
143 142
143 144
143 145
143 146
143 147
144 127
144 128
144 129
144 131
144 132
144 133
144 141
144 142
144 143
144 145
144 146
144 147
144 148
144 160
145 122
145 123
145 124
145 127
145 129
145 143
145 144
145 146
145 147
145 148
145 149
146 141
146 142
146 143
146 144
146 145
146 147
146 148
146 149
146 150
147 133
147 135
147 141
147 143
147 144
147 145
147 146
147 148
147 149
147 150
147 151
147 158
147 159
147 160
148 122
148 144
148 145
148 146
148 147
148 149
148 150
148 151
148 152
148 158
148 159
149 120
149 121
149 122
149 145
149 146
149 147
149 148
149 150
149 151
149 152
149 153
150 146
150 147
150 148
150 149
150 151
150 152
150 153
150 154
150 155
150 158
151 147
151 148
151 149
151 150
151 152
151 153
151 154
151 155
151 156
151 157
151 158
151 159
152 106
152 107
152 120
152 122
152 148
152 149
152 150
152 151
152 153
152 154
152 155
152 156
153 120
153 149
153 150
153 151
153 152
153 154
153 155
154 150
154 151
154 152
154 153
154 155
154 156
155 150
155 151
155 152
155 153
155 154
155 156
155 157
155 158
156 151
156 152
156 154
156 155
156 157
156 158
157 136
157 151
157 155
157 156
157 158
157 159
158 135
158 136
158 137
158 147
158 148
158 150
158 151
158 155
158 156
158 157
158 159
158 160
159 135
159 136
159 147
159 148
159 151
159 157
159 158
159 160
159 161
160 133
160 134
160 135
160 136
160 144
160 147
160 158
160 159
160 161
160 162
160 163
161 133
161 134
161 135
161 136
161 159
161 160
161 162
161 163
161 175
161 190
161 191
162 133
162 134
162 135
162 160
162 161
162 163
162 164
162 173
162 174
162 175
162 176
162 191
163 131
163 132
163 133
163 134
163 160
163 161
163 162
163 164
163 165
163 174
164 131
164 132
164 133
164 134
164 140
164 162
164 163
164 165
164 166
165 132
165 133
165 134
165 140
165 141
165 163
165 164
165 166
165 167
166 133
166 134
166 135
166 138
166 139
166 140
166 164
166 165
166 167
166 168
166 188
166 189
167 165
167 166
167 168
167 169
167 170
167 172
167 173
167 188
167 189
168 166
168 167
168 169
168 170
168 183
168 186
168 187
168 188
168 189
169 167
169 168
169 170
169 171
169 172
169 173
169 183
169 187
169 188
169 189
170 167
170 168
170 169
170 171
170 172
170 173
170 181
170 182
170 183
170 189
170 231
171 169
171 170
171 172
171 173
172 167
172 169
172 170
172 171
172 173
172 174
173 162
173 167
173 169
173 170
173 171
173 172
173 174
173 175
173 181
173 189
174 162
174 163
174 172
174 173
174 175
174 176
174 181
175 161
175 162
175 173
175 174
175 176
175 177
175 178
175 179
175 180
175 181
175 191
176 162
176 174
176 175
176 177
176 178
176 179
176 191
177 175
177 176
177 178
177 179
177 180
178 175
178 176
178 177
178 179
178 180
178 193
179 175
179 176
179 177
179 178
179 180
179 181
179 191
179 192
179 193
179 194
180 175
180 177
180 178
180 179
180 181
180 182
180 191
180 192
180 193
180 194
180 228
180 229
180 231
181 170
181 173
181 174
181 175
181 179
181 180
181 182
181 183
181 189
181 190
181 191
181 192
181 231
182 170
182 180
182 181
182 183
182 184
182 189
182 190
182 191
182 192
182 228
182 229
182 230
182 231
182 232
183 168
183 169
183 170
183 181
183 182
183 184
183 185
183 186
183 187
183 188
183 189
183 190
183 231
183 232
183 233
184 182
184 183
184 185
184 186
184 187
184 188
184 189
184 190
184 232
184 233
185 183
185 184
185 186
185 187
185 188
186 168
186 183
186 184
186 185
186 187
186 188
187 168
187 169
187 183
187 184
187 185
187 186
187 188
187 189
188 138
188 166
188 167
188 168
188 169
188 183
188 184
188 185
188 186
188 187
188 189
188 190
189 166
189 167
189 168
189 169
189 170
189 173
189 181
189 182
189 183
189 184
189 187
189 188
189 190
189 191
190 138
190 161
190 181
190 182
190 183
190 184
190 188
190 189
190 191
190 192
191 161
191 162
191 175
191 176
191 179
191 180
191 181
191 182
191 189
191 190
191 192
191 193
192 179
192 180
192 181
192 182
192 190
192 191
192 193
192 194
193 178
193 179
193 180
193 191
193 192
193 194
193 195
194 179
194 180
194 192
194 193
194 195
194 196
194 225
194 228
194 229
195 193
195 194
195 196
195 197
195 198
195 225
196 194
196 195
196 197
196 198
197 195
197 196
197 198
197 199
198 195
198 196
198 197
198 199
198 200
199 197
199 198
199 200
199 201
199 221
199 222
200 198
200 199
200 201
200 202
200 221
201 199
201 200
201 202
201 203
201 218
201 219
202 200
202 201
202 203
202 204
202 205
202 207
202 218
202 219
203 201
203 202
203 204
203 205
204 202
204 203
204 205
204 206
204 207
205 202
205 203
205 204
205 206
205 207
205 208
206 204
206 205
206 207
206 208
206 239
206 240
207 202
207 204
207 205
207 206
207 208
207 209
207 218
207 219
207 220
207 239
207 240
208 205
208 206
208 207
208 209
208 210
208 216
208 217
208 218
208 219
208 220
208 239
208 240
208 241
209 207
209 208
209 210
209 211
209 216
209 217
209 218
209 219
209 220
209 223
209 236
209 237
209 238
209 239
209 240
209 241
209 242
210 208
210 209
210 211
210 212
210 214
210 215
210 216
210 217
210 236
210 237
210 238
210 239
210 240
210 241
210 242
211 209
211 210
211 212
211 213
211 214
211 215
211 216
211 217
211 223
211 234
211 235
211 236
211 237
211 238
211 242
212 210
212 211
212 213
212 214
212 215
212 234
212 235
212 236
212 237
213 211
213 212
213 214
213 215
213 234
214 210
214 211
214 212
214 213
214 215
214 216
214 242
215 210
215 211
215 212
215 213
215 214
215 216
215 217
215 242
216 208
216 209
216 210
216 211
216 214
216 215
216 217
216 218
216 240
216 241
216 242
217 208
217 209
217 210
217 211
217 215
217 216
217 218
217 219
217 220
217 222
217 223
217 241
218 201
218 202
218 207
218 208
218 209
218 216
218 217
218 219
218 220
218 222
218 223
219 201
219 202
219 207
219 208
219 209
219 217
219 218
219 220
219 221
219 222
219 223
220 207
220 208
220 209
220 217
220 218
220 219
220 221
220 222
220 223
220 224
221 199
221 200
221 219
221 220
221 222
221 223
221 224
221 225
222 199
222 217
222 218
222 219
222 220
222 221
222 223
222 224
222 225
222 226
223 209
223 211
223 217
223 218
223 219
223 220
223 221
223 222
223 224
223 225
223 226
223 227
224 220
224 221
224 222
224 223
224 225
224 226
224 227
224 228
225 194
225 195
225 221
225 222
225 223
225 224
225 226
225 227
225 228
225 229
226 222
226 223
226 224
226 225
226 227
226 228
226 229
226 230
227 223
227 224
227 225
227 226
227 228
227 229
227 230
227 231
227 232
227 233
227 234
228 180
228 182
228 194
228 224
228 225
228 226
228 227
228 229
228 230
228 231
228 232
228 233
229 180
229 182
229 194
229 225
229 226
229 227
229 228
229 230
229 231
230 182
230 226
230 227
230 228
230 229
230 231
230 232
230 233
231 170
231 180
231 181
231 182
231 183
231 227
231 228
231 229
231 230
231 232
231 233
232 182
232 183
232 184
232 227
232 228
232 230
232 231
232 233
232 234
233 183
233 184
233 227
233 228
233 230
233 231
233 232
233 234
233 235
234 211
234 212
234 213
234 227
234 232
234 233
234 235
234 236
235 211
235 212
235 233
235 234
235 236
235 237
236 209
236 210
236 211
236 212
236 234
236 235
236 237
236 238
236 239
237 209
237 210
237 211
237 212
237 235
237 236
237 238
237 239
238 209
238 210
238 211
238 236
238 237
238 239
238 240
239 206
239 207
239 208
239 209
239 210
239 236
239 237
239 238
239 240
239 241
240 206
240 207
240 208
240 209
240 210
240 216
240 238
240 239
240 241
240 242
241 208
241 209
241 210
241 216
241 217
241 239
241 240
241 242
241 243
242 209
242 210
242 211
242 214
242 215
242 216
242 240
242 241
242 243
242 244
243 241
243 242
243 244
243 245
244 242
244 243
244 245
244 246
245 243
245 244
245 246
245 247
245 248
246 244
246 245
246 247
246 248
247 245
247 246
247 248
247 249
248 245
248 246
248 247
248 249
248 250
248 251
249 247
249 248
249 250
249 251
250 248
250 249
250 251
250 252
251 248
251 249
251 250
251 252
251 253
252 250
252 251
252 253
252 254
253 251
253 252
253 254
253 255
254 252
254 253
254 255
254 256
255 253
255 254
255 256
255 257
256 254
256 255
256 257
256 258
257 255
257 256
257 258
257 259
258 256
258 257
258 259
258 260
259 257
259 258
259 260
259 261
260 258
260 259
260 261
260 262
261 259
261 260
261 262
262 260
262 261
