0 1
0 2
0 4
0 5
0 25
0 26
0 27
1 0
1 2
1 3
1 4
1 5
1 26
1 27
1 28
1 29
2 0
2 1
2 3
2 4
2 5
2 6
2 23
2 26
2 27
2 28
2 29
2 33
2 34
2 35
3 1
3 2
3 4
3 5
3 6
3 7
3 34
3 35
3 36
4 0
4 1
4 2
4 3
4 5
4 6
4 7
4 8
4 35
5 0
5 1
5 2
5 3
5 4
5 6
5 7
5 8
5 9
5 23
5 26
6 2
6 3
6 4
6 5
6 7
6 8
6 9
6 10
6 23
6 35
6 36
7 3
7 4
7 5
7 6
7 8
7 9
7 10
7 11
8 4
8 5
8 6
8 7
8 9
8 10
8 11
9 5
9 6
9 7
9 8
9 10
9 11
9 21
9 22
10 6
10 7
10 8
10 9
10 11
10 12
10 13
10 14
10 15
10 18
11 7
11 8
11 9
11 10
11 12
11 13
12 10
12 11
12 13
12 14
13 10
13 11
13 12
13 14
13 15
13 17
13 18
14 10
14 12
14 13
14 15
14 16
14 17
14 18
15 10
15 13
15 14
15 16
15 17
15 18
15 39
15 40
15 41
16 14
16 15
16 17
16 18
16 39
16 40
16 41
16 42
16 43
17 13
17 14
17 15
17 16
17 18
17 19
17 40
17 41
17 42
18 10
18 13
18 14
18 15
18 16
18 17
18 19
18 20
18 21
18 40
18 42
18 43
19 17
19 18
19 20
19 21
19 42
19 43
19 44
19 45
20 18
20 19
20 21
20 22
20 43
20 44
20 45
20 46
21 9
21 18
21 19
21 20
21 22
21 23
21 43
21 45
21 46
21 47
22 9
22 20
22 21
22 23
22 24
22 46
22 47
22 48
23 2
23 5
23 6
23 21
23 22
23 24
23 25
23 26
23 46
23 47
23 48
23 49
23 51
24 22
24 23
24 25
24 26
24 47
24 48
24 49
24 50
24 51
25 0
25 23
25 24
25 26
25 27
25 48
25 49
25 50
25 51
26 0
26 1
26 2
26 5
26 23
26 24
26 25
26 27
26 28
26 48
26 50
26 51
27 0
27 1
27 2
27 25
27 26
27 28
27 29
27 51
27 52
28 1
28 2
28 26
28 27
28 29
28 30
28 31
28 32
28 33
28 34
28 51
28 52
28 53
29 1
29 2
29 27
29 28
29 30
29 31
29 32
29 33
29 34
30 28
30 29
30 31
30 32
30 53
31 28
31 29
31 30
31 32
31 33
31 51
31 52
31 53
31 54
31 55
32 28
32 29
32 30
32 31
32 33
32 34
32 53
32 54
32 55
32 56
32 57
32 58
33 2
33 28
33 29
33 31
33 32
33 34
33 35
33 36
33 53
33 56
33 58
33 59
34 2
34 3
34 28
34 29
34 32
34 33
34 35
34 36
35 2
35 3
35 4
35 6
35 33
35 34
35 36
35 37
36 3
36 6
36 33
36 34
36 35
36 37
36 38
36 40
36 59
36 60
37 35
37 36
37 38
37 39
37 40
37 60
37 61
38 36
38 37
38 39
38 40
38 41
38 60
38 61
38 62
39 15
39 16
39 37
39 38
39 40
39 41
40 15
40 16
40 17
40 18
40 36
40 37
40 38
40 39
40 41
40 42
40 43
40 62
41 15
41 16
41 17
41 38
41 39
41 40
41 42
41 43
41 62
41 63
41 64
42 16
42 17
42 18
42 19
42 40
42 41
42 43
42 44
42 62
42 64
42 65
43 16
43 18
43 19
43 20
43 21
43 40
43 41
43 42
43 44
43 45
43 46
43 62
43 64
43 65
44 19
44 20
44 42
44 43
44 45
44 46
44 64
44 65
44 66
44 67
45 19
45 20
45 21
45 43
45 44
45 46
45 47
45 65
45 66
45 67
45 68
46 20
46 21
46 22
46 23
46 43
46 44
46 45
46 47
46 48
46 65
46 67
46 68
46 69
47 21
47 22
47 23
47 24
47 45
47 46
47 48
47 49
47 68
47 69
47 70
48 22
48 23
48 24
48 25
48 26
48 46
48 47
48 49
48 50
48 51
48 69
48 70
48 71
49 23
49 24
49 25
49 47
49 48
49 50
49 51
49 69
49 70
49 71
49 72
49 73
50 24
50 25
50 26
50 48
50 49
50 51
50 52
50 53
50 70
50 71
50 72
50 73
51 23
51 24
51 25
51 26
51 27
51 28
51 31
51 48
51 49
51 50
51 52
51 53
51 72
51 73
52 27
52 28
52 31
52 50
52 51
52 53
52 54
52 72
52 73
52 74
53 28
53 30
53 31
53 32
53 33
53 50
53 51
53 52
53 54
53 55
53 56
53 73
53 74
53 75
54 31
54 32
54 52
54 53
54 55
54 56
54 73
54 74
54 75
54 76
54 77
55 31
55 32
55 53
55 54
55 56
55 57
55 58
55 74
55 75
55 76
55 77
55 78
56 32
56 33
56 53
56 54
56 55
56 57
56 58
56 59
56 75
56 77
56 78
56 79
56 81
57 32
57 55
57 56
57 58
57 59
57 77
57 78
57 79
57 81
58 32
58 33
58 55
58 56
58 57
58 59
58 60
59 33
59 36
59 56
59 57
59 58
59 60
59 61
59 81
59 82
59 85
60 36
60 37
60 38
60 58
60 59
60 61
60 62
60 85
61 37
61 38
61 59
61 60
61 62
61 63
61 84
61 85
61 86
62 38
62 40
62 41
62 42
62 43
62 60
62 61
62 63
62 64
62 65
62 85
62 86
63 41
63 61
63 62
63 64
63 65
63 85
63 86
63 87
63 88
64 41
64 42
64 43
64 44
64 62
64 63
64 65
64 66
64 86
64 88
64 89
65 42
65 43
65 44
65 45
65 46
65 62
65 63
65 64
65 66
65 67
65 68
65 86
65 88
65 89
66 44
66 45
66 64
66 65
66 67
66 68
66 86
66 88
66 89
66 90
66 91
67 44
67 45
67 46
67 65
67 66
67 68
67 69
67 89
67 90
67 91
67 92
68 45
68 46
68 47
68 65
68 66
68 67
68 69
68 70
68 89
68 91
68 92
68 93
69 46
69 47
69 48
69 49
69 67
69 68
69 70
69 71
69 92
69 93
69 94
70 47
70 48
70 49
70 50
70 68
70 69
70 71
70 72
70 73
70 92
70 93
70 94
70 95
71 48
71 49
71 50
71 69
71 70
71 72
71 73
71 93
71 94
71 95
71 96
71 97
72 49
72 50
72 51
72 52
72 70
72 71
72 73
72 74
72 94
72 95
72 96
72 97
73 49
73 50
73 51
73 52
73 53
73 54
73 70
73 71
73 72
73 74
73 75
73 96
73 97
73 98
74 52
74 53
74 54
74 55
74 72
74 73
74 75
74 76
74 96
74 97
74 98
75 53
75 54
75 55
75 56
75 73
75 74
75 76
75 77
75 97
75 98
75 99
76 54
76 55
76 74
76 75
76 77
76 78
76 79
76 97
76 98
76 99
76 104
77 54
77 55
77 56
77 57
77 75
77 76
77 78
77 79
77 104
78 55
78 56
78 57
78 76
78 77
78 79
78 80
78 81
78 82
79 56
79 57
79 76
79 77
79 78
79 80
79 81
79 82
79 104
79 105
79 107
79 108
80 78
80 79
80 81
80 82
80 83
80 84
80 107
80 108
81 56
81 57
81 59
81 78
81 79
81 80
81 82
81 83
81 84
81 85
81 86
82 59
82 78
82 79
82 80
82 81
82 83
82 84
82 85
82 86
82 87
82 108
82 111
83 80
83 81
83 82
83 84
83 85
83 86
83 87
83 107
83 108
83 110
83 111
84 61
84 80
84 81
84 82
84 83
84 85
84 86
84 87
85 59
85 60
85 61
85 62
85 63
85 81
85 82
85 83
85 84
85 86
85 87
86 61
86 62
86 63
86 64
86 65
86 66
86 81
86 82
86 83
86 84
86 85
86 87
86 88
86 89
87 63
87 82
87 83
87 84
87 85
87 86
87 88
87 89
87 111
87 112
87 113
88 63
88 64
88 65
88 66
88 86
88 87
88 89
88 90
88 111
88 112
88 113
88 114
89 64
89 65
89 66
89 67
89 68
89 86
89 87
89 88
89 90
89 91
89 92
89 111
89 113
89 114
90 66
90 67
90 88
90 89
90 91
90 92
90 113
90 114
90 115
90 116
91 66
91 67
91 68
91 89
91 90
91 92
91 93
91 114
91 115
91 116
91 117
92 67
92 68
92 69
92 70
92 89
92 90
92 91
92 93
92 94
92 114
92 116
92 117
92 118
93 68
93 69
93 70
93 71
93 91
93 92
93 94
93 95
93 116
93 117
93 118
93 119
94 69
94 70
94 71
94 72
94 92
94 93
94 95
94 96
94 97
94 117
94 118
94 119
94 120
94 122
95 70
95 71
95 72
95 93
95 94
95 96
95 97
95 118
95 119
95 120
95 121
95 122
96 71
96 72
96 73
96 74
96 94
96 95
96 97
96 98
96 119
96 120
96 121
96 122
97 71
97 72
97 73
97 74
97 75
97 76
97 94
97 95
97 96
97 98
97 99
97 119
97 121
97 122
98 73
98 74
98 75
98 76
98 96
98 97
98 99
98 100
98 122
98 123
99 75
99 76
99 97
99 98
99 100
99 101
99 104
99 105
99 122
99 123
99 124
100 98
100 99
100 101
100 102
100 104
100 122
100 123
100 124
101 99
101 100
101 102
101 103
101 104
101 105
101 123
101 124
101 127
102 100
102 101
102 103
102 104
102 105
102 106
102 124
103 101
103 102
103 104
103 105
103 106
103 107
104 76
104 77
104 79
104 99
104 100
104 101
104 102
104 103
104 105
104 106
104 107
105 79
105 99
105 101
105 102
105 103
105 104
105 106
105 107
105 108
105 109
106 102
106 103
106 104
106 105
106 107
106 108
106 109
107 79
107 80
107 83
107 103
107 104
107 105
107 106
107 108
107 109
107 110
108 79
108 80
108 82
108 83
108 105
108 106
108 107
108 109
108 110
108 111
109 105
109 106
109 107
109 108
109 110
109 111
109 112
110 83
110 107
110 108
110 109
110 111
110 112
111 82
111 83
111 87
111 88
111 89
111 108
111 109
111 110
111 112
111 113
111 114
112 87
112 88
112 109
112 110
112 111
112 113
112 114
113 87
113 88
113 89
113 90
113 111
113 112
113 114
113 115
114 88
114 89
114 90
114 91
114 92
114 111
114 112
114 113
114 115
114 116
114 117
115 90
115 91
115 113
115 114
115 116
115 117
116 90
116 91
116 92
116 93
116 114
116 115
116 117
116 118
117 91
117 92
117 93
117 94
117 114
117 115
117 116
117 118
117 119
118 92
118 93
118 94
118 95
118 116
118 117
118 119
118 120
119 93
119 94
119 95
119 96
119 97
119 117
119 118
119 120
119 121
119 122
119 124
119 125
120 94
120 95
120 96
120 118
120 119
120 121
120 122
120 125
121 95
121 96
121 97
121 119
121 120
121 122
121 123
121 125
122 94
122 95
122 96
122 97
122 98
122 99
122 100
122 119
122 120
122 121
122 123
122 124
122 125
122 126
123 98
123 99
123 100
123 101
123 121
123 122
123 124
123 125
123 126
123 127
124 99
124 100
124 101
124 102
124 119
124 122
124 123
124 125
124 126
124 127
124 130
125 119
125 120
125 121
125 122
125 123
125 124
125 126
125 127
125 130
126 122
126 123
126 124
126 125
126 127
126 128
126 130
127 101
127 123
127 124
127 125
127 126
127 128
127 129
127 130
128 126
128 127
128 129
128 130
129 127
129 128
129 130
130 124
130 125
130 126
130 127
130 128
130 129
