0 1
0 2
1 0
1 2
1 3
2 0
2 1
2 3
2 4
3 1
3 2
3 4
3 5
3 9
4 2
4 3
4 5
4 6
4 8
4 9
5 3
5 4
5 6
5 7
5 8
5 9
5 266
6 4
6 5
6 7
6 8
6 9
6 10
6 265
6 266
6 269
6 270
7 5
7 6
7 8
7 9
7 10
7 262
7 265
7 266
8 4
8 5
8 6
8 7
8 9
8 10
8 11
9 3
9 4
9 5
9 6
9 7
9 8
9 10
9 11
9 12
9 13
10 6
10 7
10 8
10 9
10 11
10 12
10 13
10 14
11 8
11 9
11 10
11 12
11 13
11 14
11 15
12 9
12 10
12 11
12 13
12 14
12 15
12 16
13 9
13 10
13 11
13 12
13 14
13 15
13 16
13 17
14 10
14 11
14 12
14 13
14 15
14 16
14 17
14 18
15 11
15 12
15 13
15 14
15 16
15 17
15 18
15 19
16 12
16 13
16 14
16 15
16 17
16 18
16 19
17 13
17 14
17 15
17 16
17 18
17 19
18 14
18 15
18 16
18 17
18 19
18 20
18 21
19 15
19 16
19 17
19 18
19 20
19 21
20 18
20 19
20 21
20 22
21 18
21 19
21 20
21 22
21 23
22 20
22 21
22 23
22 24
23 21
23 22
23 24
23 25
24 22
24 23
24 25
24 26
25 23
25 24
25 26
25 27
25 33
25 34
26 24
26 25
26 27
26 28
26 33
26 34
27 25
27 26
27 28
27 29
27 30
27 31
27 32
27 33
27 34
28 26
28 27
28 29
28 30
28 31
28 32
28 33
28 34
28 55
28 58
28 59
29 27
29 28
29 30
29 31
29 32
29 58
29 59
30 27
30 28
30 29
30 31
30 32
31 27
31 28
31 29
31 30
31 32
31 33
32 27
32 28
32 29
32 30
32 31
32 33
32 34
33 25
33 26
33 27
33 28
33 31
33 32
33 34
33 35
34 25
34 26
34 27
34 28
34 32
34 33
34 35
34 36
34 37
34 55
35 33
35 34
35 36
35 37
36 34
36 35
36 37
36 38
36 39
37 34
37 35
37 36
37 38
37 39
37 40
37 55
37 56
38 36
38 37
38 39
38 40
39 36
39 37
39 38
39 40
39 41
40 37
40 38
40 39
40 41
40 42
40 49
40 53
40 56
41 39
41 40
41 42
41 43
41 49
41 50
41 52
41 53
42 40
42 41
42 43
42 44
42 45
42 46
42 47
42 48
42 49
42 50
43 41
43 42
43 44
43 45
43 46
43 47
43 48
43 49
43 50
44 42
44 43
44 45
44 46
44 47
45 42
45 43
45 44
45 46
45 47
46 42
46 43
46 44
46 45
46 47
46 48
47 42
47 43
47 44
47 45
47 46
47 48
47 49
48 42
48 43
48 46
48 47
48 49
48 50
49 40
49 41
49 42
49 43
49 47
49 48
49 50
49 51
49 53
50 41
50 42
50 43
50 48
50 49
50 51
50 52
50 53
51 49
51 50
51 52
51 53
51 54
51 57
52 41
52 50
52 51
52 53
52 54
53 40
53 41
53 49
53 50
53 51
53 52
53 54
53 55
53 56
53 57
54 51
54 52
54 53
54 55
54 56
54 57
54 58
55 28
55 34
55 37
55 53
55 54
55 56
55 57
55 58
55 59
56 37
56 40
56 53
56 54
56 55
56 57
56 58
56 59
56 60
57 51
57 53
57 54
57 55
57 56
57 58
57 59
57 60
57 61
58 28
58 29
58 54
58 55
58 56
58 57
58 59
58 60
58 61
58 62
59 28
59 29
59 55
59 56
59 57
59 58
59 60
59 61
59 62
59 63
60 56
60 57
60 58
60 59
60 61
60 62
60 63
60 64
61 57
61 58
61 59
61 60
61 62
61 63
61 64
61 65
62 58
62 59
62 60
62 61
62 63
62 64
62 65
62 66
63 59
63 60
63 61
63 62
63 64
63 65
63 66
64 60
64 61
64 62
64 63
64 65
64 66
64 67
65 61
65 62
65 63
65 64
65 66
65 67
65 68
66 62
66 63
66 64
66 65
66 67
66 68
67 64
67 65
67 66
67 68
67 69
68 65
68 66
68 67
68 69
68 70
68 364
68 365
69 67
69 68
69 70
69 71
69 364
69 365
70 68
70 69
70 71
70 72
70 75
70 118
70 119
70 329
70 364
71 69
71 70
71 72
71 73
71 74
71 75
71 364
72 70
72 71
72 73
72 74
72 75
73 71
73 72
73 74
73 75
73 115
73 116
73 117
73 164
74 71
74 72
74 73
74 75
74 76
74 77
74 113
74 114
74 115
74 116
74 117
74 118
74 130
75 70
75 71
75 72
75 73
75 74
75 76
75 77
75 113
75 114
75 115
75 116
75 117
75 118
75 119
76 74
76 75
76 77
76 78
76 113
76 114
76 115
76 117
76 118
76 119
76 120
76 121
76 122
76 123
77 74
77 75
77 76
77 78
77 79
77 111
77 112
77 113
77 114
77 119
77 123
77 260
77 261
78 76
78 77
78 79
78 80
78 111
78 112
78 113
78 260
78 261
78 264
78 328
79 77
79 78
79 80
79 81
79 109
79 110
79 111
79 112
79 261
79 320
79 321
79 324
79 327
79 328
80 78
80 79
80 81
80 82
80 109
80 110
80 111
80 264
80 317
80 318
80 319
80 320
80 321
80 328
81 79
81 80
81 82
81 83
81 107
81 108
81 109
81 110
81 317
81 318
81 319
81 320
81 321
82 80
82 81
82 83
82 84
82 107
82 108
82 109
82 315
82 316
82 317
82 318
82 319
83 81
83 82
83 84
83 85
83 105
83 106
83 107
83 108
83 315
83 316
83 317
83 318
84 82
84 83
84 85
84 86
84 105
84 106
84 107
84 108
84 135
84 313
84 314
84 315
84 316
85 83
85 84
85 86
85 87
85 102
85 103
85 104
85 105
85 106
85 313
85 314
85 315
86 84
86 85
86 87
86 88
86 89
86 98
86 99
86 101
86 102
86 103
86 104
86 105
86 312
86 313
86 314
87 85
87 86
87 88
87 89
87 102
87 103
87 311
87 312
87 313
87 314
88 86
88 87
88 89
88 90
88 102
88 311
88 312
88 313
89 86
89 87
89 88
89 90
89 91
89 92
89 99
89 100
89 101
89 102
89 312
90 88
90 89
90 91
90 92
90 93
90 94
90 99
90 312
91 89
91 90
91 92
91 93
91 94
91 95
91 96
91 99
91 100
91 223
91 224
92 89
92 90
92 91
92 93
92 94
92 95
92 223
92 224
93 90
93 91
93 92
93 94
93 95
93 221
93 222
93 223
93 227
93 228
93 229
94 90
94 91
94 92
94 93
94 95
94 96
94 99
94 221
94 222
94 223
94 224
94 341
94 342
95 91
95 92
95 93
95 94
95 96
95 97
95 99
95 100
95 221
95 222
95 223
95 224
95 340
95 341
96 91
96 94
96 95
96 97
96 98
96 99
96 100
96 223
96 339
96 340
96 341
96 342
97 95
97 96
97 98
97 99
97 100
97 137
97 138
97 139
98 86
98 96
98 97
98 99
98 100
98 104
98 106
98 135
98 137
98 138
99 86
99 89
99 90
99 91
99 94
99 95
99 96
99 97
99 98
99 100
99 101
99 102
99 104
99 312
100 89
100 91
100 95
100 96
100 97
100 98
100 99
100 101
100 102
100 104
101 86
101 89
101 99
101 100
101 102
101 103
101 104
102 85
102 86
102 87
102 88
102 89
102 99
102 100
102 101
102 103
102 104
103 85
103 86
103 87
103 101
103 102
103 104
103 105
104 85
104 86
104 98
104 99
104 100
104 101
104 102
104 103
104 105
104 106
105 83
105 84
105 85
105 86
105 103
105 104
105 106
105 107
106 83
106 84
106 85
106 98
106 104
106 105
106 107
106 108
106 135
106 136
106 137
107 81
107 82
107 83
107 84
107 105
107 106
107 108
107 109
107 135
107 136
107 137
108 81
108 82
108 83
108 84
108 106
108 107
108 109
108 110
108 133
108 134
108 135
108 136
109 79
109 80
109 81
109 82
109 107
109 108
109 110
109 111
109 133
109 134
109 135
110 79
110 80
110 81
110 108
110 109
110 111
110 112
110 131
110 132
110 133
110 134
111 77
111 78
111 79
111 80
111 109
111 110
111 112
111 113
111 130
111 131
111 132
111 133
111 328
112 77
112 78
112 79
112 110
112 111
112 113
112 114
112 129
112 130
112 131
112 132
112 208
113 74
113 75
113 76
113 77
113 78
113 111
113 112
113 114
113 115
113 123
113 129
113 130
113 131
114 74
114 75
114 76
114 77
114 112
114 113
114 115
114 116
114 117
114 123
114 125
114 127
114 128
114 129
114 130
115 73
115 74
115 75
115 76
115 113
115 114
115 116
115 117
115 127
115 128
115 129
115 130
116 73
116 74
116 75
116 114
116 115
116 117
116 118
116 127
116 164
116 167
116 168
117 73
117 74
117 75
117 76
117 114
117 115
117 116
117 118
117 119
117 120
117 121
117 122
117 168
118 70
118 74
118 75
118 76
118 116
118 117
118 119
118 120
118 121
119 70
119 75
119 76
119 77
119 117
119 118
119 120
119 121
120 76
120 117
120 118
120 119
120 121
120 122
121 76
121 117
121 118
121 119
121 120
121 122
121 123
121 257
122 76
122 117
122 120
122 121
122 123
122 124
122 125
122 253
122 254
122 256
122 257
122 258
122 259
123 76
123 77
123 113
123 114
123 121
123 122
123 124
123 125
123 253
123 257
123 258
123 259
123 260
123 261
124 122
124 123
124 125
124 126
124 204
124 205
124 206
124 207
124 244
124 249
124 250
124 252
124 253
124 257
124 259
124 260
125 114
125 122
125 123
125 124
125 126
125 127
125 203
125 204
125 249
125 250
125 253
126 124
126 125
126 127
126 128
126 198
126 199
126 203
126 204
127 114
127 115
127 116
127 125
127 126
127 128
127 129
127 198
127 203
127 204
128 114
128 115
128 126
128 127
128 129
128 130
128 147
128 148
128 149
128 198
128 203
129 112
129 113
129 114
129 115
129 127
129 128
129 130
129 131
129 147
129 148
129 149
130 74
130 111
130 112
130 113
130 114
130 115
130 128
130 129
130 131
130 132
130 145
130 146
130 147
130 148
131 110
131 111
131 112
131 113
131 129
131 130
131 132
131 133
131 145
131 146
131 147
131 148
131 213
131 214
132 110
132 111
132 112
132 130
132 131
132 133
132 134
132 143
132 144
132 145
132 146
132 147
132 333
133 108
133 109
133 110
133 111
133 131
133 132
133 134
133 135
133 143
133 144
133 145
133 146
133 333
134 108
134 109
134 110
134 132
134 133
134 135
134 136
134 141
134 142
134 143
134 144
134 145
134 333
135 84
135 98
135 106
135 107
135 108
135 109
135 133
135 134
135 136
135 137
135 141
135 142
135 143
136 106
136 107
136 108
136 134
136 135
136 137
136 138
136 140
136 141
136 142
136 377
136 378
136 379
137 97
137 98
137 106
137 107
137 135
137 136
137 138
137 139
137 140
137 141
137 142
137 377
137 379
137 380
138 97
138 98
138 136
138 137
138 139
138 140
138 141
138 379
138 380
139 97
139 137
139 138
139 140
139 141
139 339
139 340
139 379
139 380
140 136
140 137
140 138
140 139
140 141
140 142
140 337
140 339
140 377
140 378
140 379
140 380
140 381
141 134
141 135
141 136
141 137
141 138
141 139
141 140
141 142
141 143
141 337
141 338
141 339
141 377
142 134
142 135
142 136
142 137
142 140
142 141
142 143
142 144
142 337
142 338
142 339
143 132
143 133
143 134
143 135
143 141
143 142
143 144
143 145
143 333
143 334
143 335
143 336
143 337
143 338
144 132
144 133
144 134
144 142
144 143
144 145
144 146
144 215
144 333
144 335
145 130
145 131
145 132
145 133
145 134
145 143
145 144
145 146
145 147
145 215
145 333
145 334
145 335
146 130
146 131
146 132
146 133
146 144
146 145
146 147
146 148
146 213
146 214
146 215
146 216
147 128
147 129
147 130
147 131
147 132
147 145
147 146
147 148
147 149
147 150
147 213
147 214
147 215
147 216
148 128
148 129
148 130
148 131
148 146
148 147
148 149
148 150
148 211
148 212
148 213
148 214
149 128
149 129
149 147
149 148
149 150
149 151
149 152
149 194
149 197
149 212
149 213
149 214
149 216
150 147
150 148
150 149
150 151
150 152
150 213
150 214
150 215
150 216
150 217
150 234
150 301
151 149
151 150
151 152
151 153
151 193
151 194
151 216
151 217
151 298
151 299
151 300
151 301
152 149
152 150
152 151
152 153
152 154
152 155
152 191
152 193
152 194
152 216
152 298
152 299
153 151
153 152
153 154
153 155
153 190
153 191
153 192
153 193
153 194
153 195
153 299
154 152
154 153
154 155
154 156
154 157
154 159
154 160
154 188
154 190
154 191
154 298
154 299
154 349
155 152
155 153
155 154
155 156
155 157
155 190
155 297
155 298
155 299
155 347
155 348
155 349
155 433
156 154
156 155
156 157
156 158
156 159
156 160
156 348
156 349
156 433
157 154
157 155
157 156
157 158
157 159
157 160
157 348
157 349
157 351
157 352
157 353
158 156
158 157
158 159
158 160
158 161
159 154
159 156
159 157
159 158
159 160
159 161
159 162
159 163
160 154
160 156
160 157
160 158
160 159
160 161
160 162
160 163
160 164
161 158
161 159
161 160
161 162
161 163
161 164
161 165
162 159
162 160
162 161
162 163
162 164
162 165
162 166
163 159
163 160
163 161
163 162
163 164
163 165
163 166
163 167
163 184
164 73
164 116
164 160
164 161
164 162
164 163
164 165
164 166
164 167
164 168
165 161
165 162
165 163
165 164
165 166
165 167
165 168
165 169
166 162
166 163
166 164
166 165
166 167
166 168
166 169
166 170
166 177
166 180
166 181
166 184
167 116
167 163
167 164
167 165
167 166
167 168
167 169
167 176
167 177
167 180
167 181
168 116
168 117
168 164
168 165
168 166
168 167
168 169
168 170
168 176
168 177
169 165
169 166
169 167
169 168
169 170
169 171
169 173
169 174
169 175
169 176
169 177
170 166
170 168
170 169
170 171
170 172
170 173
170 174
170 175
170 176
170 177
170 180
171 169
171 170
171 172
171 173
171 174
172 170
172 171
172 173
172 174
173 169
173 170
173 171
173 172
173 174
173 175
174 169
174 170
174 171
174 172
174 173
174 175
174 176
175 169
175 170
175 173
175 174
175 176
175 177
176 167
176 168
176 169
176 170
176 174
176 175
176 177
176 178
177 166
177 167
177 168
177 169
177 170
177 175
177 176
177 178
177 179
177 180
177 181
178 176
178 177
178 179
178 180
178 181
178 182
178 465
178 466
178 468
178 469
179 177
179 178
179 180
179 181
179 182
179 183
179 468
179 469
179 470
179 473
180 166
180 167
180 170
180 177
180 178
180 179
180 181
180 182
180 183
180 184
181 166
181 167
181 177
181 178
181 179
181 180
181 182
181 183
181 184
181 185
182 178
182 179
182 180
182 181
182 183
182 184
182 185
182 186
182 466
182 469
182 473
182 474
182 477
183 179
183 180
183 181
183 182
183 184
183 185
183 186
183 187
183 473
184 163
184 166
184 180
184 181
184 182
184 183
184 185
184 186
184 187
184 188
185 181
185 182
185 183
185 184
185 186
185 187
185 188
185 189
185 191
185 192
185 477
186 182
186 183
186 184
186 185
186 187
186 188
186 189
186 473
186 476
186 477
186 480
187 183
187 184
187 185
187 186
187 188
187 189
187 476
188 154
188 184
188 185
188 186
188 187
188 189
188 190
188 191
188 434
189 185
189 186
189 187
189 188
189 190
189 191
189 192
189 434
189 438
189 480
190 153
190 154
190 155
190 188
190 189
190 191
190 192
190 193
190 299
190 434
190 436
190 437
190 438
191 152
191 153
191 154
191 185
191 188
191 189
191 190
191 192
191 193
191 194
191 195
191 299
191 438
192 153
192 185
192 189
192 190
192 191
192 193
192 194
192 195
192 196
192 438
192 439
192 442
192 480
192 481
193 151
193 152
193 153
193 190
193 191
193 192
193 194
193 195
193 196
193 197
193 299
193 438
193 439
193 441
193 442
194 149
194 151
194 152
194 153
194 191
194 192
194 193
194 195
194 196
194 197
194 198
194 299
195 153
195 191
195 192
195 193
195 194
195 196
195 197
195 198
195 199
196 192
196 193
196 194
196 195
196 197
196 198
196 199
196 200
196 442
196 446
196 458
197 149
197 193
197 194
197 195
197 196
197 198
197 199
197 200
197 202
197 203
198 126
198 127
198 128
198 194
198 195
198 196
198 197
198 199
198 200
198 201
198 202
198 203
199 126
199 195
199 196
199 197
199 198
199 200
199 201
199 202
199 203
199 458
199 459
199 461
199 462
200 196
200 197
200 198
200 199
200 201
200 202
200 203
200 454
200 455
200 457
200 458
200 461
201 198
201 199
201 200
201 202
201 203
201 204
201 205
201 243
201 244
201 245
201 454
201 457
201 458
202 197
202 198
202 199
202 200
202 201
202 203
202 204
202 205
202 243
203 125
203 126
203 127
203 128
203 197
203 198
203 199
203 200
203 201
203 202
203 204
203 205
203 243
204 124
204 125
204 126
204 127
204 201
204 202
204 203
204 205
204 206
204 243
204 244
204 245
204 246
204 249
205 124
205 201
205 202
205 203
205 204
205 206
205 207
205 208
205 210
205 211
205 241
205 242
205 243
205 244
206 124
206 204
206 205
206 207
206 208
206 209
206 210
206 211
206 242
206 243
206 244
206 260
207 124
207 205
207 206
207 208
207 209
207 210
207 211
207 259
207 260
207 263
207 264
208 112
208 205
208 206
208 207
208 209
208 210
208 211
208 260
208 263
208 264
209 206
209 207
209 208
209 210
209 211
209 237
209 239
209 264
209 274
209 275
210 205
210 206
210 207
210 208
210 209
210 211
210 212
210 237
210 239
210 240
210 241
210 242
210 243
211 148
211 205
211 206
211 207
211 208
211 209
211 210
211 212
211 213
211 236
211 237
211 240
211 241
211 242
212 148
212 149
212 210
212 211
212 213
212 214
212 234
212 235
212 236
212 237
212 241
212 276
213 131
213 146
213 147
213 148
213 149
213 150
213 211
213 212
213 214
213 215
213 234
213 235
213 236
213 237
214 131
214 146
214 147
214 148
214 149
214 150
214 212
214 213
214 215
214 216
214 232
214 233
214 234
214 235
215 144
215 145
215 146
215 147
215 150
215 213
215 214
215 216
215 217
215 218
215 232
215 233
215 234
216 146
216 147
216 149
216 150
216 151
216 152
216 214
216 215
216 217
216 218
216 232
216 233
216 298
217 150
217 151
217 215
217 216
217 218
217 219
217 232
217 296
217 298
217 347
217 349
217 350
218 215
218 216
218 217
218 219
218 220
218 230
218 231
218 232
218 295
218 296
218 298
218 344
218 345
218 347
219 217
219 218
219 220
219 221
219 230
219 231
219 232
219 342
219 343
219 344
219 345
220 218
220 219
220 221
220 222
220 228
220 229
220 230
220 231
220 342
220 343
220 344
220 345
221 93
221 94
221 95
221 219
221 220
221 222
221 223
221 228
221 229
221 230
221 231
221 341
221 342
221 343
222 93
222 94
222 95
222 220
222 221
222 223
222 224
222 225
222 226
222 227
222 228
222 229
222 340
222 341
222 342
222 343
222 420
223 91
223 92
223 93
223 94
223 95
223 96
223 221
223 222
223 224
223 225
223 226
223 227
223 228
223 341
224 91
224 92
224 94
224 95
224 222
224 223
224 225
224 226
224 227
224 341
225 222
225 223
225 224
225 226
225 227
226 222
226 223
226 224
226 225
226 227
226 228
226 420
227 93
227 222
227 223
227 224
227 225
227 226
227 228
227 229
228 93
228 220
228 221
228 222
228 223
228 226
228 227
228 229
228 230
228 284
228 285
228 420
229 93
229 220
229 221
229 222
229 227
229 228
229 230
229 231
229 282
229 283
229 284
229 285
230 218
230 219
230 220
230 221
230 228
230 229
230 231
230 232
230 282
230 283
230 284
230 285
230 345
231 218
231 219
231 220
231 221
231 229
231 230
231 232
231 233
231 280
231 281
231 282
231 283
232 214
232 215
232 216
232 217
232 218
232 219
232 230
232 231
232 233
232 234
232 280
232 281
232 282
233 214
233 215
233 216
233 231
233 232
233 234
233 235
233 278
233 279
233 280
233 281
234 150
234 212
234 213
234 214
234 215
234 232
234 233
234 235
234 236
234 278
234 279
234 280
234 281
235 212
235 213
235 214
235 233
235 234
235 236
235 237
235 276
235 277
235 278
235 279
235 315
236 211
236 212
236 213
236 234
236 235
236 237
236 238
236 276
236 277
236 278
236 279
237 209
237 210
237 211
237 212
237 213
237 235
237 236
237 238
237 239
237 240
237 241
237 274
237 275
237 276
237 277
238 236
238 237
238 239
238 240
238 274
238 275
238 276
238 277
239 209
239 210
239 237
239 238
239 240
239 241
239 274
239 275
239 276
240 210
240 211
240 237
240 238
240 239
240 241
240 242
241 205
241 210
241 211
241 212
241 237
241 239
241 240
241 242
241 243
242 205
242 206
242 210
242 211
242 240
242 241
242 243
242 244
243 201
243 202
243 203
243 204
243 205
243 206
243 210
243 241
243 242
243 244
243 245
244 124
244 201
244 204
244 205
244 206
244 242
244 243
244 245
244 246
244 247
244 248
244 249
245 201
245 204
245 243
245 244
245 246
245 247
245 248
245 249
246 204
246 244
246 245
246 247
246 248
246 249
246 250
247 244
247 245
247 246
247 248
247 249
247 250
247 251
248 244
248 245
248 246
248 247
248 249
248 250
248 251
248 252
249 124
249 125
249 204
249 244
249 245
249 246
249 247
249 248
249 250
249 251
249 252
249 253
250 124
250 125
250 246
250 247
250 248
250 249
250 251
250 252
250 253
250 254
251 247
251 248
251 249
251 250
251 252
251 253
251 254
251 255
252 124
252 248
252 249
252 250
252 251
252 253
252 254
252 255
252 256
252 257
252 259
253 122
253 123
253 124
253 125
253 249
253 250
253 251
253 252
253 254
253 255
253 256
253 257
254 122
254 250
254 251
254 252
254 253
254 255
254 256
254 257
255 251
255 252
255 253
255 254
255 256
255 257
256 122
256 252
256 253
256 254
256 255
256 257
256 258
256 259
257 121
257 122
257 123
257 124
257 252
257 253
257 254
257 255
257 256
257 258
257 259
258 122
258 123
258 256
258 257
258 259
258 260
258 261
258 262
259 122
259 123
259 124
259 207
259 252
259 256
259 257
259 258
259 260
259 261
259 262
259 263
260 77
260 78
260 123
260 124
260 206
260 207
260 208
260 258
260 259
260 261
260 262
260 263
260 264
261 77
261 78
261 79
261 123
261 258
261 259
261 260
261 262
261 263
261 264
261 265
262 7
262 258
262 259
262 260
262 261
262 263
262 264
262 265
262 266
263 207
263 208
263 259
263 260
263 261
263 262
263 264
263 265
263 266
263 267
264 78
264 80
264 207
264 208
264 209
264 260
264 261
264 262
264 263
264 265
264 266
264 267
264 268
265 6
265 7
265 261
265 262
265 263
265 264
265 266
265 267
265 268
265 269
265 320
266 5
266 6
266 7
266 262
266 263
266 264
266 265
266 267
266 268
266 269
266 270
267 263
267 264
267 265
267 266
267 268
267 269
267 270
267 271
267 272
267 273
267 274
268 264
268 265
268 266
268 267
268 269
268 270
268 271
268 272
268 273
268 274
268 317
268 318
268 319
268 320
269 6
269 265
269 266
269 267
269 268
269 270
269 271
269 272
269 319
269 320
270 6
270 266
270 267
270 268
270 269
270 271
270 272
271 267
271 268
271 269
271 270
271 272
271 273
271 318
272 267
272 268
272 269
272 270
272 271
272 273
272 274
273 267
273 268
273 271
273 272
273 274
273 275
273 316
273 317
273 318
274 209
274 237
274 238
274 239
274 267
274 268
274 272
274 273
274 275
274 276
274 316
274 317
274 318
275 209
275 237
275 238
275 239
275 273
275 274
275 276
275 277
275 314
275 315
275 316
275 317
276 212
276 235
276 236
276 237
276 238
276 239
276 274
276 275
276 277
276 278
276 314
276 315
276 316
277 235
277 236
277 237
277 238
277 275
277 276
277 278
277 279
277 311
277 312
277 313
277 314
277 315
278 233
278 234
278 235
278 236
278 276
278 277
278 279
278 280
278 311
278 312
278 313
278 314
278 315
279 233
279 234
279 235
279 236
279 277
279 278
279 280
279 281
279 309
279 310
279 311
279 312
279 313
280 231
280 232
280 233
280 234
280 278
280 279
280 281
280 282
280 309
280 310
280 311
280 312
281 231
281 232
281 233
281 234
281 279
281 280
281 282
281 283
281 302
281 307
281 308
281 309
281 310
282 229
282 230
282 231
282 232
282 280
282 281
282 283
282 284
282 307
282 308
282 310
283 229
283 230
283 231
283 281
283 282
283 284
283 285
283 287
283 288
283 307
284 228
284 229
284 230
284 282
284 283
284 285
284 286
284 287
284 288
285 228
285 229
285 230
285 283
285 284
285 286
285 287
285 288
285 289
286 284
286 285
286 287
286 288
286 289
286 290
287 283
287 284
287 285
287 286
287 288
287 289
287 290
287 291
288 283
288 284
288 285
288 286
288 287
288 289
288 290
288 291
288 294
288 295
289 285
289 286
289 287
289 288
289 290
289 291
290 286
290 287
290 288
290 289
290 291
290 292
291 287
291 288
291 289
291 290
291 292
291 293
291 294
291 295
292 290
292 291
292 293
292 294
293 291
293 292
293 294
293 295
293 297
293 300
293 437
294 288
294 291
294 292
294 293
294 295
294 296
294 297
294 300
295 218
295 288
295 291
295 293
295 294
295 296
295 297
295 300
295 302
296 217
296 218
296 294
296 295
296 297
296 298
296 300
296 345
296 346
296 347
296 348
297 155
297 293
297 294
297 295
297 296
297 298
297 299
297 300
297 347
297 348
298 151
298 152
298 154
298 155
298 216
298 217
298 218
298 296
298 297
298 299
298 300
298 301
298 347
298 349
299 151
299 152
299 153
299 154
299 155
299 190
299 191
299 193
299 194
299 297
299 298
299 300
299 301
300 151
300 293
300 294
300 295
300 296
300 297
300 298
300 299
300 301
300 302
300 441
301 150
301 151
301 298
301 299
301 300
301 302
301 303
301 441
302 281
302 295
302 300
302 301
302 303
302 304
302 306
302 307
303 301
303 302
303 304
303 305
303 306
303 307
304 302
304 303
304 305
304 306
304 307
304 308
304 309
305 303
305 304
305 306
305 307
305 308
306 302
306 303
306 304
306 305
306 307
306 308
307 281
307 282
307 283
307 302
307 303
307 304
307 305
307 306
307 308
307 309
308 281
308 282
308 304
308 305
308 306
308 307
308 309
308 310
309 279
309 280
309 281
309 304
309 307
309 308
309 310
309 311
310 279
310 280
310 281
310 282
310 308
310 309
310 311
310 312
311 87
311 88
311 277
311 278
311 279
311 280
311 309
311 310
311 312
311 313
312 86
312 87
312 88
312 89
312 90
312 99
312 277
312 278
312 279
312 280
312 310
312 311
312 313
312 314
313 84
313 85
313 86
313 87
313 88
313 277
313 278
313 279
313 311
313 312
313 314
313 315
314 84
314 85
314 86
314 87
314 275
314 276
314 277
314 278
314 312
314 313
314 315
314 316
315 82
315 83
315 84
315 85
315 235
315 275
315 276
315 277
315 278
315 313
315 314
315 316
315 317
316 82
316 83
316 84
316 273
316 274
316 275
316 276
316 314
316 315
316 317
316 318
317 80
317 81
317 82
317 83
317 268
317 273
317 274
317 275
317 315
317 316
317 318
317 319
318 80
318 81
318 82
318 83
318 268
318 271
318 273
318 274
318 316
318 317
318 319
318 320
319 80
319 81
319 82
319 268
319 269
319 317
319 318
319 320
319 321
320 79
320 80
320 81
320 265
320 268
320 269
320 318
320 319
320 321
320 322
321 79
321 80
321 81
321 319
321 320
321 322
321 323
321 324
321 327
321 328
322 320
322 321
322 323
322 324
322 327
323 321
323 322
323 324
323 325
323 326
323 327
323 328
324 79
324 321
324 322
324 323
324 325
324 326
324 327
324 328
324 329
325 323
325 324
325 326
325 327
325 328
325 329
325 330
326 323
326 324
326 325
326 327
326 328
326 329
326 330
326 331
326 374
327 79
327 321
327 322
327 323
327 324
327 325
327 326
327 328
327 329
327 330
327 331
327 374
328 78
328 79
328 80
328 111
328 321
328 323
328 324
328 325
328 326
328 327
328 329
328 330
328 331
329 70
329 324
329 325
329 326
329 327
329 328
329 330
329 331
330 325
330 326
330 327
330 328
330 329
330 331
330 332
330 365
330 372
330 374
331 326
331 327
331 328
331 329
331 330
331 332
331 333
331 374
331 375
332 330
332 331
332 333
332 334
332 361
332 369
332 370
332 375
333 132
333 133
333 134
333 143
333 144
333 145
333 331
333 332
333 334
333 335
333 337
333 357
334 143
334 145
334 332
334 333
334 335
334 336
334 337
334 354
334 357
334 358
335 143
335 144
335 145
335 333
335 334
335 336
335 337
335 338
335 350
335 353
335 354
335 357
336 143
336 334
336 335
336 337
336 338
336 353
336 354
336 355
337 140
337 141
337 142
337 143
337 333
337 334
337 335
337 336
337 338
337 339
338 141
338 142
338 143
338 335
338 336
338 337
338 339
338 340
338 342
338 343
339 96
339 139
339 140
339 141
339 142
339 337
339 338
339 340
339 341
339 342
339 343
340 95
340 96
340 139
340 222
340 338
340 339
340 341
340 342
340 343
340 417
340 418
340 419
341 94
341 95
341 96
341 221
341 222
341 223
341 224
341 339
341 340
341 342
341 343
342 94
342 96
342 219
342 220
342 221
342 222
342 338
342 339
342 340
342 341
342 343
342 344
343 219
343 220
343 221
343 222
343 338
343 339
343 340
343 341
343 342
343 344
343 345
343 419
344 218
344 219
344 220
344 342
344 343
344 345
344 346
344 347
344 350
344 351
345 218
345 219
345 220
345 230
345 296
345 343
345 344
345 346
345 347
345 350
345 351
346 296
346 344
346 345
346 347
346 348
346 350
346 351
347 155
347 217
347 218
347 296
347 297
347 298
347 344
347 345
347 346
347 348
347 349
347 350
347 351
348 155
348 156
348 157
348 296
348 297
348 346
348 347
348 349
348 350
348 351
348 352
349 154
349 155
349 156
349 157
349 217
349 298
349 347
349 348
349 350
349 351
349 352
349 353
350 217
350 335
350 344
350 345
350 346
350 347
350 348
350 349
350 351
350 352
350 353
350 354
351 157
351 344
351 345
351 346
351 347
351 348
351 349
351 350
351 352
351 353
351 354
351 355
352 157
352 348
352 349
352 350
352 351
352 353
352 354
352 355
352 356
353 157
353 335
353 336
353 349
353 350
353 351
353 352
353 354
353 355
353 356
353 357
354 334
354 335
354 336
354 350
354 351
354 352
354 353
354 355
354 356
354 357
354 358
355 336
355 351
355 352
355 353
355 354
355 356
355 357
355 358
355 359
356 352
356 353
356 354
356 355
356 357
356 358
356 359
356 360
357 333
357 334
357 335
357 353
357 354
357 355
357 356
357 358
357 359
357 360
357 361
358 334
358 354
358 355
358 356
358 357
358 359
358 360
358 361
358 362
359 355
359 356
359 357
359 358
359 360
359 361
359 362
359 363
360 356
360 357
360 358
360 359
360 361
360 362
360 363
360 364
361 332
361 357
361 358
361 359
361 360
361 362
361 363
361 364
361 365
361 366
361 367
361 369
362 358
362 359
362 360
362 361
362 363
362 364
362 365
362 366
362 367
362 368
362 369
363 359
363 360
363 361
363 362
363 364
363 365
363 366
363 367
364 68
364 69
364 70
364 71
364 360
364 361
364 362
364 363
364 365
364 366
365 68
365 69
365 330
365 361
365 362
365 363
365 364
365 366
365 367
365 368
365 369
366 361
366 362
366 363
366 364
366 365
366 367
366 368
366 369
366 390
367 361
367 362
367 363
367 365
367 366
367 368
367 369
367 389
367 390
368 362
368 365
368 366
368 367
368 369
368 370
368 371
368 372
368 389
368 390
368 391
368 392
369 332
369 361
369 362
369 365
369 366
369 367
369 368
369 370
369 371
369 372
369 375
370 332
370 368
370 369
370 371
370 372
370 373
370 375
370 376
371 368
371 369
371 370
371 372
371 373
371 375
371 376
371 392
371 393
371 394
372 330
372 368
372 369
372 370
372 371
372 373
372 374
372 375
372 376
373 370
373 371
373 372
373 374
373 375
373 376
374 326
374 327
374 330
374 331
374 372
374 373
374 375
374 376
375 331
375 332
375 369
375 370
375 371
375 372
375 373
375 374
375 376
375 377
376 370
376 371
376 372
376 373
376 374
376 375
376 377
376 378
377 136
377 137
377 140
377 141
377 375
377 376
377 378
377 379
377 380
377 381
377 382
378 136
378 140
378 376
378 377
378 379
378 380
378 381
379 136
379 137
379 138
379 139
379 140
379 377
379 378
379 380
379 381
380 137
380 138
380 139
380 140
380 377
380 378
380 379
380 381
380 382
381 140
381 377
381 378
381 379
381 380
381 382
381 383
382 377
382 380
382 381
382 383
382 384
383 381
383 382
383 384
383 385
383 397
383 411
384 382
384 383
384 385
384 386
384 402
384 411
385 383
385 384
385 386
385 387
385 401
385 402
385 403
385 404
386 384
386 385
386 387
386 388
386 402
387 385
387 386
387 388
387 389
387 396
387 397
387 402
388 386
388 387
388 389
388 390
388 392
388 396
389 367
389 368
389 387
389 388
389 390
389 391
389 392
390 366
390 367
390 368
390 388
390 389
390 391
390 392
391 368
391 389
391 390
391 392
391 393
392 368
392 371
392 388
392 389
392 390
392 391
392 393
392 394
392 395
392 396
393 371
393 391
393 392
393 394
393 395
393 396
394 371
394 392
394 393
394 395
394 396
394 397
395 392
395 393
395 394
395 396
395 397
395 398
396 387
396 388
396 392
396 393
396 394
396 395
396 397
396 398
397 383
397 387
397 394
397 395
397 396
397 398
397 399
397 400
398 395
398 396
398 397
398 399
398 400
399 397
399 398
399 400
399 401
400 397
400 398
400 399
400 401
400 402
400 410
401 385
401 399
401 400
401 402
401 403
401 406
401 408
401 410
402 384
402 385
402 386
402 387
402 400
402 401
402 403
402 404
403 385
403 401
403 402
403 404
403 405
403 406
404 385
404 402
404 403
404 405
404 406
405 403
405 404
405 406
405 407
406 401
406 403
406 404
406 405
406 407
406 408
406 409
406 410
407 405
407 406
407 408
407 409
407 410
408 401
408 406
408 407
408 409
408 410
409 406
409 407
409 408
409 410
409 411
410 400
410 401
410 406
410 407
410 408
410 409
410 411
410 412
411 383
411 384
411 409
411 410
411 412
411 413
412 410
412 411
412 413
412 414
413 411
413 412
413 414
413 415
414 412
414 413
414 415
414 416
414 417
414 418
415 413
415 414
415 416
415 417
415 418
416 414
416 415
416 417
416 418
417 340
417 414
417 415
417 416
417 418
417 419
418 340
418 414
418 415
418 416
418 417
418 419
418 420
419 340
419 343
419 417
419 418
419 420
419 421
420 222
420 226
420 228
420 418
420 419
420 421
420 422
421 419
421 420
421 422
421 423
422 420
422 421
422 423
422 424
423 421
423 422
423 424
423 425
424 422
424 423
424 425
424 426
425 423
425 424
425 426
425 427
426 424
426 425
426 427
426 428
427 425
427 426
427 428
427 429
428 426
428 427
428 429
428 430
429 427
429 428
429 430
429 431
430 428
430 429
430 431
430 432
431 429
431 430
431 432
431 433
432 430
432 431
432 433
432 434
432 435
433 155
433 156
433 431
433 432
433 434
433 435
433 436
434 188
434 189
434 190
434 432
434 433
434 435
434 436
435 432
435 433
435 434
435 436
435 437
435 438
436 190
436 433
436 434
436 435
436 437
436 438
437 190
437 293
437 435
437 436
437 438
437 439
437 440
438 189
438 190
438 191
438 192
438 193
438 435
438 436
438 437
438 439
438 440
438 441
438 442
439 192
439 193
439 437
439 438
439 440
439 441
439 442
439 443
439 483
439 484
440 437
440 438
440 439
440 441
440 442
440 443
440 444
440 484
441 193
441 300
441 301
441 438
441 439
441 440
441 442
441 443
441 444
441 445
442 192
442 193
442 196
442 438
442 439
442 440
442 441
442 443
442 444
442 445
442 446
442 484
443 439
443 440
443 441
443 442
443 444
443 445
443 446
443 447
443 448
443 484
443 485
444 440
444 441
444 442
444 443
444 445
444 446
444 447
444 448
444 449
445 441
445 442
445 443
445 444
445 446
445 447
445 448
445 449
445 450
446 196
446 442
446 443
446 444
446 445
446 447
446 448
446 449
446 450
446 455
446 488
447 443
447 444
447 445
447 446
447 448
447 449
447 450
447 451
448 443
448 444
448 445
448 446
448 447
448 449
448 450
448 451
449 444
449 445
449 446
449 447
449 448
449 450
449 451
450 445
450 446
450 447
450 448
450 449
450 451
450 452
450 454
450 455
451 447
451 448
451 449
451 450
451 452
451 453
451 454
451 455
452 450
452 451
452 453
452 454
452 455
452 456
453 451
453 452
453 454
453 455
453 456
453 457
454 200
454 201
454 450
454 451
454 452
454 453
454 455
454 456
454 457
454 458
455 200
455 446
455 450
455 451
455 452
455 453
455 454
455 456
455 457
455 458
455 459
455 488
456 452
456 453
456 454
456 455
456 457
456 458
456 459
456 460
457 200
457 201
457 453
457 454
457 455
457 456
457 458
457 459
457 460
457 461
458 196
458 199
458 200
458 201
458 454
458 455
458 456
458 457
458 459
458 460
458 461
458 462
459 199
459 455
459 456
459 457
459 458
459 460
459 461
459 462
459 463
459 488
459 491
459 492
459 495
460 456
460 457
460 458
460 459
460 461
460 462
460 463
460 464
460 492
460 495
461 199
461 200
461 457
461 458
461 459
461 460
461 462
461 463
461 464
461 465
462 199
462 458
462 459
462 460
462 461
462 463
462 464
462 465
462 466
462 492
463 459
463 460
463 461
463 462
463 464
463 465
463 466
463 467
463 492
463 493
463 495
463 496
464 460
464 461
464 462
464 463
464 465
464 466
464 467
464 468
464 496
465 178
465 461
465 462
465 463
465 464
465 466
465 467
465 468
465 469
466 178
466 182
466 462
466 463
466 464
466 465
466 467
466 468
466 469
466 474
466 496
467 463
467 464
467 465
467 466
467 468
467 469
467 470
467 474
467 496
467 499
467 500
468 178
468 179
468 464
468 465
468 466
468 467
468 469
468 470
469 178
469 179
469 182
469 465
469 466
469 467
469 468
469 470
469 471
469 473
469 474
470 179
470 467
470 468
470 469
470 471
470 472
470 473
470 474
471 469
471 470
471 472
471 473
471 474
471 475
472 470
472 471
472 473
472 474
472 475
472 476
473 179
473 182
473 183
473 186
473 469
473 470
473 471
473 472
473 474
473 475
473 476
473 477
474 182
474 466
474 467
474 469
474 470
474 471
474 472
474 473
474 475
474 476
474 477
474 478
475 471
475 472
475 473
475 474
475 476
475 477
475 478
475 479
476 186
476 187
476 472
476 473
476 474
476 475
476 477
476 478
476 479
476 480
477 182
477 185
477 186
477 473
477 474
477 475
477 476
477 478
477 479
477 480
477 481
478 474
478 475
478 476
478 477
478 479
478 480
478 481
478 482
478 489
478 490
478 492
478 493
479 475
479 476
479 477
479 478
479 480
479 481
479 482
479 483
479 489
480 186
480 189
480 192
480 476
480 477
480 478
480 479
480 481
480 482
480 483
480 484
480 489
481 192
481 477
481 478
481 479
481 480
481 482
481 483
481 484
481 485
481 486
481 488
481 489
482 478
482 479
482 480
482 481
482 483
482 484
482 485
482 486
482 487
482 488
482 489
482 490
483 439
483 479
483 480
483 481
483 482
483 484
483 485
483 486
483 489
484 439
484 440
484 442
484 443
484 480
484 481
484 482
484 483
484 485
484 486
484 488
484 489
485 443
485 481
485 482
485 483
485 484
485 486
485 487
485 488
485 489
486 481
486 482
486 483
486 484
486 485
486 487
486 488
486 489
486 490
487 482
487 485
487 486
487 488
487 489
487 490
487 491
488 446
488 455
488 459
488 481
488 482
488 484
488 485
488 486
488 487
488 489
488 490
488 491
488 492
489 478
489 479
489 480
489 481
489 482
489 483
489 484
489 485
489 486
489 487
489 488
489 490
489 491
489 492
489 493
490 478
490 482
490 486
490 487
490 488
490 489
490 491
490 492
490 493
490 494
491 459
491 487
491 488
491 489
491 490
491 492
491 493
491 494
491 495
492 459
492 460
492 462
492 463
492 478
492 488
492 489
492 490
492 491
492 493
492 494
492 495
492 496
493 463
493 478
493 489
493 490
493 491
493 492
493 494
493 495
493 496
493 497
494 490
494 491
494 492
494 493
494 495
494 496
494 497
494 498
495 459
495 460
495 463
495 491
495 492
495 493
495 494
495 496
495 497
495 498
495 499
496 463
496 464
496 466
496 467
496 492
496 493
496 494
496 495
496 497
496 498
496 499
496 500
497 493
497 494
497 495
497 496
497 498
497 499
497 500
497 501
498 494
498 495
498 496
498 497
498 499
498 500
498 501
498 502
499 467
499 495
499 496
499 497
499 498
499 500
499 501
499 502
499 503
500 467
500 496
500 497
500 498
500 499
500 501
500 502
500 503
501 497
501 498
501 499
501 500
501 502
501 503
502 498
502 499
502 500
502 501
502 503
502 504
503 499
503 500
503 501
503 502
503 504
503 505
504 502
504 503
504 505
504 506
504 507
505 503
505 504
505 506
505 507
506 504
506 505
506 507
506 508
507 504
507 505
507 506
507 508
507 509
508 506
508 507
508 509
508 510
509 507
509 508
509 510
509 511
510 508
510 509
510 511
510 512
511 509
511 510
511 512
511 513
512 510
512 511
512 513
512 514
513 511
513 512
513 514
513 515
514 512
514 513
514 515
514 516
515 513
515 514
515 516
515 517
516 514
516 515
516 517
516 518
517 515
517 516
517 518
517 519
518 516
518 517
518 519
518 520
519 517
519 518
519 520
519 521
520 518
520 519
520 521
520 522
521 519
521 520
521 522
521 523
522 520
522 521
522 523
522 524
523 521
523 522
523 524
523 525
524 522
524 523
524 525
524 526
525 523
525 524
525 526
526 524
526 525
