0 1
0 2
1 0
1 2
1 3
1 4
2 0
2 1
2 3
2 4
3 1
3 2
3 4
3 5
3 6
4 1
4 2
4 3
4 5
4 6
4 7
5 3
5 4
5 6
5 7
5 8
6 3
6 4
6 5
6 7
6 8
6 9
7 4
7 5
7 6
7 8
7 9
7 10
8 5
8 6
8 7
8 9
8 10
8 11
8 12
9 6
9 7
9 8
9 10
9 11
9 12
10 7
10 8
10 9
10 11
10 12
11 8
11 9
11 10
11 12
11 13
11 14
12 8
12 9
12 10
12 11
12 13
12 14
13 11
13 12
13 14
13 15
14 11
14 12
14 13
14 15
14 16
15 13
15 14
15 16
15 17
15 18
16 14
16 15
16 17
16 18
17 15
17 16
17 18
17 19
18 15
18 16
18 17
18 19
18 20
19 17
19 18
19 20
19 21
20 18
20 19
20 21
20 22
20 24
21 19
21 20
21 22
21 23
21 24
22 20
22 21
22 23
22 24
23 21
23 22
23 24
23 25
23 43
23 44
23 45
23 46
24 20
24 21
24 22
24 23
24 25
24 26
24 41
24 42
24 43
24 44
25 23
25 24
25 26
25 27
25 41
25 42
25 43
25 44
26 24
26 25
26 27
26 28
26 39
26 40
26 41
26 42
27 25
27 26
27 28
27 29
27 39
27 40
27 41
27 42
28 26
28 27
28 29
28 30
28 37
28 38
28 39
28 40
29 27
29 28
29 30
29 31
29 37
29 38
29 39
29 40
30 28
30 29
30 31
30 32
30 38
31 29
31 30
31 32
31 33
31 34
31 36
31 37
31 38
32 30
32 31
32 33
32 34
33 31
33 32
33 34
33 35
33 36
34 31
34 32
34 33
34 35
34 36
35 33
35 34
35 36
35 37
36 31
36 33
36 34
36 35
36 37
36 38
37 28
37 29
37 31
37 35
37 36
37 38
37 39
38 28
38 29
38 30
38 31
38 36
38 37
38 39
38 40
39 26
39 27
39 28
39 29
39 37
39 38
39 40
39 41
40 26
40 27
40 28
40 29
40 38
40 39
40 41
40 42
41 24
41 25
41 26
41 27
41 39
41 40
41 42
41 43
42 24
42 25
42 26
42 27
42 40
42 41
42 43
42 44
43 23
43 24
43 25
43 41
43 42
43 44
43 45
44 23
44 24
44 25
44 42
44 43
44 45
44 46
45 23
45 43
45 44
45 46
46 23
46 44
46 45
