0 1
0 2
0 15
0 16
0 17
0 18
0 61
0 62
0 63
1 0
1 2
1 3
1 13
1 14
1 15
1 16
1 62
1 63
1 64
2 0
2 1
2 3
2 4
2 13
2 14
2 15
2 16
2 61
2 62
2 63
2 64
2 65
2 66
3 1
3 2
3 4
3 5
3 11
3 12
3 13
3 14
3 63
3 64
3 65
3 66
4 2
4 3
4 5
4 6
4 11
4 12
4 13
4 14
4 65
4 66
4 67
4 68
5 3
5 4
5 6
5 7
5 9
5 10
5 11
5 12
5 65
5 66
5 67
5 68
6 4
6 5
6 7
6 8
6 9
6 10
6 11
6 67
6 68
6 69
7 5
7 6
7 8
7 9
7 10
7 67
7 68
7 69
8 6
8 7
8 9
8 10
9 5
9 6
9 7
9 8
9 10
9 11
10 5
10 6
10 7
10 8
10 9
10 11
10 12
11 3
11 4
11 5
11 6
11 9
11 10
11 12
11 13
12 3
12 4
12 5
12 10
12 11
12 13
12 14
13 1
13 2
13 3
13 4
13 11
13 12
13 14
13 15
14 1
14 2
14 3
14 4
14 12
14 13
14 15
14 16
14 28
14 29
15 0
15 1
15 2
15 13
15 14
15 16
15 17
16 0
16 1
16 2
16 14
16 15
16 17
16 18
16 20
16 25
17 0
17 15
17 16
17 18
17 19
17 20
17 55
18 0
18 16
18 17
18 19
18 20
18 54
18 55
18 56
18 60
18 61
19 17
19 18
19 20
19 21
19 54
19 55
19 56
20 16
20 17
20 18
20 19
20 21
20 22
20 23
20 24
20 25
20 54
20 55
21 19
21 20
21 22
21 23
21 24
21 25
21 51
21 52
21 53
21 54
21 55
22 20
22 21
22 23
22 24
22 25
22 26
22 49
22 50
22 51
22 52
22 53
22 54
22 55
23 20
23 21
23 22
23 24
23 25
23 26
23 27
23 37
23 51
23 52
24 20
24 21
24 22
24 23
24 25
24 26
24 27
24 28
25 16
25 20
25 21
25 22
25 23
25 24
25 26
25 27
25 28
25 29
26 22
26 23
26 24
26 25
26 27
26 28
26 29
26 30
26 36
26 37
26 40
27 23
27 24
27 25
27 26
27 28
27 29
27 30
27 31
27 36
27 37
28 14
28 24
28 25
28 26
28 27
28 29
28 30
28 31
28 32
29 14
29 25
29 26
29 27
29 28
29 30
29 31
29 32
29 33
29 34
29 35
29 37
30 26
30 27
30 28
30 29
30 31
30 32
30 33
30 34
30 35
30 36
30 37
31 27
31 28
31 29
31 30
31 32
31 33
31 34
31 35
32 28
32 29
32 30
32 31
32 33
32 34
33 29
33 30
33 31
33 32
33 34
33 35
34 29
34 30
34 31
34 32
34 33
34 35
34 36
35 29
35 30
35 31
35 33
35 34
35 36
35 37
35 39
35 40
36 26
36 27
36 30
36 34
36 35
36 37
36 38
36 39
36 40
37 23
37 26
37 27
37 29
37 30
37 35
37 36
37 38
37 39
37 40
38 36
38 37
38 39
38 40
38 41
38 71
38 74
38 75
39 35
39 36
39 37
39 38
39 40
39 41
39 70
39 71
39 72
39 74
39 75
40 26
40 35
40 36
40 37
40 38
40 39
40 41
40 42
40 68
40 69
40 70
40 71
41 38
41 39
41 40
41 42
41 43
41 48
41 49
41 68
41 69
41 70
41 71
42 40
42 41
42 43
42 44
42 48
42 49
42 66
42 67
42 68
42 69
43 41
43 42
43 44
43 45
43 46
43 47
43 48
43 49
43 66
43 67
43 68
43 69
44 42
44 43
44 45
44 46
44 47
44 48
44 49
44 65
44 66
44 67
45 43
45 44
45 46
45 47
46 43
46 44
46 45
46 47
46 48
47 43
47 44
47 45
47 46
47 48
47 49
48 41
48 42
48 43
48 44
48 46
48 47
48 49
48 50
49 22
49 41
49 42
49 43
49 44
49 47
49 48
49 50
49 51
49 53
50 22
50 48
50 49
50 51
50 52
50 53
51 21
51 22
51 23
51 49
51 50
51 52
51 53
52 21
52 22
52 23
52 50
52 51
52 53
52 54
53 21
53 22
53 49
53 50
53 51
53 52
53 54
53 55
53 57
54 18
54 19
54 20
54 21
54 22
54 52
54 53
54 55
54 56
54 57
54 58
55 17
55 18
55 19
55 20
55 21
55 22
55 53
55 54
55 56
55 57
55 58
55 59
55 60
55 61
56 18
56 19
56 54
56 55
56 57
56 58
56 59
56 60
56 61
57 53
57 54
57 55
57 56
57 58
57 59
57 60
58 54
58 55
58 56
58 57
58 59
58 60
59 55
59 56
59 57
59 58
59 60
59 61
60 18
60 55
60 56
60 57
60 58
60 59
60 61
60 62
60 64
61 0
61 2
61 18
61 55
61 56
61 59
61 60
61 62
61 63
61 64
62 0
62 1
62 2
62 60
62 61
62 63
62 64
63 0
63 1
63 2
63 3
63 61
63 62
63 64
63 65
64 1
64 2
64 3
64 60
64 61
64 62
64 63
64 65
64 66
65 2
65 3
65 4
65 5
65 44
65 63
65 64
65 66
65 67
66 2
66 3
66 4
66 5
66 42
66 43
66 44
66 64
66 65
66 67
66 68
67 4
67 5
67 6
67 7
67 42
67 43
67 44
67 65
67 66
67 68
67 69
68 4
68 5
68 6
68 7
68 40
68 41
68 42
68 43
68 66
68 67
68 69
68 70
69 6
69 7
69 40
69 41
69 42
69 43
69 67
69 68
69 70
69 71
70 39
70 40
70 41
70 68
70 69
70 71
70 72
71 38
71 39
71 40
71 41
71 69
71 70
71 72
71 73
71 74
72 39
72 70
72 71
72 73
72 74
73 71
73 72
73 74
73 75
74 38
74 39
74 71
74 72
74 73
74 75
74 76
75 38
75 39
75 73
75 74
75 76
75 77
75 91
75 92
75 93
76 74
76 75
76 77
76 78
76 91
76 92
76 93
76 137
76 138
76 139
77 75
77 76
77 78
77 79
77 89
77 90
77 91
77 92
77 138
77 139
77 140
78 76
78 77
78 79
78 80
78 89
78 90
78 91
78 92
78 137
78 138
78 139
78 140
78 141
78 142
79 77
79 78
79 80
79 81
79 87
79 88
79 89
79 90
79 139
79 140
79 141
79 142
80 78
80 79
80 81
80 82
80 87
80 88
80 89
80 90
80 141
80 142
80 143
80 144
81 79
81 80
81 82
81 83
81 84
81 85
81 86
81 87
81 88
81 141
81 142
81 143
81 144
82 80
82 81
82 83
82 84
82 85
82 86
82 87
82 88
82 143
82 144
82 145
83 81
83 82
83 84
83 85
83 86
83 143
83 144
83 145
84 81
84 82
84 83
84 85
84 86
85 81
85 82
85 83
85 84
85 86
85 87
86 81
86 82
86 83
86 84
86 85
86 87
86 88
87 79
87 80
87 81
87 82
87 85
87 86
87 88
87 89
88 79
88 80
88 81
88 82
88 86
88 87
88 89
88 90
89 77
89 78
89 79
89 80
89 87
89 88
89 90
89 91
90 77
90 78
90 79
90 80
90 88
90 89
90 91
90 92
90 101
90 104
90 105
91 75
91 76
91 77
91 78
91 89
91 90
91 92
91 93
92 75
92 76
92 77
92 78
92 90
92 91
92 93
92 94
92 96
92 101
93 75
93 76
93 91
93 92
93 94
93 95
93 96
93 131
94 92
94 93
94 95
94 96
94 130
94 131
94 132
94 136
94 137
95 93
95 94
95 96
95 97
95 130
95 131
95 132
96 92
96 93
96 94
96 95
96 97
96 98
96 99
96 100
96 101
96 130
96 131
97 95
97 96
97 98
97 99
97 100
97 101
97 127
97 128
97 129
97 130
97 131
98 96
98 97
98 99
98 100
98 101
98 102
98 125
98 126
98 127
98 128
98 129
98 130
98 131
99 96
99 97
99 98
99 100
99 101
99 102
99 103
99 113
99 126
99 127
99 128
100 96
100 97
100 98
100 99
100 101
100 102
100 103
100 104
101 90
101 92
101 96
101 97
101 98
101 99
101 100
101 102
101 103
101 104
101 105
102 98
102 99
102 100
102 101
102 103
102 104
102 105
102 106
102 112
102 113
102 116
103 99
103 100
103 101
103 102
103 104
103 105
103 106
103 107
103 112
103 113
104 90
104 100
104 101
104 102
104 103
104 105
104 106
104 107
104 108
105 90
105 101
105 102
105 103
105 104
105 106
105 107
105 108
105 109
105 110
105 111
105 113
106 102
106 103
106 104
106 105
106 107
106 108
106 109
106 110
106 111
106 112
106 113
107 103
107 104
107 105
107 106
107 108
107 109
107 110
107 111
108 104
108 105
108 106
108 107
108 109
108 110
109 105
109 106
109 107
109 108
109 110
109 111
110 105
110 106
110 107
110 108
110 109
110 111
110 112
111 105
111 106
111 107
111 109
111 110
111 112
111 113
111 115
111 116
112 102
112 103
112 106
112 110
112 111
112 113
112 114
112 115
112 116
112 167
112 168
112 169
113 99
113 102
113 103
113 105
113 106
113 111
113 112
113 114
113 115
113 116
114 112
114 113
114 115
114 116
114 117
114 147
114 150
114 151
115 111
115 112
115 113
115 114
115 116
115 117
115 146
115 147
115 148
115 150
115 151
116 102
116 111
116 112
116 113
116 114
116 115
116 117
116 118
116 144
116 145
116 146
116 147
117 114
117 115
117 116
117 118
117 119
117 124
117 125
117 144
117 145
117 146
117 147
118 116
118 117
118 119
118 120
118 124
118 125
118 142
118 143
118 144
118 145
119 117
119 118
119 120
119 121
119 122
119 123
119 124
119 125
119 142
119 143
119 144
119 145
120 118
120 119
120 121
120 122
120 123
120 124
120 125
120 141
120 142
120 143
121 119
121 120
121 122
121 123
122 119
122 120
122 121
122 123
122 124
123 119
123 120
123 121
123 122
123 124
123 125
124 117
124 118
124 119
124 120
124 122
124 123
124 125
124 126
125 98
125 117
125 118
125 119
125 120
125 123
125 124
125 126
125 127
125 129
126 98
126 99
126 124
126 125
126 127
126 128
126 129
127 97
127 98
127 99
127 125
127 126
127 128
127 129
128 97
128 98
128 99
128 126
128 127
128 129
128 130
129 97
129 98
129 125
129 126
129 127
129 128
129 130
129 131
129 133
129 134
130 94
130 95
130 96
130 97
130 98
130 128
130 129
130 131
130 132
130 133
130 134
131 93
131 94
131 95
131 96
131 97
131 98
131 129
131 130
131 132
131 133
131 134
131 135
131 136
131 137
132 94
132 95
132 130
132 131
132 133
132 134
132 135
132 136
132 137
133 129
133 130
133 131
133 132
133 134
133 135
133 136
134 129
134 130
134 131
134 132
134 133
134 135
134 136
135 131
135 132
135 133
135 134
135 136
135 137
136 94
136 131
136 132
136 133
136 134
136 135
136 137
136 138
136 140
137 76
137 78
137 94
137 131
137 132
137 135
137 136
137 138
137 139
137 140
138 76
138 77
138 78
138 136
138 137
138 139
138 140
139 76
139 77
139 78
139 79
139 137
139 138
139 140
139 141
140 77
140 78
140 79
140 136
140 137
140 138
140 139
140 141
140 142
141 78
141 79
141 80
141 81
141 120
141 139
141 140
141 142
141 143
142 78
142 79
142 80
142 81
142 118
142 119
142 120
142 140
142 141
142 143
142 144
143 80
143 81
143 82
143 83
143 118
143 119
143 120
143 141
143 142
143 144
143 145
144 80
144 81
144 82
144 83
144 116
144 117
144 118
144 119
144 142
144 143
144 145
144 146
145 82
145 83
145 116
145 117
145 118
145 119
145 143
145 144
145 146
145 147
146 115
146 116
146 117
146 144
146 145
146 147
146 148
147 114
147 115
147 116
147 117
147 145
147 146
147 148
147 149
147 150
148 115
148 146
148 147
148 149
148 150
149 147
149 148
149 150
149 151
150 114
150 115
150 147
150 148
150 149
150 151
150 152
151 114
151 115
151 149
151 150
151 152
151 153
151 167
151 168
151 169
152 150
152 151
152 153
152 154
152 167
152 168
152 169
152 170
152 213
152 214
152 215
153 151
153 152
153 154
153 155
153 165
153 166
153 167
153 168
153 214
153 215
153 216
154 152
154 153
154 155
154 156
154 165
154 166
154 167
154 168
154 213
154 214
154 215
154 216
154 217
154 218
155 153
155 154
155 156
155 157
155 163
155 164
155 165
155 166
155 215
155 216
155 217
155 218
156 154
156 155
156 157
156 158
156 163
156 164
156 165
156 166
156 217
156 218
156 219
156 220
157 155
157 156
157 158
157 159
157 160
157 161
157 162
157 163
157 164
157 217
157 218
157 219
157 220
158 156
158 157
158 159
158 160
158 161
158 162
158 163
158 164
158 219
158 220
158 221
159 157
159 158
159 160
159 161
159 162
159 219
159 220
159 221
160 157
160 158
160 159
160 161
160 162
161 157
161 158
161 159
161 160
161 162
161 163
162 157
162 158
162 159
162 160
162 161
162 163
162 164
163 155
163 156
163 157
163 158
163 161
163 162
163 164
163 165
164 155
164 156
164 157
164 158
164 162
164 163
164 165
164 166
165 153
165 154
165 155
165 156
165 163
165 164
165 166
165 167
166 153
166 154
166 155
166 156
166 164
166 165
166 167
166 168
166 177
166 180
166 181
167 112
167 151
167 152
167 153
167 154
167 165
167 166
167 168
167 169
168 112
168 151
168 152
168 153
168 154
168 166
168 167
168 169
168 170
168 172
168 177
169 112
169 151
169 152
169 167
169 168
169 170
169 171
169 172
169 207
170 152
170 168
170 169
170 171
170 172
170 206
170 207
170 208
170 212
170 213
171 169
171 170
171 172
171 173
171 206
171 207
171 208
172 168
172 169
172 170
172 171
172 173
172 174
172 175
172 176
172 177
172 206
172 207
173 171
173 172
173 174
173 175
173 176
173 177
173 203
173 204
173 205
173 206
173 207
174 172
174 173
174 175
174 176
174 177
174 178
174 201
174 202
174 203
174 204
174 205
174 206
174 207
175 172
175 173
175 174
175 176
175 177
175 178
175 179
175 189
175 203
175 204
176 172
176 173
176 174
176 175
176 177
176 178
176 179
176 180
177 166
177 168
177 172
177 173
177 174
177 175
177 176
177 178
177 179
177 180
177 181
178 174
178 175
178 176
178 177
178 179
178 180
178 181
178 182
178 188
178 189
178 192
179 175
179 176
179 177
179 178
179 180
179 181
179 182
179 183
179 188
179 189
180 166
180 176
180 177
180 178
180 179
180 181
180 182
180 183
180 184
181 166
181 177
181 178
181 179
181 180
181 182
181 183
181 184
181 185
181 186
181 187
181 189
182 178
182 179
182 180
182 181
182 183
182 184
182 185
182 186
182 187
182 188
182 189
183 179
183 180
183 181
183 182
183 184
183 185
183 186
183 187
184 180
184 181
184 182
184 183
184 185
184 186
185 181
185 182
185 183
185 184
185 186
185 187
186 181
186 182
186 183
186 184
186 185
186 187
186 188
187 181
187 182
187 183
187 185
187 186
187 188
187 189
187 191
187 192
188 178
188 179
188 182
188 186
188 187
188 189
188 190
188 191
188 192
188 243
188 244
188 245
189 175
189 178
189 179
189 181
189 182
189 187
189 188
189 190
189 191
189 192
190 188
190 189
190 191
190 192
190 193
190 226
190 227
191 187
191 188
191 189
191 190
191 192
191 193
191 222
191 223
191 224
191 226
191 227
192 178
192 187
192 188
192 189
192 190
192 191
192 193
192 194
192 220
192 221
192 222
192 223
193 190
193 191
193 192
193 194
193 195
193 200
193 201
193 220
193 221
193 222
193 223
194 192
194 193
194 195
194 196
194 200
194 201
194 218
194 219
194 220
194 221
195 193
195 194
195 196
195 197
195 198
195 199
195 200
195 201
195 218
195 219
195 220
195 221
196 194
196 195
196 197
196 198
196 199
196 200
196 201
196 217
196 218
196 219
197 195
197 196
197 198
197 199
198 195
198 196
198 197
198 199
198 200
199 195
199 196
199 197
199 198
199 200
199 201
200 193
200 194
200 195
200 196
200 198
200 199
200 201
200 202
201 174
201 193
201 194
201 195
201 196
201 199
201 200
201 202
201 203
201 205
202 174
202 200
202 201
202 203
202 204
202 205
203 173
203 174
203 175
203 201
203 202
203 204
203 205
204 173
204 174
204 175
204 202
204 203
204 205
204 206
205 173
205 174
205 201
205 202
205 203
205 204
205 206
205 207
205 209
205 210
206 170
206 171
206 172
206 173
206 174
206 204
206 205
206 207
206 208
206 209
206 210
207 169
207 170
207 171
207 172
207 173
207 174
207 205
207 206
207 208
207 209
207 210
207 211
207 212
207 213
208 170
208 171
208 206
208 207
208 209
208 210
208 211
208 212
208 213
209 205
209 206
209 207
209 208
209 210
209 211
209 212
210 205
210 206
210 207
210 208
210 209
210 211
210 212
211 207
211 208
211 209
211 210
211 212
211 213
212 170
212 207
212 208
212 209
212 210
212 211
212 213
212 214
212 216
213 152
213 154
213 170
213 207
213 208
213 211
213 212
213 214
213 215
213 216
214 152
214 153
214 154
214 212
214 213
214 215
214 216
215 152
215 153
215 154
215 155
215 213
215 214
215 216
215 217
216 153
216 154
216 155
216 212
216 213
216 214
216 215
216 217
216 218
217 154
217 155
217 156
217 157
217 196
217 215
217 216
217 218
217 219
218 154
218 155
218 156
218 157
218 194
218 195
218 196
218 216
218 217
218 219
218 220
219 156
219 157
219 158
219 159
219 194
219 195
219 196
219 217
219 218
219 220
219 221
220 156
220 157
220 158
220 159
220 192
220 193
220 194
220 195
220 218
220 219
220 221
220 222
221 158
221 159
221 192
221 193
221 194
221 195
221 219
221 220
221 222
221 223
222 191
222 192
222 193
222 220
222 221
222 223
222 224
223 191
223 192
223 193
223 221
223 222
223 224
223 225
223 226
224 191
224 222
224 223
224 225
224 226
225 223
225 224
225 226
225 227
226 190
226 191
226 223
226 224
226 225
226 227
226 228
227 190
227 191
227 225
227 226
227 228
227 229
227 243
227 244
227 245
228 226
228 227
228 229
228 230
228 243
228 244
228 245
228 289
228 290
228 291
229 227
229 228
229 230
229 231
229 241
229 242
229 243
229 244
229 290
229 291
229 292
230 228
230 229
230 231
230 232
230 241
230 242
230 243
230 244
230 289
230 290
230 291
230 292
230 293
230 294
231 229
231 230
231 232
231 233
231 239
231 240
231 241
231 242
231 291
231 292
231 293
231 294
232 230
232 231
232 233
232 234
232 239
232 240
232 241
232 242
232 293
232 294
232 295
232 296
233 231
233 232
233 234
233 235
233 237
233 238
233 239
233 240
233 293
233 294
233 295
233 296
234 232
234 233
234 235
234 236
234 237
234 238
234 239
234 240
234 295
234 296
234 297
235 233
235 234
235 236
235 237
235 238
235 295
235 296
235 297
236 234
236 235
236 237
236 238
237 233
237 234
237 235
237 236
237 238
237 239
238 233
238 234
238 235
238 236
238 237
238 239
238 240
239 231
239 232
239 233
239 234
239 237
239 238
239 240
239 241
240 231
240 232
240 233
240 234
240 238
240 239
240 241
240 242
241 229
241 230
241 231
241 232
241 239
241 240
241 242
241 243
242 229
242 230
242 231
242 232
242 240
242 241
242 243
242 244
242 253
242 256
242 257
243 188
243 227
243 228
243 229
243 230
243 241
243 242
243 244
243 245
244 188
244 227
244 228
244 229
244 230
244 242
244 243
244 245
244 246
244 248
244 253
245 188
245 227
245 228
245 243
245 244
245 246
245 247
245 248
245 283
246 244
246 245
246 247
246 248
246 282
246 283
246 284
246 288
246 289
247 245
247 246
247 248
247 249
247 282
247 283
247 284
248 244
248 245
248 246
248 247
248 249
248 250
248 251
248 252
248 253
248 282
248 283
249 247
249 248
249 250
249 251
249 252
249 253
249 279
249 280
249 281
249 282
249 283
250 248
250 249
250 251
250 252
250 253
250 254
250 277
250 278
250 279
250 280
250 281
250 282
250 283
251 248
251 249
251 250
251 252
251 253
251 254
251 255
251 265
251 279
251 280
252 248
252 249
252 250
252 251
252 253
252 254
252 255
252 256
253 242
253 244
253 248
253 249
253 250
253 251
253 252
253 254
253 255
253 256
253 257
254 250
254 251
254 252
254 253
254 255
254 256
254 257
254 258
254 264
254 265
254 268
255 251
255 252
255 253
255 254
255 256
255 257
255 258
255 259
255 264
255 265
256 242
256 252
256 253
256 254
256 255
256 257
256 258
256 259
256 260
257 242
257 253
257 254
257 255
257 256
257 258
257 259
257 260
257 261
257 262
257 263
257 265
258 254
258 255
258 256
258 257
258 259
258 260
258 261
258 262
258 263
258 264
258 265
259 255
259 256
259 257
259 258
259 260
259 261
259 262
259 263
260 256
260 257
260 258
260 259
260 261
260 262
261 257
261 258
261 259
261 260
261 262
261 263
262 257
262 258
262 259
262 260
262 261
262 263
262 264
263 257
263 258
263 259
263 261
263 262
263 264
263 265
263 267
263 268
264 254
264 255
264 258
264 262
264 263
264 265
264 266
264 267
264 268
264 303
264 319
264 320
264 321
265 251
265 254
265 255
265 257
265 258
265 263
265 264
265 266
265 267
265 268
266 264
266 265
266 267
266 268
266 269
266 302
266 303
267 263
267 264
267 265
267 266
267 268
267 269
267 298
267 299
267 300
267 302
267 303
268 254
268 263
268 264
268 265
268 266
268 267
268 269
268 270
268 296
268 297
268 298
268 299
269 266
269 267
269 268
269 270
269 271
269 276
269 277
269 296
269 297
269 298
269 299
270 268
270 269
270 271
270 272
270 276
270 277
270 294
270 295
270 296
270 297
271 269
271 270
271 272
271 273
271 274
271 275
271 276
271 277
271 294
271 295
271 296
271 297
272 270
272 271
272 273
272 274
272 275
272 276
272 277
272 293
272 294
272 295
273 271
273 272
273 274
273 275
274 271
274 272
274 273
274 275
274 276
275 271
275 272
275 273
275 274
275 276
275 277
276 269
276 270
276 271
276 272
276 274
276 275
276 277
276 278
277 250
277 269
277 270
277 271
277 272
277 275
277 276
277 278
277 279
277 281
278 250
278 276
278 277
278 279
278 280
278 281
279 249
279 250
279 251
279 277
279 278
279 280
279 281
280 249
280 250
280 251
280 278
280 279
280 281
280 282
281 249
281 250
281 277
281 278
281 279
281 280
281 282
281 283
281 285
281 286
282 246
282 247
282 248
282 249
282 250
282 280
282 281
282 283
282 284
282 285
282 286
283 245
283 246
283 247
283 248
283 249
283 250
283 281
283 282
283 284
283 285
283 286
283 287
283 288
283 289
284 246
284 247
284 282
284 283
284 285
284 286
284 287
284 288
284 289
285 281
285 282
285 283
285 284
285 286
285 287
285 288
286 281
286 282
286 283
286 284
286 285
286 287
286 288
287 283
287 284
287 285
287 286
287 288
287 289
288 246
288 283
288 284
288 285
288 286
288 287
288 289
288 290
288 292
289 228
289 230
289 246
289 283
289 284
289 287
289 288
289 290
289 291
289 292
290 228
290 229
290 230
290 288
290 289
290 291
290 292
291 228
291 229
291 230
291 231
291 289
291 290
291 292
291 293
292 229
292 230
292 231
292 288
292 289
292 290
292 291
292 293
292 294
293 230
293 231
293 232
293 233
293 272
293 291
293 292
293 294
293 295
294 230
294 231
294 232
294 233
294 270
294 271
294 272
294 292
294 293
294 295
294 296
295 232
295 233
295 234
295 235
295 270
295 271
295 272
295 293
295 294
295 296
295 297
296 232
296 233
296 234
296 235
296 268
296 269
296 270
296 271
296 294
296 295
296 297
296 298
297 234
297 235
297 268
297 269
297 270
297 271
297 295
297 296
297 298
297 299
298 267
298 268
298 269
298 296
298 297
298 299
298 300
299 267
299 268
299 269
299 297
299 298
299 300
299 301
299 302
299 303
300 267
300 298
300 299
300 301
300 302
300 303
301 299
301 300
301 302
301 303
302 266
302 267
302 299
302 300
302 301
302 303
302 304
303 264
303 266
303 267
303 299
303 300
303 301
303 302
303 304
303 305
303 319
303 320
303 321
304 302
304 303
304 305
304 306
304 319
304 320
304 321
304 322
304 365
304 366
304 367
305 303
305 304
305 306
305 307
305 317
305 318
305 319
305 320
305 366
305 367
305 368
306 304
306 305
306 307
306 308
306 317
306 318
306 319
306 320
306 365
306 366
306 367
306 368
306 369
306 370
307 305
307 306
307 308
307 309
307 315
307 316
307 317
307 318
307 367
307 368
307 369
307 370
308 306
308 307
308 309
308 310
308 315
308 316
308 317
308 318
308 369
308 370
308 371
308 372
309 307
309 308
309 310
309 311
309 313
309 314
309 315
309 316
309 369
309 370
309 371
309 372
310 308
310 309
310 311
310 312
310 313
310 314
310 315
310 316
310 371
310 372
310 373
311 309
311 310
311 312
311 313
311 314
311 371
311 372
311 373
312 310
312 311
312 313
312 314
313 309
313 310
313 311
313 312
313 314
313 315
314 309
314 310
314 311
314 312
314 313
314 315
314 316
315 307
315 308
315 309
315 310
315 313
315 314
315 316
315 317
316 307
316 308
316 309
316 310
316 314
316 315
316 317
316 318
317 305
317 306
317 307
317 308
317 315
317 316
317 318
317 319
318 305
318 306
318 307
318 308
318 316
318 317
318 319
318 320
318 329
318 332
318 333
319 264
319 303
319 304
319 305
319 306
319 317
319 318
319 320
319 321
320 264
320 303
320 304
320 305
320 306
320 318
320 319
320 321
320 322
320 324
320 329
321 264
321 303
321 304
321 319
321 320
321 322
321 323
321 324
321 359
322 304
322 320
322 321
322 323
322 324
322 358
322 359
322 360
322 364
322 365
323 321
323 322
323 324
323 325
323 358
323 359
323 360
324 320
324 321
324 322
324 323
324 325
324 326
324 327
324 328
324 329
324 358
324 359
325 323
325 324
325 326
325 327
325 328
325 329
325 355
325 356
325 357
325 358
325 359
326 324
326 325
326 327
326 328
326 329
326 330
326 353
326 354
326 355
326 356
326 357
326 358
326 359
327 324
327 325
327 326
327 328
327 329
327 330
327 331
327 341
327 355
327 356
328 324
328 325
328 326
328 327
328 329
328 330
328 331
328 332
329 318
329 320
329 324
329 325
329 326
329 327
329 328
329 330
329 331
329 332
329 333
330 326
330 327
330 328
330 329
330 331
330 332
330 333
330 334
330 340
330 341
330 344
331 327
331 328
331 329
331 330
331 332
331 333
331 334
331 335
331 340
331 341
332 318
332 328
332 329
332 330
332 331
332 333
332 334
332 335
332 336
333 318
333 329
333 330
333 331
333 332
333 334
333 335
333 336
333 337
333 338
333 339
333 341
334 330
334 331
334 332
334 333
334 335
334 336
334 337
334 338
334 339
334 340
334 341
335 331
335 332
335 333
335 334
335 336
335 337
335 338
335 339
336 332
336 333
336 334
336 335
336 337
336 338
337 333
337 334
337 335
337 336
337 338
337 339
338 333
338 334
338 335
338 336
338 337
338 339
338 340
339 333
339 334
339 335
339 337
339 338
339 340
339 341
339 343
339 344
340 330
340 331
340 334
340 338
340 339
340 341
340 342
340 343
340 344
340 379
340 395
340 396
340 397
341 327
341 330
341 331
341 333
341 334
341 339
341 340
341 342
341 343
341 344
342 340
342 341
342 343
342 344
342 345
342 378
342 379
343 339
343 340
343 341
343 342
343 344
343 345
343 374
343 375
343 376
343 378
343 379
344 330
344 339
344 340
344 341
344 342
344 343
344 345
344 346
344 372
344 373
344 374
344 375
345 342
345 343
345 344
345 346
345 347
345 352
345 353
345 372
345 373
345 374
345 375
346 344
346 345
346 347
346 348
346 352
346 353
346 370
346 371
346 372
346 373
347 345
347 346
347 348
347 349
347 350
347 351
347 352
347 353
347 370
347 371
347 372
347 373
348 346
348 347
348 349
348 350
348 351
348 352
348 353
348 369
348 370
348 371
349 347
349 348
349 350
349 351
350 347
350 348
350 349
350 351
350 352
351 347
351 348
351 349
351 350
351 352
351 353
352 345
352 346
352 347
352 348
352 350
352 351
352 353
352 354
353 326
353 345
353 346
353 347
353 348
353 351
353 352
353 354
353 355
353 357
354 326
354 352
354 353
354 355
354 356
354 357
355 325
355 326
355 327
355 353
355 354
355 356
355 357
356 325
356 326
356 327
356 354
356 355
356 357
356 358
357 325
357 326
357 353
357 354
357 355
357 356
357 358
357 359
357 361
357 362
358 322
358 323
358 324
358 325
358 326
358 356
358 357
358 359
358 360
358 361
358 362
359 321
359 322
359 323
359 324
359 325
359 326
359 357
359 358
359 360
359 361
359 362
359 363
359 364
359 365
360 322
360 323
360 358
360 359
360 361
360 362
360 363
360 364
360 365
361 357
361 358
361 359
361 360
361 362
361 363
361 364
362 357
362 358
362 359
362 360
362 361
362 363
362 364
363 359
363 360
363 361
363 362
363 364
363 365
364 322
364 359
364 360
364 361
364 362
364 363
364 365
364 366
364 368
365 304
365 306
365 322
365 359
365 360
365 363
365 364
365 366
365 367
365 368
366 304
366 305
366 306
366 364
366 365
366 367
366 368
367 304
367 305
367 306
367 307
367 365
367 366
367 368
367 369
368 305
368 306
368 307
368 364
368 365
368 366
368 367
368 369
368 370
369 306
369 307
369 308
369 309
369 348
369 367
369 368
369 370
369 371
370 306
370 307
370 308
370 309
370 346
370 347
370 348
370 368
370 369
370 371
370 372
371 308
371 309
371 310
371 311
371 346
371 347
371 348
371 369
371 370
371 372
371 373
372 308
372 309
372 310
372 311
372 344
372 345
372 346
372 347
372 370
372 371
372 373
372 374
373 310
373 311
373 344
373 345
373 346
373 347
373 371
373 372
373 374
373 375
374 343
374 344
374 345
374 372
374 373
374 375
374 376
375 343
375 344
375 345
375 373
375 374
375 376
375 377
375 378
376 343
376 374
376 375
376 377
376 378
377 375
377 376
377 378
377 379
378 342
378 343
378 375
378 376
378 377
378 379
378 380
379 340
379 342
379 343
379 377
379 378
379 380
379 381
379 395
379 396
379 397
380 378
380 379
380 381
380 382
380 395
380 396
380 397
380 398
380 441
380 442
380 443
381 379
381 380
381 382
381 383
381 393
381 394
381 395
381 396
381 442
381 443
381 444
382 380
382 381
382 383
382 384
382 393
382 394
382 395
382 396
382 441
382 442
382 443
382 444
382 445
382 446
383 381
383 382
383 384
383 385
383 391
383 392
383 393
383 394
383 443
383 444
383 445
383 446
384 382
384 383
384 385
384 386
384 391
384 392
384 393
384 394
384 445
384 446
384 447
384 448
385 383
385 384
385 386
385 387
385 389
385 390
385 391
385 392
385 445
385 446
385 447
385 448
386 384
386 385
386 387
386 388
386 389
386 390
386 391
386 392
386 447
386 448
386 449
387 385
387 386
387 388
387 389
387 390
387 447
387 448
387 449
388 386
388 387
388 389
388 390
389 385
389 386
389 387
389 388
389 390
389 391
390 385
390 386
390 387
390 388
390 389
390 391
390 392
391 383
391 384
391 385
391 386
391 389
391 390
391 392
391 393
392 383
392 384
392 385
392 386
392 390
392 391
392 393
392 394
393 381
393 382
393 383
393 384
393 391
393 392
393 394
393 395
394 381
394 382
394 383
394 384
394 392
394 393
394 395
394 396
394 405
394 408
394 409
395 340
395 379
395 380
395 381
395 382
395 393
395 394
395 396
395 397
396 340
396 379
396 380
396 381
396 382
396 394
396 395
396 397
396 398
396 400
396 405
397 340
397 379
397 380
397 395
397 396
397 398
397 399
397 400
397 435
398 380
398 396
398 397
398 399
398 400
398 434
398 435
398 436
398 440
398 441
399 397
399 398
399 400
399 401
399 434
399 435
399 436
400 396
400 397
400 398
400 399
400 401
400 402
400 403
400 404
400 405
400 434
400 435
401 399
401 400
401 402
401 403
401 404
401 405
401 431
401 432
401 433
401 434
401 435
402 400
402 401
402 403
402 404
402 405
402 406
402 429
402 430
402 431
402 432
402 433
402 434
402 435
403 400
403 401
403 402
403 404
403 405
403 406
403 407
403 417
403 431
403 432
404 400
404 401
404 402
404 403
404 405
404 406
404 407
404 408
405 394
405 396
405 400
405 401
405 402
405 403
405 404
405 406
405 407
405 408
405 409
406 402
406 403
406 404
406 405
406 407
406 408
406 409
406 410
406 416
406 417
406 420
407 403
407 404
407 405
407 406
407 408
407 409
407 410
407 411
407 416
407 417
408 394
408 404
408 405
408 406
408 407
408 409
408 410
408 411
408 412
409 394
409 405
409 406
409 407
409 408
409 410
409 411
409 412
409 413
409 414
409 415
409 417
410 406
410 407
410 408
410 409
410 411
410 412
410 413
410 414
410 415
410 416
410 417
411 407
411 408
411 409
411 410
411 412
411 413
411 414
411 415
412 408
412 409
412 410
412 411
412 413
412 414
413 409
413 410
413 411
413 412
413 414
413 415
414 409
414 410
414 411
414 412
414 413
414 415
414 416
415 409
415 410
415 411
415 413
415 414
415 416
415 417
415 419
415 420
416 406
416 407
416 410
416 414
416 415
416 417
416 418
416 419
416 420
416 455
416 471
416 472
416 473
417 403
417 406
417 407
417 409
417 410
417 415
417 416
417 418
417 419
417 420
418 416
418 417
418 419
418 420
418 421
418 454
418 455
419 415
419 416
419 417
419 418
419 420
419 421
419 450
419 451
419 452
419 454
419 455
420 406
420 415
420 416
420 417
420 418
420 419
420 421
420 422
420 448
420 449
420 450
420 451
421 418
421 419
421 420
421 422
421 423
421 428
421 429
421 447
421 448
421 449
421 450
421 451
422 420
422 421
422 423
422 424
422 428
422 429
422 446
422 447
422 448
422 449
423 421
423 422
423 424
423 425
423 426
423 427
423 428
423 429
423 446
423 447
423 448
423 449
424 422
424 423
424 425
424 426
424 427
424 428
424 429
424 445
424 446
424 447
425 423
425 424
425 426
425 427
426 423
426 424
426 425
426 427
426 428
427 423
427 424
427 425
427 426
427 428
427 429
428 421
428 422
428 423
428 424
428 426
428 427
428 429
428 430
429 402
429 421
429 422
429 423
429 424
429 427
429 428
429 430
429 431
429 433
430 402
430 428
430 429
430 431
430 432
430 433
431 401
431 402
431 403
431 429
431 430
431 432
431 433
432 401
432 402
432 403
432 430
432 431
432 433
432 434
433 401
433 402
433 429
433 430
433 431
433 432
433 434
433 435
433 437
433 438
434 398
434 399
434 400
434 401
434 402
434 432
434 433
434 435
434 436
434 437
434 438
435 397
435 398
435 399
435 400
435 401
435 402
435 433
435 434
435 436
435 437
435 438
435 439
435 440
435 441
436 398
436 399
436 434
436 435
436 437
436 438
436 439
436 440
436 441
437 433
437 434
437 435
437 436
437 438
437 439
437 440
438 433
438 434
438 435
438 436
438 437
438 439
438 440
439 435
439 436
439 437
439 438
439 440
439 441
440 398
440 435
440 436
440 437
440 438
440 439
440 441
440 442
440 444
441 380
441 382
441 398
441 435
441 436
441 439
441 440
441 442
441 443
441 444
442 380
442 381
442 382
442 440
442 441
442 443
442 444
443 380
443 381
443 382
443 383
443 441
443 442
443 444
443 445
444 381
444 382
444 383
444 440
444 441
444 442
444 443
444 445
444 446
445 382
445 383
445 384
445 385
445 424
445 443
445 444
445 446
445 447
446 382
446 383
446 384
446 385
446 422
446 423
446 424
446 444
446 445
446 447
446 448
447 384
447 385
447 386
447 387
447 421
447 422
447 423
447 424
447 445
447 446
447 448
447 449
448 384
448 385
448 386
448 387
448 420
448 421
448 422
448 423
448 446
448 447
448 449
448 450
449 386
449 387
449 420
449 421
449 422
449 423
449 447
449 448
449 450
449 451
450 419
450 420
450 421
450 448
450 449
450 451
450 452
451 419
451 420
451 421
451 449
451 450
451 452
451 453
451 454
451 455
452 419
452 450
452 451
452 453
452 454
453 451
453 452
453 454
453 455
454 418
454 419
454 451
454 452
454 453
454 455
454 456
455 416
455 418
455 419
455 451
455 453
455 454
455 456
455 457
455 471
455 472
455 473
456 454
456 455
456 457
456 458
456 471
456 472
456 473
456 474
456 517
456 518
456 519
457 455
457 456
457 458
457 459
457 469
457 470
457 471
457 472
457 518
457 519
457 520
458 456
458 457
458 459
458 460
458 469
458 470
458 471
458 472
458 517
458 518
458 519
458 520
458 521
458 522
459 457
459 458
459 460
459 461
459 467
459 468
459 469
459 470
459 519
459 520
459 521
459 522
460 458
460 459
460 461
460 462
460 467
460 468
460 469
460 470
460 521
460 522
460 523
460 524
461 459
461 460
461 462
461 463
461 465
461 466
461 467
461 468
461 521
461 522
461 523
461 524
462 460
462 461
462 463
462 464
462 465
462 466
462 467
462 468
462 523
462 524
462 525
463 461
463 462
463 464
463 465
463 466
463 523
463 524
463 525
464 462
464 463
464 465
464 466
465 461
465 462
465 463
465 464
465 466
465 467
466 461
466 462
466 463
466 464
466 465
466 467
466 468
467 459
467 460
467 461
467 462
467 465
467 466
467 468
467 469
468 459
468 460
468 461
468 462
468 466
468 467
468 469
468 470
469 457
469 458
469 459
469 460
469 467
469 468
469 470
469 471
470 457
470 458
470 459
470 460
470 468
470 469
470 471
470 472
470 481
470 484
470 485
471 416
471 455
471 456
471 457
471 458
471 469
471 470
471 472
471 473
472 416
472 455
472 456
472 457
472 458
472 470
472 471
472 473
472 474
472 476
472 481
473 416
473 455
473 456
473 471
473 472
473 474
473 475
473 476
473 511
474 456
474 472
474 473
474 475
474 476
474 510
474 511
474 512
474 516
474 517
475 473
475 474
475 476
475 477
475 510
475 511
475 512
476 472
476 473
476 474
476 475
476 477
476 478
476 479
476 480
476 481
476 510
476 511
477 475
477 476
477 478
477 479
477 480
477 481
477 507
477 508
477 509
477 510
477 511
478 476
478 477
478 479
478 480
478 481
478 482
478 505
478 506
478 507
478 508
478 509
478 510
478 511
479 476
479 477
479 478
479 480
479 481
479 482
479 483
479 493
479 507
479 508
480 476
480 477
480 478
480 479
480 481
480 482
480 483
480 484
481 470
481 472
481 476
481 477
481 478
481 479
481 480
481 482
481 483
481 484
481 485
482 478
482 479
482 480
482 481
482 483
482 484
482 485
482 486
482 492
482 493
482 496
483 479
483 480
483 481
483 482
483 484
483 485
483 486
483 487
483 492
483 493
484 470
484 480
484 481
484 482
484 483
484 485
484 486
484 487
484 488
485 470
485 481
485 482
485 483
485 484
485 486
485 487
485 488
485 489
485 490
485 491
485 493
486 482
486 483
486 484
486 485
486 487
486 488
486 489
486 490
486 491
486 492
486 493
487 483
487 484
487 485
487 486
487 488
487 489
487 490
487 491
488 484
488 485
488 486
488 487
488 489
488 490
489 485
489 486
489 487
489 488
489 490
489 491
490 485
490 486
490 487
490 488
490 489
490 491
490 492
491 485
491 486
491 487
491 489
491 490
491 492
491 493
491 495
491 496
492 482
492 483
492 486
492 490
492 491
492 493
492 494
492 495
492 496
493 479
493 482
493 483
493 485
493 486
493 491
493 492
493 494
493 495
493 496
494 492
494 493
494 495
494 496
494 497
494 531
495 491
495 492
495 493
495 494
495 496
495 497
495 526
495 527
495 528
495 530
495 531
496 482
496 491
496 492
496 493
496 494
496 495
496 497
496 498
496 524
496 525
496 526
496 527
497 494
497 495
497 496
497 498
497 499
497 504
497 505
497 524
497 525
497 526
497 527
498 496
498 497
498 499
498 500
498 504
498 505
498 522
498 523
498 524
498 525
499 497
499 498
499 500
499 501
499 502
499 503
499 504
499 505
499 522
499 523
499 524
499 525
500 498
500 499
500 501
500 502
500 503
500 504
500 505
500 521
500 522
500 523
501 499
501 500
501 502
501 503
502 499
502 500
502 501
502 503
502 504
503 499
503 500
503 501
503 502
503 504
503 505
504 497
504 498
504 499
504 500
504 502
504 503
504 505
504 506
505 478
505 497
505 498
505 499
505 500
505 503
505 504
505 506
505 507
505 509
506 478
506 504
506 505
506 507
506 508
506 509
507 477
507 478
507 479
507 505
507 506
507 508
507 509
508 477
508 478
508 479
508 506
508 507
508 509
508 510
509 477
509 478
509 505
509 506
509 507
509 508
509 510
509 511
509 513
509 514
510 474
510 475
510 476
510 477
510 478
510 508
510 509
510 511
510 512
510 513
510 514
511 473
511 474
511 475
511 476
511 477
511 478
511 509
511 510
511 512
511 513
511 514
511 515
511 516
511 517
512 474
512 475
512 510
512 511
512 513
512 514
512 515
512 516
512 517
513 509
513 510
513 511
513 512
513 514
513 515
513 516
514 509
514 510
514 511
514 512
514 513
514 515
514 516
515 511
515 512
515 513
515 514
515 516
515 517
516 474
516 511
516 512
516 513
516 514
516 515
516 517
516 518
516 520
517 456
517 458
517 474
517 511
517 512
517 515
517 516
517 518
517 519
517 520
518 456
518 457
518 458
518 516
518 517
518 519
518 520
519 456
519 457
519 458
519 459
519 517
519 518
519 520
519 521
520 457
520 458
520 459
520 516
520 517
520 518
520 519
520 521
520 522
521 458
521 459
521 460
521 461
521 500
521 519
521 520
521 522
521 523
522 458
522 459
522 460
522 461
522 498
522 499
522 500
522 520
522 521
522 523
522 524
523 460
523 461
523 462
523 463
523 498
523 499
523 500
523 521
523 522
523 524
523 525
524 460
524 461
524 462
524 463
524 496
524 497
524 498
524 499
524 522
524 523
524 525
524 526
525 462
525 463
525 496
525 497
525 498
525 499
525 523
525 524
525 526
525 527
526 495
526 496
526 497
526 524
526 525
526 527
526 528
527 495
527 496
527 497
527 525
527 526
527 528
527 529
527 530
528 495
528 526
528 527
528 529
528 530
529 527
529 528
529 530
529 531
530 495
530 527
530 528
530 529
530 531
530 532
531 494
531 495
531 529
531 530
531 532
531 533
531 547
531 548
531 549
532 530
532 531
532 533
532 534
532 547
532 548
532 549
532 550
532 593
532 594
532 595
533 531
533 532
533 534
533 535
533 545
533 546
533 547
533 548
533 594
533 595
533 596
534 532
534 533
534 535
534 536
534 545
534 546
534 547
534 548
534 593
534 594
534 595
534 596
534 597
534 598
535 533
535 534
535 536
535 537
535 543
535 544
535 545
535 546
535 595
535 596
535 597
535 598
536 534
536 535
536 537
536 538
536 543
536 544
536 545
536 546
536 597
536 598
536 599
536 600
537 535
537 536
537 538
537 539
537 541
537 542
537 543
537 544
537 597
537 598
537 599
537 600
538 536
538 537
538 539
538 540
538 541
538 542
538 543
538 544
538 599
538 600
538 601
539 537
539 538
539 540
539 541
539 542
539 599
539 600
539 601
540 538
540 539
540 541
540 542
541 537
541 538
541 539
541 540
541 542
541 543
542 537
542 538
542 539
542 540
542 541
542 543
542 544
543 535
543 536
543 537
543 538
543 541
543 542
543 544
543 545
544 535
544 536
544 537
544 538
544 542
544 543
544 545
544 546
545 533
545 534
545 535
545 536
545 543
545 544
545 546
545 547
546 533
546 534
546 535
546 536
546 544
546 545
546 547
546 548
546 557
546 560
546 561
547 531
547 532
547 533
547 534
547 545
547 546
547 548
547 549
548 531
548 532
548 533
548 534
548 546
548 547
548 549
548 550
548 552
548 557
549 531
549 532
549 547
549 548
549 550
549 551
549 552
549 587
550 532
550 548
550 549
550 551
550 552
550 586
550 587
550 588
550 592
550 593
551 549
551 550
551 552
551 553
551 586
551 587
551 588
552 548
552 549
552 550
552 551
552 553
552 554
552 555
552 556
552 557
552 586
552 587
553 551
553 552
553 554
553 555
553 556
553 557
553 583
553 584
553 585
553 586
553 587
554 552
554 553
554 555
554 556
554 557
554 558
554 581
554 582
554 583
554 584
554 585
554 586
554 587
555 552
555 553
555 554
555 556
555 557
555 558
555 559
555 569
555 583
555 584
556 552
556 553
556 554
556 555
556 557
556 558
556 559
556 560
557 546
557 548
557 552
557 553
557 554
557 555
557 556
557 558
557 559
557 560
557 561
558 554
558 555
558 556
558 557
558 559
558 560
558 561
558 562
558 568
558 569
558 572
559 555
559 556
559 557
559 558
559 560
559 561
559 562
559 563
559 568
559 569
560 546
560 556
560 557
560 558
560 559
560 561
560 562
560 563
560 564
561 546
561 557
561 558
561 559
561 560
561 562
561 563
561 564
561 565
561 566
561 567
561 569
562 558
562 559
562 560
562 561
562 563
562 564
562 565
562 566
562 567
562 568
562 569
563 559
563 560
563 561
563 562
563 564
563 565
563 566
563 567
564 560
564 561
564 562
564 563
564 565
564 566
565 561
565 562
565 563
565 564
565 566
565 567
566 561
566 562
566 563
566 564
566 565
566 567
566 568
567 561
567 562
567 563
567 565
567 566
567 568
567 569
567 571
567 572
568 558
568 559
568 562
568 566
568 567
568 569
568 570
568 571
568 572
569 555
569 558
569 559
569 561
569 562
569 567
569 568
569 570
569 571
569 572
570 568
570 569
570 571
570 572
570 573
570 607
571 567
571 568
571 569
571 570
571 572
571 573
571 602
571 603
571 604
571 606
571 607
572 558
572 567
572 568
572 569
572 570
572 571
572 573
572 574
572 600
572 601
572 602
572 603
573 570
573 571
573 572
573 574
573 575
573 580
573 581
573 600
573 601
573 602
573 603
574 572
574 573
574 575
574 576
574 580
574 581
574 598
574 599
574 600
574 601
575 573
575 574
575 576
575 577
575 578
575 579
575 580
575 581
575 598
575 599
575 600
575 601
576 574
576 575
576 577
576 578
576 579
576 580
576 581
576 597
576 598
576 599
577 575
577 576
577 578
577 579
578 575
578 576
578 577
578 579
578 580
579 575
579 576
579 577
579 578
579 580
579 581
580 573
580 574
580 575
580 576
580 578
580 579
580 581
580 582
581 554
581 573
581 574
581 575
581 576
581 579
581 580
581 582
581 583
581 585
582 554
582 580
582 581
582 583
582 584
582 585
583 553
583 554
583 555
583 581
583 582
583 584
583 585
584 553
584 554
584 555
584 582
584 583
584 585
584 586
585 553
585 554
585 581
585 582
585 583
585 584
585 586
585 587
585 589
585 590
586 550
586 551
586 552
586 553
586 554
586 584
586 585
586 587
586 588
586 589
586 590
587 549
587 550
587 551
587 552
587 553
587 554
587 585
587 586
587 588
587 589
587 590
587 591
587 592
587 593
588 550
588 551
588 586
588 587
588 589
588 590
588 591
588 592
588 593
589 585
589 586
589 587
589 588
589 590
589 591
589 592
590 585
590 586
590 587
590 588
590 589
590 591
590 592
591 587
591 588
591 589
591 590
591 592
591 593
592 550
592 587
592 588
592 589
592 590
592 591
592 593
592 594
592 596
593 532
593 534
593 550
593 587
593 588
593 591
593 592
593 594
593 595
593 596
594 532
594 533
594 534
594 592
594 593
594 595
594 596
595 532
595 533
595 534
595 535
595 593
595 594
595 596
595 597
596 533
596 534
596 535
596 592
596 593
596 594
596 595
596 597
596 598
597 534
597 535
597 536
597 537
597 576
597 595
597 596
597 598
597 599
598 534
598 535
598 536
598 537
598 574
598 575
598 576
598 596
598 597
598 599
598 600
599 536
599 537
599 538
599 539
599 574
599 575
599 576
599 597
599 598
599 600
599 601
600 536
600 537
600 538
600 539
600 572
600 573
600 574
600 575
600 598
600 599
600 601
600 602
601 538
601 539
601 572
601 573
601 574
601 575
601 599
601 600
601 602
601 603
602 571
602 572
602 573
602 600
602 601
602 603
602 604
603 571
603 572
603 573
603 601
603 602
603 604
603 605
603 606
604 571
604 602
604 603
604 605
604 606
605 603
605 604
605 606
605 607
606 571
606 603
606 604
606 605
606 607
606 608
607 570
607 571
607 605
607 606
607 608
607 609
607 623
607 624
607 625
608 606
608 607
608 609
608 610
608 623
608 624
608 625
608 626
608 669
608 670
608 671
609 607
609 608
609 610
609 611
609 621
609 622
609 623
609 624
609 670
609 671
609 672
610 608
610 609
610 611
610 612
610 621
610 622
610 623
610 624
610 669
610 670
610 671
610 672
610 673
610 674
611 609
611 610
611 612
611 613
611 619
611 620
611 621
611 622
611 671
611 672
611 673
611 674
612 610
612 611
612 613
612 614
612 619
612 620
612 621
612 622
612 673
612 674
612 675
612 676
613 611
613 612
613 614
613 615
613 617
613 618
613 619
613 620
613 673
613 674
613 675
613 676
614 612
614 613
614 615
614 616
614 617
614 618
614 619
614 620
614 675
614 676
614 677
615 613
615 614
615 616
615 617
615 618
615 675
615 676
615 677
616 614
616 615
616 617
616 618
617 613
617 614
617 615
617 616
617 618
617 619
618 613
618 614
618 615
618 616
618 617
618 619
618 620
619 611
619 612
619 613
619 614
619 617
619 618
619 620
619 621
620 611
620 612
620 613
620 614
620 618
620 619
620 621
620 622
621 609
621 610
621 611
621 612
621 619
621 620
621 622
621 623
622 609
622 610
622 611
622 612
622 620
622 621
622 623
622 624
622 633
622 636
622 637
623 607
623 608
623 609
623 610
623 621
623 622
623 624
623 625
624 607
624 608
624 609
624 610
624 622
624 623
624 625
624 626
624 628
624 633
625 607
625 608
625 623
625 624
625 626
625 627
625 628
625 663
626 608
626 624
626 625
626 627
626 628
626 662
626 663
626 664
626 668
626 669
627 625
627 626
627 628
627 629
627 662
627 663
627 664
628 624
628 625
628 626
628 627
628 629
628 630
628 631
628 632
628 633
628 662
628 663
629 627
629 628
629 630
629 631
629 632
629 633
629 659
629 660
629 661
629 662
629 663
630 628
630 629
630 631
630 632
630 633
630 634
630 657
630 658
630 659
630 660
630 661
630 662
630 663
631 628
631 629
631 630
631 632
631 633
631 634
631 635
631 645
631 659
631 660
632 628
632 629
632 630
632 631
632 633
632 634
632 635
632 636
633 622
633 624
633 628
633 629
633 630
633 631
633 632
633 634
633 635
633 636
633 637
634 630
634 631
634 632
634 633
634 635
634 636
634 637
634 638
634 644
634 645
634 648
635 631
635 632
635 633
635 634
635 636
635 637
635 638
635 639
635 644
635 645
636 622
636 632
636 633
636 634
636 635
636 637
636 638
636 639
636 640
637 622
637 633
637 634
637 635
637 636
637 638
637 639
637 640
637 641
637 642
637 643
637 645
638 634
638 635
638 636
638 637
638 639
638 640
638 641
638 642
638 643
638 644
638 645
639 635
639 636
639 637
639 638
639 640
639 641
639 642
639 643
640 636
640 637
640 638
640 639
640 641
640 642
641 637
641 638
641 639
641 640
641 642
641 643
642 637
642 638
642 639
642 640
642 641
642 643
642 644
643 637
643 638
643 639
643 641
643 642
643 644
643 645
643 647
643 648
644 634
644 635
644 638
644 642
644 643
644 645
644 646
644 647
644 648
645 631
645 634
645 635
645 637
645 638
645 643
645 644
645 646
645 647
645 648
646 644
646 645
646 647
646 648
647 643
647 644
647 645
647 646
647 648
647 649
647 678
647 679
647 680
647 681
648 634
648 643
648 644
648 645
648 646
648 647
648 649
648 650
648 676
648 677
648 678
648 679
649 647
649 648
649 650
649 651
649 656
649 657
649 676
649 677
649 678
649 679
650 648
650 649
650 651
650 652
650 656
650 657
650 674
650 675
650 676
650 677
651 649
651 650
651 652
651 653
651 654
651 655
651 656
651 657
651 674
651 675
651 676
651 677
652 650
652 651
652 653
652 654
652 655
652 656
652 657
652 673
652 674
652 675
653 651
653 652
653 654
653 655
654 651
654 652
654 653
654 655
654 656
655 651
655 652
655 653
655 654
655 656
655 657
656 649
656 650
656 651
656 652
656 654
656 655
656 657
656 658
657 630
657 649
657 650
657 651
657 652
657 655
657 656
657 658
657 659
657 661
658 630
658 656
658 657
658 659
658 660
658 661
659 629
659 630
659 631
659 657
659 658
659 660
659 661
660 629
660 630
660 631
660 658
660 659
660 661
660 662
661 629
661 630
661 657
661 658
661 659
661 660
661 662
661 663
661 665
661 666
662 626
662 627
662 628
662 629
662 630
662 660
662 661
662 663
662 664
662 665
662 666
663 625
663 626
663 627
663 628
663 629
663 630
663 661
663 662
663 664
663 665
663 666
663 667
663 668
663 669
664 626
664 627
664 662
664 663
664 665
664 666
664 667
664 668
664 669
665 661
665 662
665 663
665 664
665 666
665 667
665 668
666 661
666 662
666 663
666 664
666 665
666 667
666 668
667 663
667 664
667 665
667 666
667 668
667 669
668 626
668 663
668 664
668 665
668 666
668 667
668 669
668 670
668 672
669 608
669 610
669 626
669 663
669 664
669 667
669 668
669 670
669 671
669 672
670 608
670 609
670 610
670 668
670 669
670 671
670 672
671 608
671 609
671 610
671 611
671 669
671 670
671 672
671 673
672 609
672 610
672 611
672 668
672 669
672 670
672 671
672 673
672 674
673 610
673 611
673 612
673 613
673 652
673 671
673 672
673 674
673 675
674 610
674 611
674 612
674 613
674 650
674 651
674 652
674 672
674 673
674 675
674 676
675 612
675 613
675 614
675 615
675 650
675 651
675 652
675 673
675 674
675 676
675 677
676 612
676 613
676 614
676 615
676 648
676 649
676 650
676 651
676 674
676 675
676 677
676 678
677 614
677 615
677 648
677 649
677 650
677 651
677 675
677 676
677 678
677 679
678 647
678 648
678 649
678 676
678 677
678 679
678 680
679 647
679 648
679 649
679 677
679 678
679 680
679 681
680 647
680 678
680 679
680 681
680 682
681 647
681 679
681 680
681 682
681 683
682 680
682 681
682 683
682 684
683 681
683 682
683 684
684 682
684 683
