0 1
0 2
0 3
0 4
0 70
0 73
1 0
1 2
1 3
1 4
1 66
1 69
1 70
2 0
2 1
2 3
2 4
3 0
3 1
3 2
3 4
3 5
4 0
4 1
4 2
4 3
4 5
4 6
4 7
4 8
4 9
5 3
5 4
5 6
5 7
5 8
5 9
6 4
6 5
6 7
6 8
6 9
6 10
7 4
7 5
7 6
7 8
7 9
7 10
7 11
8 4
8 5
8 6
8 7
8 9
8 10
8 11
8 12
9 4
9 5
9 6
9 7
9 8
9 10
9 11
9 12
9 13
9 69
10 6
10 7
10 8
10 9
10 11
10 12
10 13
10 14
11 7
11 8
11 9
11 10
11 12
11 13
11 14
11 15
12 8
12 9
12 10
12 11
12 13
12 14
12 15
12 16
12 69
12 72
13 9
13 10
13 11
13 12
13 14
13 15
13 16
13 17
13 65
14 10
14 11
14 12
14 13
14 15
14 16
14 17
14 18
15 11
15 12
15 13
15 14
15 16
15 17
15 18
15 19
16 12
16 13
16 14
16 15
16 17
16 18
16 19
16 20
16 65
16 68
17 13
17 14
17 15
17 16
17 18
17 19
17 20
17 21
17 23
18 14
18 15
18 16
18 17
18 19
18 20
18 21
18 35
19 15
19 16
19 17
19 18
19 20
19 21
19 27
19 31
19 32
19 35
20 16
20 17
20 18
20 19
20 21
20 22
20 23
20 24
20 25
20 26
20 27
20 28
20 31
21 17
21 18
21 19
21 20
21 22
21 23
21 31
22 20
22 21
22 23
22 24
23 17
23 20
23 21
23 22
23 24
23 25
23 26
24 20
24 22
24 23
24 25
24 26
25 20
25 23
25 24
25 26
25 27
25 64
25 65
26 20
26 23
26 24
26 25
26 27
26 28
26 62
26 63
26 64
26 65
27 19
27 20
27 25
27 26
27 28
27 29
27 31
27 32
27 62
27 63
27 64
28 20
28 26
28 27
28 29
28 30
28 31
28 32
28 61
28 62
28 63
29 27
29 28
29 30
29 31
29 32
29 33
29 45
29 48
29 49
29 52
29 62
30 28
30 29
30 31
30 32
30 33
30 34
31 19
31 20
31 21
31 27
31 28
31 29
31 30
31 32
31 33
31 34
31 35
32 19
32 27
32 28
32 29
32 30
32 31
32 33
32 34
32 35
32 36
32 48
33 29
33 30
33 31
33 32
33 34
33 35
33 36
33 37
33 42
33 43
33 45
33 48
34 30
34 31
34 32
34 33
34 35
34 36
34 37
34 38
35 18
35 19
35 31
35 32
35 33
35 34
35 36
35 37
35 38
35 39
36 32
36 33
36 34
36 35
36 37
36 38
36 39
36 40
36 41
36 42
36 43
37 33
37 34
37 35
37 36
37 38
37 39
37 40
37 41
37 42
37 43
38 34
38 35
38 36
38 37
38 39
38 40
38 41
39 35
39 36
39 37
39 38
39 40
39 41
40 36
40 37
40 38
40 39
40 41
40 42
41 36
41 37
41 38
41 39
41 40
41 42
41 43
42 33
42 36
42 37
42 40
42 41
42 43
42 44
43 33
43 36
43 37
43 41
43 42
43 44
43 45
43 47
43 48
44 42
44 43
44 45
44 46
44 47
44 48
45 29
45 33
45 43
45 44
45 46
45 47
45 48
45 49
46 44
46 45
46 47
46 48
46 49
46 50
47 43
47 44
47 45
47 46
47 48
47 49
47 50
47 51
48 29
48 32
48 33
48 43
48 44
48 45
48 46
48 47
48 49
48 50
48 51
48 52
49 29
49 45
49 46
49 47
49 48
49 50
49 51
49 52
49 53
49 61
50 46
50 47
50 48
50 49
50 51
50 52
50 53
50 54
51 47
51 48
51 49
51 50
51 52
51 53
51 54
51 55
52 29
52 48
52 49
52 50
52 51
52 53
52 54
52 55
52 56
52 61
52 62
52 63
53 49
53 50
53 51
53 52
53 54
53 55
53 56
53 57
53 59
53 61
54 50
54 51
54 52
54 53
54 55
54 56
54 57
55 51
55 52
55 53
55 54
55 56
55 57
55 63
55 67
55 68
55 70
55 71
56 52
56 53
56 54
56 55
56 57
56 58
56 59
56 60
56 61
56 62
56 63
56 64
56 67
57 53
57 54
57 55
57 56
57 58
57 59
57 67
58 56
58 57
58 59
58 60
59 53
59 56
59 57
59 58
59 60
59 61
59 62
60 56
60 58
60 59
60 61
60 62
61 28
61 49
61 52
61 53
61 56
61 59
61 60
61 62
61 63
62 26
62 27
62 28
62 29
62 52
62 56
62 59
62 60
62 61
62 63
62 64
63 26
63 27
63 28
63 52
63 55
63 56
63 61
63 62
63 64
63 65
63 67
63 68
64 25
64 26
64 27
64 56
64 62
64 63
64 65
64 66
64 67
64 68
65 13
65 16
65 25
65 26
65 63
65 64
65 66
65 67
65 68
65 69
66 1
66 64
66 65
66 67
66 68
66 69
66 70
67 55
67 56
67 57
67 63
67 64
67 65
67 66
67 68
67 69
67 70
67 71
68 16
68 55
68 63
68 64
68 65
68 66
68 67
68 69
68 70
68 71
68 72
69 1
69 9
69 12
69 65
69 66
69 67
69 68
69 70
69 71
69 72
69 73
70 0
70 1
70 55
70 66
70 67
70 68
70 69
70 71
70 72
70 73
70 74
71 55
71 67
71 68
71 69
71 70
71 72
71 73
71 74
71 75
72 12
72 68
72 69
72 70
72 71
72 73
72 74
72 75
72 76
73 0
73 69
73 70
73 71
73 72
73 74
73 75
73 76
73 77
74 70
74 71
74 72
74 73
74 75
74 76
74 77
74 78
75 71
75 72
75 73
75 74
75 76
75 77
75 78
75 79
75 80
76 72
76 73
76 74
76 75
76 77
76 78
76 79
76 80
76 81
77 73
77 74
77 75
77 76
77 78
77 79
77 80
77 81
78 74
78 75
78 76
78 77
78 79
78 80
78 81
78 82
79 75
79 76
79 77
79 78
79 80
79 81
79 82
79 83
80 75
80 76
80 77
80 78
80 79
80 81
80 82
80 83
80 84
81 76
81 77
81 78
81 79
81 80
81 82
81 83
81 84
81 85
82 78
82 79
82 80
82 81
82 83
82 84
82 85
82 86
82 142
83 79
83 80
83 81
83 82
83 84
83 85
83 86
83 87
84 80
84 81
84 82
84 83
84 85
84 86
84 87
84 88
85 81
85 82
85 83
85 84
85 86
85 87
85 88
85 89
85 141
85 142
85 145
86 82
86 83
86 84
86 85
86 87
86 88
86 89
86 90
86 138
87 83
87 84
87 85
87 86
87 88
87 89
87 90
87 91
88 84
88 85
88 86
88 87
88 89
88 90
88 91
88 92
89 85
89 86
89 87
89 88
89 90
89 91
89 92
89 93
89 100
89 138
89 141
90 86
90 87
90 88
90 89
90 91
90 92
90 93
90 94
90 96
91 87
91 88
91 89
91 90
91 92
91 93
91 94
91 108
92 88
92 89
92 90
92 91
92 93
92 94
92 100
92 104
92 105
92 108
93 89
93 90
93 91
93 92
93 94
93 95
93 96
93 97
93 98
93 99
93 100
93 101
93 104
94 90
94 91
94 92
94 93
94 95
94 96
94 104
95 93
95 94
95 96
95 97
96 90
96 93
96 94
96 95
96 97
96 98
96 99
97 93
97 95
97 96
97 98
97 99
98 93
98 96
98 97
98 99
98 100
98 137
98 138
99 93
99 96
99 97
99 98
99 100
99 101
99 135
99 136
99 137
99 138
100 89
100 92
100 93
100 98
100 99
100 101
100 102
100 104
100 105
100 135
100 136
100 137
101 93
101 99
101 100
101 102
101 103
101 104
101 105
101 134
101 135
101 136
102 100
102 101
102 103
102 104
102 105
102 106
102 121
102 122
102 125
102 135
103 101
103 102
103 104
103 105
103 106
103 107
104 92
104 93
104 94
104 100
104 101
104 102
104 103
104 105
104 106
104 107
104 108
105 92
105 100
105 101
105 102
105 103
105 104
105 106
105 107
105 108
105 109
105 121
106 102
106 103
106 104
106 105
106 107
106 108
106 109
106 110
106 115
106 116
106 118
106 121
107 103
107 104
107 105
107 106
107 108
107 109
107 110
107 111
108 91
108 92
108 104
108 105
108 106
108 107
108 109
108 110
108 111
108 112
109 105
109 106
109 107
109 108
109 110
109 111
109 112
109 113
109 114
109 115
109 116
110 106
110 107
110 108
110 109
110 111
110 112
110 113
110 114
110 115
110 116
111 107
111 108
111 109
111 110
111 112
111 113
111 114
112 108
112 109
112 110
112 111
112 113
112 114
113 109
113 110
113 111
113 112
113 114
113 115
114 109
114 110
114 111
114 112
114 113
114 115
114 116
115 106
115 109
115 110
115 113
115 114
115 116
115 117
116 106
116 109
116 110
116 114
116 115
116 117
116 118
116 119
116 120
116 121
117 115
117 116
117 118
117 119
117 120
117 121
118 106
118 116
118 117
118 119
118 120
118 121
118 122
119 116
119 117
119 118
119 120
119 121
119 122
119 123
120 116
120 117
120 118
120 119
120 121
120 122
120 123
120 124
121 102
121 105
121 106
121 116
121 117
121 118
121 119
121 120
121 122
121 123
121 124
121 125
122 102
122 118
122 119
122 120
122 121
122 123
122 124
122 125
122 126
123 119
123 120
123 121
123 122
123 124
123 125
123 126
123 127
124 120
124 121
124 122
124 123
124 125
124 126
124 127
124 128
125 102
125 121
125 122
125 123
125 124
125 126
125 127
125 128
125 129
125 134
125 135
125 136
126 122
126 123
126 124
126 125
126 127
126 128
126 129
126 130
126 132
126 134
127 123
127 124
127 125
127 126
127 128
127 129
127 130
128 124
128 125
128 126
128 127
128 129
128 130
128 136
128 140
128 141
128 143
128 144
129 125
129 126
129 127
129 128
129 130
129 131
129 132
129 133
129 134
129 135
129 136
129 137
129 140
130 126
130 127
130 128
130 129
130 131
130 132
130 140
131 129
131 130
131 132
131 133
132 126
132 129
132 130
132 131
132 133
132 134
132 135
133 129
133 131
133 132
133 134
133 135
134 101
134 125
134 126
134 129
134 132
134 133
134 135
134 136
135 99
135 100
135 101
135 102
135 125
135 129
135 132
135 133
135 134
135 136
135 137
136 99
136 100
136 101
136 125
136 128
136 129
136 134
136 135
136 137
136 138
136 140
136 141
137 98
137 99
137 100
137 129
137 135
137 136
137 138
137 139
137 140
137 141
138 86
138 89
138 98
138 99
138 136
138 137
138 139
138 140
138 141
138 142
139 137
139 138
139 140
139 141
139 142
139 143
140 128
140 129
140 130
140 136
140 137
140 138
140 139
140 141
140 142
140 143
140 144
141 85
141 89
141 128
141 136
141 137
141 138
141 139
141 140
141 142
141 143
141 144
141 145
142 82
142 85
142 138
142 139
142 140
142 141
142 143
142 144
142 145
142 146
143 128
143 139
143 140
143 141
143 142
143 144
143 145
143 146
143 147
144 128
144 140
144 141
144 142
144 143
144 145
144 146
144 147
145 85
145 141
145 142
145 143
145 144
145 146
145 147
146 142
146 143
146 144
146 145
146 147
146 148
147 143
147 144
147 145
147 146
147 148
148 146
148 147
