0 1
0 2
1 0
1 2
1 3
2 0
2 1
2 3
2 4
2 5
3 1
3 2
3 4
3 5
3 6
4 2
4 3
4 5
4 6
5 2
5 3
5 4
5 6
5 7
6 3
6 4
6 5
6 7
6 8
7 5
7 6
7 8
7 9
8 6
8 7
8 9
8 10
8 12
8 13
9 7
9 8
9 10
9 11
9 12
9 13
10 8
10 9
10 11
10 12
10 13
10 14
11 9
11 10
11 12
11 13
11 14
11 15
12 8
12 9
12 10
12 11
12 13
12 14
12 15
12 16
13 8
13 9
13 10
13 11
13 12
13 14
13 15
13 16
13 17
14 10
14 11
14 12
14 13
14 15
14 16
14 17
14 18
15 11
15 12
15 13
15 14
15 16
15 17
15 18
15 19
16 12
16 13
16 14
16 15
16 17
16 18
16 19
16 20
17 13
17 14
17 15
17 16
17 18
17 19
17 20
17 21
18 14
18 15
18 16
18 17
18 19
18 20
18 21
18 22
19 15
19 16
19 17
19 18
19 20
19 21
19 22
19 23
20 16
20 17
20 18
20 19
20 21
20 22
20 23
21 17
21 18
21 19
21 20
21 22
21 23
21 24
22 18
22 19
22 20
22 21
22 23
22 24
23 19
23 20
23 21
23 22
23 24
23 25
24 21
24 22
24 23
24 25
24 26
25 23
25 24
25 26
25 27
26 24
26 25
26 27
26 28
26 55
27 25
27 26
27 28
27 29
27 55
27 56
28 26
28 27
28 29
28 30
28 54
28 55
28 56
28 57
29 27
29 28
29 30
29 31
29 55
29 56
29 57
29 152
29 153
29 474
30 28
30 29
30 31
30 32
30 56
30 57
30 58
30 59
30 150
30 151
30 152
30 153
30 154
31 29
31 30
31 32
31 33
31 56
31 57
31 58
31 59
31 152
31 153
31 154
31 155
31 156
32 30
32 31
32 33
32 34
32 58
32 59
32 60
32 61
32 152
32 153
32 154
32 155
32 156
33 31
33 32
33 34
33 35
33 58
33 59
33 60
33 61
33 155
33 156
33 157
34 32
34 33
34 35
34 36
34 60
34 61
34 62
34 155
34 156
34 157
34 158
34 161
34 164
35 33
35 34
35 36
35 37
35 41
35 60
35 61
35 62
35 63
35 157
35 158
35 161
36 34
36 35
36 37
36 38
36 40
36 41
36 157
36 158
36 160
36 161
37 35
37 36
37 38
37 39
37 40
37 41
37 66
37 67
37 68
37 69
38 36
38 37
38 39
38 40
38 41
38 42
38 67
38 68
39 37
39 38
39 40
39 41
39 42
39 43
39 317
40 36
40 37
40 38
40 39
40 41
40 42
40 43
40 44
40 158
41 35
41 36
41 37
41 38
41 39
41 40
41 42
41 43
41 44
41 45
41 68
41 69
42 38
42 39
42 40
42 41
42 43
42 44
42 45
42 46
43 39
43 40
43 41
43 42
43 44
43 45
43 46
43 47
43 286
43 287
44 40
44 41
44 42
44 43
44 45
44 46
44 47
44 48
44 158
44 178
45 41
45 42
45 43
45 44
45 46
45 47
45 48
45 49
46 42
46 43
46 44
46 45
46 47
46 48
46 49
46 50
46 286
46 287
46 463
47 43
47 44
47 45
47 46
47 48
47 49
47 50
47 51
47 463
47 466
47 467
48 44
48 45
48 46
48 47
48 49
48 50
48 51
48 52
48 58
49 45
49 46
49 47
49 48
49 50
49 51
49 52
49 53
50 46
50 47
50 48
50 49
50 51
50 52
50 53
50 54
50 463
50 467
51 47
51 48
51 49
51 50
51 52
51 53
51 54
51 55
51 56
51 57
51 58
51 467
52 48
52 49
52 50
52 51
52 53
52 54
52 55
52 56
52 57
52 58
52 76
52 77
53 49
53 50
53 51
53 52
53 54
53 55
53 56
54 28
54 50
54 51
54 52
54 53
54 55
54 56
55 26
55 27
55 28
55 29
55 51
55 52
55 53
55 54
55 56
55 57
56 27
56 28
56 29
56 30
56 31
56 51
56 52
56 53
56 54
56 55
56 57
56 58
57 28
57 29
57 30
57 31
57 51
57 52
57 55
57 56
57 58
57 59
57 77
57 78
58 30
58 31
58 32
58 33
58 48
58 51
58 52
58 56
58 57
58 59
58 60
58 77
58 78
59 30
59 31
59 32
59 33
59 57
59 58
59 60
59 61
59 77
59 78
59 79
59 80
60 32
60 33
60 34
60 35
60 58
60 59
60 61
60 62
60 77
60 78
60 79
60 80
61 32
61 33
61 34
61 35
61 59
61 60
61 62
61 63
61 79
61 80
61 81
61 82
62 34
62 35
62 60
62 61
62 63
62 64
62 66
62 69
62 79
62 80
62 81
62 82
63 35
63 61
63 62
63 64
63 65
63 66
63 81
63 82
63 83
63 84
63 133
64 62
64 63
64 65
64 66
64 81
64 82
64 83
64 84
65 63
65 64
65 66
65 67
65 84
65 86
65 87
65 88
66 37
66 62
66 63
66 64
66 65
66 67
66 68
66 69
66 88
67 37
67 38
67 65
67 66
67 68
67 69
67 88
67 91
67 92
68 37
68 38
68 41
68 66
68 67
68 69
68 70
69 37
69 41
69 62
69 66
69 67
69 68
69 70
69 71
70 68
70 69
70 71
70 72
71 69
71 70
71 72
71 73
71 75
71 79
72 70
72 71
72 73
72 74
72 75
73 71
73 72
73 74
73 75
74 72
74 73
74 75
74 76
75 71
75 72
75 73
75 74
75 76
75 77
75 78
76 52
76 74
76 75
76 77
76 78
77 52
77 57
77 58
77 59
77 60
77 75
77 76
77 78
77 79
78 57
78 58
78 59
78 60
78 75
78 76
78 77
78 79
78 80
79 59
79 60
79 61
79 62
79 71
79 77
79 78
79 80
79 81
80 59
80 60
80 61
80 62
80 78
80 79
80 81
80 82
81 61
81 62
81 63
81 64
81 79
81 80
81 82
81 83
82 61
82 62
82 63
82 64
82 80
82 81
82 83
82 84
82 133
82 136
82 137
83 63
83 64
83 81
83 82
83 84
83 85
83 133
83 136
84 63
84 64
84 65
84 82
84 83
84 85
84 86
84 87
84 132
84 133
84 136
85 83
85 84
85 86
85 87
85 132
86 65
86 84
86 85
86 87
86 88
86 90
86 129
87 65
87 84
87 85
87 86
87 88
87 89
87 90
87 91
88 65
88 66
88 67
88 86
88 87
88 89
88 90
88 91
88 92
89 87
89 88
89 90
89 91
89 92
89 93
90 86
90 87
90 88
90 89
90 91
90 92
90 93
90 94
91 67
91 87
91 88
91 89
91 90
91 92
91 93
91 94
91 95
92 67
92 88
92 89
92 90
92 91
92 93
92 94
92 95
92 96
93 89
93 90
93 91
93 92
93 94
93 95
93 96
93 97
94 90
94 91
94 92
94 93
94 95
94 96
94 97
94 98
94 122
94 125
94 126
95 91
95 92
95 93
95 94
95 96
95 97
95 98
95 99
96 92
96 93
96 94
96 95
96 97
96 98
96 99
96 100
97 93
97 94
97 95
97 96
97 98
97 99
97 100
97 101
97 122
98 94
98 95
98 96
98 97
98 99
98 100
98 101
98 102
98 119
98 122
99 95
99 96
99 97
99 98
99 100
99 101
99 102
99 103
99 402
100 96
100 97
100 98
100 99
100 101
100 102
100 103
100 104
100 105
101 97
101 98
101 99
101 100
101 102
101 103
101 104
101 105
101 106
101 115
101 118
101 119
102 98
102 99
102 100
102 101
102 103
102 104
102 105
102 106
102 107
102 401
102 402
102 403
103 99
103 100
103 101
103 102
103 104
103 105
103 106
103 401
103 402
104 100
104 101
104 102
104 103
104 105
104 106
105 100
105 101
105 102
105 103
105 104
105 106
105 107
105 115
106 101
106 102
106 103
106 104
106 105
106 107
106 108
106 115
106 402
107 102
107 105
107 106
107 108
107 109
107 110
107 111
107 112
107 115
108 106
108 107
108 109
108 110
108 111
108 112
109 107
109 108
109 110
109 111
109 112
110 107
110 108
110 109
110 111
110 112
110 113
111 107
111 108
111 109
111 110
111 112
111 113
111 114
111 115
112 107
112 108
112 109
112 110
112 111
112 113
112 114
112 115
112 116
113 110
113 111
113 112
113 114
113 115
113 116
113 117
114 111
114 112
114 113
114 115
114 116
114 117
114 118
115 101
115 105
115 106
115 107
115 111
115 112
115 113
115 114
115 116
115 117
115 118
115 119
116 112
116 113
116 114
116 115
116 117
116 118
116 119
116 120
116 230
117 113
117 114
117 115
117 116
117 118
117 119
117 120
117 121
118 101
118 114
118 115
118 116
118 117
118 119
118 120
118 121
118 122
119 98
119 101
119 115
119 116
119 117
119 118
119 120
119 121
119 122
119 123
120 116
120 117
120 118
120 119
120 121
120 122
120 123
120 124
121 117
121 118
121 119
121 120
121 122
121 123
121 124
121 125
122 94
122 97
122 98
122 118
122 119
122 120
122 121
122 123
122 124
122 125
122 126
123 119
123 120
123 121
123 122
123 124
123 125
123 126
123 127
124 120
124 121
124 122
124 123
124 125
124 126
124 127
124 128
124 234
125 94
125 121
125 122
125 123
125 124
125 126
125 127
125 128
125 129
126 94
126 122
126 123
126 124
126 125
126 127
126 128
126 129
126 130
127 123
127 124
127 125
127 126
127 128
127 129
127 130
127 131
127 162
128 124
128 125
128 126
128 127
128 129
128 130
128 131
128 132
129 86
129 125
129 126
129 127
129 128
129 130
129 131
129 132
129 133
130 126
130 127
130 128
130 129
130 131
130 132
130 133
130 134
130 161
130 162
130 163
131 127
131 128
131 129
131 130
131 132
131 133
131 134
131 135
131 163
132 84
132 85
132 128
132 129
132 130
132 131
132 133
132 134
132 135
132 136
133 63
133 82
133 83
133 84
133 129
133 130
133 131
133 132
133 134
133 135
133 136
133 137
134 130
134 131
134 132
134 133
134 135
134 136
134 137
134 138
134 139
134 163
134 167
135 131
135 132
135 133
135 134
135 136
135 137
135 138
135 139
135 140
136 82
136 83
136 84
136 132
136 133
136 134
136 135
136 137
136 138
136 139
136 140
137 82
137 133
137 134
137 135
137 136
137 138
137 139
137 140
137 141
137 143
137 144
137 167
138 134
138 135
138 136
138 137
138 139
138 140
138 141
138 144
138 167
138 245
139 134
139 135
139 136
139 137
139 138
139 140
139 141
140 135
140 136
140 137
140 138
140 139
140 141
140 142
140 143
140 144
141 137
141 138
141 139
141 140
141 142
141 143
141 144
141 145
142 140
142 141
142 143
142 144
142 145
142 146
143 137
143 140
143 141
143 142
143 144
143 145
143 146
143 147
144 137
144 138
144 140
144 141
144 142
144 143
144 145
144 146
144 147
144 148
144 171
145 141
145 142
145 143
145 144
145 146
145 147
145 148
145 149
146 142
146 143
146 144
146 145
146 147
146 148
146 149
146 150
147 143
147 144
147 145
147 146
147 148
147 149
147 150
147 151
147 152
147 171
148 144
148 145
148 146
148 147
148 149
148 150
148 151
148 152
148 171
149 145
149 146
149 147
149 148
149 150
149 151
150 30
150 146
150 147
150 148
150 149
150 151
150 152
151 30
151 147
151 148
151 149
151 150
151 152
151 153
152 29
152 30
152 31
152 32
152 147
152 148
152 150
152 151
152 153
152 154
152 155
152 173
153 29
153 30
153 31
153 32
153 151
153 152
153 154
153 155
153 173
153 174
153 474
153 477
154 30
154 31
154 32
154 152
154 153
154 155
154 156
154 168
154 173
154 174
154 175
154 176
154 470
154 473
154 474
155 31
155 32
155 33
155 34
155 152
155 153
155 154
155 156
155 157
155 164
155 165
155 168
155 173
155 174
155 175
155 176
156 31
156 32
156 33
156 34
156 154
156 155
156 157
156 158
156 164
156 175
156 176
156 177
156 178
157 33
157 34
157 35
157 36
157 155
157 156
157 158
157 159
157 161
157 164
157 165
157 175
157 176
157 177
157 178
158 34
158 35
158 36
158 40
158 44
158 156
158 157
158 159
158 160
158 161
158 162
158 177
158 178
158 179
159 157
159 158
159 160
159 161
159 162
159 163
159 164
159 177
159 178
159 179
160 36
160 158
160 159
160 161
160 162
160 179
161 34
161 35
161 36
161 130
161 157
161 158
161 159
161 160
161 162
161 163
161 164
162 127
162 130
162 158
162 159
162 160
162 161
162 163
162 164
162 165
163 130
163 131
163 134
163 159
163 161
163 162
163 164
163 165
163 166
163 167
164 34
164 155
164 156
164 157
164 159
164 161
164 162
164 163
164 165
164 166
164 167
164 168
164 175
165 155
165 157
165 162
165 163
165 164
165 166
165 167
165 168
165 169
165 175
165 255
165 256
165 259
166 163
166 164
166 165
166 167
166 168
166 169
166 170
166 242
166 255
167 134
167 137
167 138
167 163
167 164
167 165
167 166
167 168
167 169
167 170
167 171
168 154
168 155
168 164
168 165
168 166
168 167
168 169
168 170
168 171
168 172
168 173
168 174
168 175
169 165
169 166
169 167
169 168
169 170
169 171
169 172
169 173
169 174
170 166
170 167
170 168
170 169
170 171
170 172
170 173
170 246
171 144
171 147
171 148
171 167
171 168
171 169
171 170
171 172
171 173
172 168
172 169
172 170
172 171
172 173
172 174
173 152
173 153
173 154
173 155
173 168
173 169
173 170
173 171
173 172
173 174
173 175
173 477
174 153
174 154
174 155
174 168
174 169
174 172
174 173
174 175
174 176
174 259
174 260
174 473
174 477
174 478
175 154
175 155
175 156
175 157
175 164
175 165
175 168
175 173
175 174
175 176
175 177
175 258
175 259
175 260
175 261
175 478
176 154
176 155
176 156
176 157
176 174
176 175
176 177
176 178
176 259
176 260
176 261
176 262
176 263
176 470
177 156
177 157
177 158
177 159
177 175
177 176
177 178
177 179
177 259
177 261
177 262
177 263
178 44
178 156
178 157
178 158
178 159
178 176
178 177
178 179
178 180
178 262
178 263
178 264
178 265
179 158
179 159
179 160
179 177
179 178
179 180
179 181
179 262
179 263
179 264
179 265
180 178
180 179
180 181
180 182
180 264
180 265
180 266
181 179
181 180
181 182
181 183
181 185
181 188
181 204
181 264
182 180
182 181
182 183
182 184
182 185
182 186
182 187
182 188
182 204
183 181
183 182
183 184
183 185
183 186
183 203
183 204
183 205
183 227
183 228
183 231
184 182
184 183
184 185
184 186
184 202
184 203
184 204
184 205
184 206
184 223
184 224
184 227
184 228
185 181
185 182
185 183
185 184
185 186
185 187
185 188
185 189
185 203
185 204
186 182
186 183
186 184
186 185
186 187
186 188
186 189
186 190
186 191
186 224
186 227
186 228
186 231
187 182
187 185
187 186
187 188
187 189
187 190
187 191
187 192
187 253
188 181
188 182
188 185
188 186
188 187
188 189
188 190
188 191
188 192
188 193
188 194
189 185
189 186
189 187
189 188
189 190
189 191
189 192
189 193
189 194
189 195
189 196
190 186
190 187
190 188
190 189
190 191
190 192
190 193
190 194
190 253
191 186
191 187
191 188
191 189
191 190
191 192
191 193
191 252
191 253
191 254
191 256
191 257
192 187
192 188
192 189
192 190
192 191
192 193
192 194
192 253
192 256
192 257
192 259
193 188
193 189
193 190
193 191
193 192
193 194
193 195
193 257
193 484
193 486
193 487
194 188
194 189
194 190
194 192
194 193
194 195
194 196
194 275
194 276
194 277
195 189
195 193
195 194
195 196
195 197
195 274
195 275
195 276
195 277
196 189
196 194
196 195
196 197
196 198
196 201
196 274
196 275
197 195
197 196
197 198
197 199
197 200
197 201
198 196
198 197
198 199
198 200
198 201
198 202
198 203
198 217
198 220
198 221
198 224
199 197
199 198
199 200
199 201
199 212
199 217
199 220
199 221
200 197
200 198
200 199
200 201
200 202
200 209
200 210
200 211
200 212
200 217
201 196
201 197
201 198
201 199
201 200
201 202
201 203
201 209
201 210
201 272
201 274
202 184
202 198
202 200
202 201
202 203
202 204
202 206
202 207
202 208
202 209
202 210
202 220
203 183
203 184
203 185
203 198
203 201
203 202
203 204
203 205
203 206
203 208
203 220
203 223
203 224
204 181
204 182
204 183
204 184
204 185
204 202
204 203
204 205
204 206
204 207
204 407
205 183
205 184
205 203
205 204
205 206
205 207
205 403
205 404
205 406
205 407
206 184
206 202
206 203
206 204
206 205
206 207
206 208
206 220
206 223
206 407
207 202
207 204
207 205
207 206
207 208
207 209
207 406
207 407
207 408
207 410
207 411
208 202
208 203
208 206
208 207
208 209
208 210
208 212
208 216
208 220
208 407
208 410
208 411
209 200
209 201
209 202
209 207
209 208
209 210
209 211
209 212
209 272
209 410
209 411
209 414
210 200
210 201
210 202
210 208
210 209
210 211
210 212
210 272
210 273
211 200
211 209
211 210
211 212
211 213
212 199
212 200
212 208
212 209
212 210
212 211
212 213
212 214
212 215
212 216
212 217
213 211
213 212
213 214
213 215
213 216
213 217
214 212
214 213
214 215
214 216
214 217
214 218
215 212
215 213
215 214
215 216
215 217
215 218
215 219
216 208
216 212
216 213
216 214
216 215
216 217
216 218
216 219
216 220
217 198
217 199
217 200
217 212
217 213
217 214
217 215
217 216
217 218
217 219
217 220
217 221
218 214
218 215
218 216
218 217
218 219
218 220
218 221
218 222
219 215
219 216
219 217
219 218
219 220
219 221
219 222
219 223
220 198
220 199
220 202
220 203
220 206
220 208
220 216
220 217
220 218
220 219
220 221
220 222
220 223
220 224
221 198
221 199
221 217
221 218
221 219
221 220
221 222
221 223
221 224
221 225
222 218
222 219
222 220
222 221
222 223
222 224
222 225
222 226
223 184
223 203
223 206
223 219
223 220
223 221
223 222
223 224
223 225
223 226
223 227
224 184
224 186
224 198
224 203
224 220
224 221
224 222
224 223
224 225
224 226
224 227
224 228
225 221
225 222
225 223
225 224
225 226
225 227
225 228
225 229
226 222
226 223
226 224
226 225
226 227
226 228
226 229
226 230
227 183
227 184
227 186
227 223
227 224
227 225
227 226
227 228
227 229
227 230
227 231
228 183
228 184
228 186
228 224
228 225
228 226
228 227
228 229
228 230
228 231
228 232
229 225
229 226
229 227
229 228
229 230
229 231
229 232
229 233
230 116
230 226
230 227
230 228
230 229
230 231
230 232
230 233
230 234
231 183
231 186
231 227
231 228
231 229
231 230
231 232
231 233
231 234
231 235
232 228
232 229
232 230
232 231
232 233
232 234
232 235
232 236
233 229
233 230
233 231
233 232
233 234
233 235
233 236
234 124
234 230
234 231
234 232
234 233
234 235
234 236
234 237
234 238
235 231
235 232
235 233
235 234
235 236
235 237
235 238
235 239
235 251
235 252
236 232
236 233
236 234
236 235
236 237
236 238
236 239
236 240
237 234
237 235
237 236
237 238
237 239
237 240
237 241
238 234
238 235
238 236
238 237
238 239
238 240
238 241
238 242
238 251
238 252
239 235
239 236
239 237
239 238
239 240
239 241
239 242
239 243
239 250
239 251
239 252
240 236
240 237
240 238
240 239
240 241
240 242
240 243
240 244
240 251
241 237
241 238
241 239
241 240
241 242
241 243
241 244
241 245
242 166
242 238
242 239
242 240
242 241
242 243
242 244
242 245
242 246
242 250
242 251
242 252
243 239
243 240
243 241
243 242
243 244
243 245
243 246
243 247
243 248
243 249
243 250
243 251
244 240
244 241
244 242
244 243
244 245
244 246
244 247
244 248
244 249
245 138
245 241
245 242
245 243
245 244
245 246
245 247
246 170
246 242
246 243
246 244
246 245
246 247
246 248
246 249
247 243
247 244
247 245
247 246
247 248
247 249
248 243
248 244
248 246
248 247
248 249
248 250
249 243
249 244
249 246
249 247
249 248
249 250
249 251
250 239
250 242
250 243
250 248
250 249
250 251
250 252
250 254
250 255
251 235
251 238
251 239
251 240
251 242
251 243
251 249
251 250
251 252
251 253
251 254
251 255
252 191
252 235
252 238
252 239
252 242
252 250
252 251
252 253
252 254
252 255
252 256
253 187
253 190
253 191
253 192
253 251
253 252
253 254
253 255
253 256
253 257
254 191
254 250
254 251
254 252
254 253
254 255
254 256
254 257
254 258
255 165
255 166
255 250
255 251
255 252
255 253
255 254
255 256
255 257
255 258
255 259
256 165
256 191
256 192
256 252
256 253
256 254
256 255
256 257
256 258
256 259
257 191
257 192
257 193
257 253
257 254
257 255
257 256
257 258
257 259
257 487
258 175
258 254
258 255
258 256
258 257
258 259
258 260
259 165
259 174
259 175
259 176
259 177
259 192
259 255
259 256
259 257
259 258
259 260
259 261
259 262
260 174
260 175
260 176
260 258
260 259
260 261
260 262
260 279
260 473
260 478
260 479
260 480
260 482
260 483
261 175
261 176
261 177
261 259
261 260
261 262
261 263
261 279
261 280
261 281
261 469
261 473
261 479
262 176
262 177
262 178
262 179
262 259
262 260
262 261
262 263
262 264
262 279
262 280
262 281
263 176
263 177
263 178
263 179
263 261
263 262
263 264
263 265
263 280
263 281
263 282
263 283
263 466
264 178
264 179
264 180
264 181
264 262
264 263
264 265
264 266
264 280
264 281
264 282
264 283
264 284
265 178
265 179
265 180
265 263
265 264
265 266
265 267
265 282
265 283
265 284
265 285
265 286
266 180
266 264
266 265
266 267
266 268
266 270
266 271
266 282
266 283
266 284
266 285
267 265
267 266
267 268
267 269
267 270
267 271
267 282
267 283
267 284
267 285
268 266
268 267
268 269
268 270
268 271
268 272
268 273
269 267
269 268
269 270
269 271
269 390
269 451
269 452
269 454
269 455
270 266
270 267
270 268
270 269
270 271
270 272
270 387
270 411
270 412
270 451
271 266
271 267
271 268
271 269
271 270
271 272
271 273
271 411
272 201
272 209
272 210
272 268
272 270
272 271
272 273
272 274
273 210
273 268
273 271
273 272
273 274
273 275
274 195
274 196
274 201
274 272
274 273
274 275
274 276
275 194
275 195
275 196
275 273
275 274
275 276
275 277
276 194
276 195
276 274
276 275
276 277
276 278
276 280
277 194
277 195
277 275
277 276
277 278
277 279
277 280
277 482
277 483
277 484
278 276
278 277
278 279
278 280
278 281
278 482
278 483
279 260
279 261
279 262
279 277
279 278
279 280
279 281
279 479
279 482
279 483
280 261
280 262
280 263
280 264
280 276
280 277
280 278
280 279
280 281
280 282
281 261
281 262
281 263
281 264
281 278
281 279
281 280
281 282
281 283
281 466
282 263
282 264
282 265
282 266
282 267
282 280
282 281
282 283
282 284
282 462
283 263
283 264
283 265
283 266
283 267
283 281
283 282
283 284
283 285
283 286
283 462
283 463
283 465
283 466
284 264
284 265
284 266
284 267
284 282
284 283
284 285
284 286
284 387
284 462
285 265
285 266
285 267
285 283
285 284
285 286
285 287
285 288
285 384
285 387
285 388
285 391
285 462
285 463
286 43
286 46
286 265
286 283
286 284
286 285
286 287
286 288
286 461
286 462
286 463
286 466
287 43
287 46
287 285
287 286
287 288
287 289
287 384
287 463
288 285
288 286
288 287
288 289
288 290
288 366
288 387
288 388
288 391
289 287
289 288
289 290
289 291
289 366
290 288
290 289
290 291
290 292
290 366
290 367
290 370
291 289
291 290
291 292
291 293
291 366
291 367
291 368
291 369
291 370
291 371
292 290
292 291
292 293
292 294
292 367
293 291
293 292
293 294
293 295
293 367
294 292
294 293
294 295
294 296
294 298
294 299
294 364
294 367
294 368
295 293
295 294
295 296
295 297
295 298
295 299
296 294
296 295
296 297
296 298
296 299
296 300
297 295
297 296
297 298
297 299
297 300
297 301
298 294
298 295
298 296
298 297
298 299
298 300
298 301
298 302
299 294
299 295
299 296
299 297
299 298
299 300
299 301
299 302
299 303
300 296
300 297
300 298
300 299
300 301
300 302
300 303
300 304
301 297
301 298
301 299
301 300
301 302
301 303
301 304
301 305
301 340
302 298
302 299
302 300
302 301
302 303
302 304
302 305
302 309
302 310
302 340
302 373
303 299
303 300
303 301
303 302
303 304
303 305
303 306
303 309
303 373
304 300
304 301
304 302
304 303
304 305
304 306
304 340
305 301
305 302
305 303
305 304
305 306
305 307
305 308
305 309
305 310
305 338
305 339
305 340
306 303
306 304
306 305
306 307
306 308
306 309
307 305
307 306
307 308
307 309
308 305
308 306
308 307
308 309
308 310
308 338
308 339
308 340
308 373
309 302
309 303
309 305
309 306
309 307
309 308
309 310
309 311
309 339
309 340
309 373
309 374
309 375
310 302
310 305
310 308
310 309
310 311
310 312
310 339
310 340
310 341
310 342
310 373
310 374
310 375
310 376
311 309
311 310
311 312
311 313
311 339
311 340
311 341
311 342
311 374
311 375
311 376
311 377
311 378
312 310
312 311
312 313
312 314
312 341
312 342
312 343
312 365
312 368
312 369
312 374
312 376
312 377
312 378
313 311
313 312
313 314
313 315
313 341
313 342
313 343
313 344
313 377
313 378
313 379
314 312
314 313
314 315
314 316
314 343
314 344
314 345
314 365
314 377
314 378
314 379
314 380
315 313
315 314
315 316
315 317
315 318
315 319
315 344
315 378
315 379
315 380
315 381
315 399
316 314
316 315
316 317
316 318
316 319
316 379
316 380
316 382
316 385
317 39
317 315
317 316
317 318
317 319
317 320
318 315
318 316
318 317
318 319
318 320
319 315
319 316
319 317
319 318
319 320
319 321
319 322
320 317
320 318
320 319
320 321
320 322
320 345
320 346
320 347
321 319
321 320
321 322
321 323
321 345
321 346
321 347
321 348
322 319
322 320
322 321
322 323
322 324
322 326
322 327
322 347
323 321
323 322
323 324
323 325
323 326
323 327
324 322
324 323
324 325
324 326
324 327
324 328
324 348
324 350
325 323
325 324
325 326
325 327
325 328
325 329
326 322
326 323
326 324
326 325
326 327
326 328
326 329
326 330
326 423
327 322
327 323
327 324
327 325
327 326
327 328
327 329
327 330
327 331
327 350
328 324
328 325
328 326
328 327
328 329
328 330
328 331
328 332
328 350
328 351
328 352
328 353
329 325
329 326
329 327
329 328
329 330
329 331
329 332
329 333
329 352
329 427
329 428
330 326
330 327
330 328
330 329
330 331
330 332
330 333
330 334
330 428
330 431
331 327
331 328
331 329
331 330
331 332
331 333
331 334
331 335
331 350
331 352
331 353
331 354
332 328
332 329
332 330
332 331
332 333
332 334
332 335
332 336
332 352
332 353
332 354
332 428
333 329
333 330
333 331
333 332
333 334
333 335
333 336
333 337
333 428
333 429
333 431
333 432
334 330
334 331
334 332
334 333
334 335
334 336
334 337
334 341
334 353
334 354
334 356
334 357
334 432
335 331
335 332
335 333
335 334
335 336
335 337
335 352
335 353
335 354
335 355
335 356
335 357
336 332
336 333
336 334
336 335
336 337
336 338
336 432
337 333
337 334
337 335
337 336
337 338
337 339
337 340
337 432
337 436
338 305
338 308
338 336
338 337
338 339
338 340
338 356
339 305
339 308
339 309
339 310
339 311
339 337
339 338
339 340
339 341
339 356
340 301
340 302
340 304
340 305
340 308
340 309
340 310
340 311
340 337
340 338
340 339
340 341
340 342
340 356
340 357
341 310
341 311
341 312
341 313
341 334
341 339
341 340
341 342
341 343
341 356
341 357
341 358
342 310
342 311
342 312
342 313
342 340
342 341
342 343
342 344
342 357
342 358
342 359
342 360
342 363
343 312
343 313
343 314
343 341
343 342
343 344
343 345
343 357
343 358
343 359
343 360
344 313
344 314
344 315
344 342
344 343
344 345
344 346
344 359
344 360
344 361
344 362
344 363
345 314
345 320
345 321
345 343
345 344
345 346
345 347
345 359
345 360
345 361
345 362
346 320
346 321
346 344
346 345
346 347
346 348
346 360
346 361
347 320
347 321
347 322
347 345
347 346
347 348
347 349
348 321
348 324
348 346
348 347
348 349
348 350
349 347
349 348
349 350
349 351
349 353
350 324
350 327
350 328
350 331
350 348
350 349
350 351
350 352
350 353
351 328
351 349
351 350
351 352
351 353
352 328
352 329
352 331
352 332
352 335
352 350
352 351
352 353
352 354
353 328
353 331
353 332
353 334
353 335
353 349
353 350
353 351
353 352
353 354
353 355
353 357
354 331
354 332
354 334
354 335
354 352
354 353
354 355
354 356
354 357
355 335
355 353
355 354
355 356
355 357
355 358
356 334
356 335
356 338
356 339
356 340
356 341
356 354
356 355
356 357
356 358
357 334
357 335
357 340
357 341
357 342
357 343
357 353
357 354
357 355
357 356
357 358
357 359
358 341
358 342
358 343
358 355
358 356
358 357
358 359
358 360
359 342
359 343
359 344
359 345
359 357
359 358
359 360
359 361
360 342
360 343
360 344
360 345
360 346
360 358
360 359
360 361
360 362
360 363
361 344
361 345
361 346
361 359
361 360
361 362
361 363
362 344
362 345
362 360
362 361
362 363
362 364
363 342
363 344
363 360
363 361
363 362
363 364
363 365
363 368
364 294
364 362
364 363
364 365
364 366
364 367
364 368
365 312
365 314
365 363
365 364
365 366
365 367
365 368
365 369
365 385
366 288
366 289
366 290
366 291
366 364
366 365
366 367
366 368
366 369
366 370
366 388
367 290
367 291
367 292
367 293
367 294
367 364
367 365
367 366
367 368
367 369
367 370
367 371
368 291
368 294
368 312
368 363
368 364
368 365
368 366
368 367
368 369
368 370
368 371
368 374
369 291
369 312
369 365
369 366
369 367
369 368
369 370
369 371
369 374
369 377
369 388
369 389
369 392
369 394
370 290
370 291
370 366
370 367
370 368
370 369
370 371
370 372
370 374
370 392
371 291
371 367
371 368
371 369
371 370
371 372
371 373
371 374
372 370
372 371
372 373
372 374
373 302
373 303
373 308
373 309
373 310
373 371
373 372
373 374
373 375
374 309
374 310
374 311
374 312
374 368
374 369
374 370
374 371
374 372
374 373
374 375
374 376
374 377
374 394
375 309
375 310
375 311
375 373
375 374
375 376
375 377
375 394
375 395
375 439
376 310
376 311
376 312
376 374
376 375
376 377
376 378
376 394
376 395
376 396
376 397
376 435
376 438
376 439
377 311
377 312
377 313
377 314
377 369
377 374
377 375
377 376
377 378
377 379
377 389
377 394
377 395
377 396
377 397
378 311
378 312
378 313
378 314
378 315
378 376
378 377
378 379
378 380
378 396
378 397
378 398
378 399
379 313
379 314
379 315
379 316
379 377
379 378
379 380
379 381
379 382
379 385
379 396
379 397
379 398
379 399
379 400
380 314
380 315
380 316
380 378
380 379
380 381
380 382
380 398
380 399
380 400
380 401
380 405
381 315
381 379
381 380
381 382
381 383
381 385
381 386
381 398
381 399
381 400
381 404
381 405
381 406
381 408
381 409
382 316
382 379
382 380
382 381
382 383
382 384
382 385
382 386
382 404
382 405
382 408
383 381
383 382
383 384
383 385
383 386
383 387
383 404
383 405
383 408
384 285
384 287
384 382
384 383
384 385
384 386
384 387
384 388
385 316
385 365
385 379
385 381
385 382
385 383
385 384
385 386
385 387
385 388
385 389
386 381
386 382
386 383
386 384
386 385
386 387
386 388
386 389
386 390
386 408
387 270
387 284
387 285
387 288
387 383
387 384
387 385
387 386
387 388
387 389
387 390
387 391
388 285
388 288
388 366
388 369
388 384
388 385
388 386
388 387
388 389
388 390
388 391
388 392
389 369
389 377
389 385
389 386
389 387
389 388
389 390
389 391
389 392
389 393
389 394
389 395
389 396
389 448
390 269
390 386
390 387
390 388
390 389
390 391
390 392
390 393
390 394
390 448
390 449
390 451
390 452
390 455
391 285
391 288
391 387
391 388
391 389
391 390
391 392
391 393
391 451
391 452
391 455
391 456
392 369
392 370
392 388
392 389
392 390
392 391
392 393
392 394
392 449
392 452
393 389
393 390
393 391
393 392
393 394
393 395
393 445
393 448
393 449
393 450
393 451
393 452
394 369
394 374
394 375
394 376
394 377
394 389
394 390
394 392
394 393
394 395
394 396
394 445
394 448
394 449
395 375
395 376
395 377
395 389
395 393
395 394
395 396
395 397
395 417
395 418
395 438
395 439
395 444
395 445
395 447
395 448
396 376
396 377
396 378
396 379
396 389
396 394
396 395
396 397
396 398
396 417
396 418
396 419
396 438
397 376
397 377
397 378
397 379
397 395
397 396
397 398
397 399
397 418
397 419
397 420
397 421
397 434
397 435
397 438
398 378
398 379
398 380
398 381
398 396
398 397
398 399
398 400
398 409
398 418
398 419
398 420
398 421
399 315
399 378
399 379
399 380
399 381
399 397
399 398
399 400
399 401
399 420
399 421
399 422
399 423
400 379
400 380
400 381
400 398
400 399
400 401
400 402
400 405
400 406
400 409
400 420
400 421
400 422
400 423
401 102
401 103
401 380
401 399
401 400
401 402
401 403
401 405
401 406
401 423
402 99
402 102
402 103
402 106
402 400
402 401
402 403
402 404
402 405
402 406
403 102
403 205
403 401
403 402
403 404
403 405
403 406
404 205
404 381
404 382
404 383
404 402
404 403
404 405
404 406
404 407
404 408
405 380
405 381
405 382
405 383
405 400
405 401
405 402
405 403
405 404
405 406
405 407
405 408
405 409
406 205
406 207
406 381
406 400
406 401
406 402
406 403
406 404
406 405
406 407
406 408
406 409
406 410
407 204
407 205
407 206
407 207
407 208
407 404
407 405
407 406
407 408
407 409
407 410
407 411
408 207
408 381
408 382
408 383
408 386
408 404
408 405
408 406
408 407
408 409
408 410
408 411
408 412
409 381
409 398
409 400
409 405
409 406
409 407
409 408
409 410
409 411
409 412
409 413
409 418
409 419
409 420
410 207
410 208
410 209
410 406
410 407
410 408
410 409
410 411
410 412
410 413
410 414
410 420
411 207
411 208
411 209
411 270
411 271
411 407
411 408
411 409
411 410
411 412
411 413
411 414
411 415
412 270
412 408
412 409
412 410
412 411
412 413
412 414
412 415
412 416
412 417
412 418
413 409
413 410
413 411
413 412
413 414
413 415
413 416
413 417
413 418
413 419
413 420
414 209
414 410
414 411
414 412
414 413
414 415
414 416
414 417
415 411
415 412
415 413
415 414
415 416
415 417
415 418
415 447
416 412
416 413
416 414
416 415
416 417
416 418
416 443
416 444
416 447
416 448
417 395
417 396
417 412
417 413
417 414
417 415
417 416
417 418
417 419
417 438
417 443
417 444
417 445
417 447
417 448
418 395
418 396
418 397
418 398
418 409
418 412
418 413
418 415
418 416
418 417
418 419
418 420
418 438
418 444
419 396
419 397
419 398
419 409
419 413
419 417
419 418
419 420
419 421
419 434
419 437
419 438
420 397
420 398
420 399
420 400
420 409
420 410
420 413
420 418
420 419
420 421
420 422
420 434
421 397
421 398
421 399
421 400
421 419
421 420
421 422
421 423
421 426
421 430
421 431
421 434
422 399
422 400
422 420
422 421
422 423
422 424
422 425
422 426
423 326
423 399
423 400
423 401
423 421
423 422
423 424
423 425
423 426
424 422
424 423
424 425
424 426
425 422
425 423
425 424
425 426
425 427
426 421
426 422
426 423
426 424
426 425
426 427
426 428
426 429
426 430
426 431
427 329
427 425
427 426
427 428
427 429
427 430
427 431
428 329
428 330
428 332
428 333
428 426
428 427
428 429
428 430
428 431
428 432
429 333
429 426
429 427
429 428
429 430
429 431
429 432
429 433
430 421
430 426
430 427
430 428
430 429
430 431
430 432
430 433
430 434
431 330
431 333
431 421
431 426
431 427
431 428
431 429
431 430
431 432
431 433
431 434
431 435
432 333
432 334
432 336
432 337
432 428
432 429
432 430
432 431
432 433
432 434
432 435
432 436
433 429
433 430
433 431
433 432
433 434
433 435
433 436
433 437
434 397
434 419
434 420
434 421
434 430
434 431
434 432
434 433
434 435
434 436
434 437
434 438
435 376
435 397
435 431
435 432
435 433
435 434
435 436
435 437
435 438
435 439
436 337
436 432
436 433
436 434
436 435
436 437
436 438
436 439
436 440
436 441
437 419
437 433
437 434
437 435
437 436
437 438
437 439
437 440
437 441
438 376
438 395
438 396
438 397
438 417
438 418
438 419
438 434
438 435
438 436
438 437
438 439
438 440
438 441
438 442
438 444
438 445
439 375
439 376
439 395
439 435
439 436
439 437
439 438
439 440
439 441
439 442
439 444
439 445
440 436
440 437
440 438
440 439
440 441
440 442
441 436
441 437
441 438
441 439
441 440
441 442
441 443
441 444
441 445
442 438
442 439
442 440
442 441
442 443
442 444
442 445
442 446
443 416
443 417
443 441
443 442
443 444
443 445
443 446
443 447
444 395
444 416
444 417
444 418
444 438
444 439
444 441
444 442
444 443
444 445
444 446
444 447
444 448
445 393
445 394
445 395
445 417
445 438
445 439
445 441
445 442
445 443
445 444
445 446
445 447
445 448
445 449
446 442
446 443
446 444
446 445
446 447
446 448
446 449
446 450
447 395
447 415
447 416
447 417
447 443
447 444
447 445
447 446
447 448
447 449
447 450
447 451
448 389
448 390
448 393
448 394
448 395
448 416
448 417
448 444
448 445
448 446
448 447
448 449
448 450
448 451
448 452
449 390
449 392
449 393
449 394
449 445
449 446
449 447
449 448
449 450
449 451
449 452
449 453
450 393
450 446
450 447
450 448
450 449
450 451
450 452
450 453
450 454
451 269
451 270
451 390
451 391
451 393
451 447
451 448
451 449
451 450
451 452
451 453
451 454
451 455
452 269
452 390
452 391
452 392
452 393
452 448
452 449
452 450
452 451
452 453
452 454
452 455
452 456
453 449
453 450
453 451
453 452
453 454
453 455
453 456
453 457
454 269
454 450
454 451
454 452
454 453
454 455
454 456
454 457
454 458
455 269
455 390
455 391
455 451
455 452
455 453
455 454
455 456
455 457
455 458
456 391
456 452
456 453
456 454
456 455
456 457
456 458
456 461
457 453
457 454
457 455
457 456
457 458
457 459
458 454
458 455
458 456
458 457
458 459
458 460
458 461
459 457
459 458
459 460
459 461
460 458
460 459
460 461
460 462
460 464
460 465
461 286
461 456
461 458
461 459
461 460
461 462
461 463
461 464
461 465
462 282
462 283
462 284
462 285
462 286
462 460
462 461
462 463
462 464
462 465
462 466
463 46
463 47
463 50
463 283
463 285
463 286
463 287
463 461
463 462
463 464
463 465
463 466
463 467
464 460
464 461
464 462
464 463
464 465
464 466
464 467
464 468
465 283
465 460
465 461
465 462
465 463
465 464
465 466
465 467
465 468
465 469
466 47
466 263
466 281
466 283
466 286
466 462
466 463
466 464
466 465
466 467
466 468
466 469
466 470
467 47
467 50
467 51
467 463
467 464
467 465
467 466
467 468
467 469
467 470
467 471
468 464
468 465
468 466
468 467
468 469
468 470
468 471
468 472
469 261
469 465
469 466
469 467
469 468
469 470
469 471
469 472
469 473
470 154
470 176
470 466
470 467
470 468
470 469
470 471
470 472
470 473
470 474
471 467
471 468
471 469
471 470
471 472
471 473
471 474
471 475
472 468
472 469
472 470
472 471
472 473
472 474
472 475
472 476
472 478
472 479
473 154
473 174
473 260
473 261
473 469
473 470
473 471
473 472
473 474
473 475
473 476
473 477
473 478
473 479
474 29
474 153
474 154
474 470
474 471
474 472
474 473
474 475
474 476
474 477
474 478
475 471
475 472
475 473
475 474
475 476
475 477
475 478
476 472
476 473
476 474
476 475
476 477
476 478
476 479
477 153
477 173
477 174
477 473
477 474
477 475
477 476
477 478
477 479
478 174
478 175
478 260
478 472
478 473
478 474
478 475
478 476
478 477
478 479
478 480
479 260
479 261
479 279
479 472
479 473
479 476
479 477
479 478
479 480
479 481
479 482
479 483
480 260
480 478
480 479
480 481
480 482
480 483
481 479
481 480
481 482
481 483
482 260
482 277
482 278
482 279
482 479
482 480
482 481
482 483
482 484
483 260
483 277
483 278
483 279
483 479
483 480
483 481
483 482
483 484
483 485
483 487
484 193
484 277
484 482
484 483
484 485
484 486
484 487
485 483
485 484
485 486
485 487
485 488
485 489
486 193
486 484
486 485
486 487
486 488
486 489
486 494
487 193
487 257
487 483
487 484
487 485
487 486
487 488
487 489
488 485
488 486
488 487
488 489
488 490
489 485
489 486
489 487
489 488
489 490
489 491
489 493
489 494
490 488
490 489
490 491
490 492
490 493
490 494
491 489
491 490
491 492
491 493
491 494
491 495
492 490
492 491
492 493
492 494
492 495
492 496
492 497
492 498
493 489
493 490
493 491
493 492
493 494
493 495
493 496
493 497
493 498
493 499
494 486
494 489
494 490
494 491
494 492
494 493
494 495
494 496
494 497
495 491
495 492
495 493
495 494
495 496
495 497
496 492
496 493
496 494
496 495
496 497
496 498
496 499
496 500
497 492
497 493
497 494
497 495
497 496
497 498
497 499
497 500
497 501
498 492
498 493
498 496
498 497
498 499
498 500
498 501
498 502
499 493
499 496
499 497
499 498
499 500
499 501
499 502
499 503
500 496
500 497
500 498
500 499
500 501
500 502
500 503
500 504
501 497
501 498
501 499
501 500
501 502
501 503
501 504
501 505
502 498
502 499
502 500
502 501
502 503
502 504
502 505
502 506
503 499
503 500
503 501
503 502
503 504
503 505
503 506
503 507
504 500
504 501
504 502
504 503
504 505
504 506
504 507
504 508
505 501
505 502
505 503
505 504
505 506
505 507
505 508
505 509
506 502
506 503
506 504
506 505
506 507
506 508
506 509
506 510
507 503
507 504
507 505
507 506
507 508
507 509
507 510
507 511
508 504
508 505
508 506
508 507
508 509
508 510
508 511
508 512
509 505
509 506
509 507
509 508
509 510
509 511
509 512
509 513
510 506
510 507
510 508
510 509
510 511
510 512
510 513
510 514
511 507
511 508
511 509
511 510
511 512
511 513
511 514
511 515
512 508
512 509
512 510
512 511
512 513
512 514
512 515
512 516
513 509
513 510
513 511
513 512
513 514
513 515
513 516
513 517
514 510
514 511
514 512
514 513
514 515
514 516
514 517
514 518
515 511
515 512
515 513
515 514
515 516
515 517
515 518
515 519
516 512
516 513
516 514
516 515
516 517
516 518
516 519
516 520
517 513
517 514
517 515
517 516
517 518
517 519
517 520
517 521
518 514
518 515
518 516
518 517
518 519
518 520
518 521
518 522
519 515
519 516
519 517
519 518
519 520
519 521
519 522
519 523
520 516
520 517
520 518
520 519
520 521
520 522
520 523
520 524
521 517
521 518
521 519
521 520
521 522
521 523
521 524
521 525
522 518
522 519
522 520
522 521
522 523
522 524
522 525
522 526
523 519
523 520
523 521
523 522
523 524
523 525
523 526
523 527
524 520
524 521
524 522
524 523
524 525
524 526
524 527
524 528
525 521
525 522
525 523
525 524
525 526
525 527
525 528
525 529
526 522
526 523
526 524
526 525
526 527
526 528
526 529
526 530
527 523
527 524
527 525
527 526
527 528
527 529
527 530
527 531
528 524
528 525
528 526
528 527
528 529
528 530
528 531
528 532
529 525
529 526
529 527
529 528
529 530
529 531
529 532
529 533
530 526
530 527
530 528
530 529
530 531
530 532
530 533
531 527
531 528
531 529
531 530
531 532
531 533
531 534
532 528
532 529
532 530
532 531
532 533
532 534
532 535
533 529
533 530
533 531
533 532
533 534
533 535
534 531
534 532
534 533
534 535
535 532
535 533
535 534
