0 1
0 2
1 0
1 2
1 3
2 0
2 1
2 3
2 4
3 1
3 2
3 4
3 5
4 2
4 3
4 5
4 6
5 3
5 4
5 6
5 7
6 4
6 5
6 7
6 8
7 5
7 6
7 8
7 9
8 6
8 7
8 9
8 10
9 7
9 8
9 10
9 11
10 8
10 9
10 11
10 12
11 9
11 10
11 12
11 13
12 10
12 11
12 13
12 14
13 11
13 12
13 14
13 15
14 12
14 13
14 15
14 16
15 13
15 14
15 16
15 17
16 14
16 15
16 17
16 18
17 15
17 16
17 18
17 19
18 16
18 17
18 19
18 20
19 17
19 18
19 20
19 21
20 18
20 19
20 21
20 22
21 19
21 20
21 22
21 23
22 20
22 21
22 23
22 24
23 21
23 22
23 24
23 25
24 22
24 23
24 25
24 26
25 23
25 24
25 26
25 27
26 24
26 25
26 27
26 28
27 25
27 26
27 28
27 29
28 26
28 27
28 29
28 30
29 27
29 28
29 30
29 31
30 28
30 29
30 31
30 32
31 29
31 30
31 32
31 33
32 30
32 31
32 33
32 34
33 31
33 32
33 34
33 35
34 32
34 33
34 35
34 36
35 33
35 34
35 36
35 37
36 34
36 35
36 37
36 38
37 35
37 36
37 38
37 39
38 36
38 37
38 39
38 40
39 37
39 38
39 40
39 41
40 38
40 39
40 41
40 42
41 39
41 40
41 42
41 43
42 40
42 41
42 43
42 44
43 41
43 42
43 44
43 45
44 42
44 43
44 45
44 46
45 43
45 44
45 46
45 47
46 44
46 45
46 47
46 48
47 45
47 46
47 48
47 49
48 46
48 47
48 49
48 50
49 47
49 48
49 50
49 51
50 48
50 49
50 51
50 52
51 49
51 50
51 52
51 53
52 50
52 51
52 53
52 54
53 51
53 52
53 54
53 55
54 52
54 53
54 55
54 56
55 53
55 54
55 56
55 57
56 54
56 55
56 57
56 58
57 55
57 56
57 58
57 59
58 56
58 57
58 59
58 60
59 57
59 58
59 60
59 61
60 58
60 59
60 61
60 62
61 59
61 60
61 62
61 63
62 60
62 61
62 63
62 64
63 61
63 62
63 64
63 65
64 62
64 63
64 65
64 66
65 63
65 64
65 66
65 67
66 64
66 65
66 67
66 68
67 65
67 66
67 68
67 69
68 66
68 67
68 69
68 70
69 67
69 68
69 70
69 71
70 68
70 69
70 71
70 72
71 69
71 70
71 72
71 73
72 70
72 71
72 73
72 74
73 71
73 72
73 74
73 75
74 72
74 73
74 75
74 76
75 73
75 74
75 76
75 77
76 74
76 75
76 77
76 78
77 75
77 76
77 78
77 79
78 76
78 77
78 79
78 80
79 77
79 78
79 80
79 81
80 78
80 79
80 81
80 82
81 79
81 80
81 82
81 83
82 80
82 81
82 83
82 84
83 81
83 82
83 84
83 85
84 82
84 83
84 85
84 86
84 94
84 95
84 96
84 102
85 83
85 84
85 86
85 87
85 88
85 94
85 102
86 84
86 85
86 87
86 88
86 91
86 92
86 93
86 94
86 102
86 103
86 104
87 85
87 86
87 88
87 89
87 90
87 91
87 92
87 93
87 94
87 102
87 103
87 104
88 85
88 86
88 87
88 89
88 90
88 91
88 101
88 102
88 103
88 150
89 87
89 88
89 90
89 91
89 103
89 107
89 131
89 132
89 143
89 146
89 147
89 150
90 87
90 88
90 89
90 91
90 92
90 107
90 131
90 132
90 133
90 136
91 86
91 87
91 88
91 89
91 90
91 92
91 93
91 132
91 133
92 86
92 87
92 90
92 91
92 93
92 94
92 103
92 104
92 132
92 133
93 86
93 87
93 91
93 92
93 94
93 95
93 103
93 104
94 84
94 85
94 86
94 87
94 92
94 93
94 95
94 96
94 97
94 102
94 103
94 104
94 105
95 84
95 93
95 94
95 96
95 97
95 102
95 103
95 104
95 105
96 84
96 94
96 95
96 97
96 98
96 102
96 103
96 104
97 94
97 95
97 96
97 98
97 99
97 100
97 101
97 102
97 103
98 96
98 97
98 99
98 100
98 101
98 102
98 103
98 108
98 152
99 97
99 98
99 100
99 101
99 108
99 152
99 153
99 154
99 156
99 157
100 97
100 98
100 99
100 101
100 102
100 151
100 152
100 153
100 156
101 88
101 97
101 98
101 99
101 100
101 102
101 103
101 150
101 151
101 152
102 84
102 85
102 86
102 87
102 88
102 94
102 95
102 96
102 97
102 98
102 100
102 101
102 103
102 104
103 86
103 87
103 88
103 89
103 92
103 93
103 94
103 95
103 96
103 97
103 98
103 101
103 102
103 104
103 105
103 107
103 108
104 86
104 87
104 92
104 93
104 94
104 95
104 96
104 102
104 103
104 105
104 106
104 107
104 108
105 94
105 95
105 103
105 104
105 106
105 107
105 108
105 109
106 104
106 105
106 107
106 108
106 109
106 110
107 89
107 90
107 103
107 104
107 105
107 106
107 108
107 109
107 110
107 111
107 147
108 98
108 99
108 103
108 104
108 105
108 106
108 107
108 109
108 110
108 111
108 112
109 105
109 106
109 107
109 108
109 110
109 111
109 112
109 113
110 106
110 107
110 108
110 109
110 111
110 112
110 113
110 114
110 144
111 107
111 108
111 109
111 110
111 112
111 113
111 114
111 115
111 144
111 147
112 108
112 109
112 110
112 111
112 113
112 114
112 115
112 116
112 157
113 109
113 110
113 111
113 112
113 114
113 115
113 116
113 117
113 119
114 110
114 111
114 112
114 113
114 115
114 116
114 117
114 118
114 119
114 120
114 144
115 111
115 112
115 113
115 114
115 116
115 117
115 118
115 119
115 154
115 157
116 112
116 113
116 114
116 115
116 117
116 118
116 119
116 157
116 158
116 159
117 113
117 114
117 115
117 116
117 118
117 119
118 114
118 115
118 116
118 117
118 119
118 120
119 113
119 114
119 115
119 116
119 117
119 118
119 120
119 121
120 114
120 118
120 119
120 121
120 122
120 141
121 119
121 120
121 122
121 123
121 140
121 141
122 120
122 121
122 123
122 124
122 140
122 141
123 121
123 122
123 124
123 125
123 126
123 127
123 139
123 140
123 141
123 142
124 122
124 123
124 125
124 126
124 127
125 123
125 124
125 126
125 127
125 128
125 129
126 123
126 124
126 125
126 127
126 128
126 129
127 123
127 124
127 125
127 126
127 128
127 129
127 141
127 142
128 125
128 126
128 127
128 129
128 130
128 142
129 125
129 126
129 127
129 128
129 130
129 131
129 138
129 139
129 142
130 128
130 129
130 131
130 132
130 135
130 136
130 142
131 89
131 90
131 129
131 130
131 132
131 133
131 135
131 136
131 142
131 143
131 146
132 89
132 90
132 91
132 92
132 130
132 131
132 133
132 134
132 135
132 136
133 90
133 91
133 92
133 131
133 132
133 134
133 135
133 136
134 132
134 133
134 135
134 136
134 137
135 130
135 131
135 132
135 133
135 134
135 136
135 137
135 138
136 90
136 130
136 131
136 132
136 133
136 134
136 135
136 137
136 138
136 139
136 140
136 143
137 134
137 135
137 136
137 138
137 139
137 140
137 143
138 129
138 135
138 136
138 137
138 139
138 140
139 123
139 129
139 136
139 137
139 138
139 140
139 141
139 142
139 143
140 121
140 122
140 123
140 136
140 137
140 138
140 139
140 141
140 142
140 143
140 144
141 120
141 121
141 122
141 123
141 127
141 139
141 140
141 142
141 143
141 144
141 145
142 123
142 127
142 128
142 129
142 130
142 131
142 139
142 140
142 141
142 143
142 144
142 145
142 146
143 89
143 131
143 136
143 137
143 139
143 140
143 141
143 142
143 144
143 145
143 146
143 147
144 110
144 111
144 114
144 140
144 141
144 142
144 143
144 145
144 146
144 147
144 148
145 141
145 142
145 143
145 144
145 146
145 147
145 148
145 149
146 89
146 131
146 142
146 143
146 144
146 145
146 147
146 148
146 149
146 150
147 89
147 107
147 111
147 143
147 144
147 145
147 146
147 148
147 149
147 150
147 151
147 152
148 144
148 145
148 146
148 147
148 149
148 150
148 151
148 152
148 153
149 145
149 146
149 147
149 148
149 150
149 151
149 152
150 88
150 89
150 101
150 146
150 147
150 148
150 149
150 151
150 152
151 100
151 101
151 147
151 148
151 149
151 150
151 152
151 153
152 98
152 99
152 100
152 101
152 147
152 148
152 149
152 150
152 151
152 153
152 154
153 99
153 100
153 148
153 151
153 152
153 154
153 155
153 156
153 157
154 99
154 115
154 152
154 153
154 155
154 156
154 157
155 153
155 154
155 156
155 157
155 158
156 99
156 100
156 153
156 154
156 155
156 157
156 158
157 99
157 112
157 115
157 116
157 153
157 154
157 155
157 156
157 158
157 159
158 116
158 155
158 156
158 157
158 159
158 160
159 116
159 157
159 158
159 160
159 161
159 162
160 158
160 159
160 161
160 162
160 163
161 159
161 160
161 162
161 163
161 164
162 159
162 160
162 161
162 163
162 164
163 160
163 161
163 162
163 164
163 165
164 161
164 162
164 163
164 165
164 166
165 163
165 164
165 166
165 167
166 164
166 165
166 167
166 168
167 165
167 166
167 168
167 169
167 170
168 166
168 167
168 169
168 170
169 167
169 168
169 170
169 171
170 167
170 168
170 169
170 171
170 172
171 169
171 170
171 172
171 173
172 170
172 171
172 173
172 174
173 171
173 172
173 174
173 175
174 172
174 173
174 175
174 176
175 173
175 174
175 176
175 177
176 174
176 175
176 177
176 178
177 175
177 176
177 178
177 179
177 360
177 363
177 364
178 176
178 177
178 179
178 180
178 360
179 177
179 178
179 180
179 181
179 183
179 184
179 360
179 361
180 178
180 179
180 181
180 182
180 183
180 184
181 179
181 180
181 182
181 183
181 184
181 185
182 180
182 181
182 183
182 184
182 185
182 186
183 179
183 180
183 181
183 182
183 184
183 185
183 186
183 187
183 353
183 356
183 357
184 179
184 180
184 181
184 182
184 183
184 185
184 186
184 187
184 188
184 357
185 181
185 182
185 183
185 184
185 186
185 187
185 188
185 189
186 182
186 183
186 184
186 185
186 187
186 188
186 189
186 190
186 246
186 354
186 357
187 183
187 184
187 185
187 186
187 188
187 189
187 190
187 191
187 323
187 327
187 354
187 357
187 358
187 361
188 184
188 185
188 186
188 187
188 189
188 190
188 191
188 192
188 323
189 185
189 186
189 187
189 188
189 190
189 191
189 192
189 193
189 244
189 245
189 246
190 186
190 187
190 188
190 189
190 191
190 192
190 193
190 194
190 244
190 245
190 323
190 326
190 327
190 330
191 187
191 188
191 189
191 190
191 192
191 193
191 194
191 195
191 322
191 323
191 324
191 326
191 327
192 188
192 189
192 190
192 191
192 193
192 194
192 195
192 196
193 189
193 190
193 191
193 192
193 194
193 195
193 196
193 197
193 241
193 244
193 245
193 326
194 190
194 191
194 192
194 193
194 195
194 196
194 197
194 198
194 241
194 322
194 323
194 325
194 326
195 191
195 192
195 193
195 194
195 196
195 197
195 198
195 199
195 200
195 322
196 192
196 193
196 194
196 195
196 197
196 198
196 199
197 193
197 194
197 195
197 196
197 198
197 199
197 237
197 238
197 240
197 241
198 194
198 195
198 196
198 197
198 199
198 200
198 237
198 271
198 286
199 195
199 196
199 197
199 198
199 200
199 201
199 203
199 204
199 286
200 195
200 198
200 199
200 201
200 202
200 203
200 204
200 322
201 199
201 200
201 202
201 203
201 204
201 275
201 284
202 200
202 201
202 203
202 204
203 199
203 200
203 201
203 202
203 204
203 205
204 199
204 200
204 201
204 202
204 203
204 205
204 206
204 286
204 287
204 288
205 203
205 204
205 206
205 207
205 287
205 288
206 204
206 205
206 207
206 208
206 284
206 287
206 288
206 289
206 290
207 205
207 206
207 208
207 209
207 288
207 289
207 290
208 206
208 207
208 209
208 210
208 289
208 290
208 291
209 207
209 208
209 210
209 211
209 289
209 290
209 291
210 208
210 209
210 211
210 212
210 213
211 209
211 210
211 212
211 213
211 220
211 222
211 223
211 295
212 210
212 211
212 213
212 214
212 215
212 216
212 217
212 220
212 294
212 295
212 298
213 210
213 211
213 212
213 214
213 215
213 216
213 292
213 294
213 295
214 212
214 213
214 215
214 216
214 294
215 212
215 213
215 214
215 216
215 217
215 294
216 212
216 213
216 214
216 215
216 217
216 218
216 294
216 295
216 297
216 298
217 212
217 215
217 216
217 218
217 219
217 220
217 297
217 298
218 216
218 217
218 219
218 220
218 297
218 298
218 300
218 302
219 217
219 218
219 220
219 221
219 224
219 297
219 298
219 299
219 300
219 302
219 400
219 401
220 211
220 212
220 217
220 218
220 219
220 221
220 222
220 223
220 224
220 298
220 299
220 300
221 219
221 220
221 222
221 223
221 224
221 225
221 299
221 401
222 211
222 220
222 221
222 223
222 224
222 225
222 226
223 211
223 220
223 221
223 222
223 224
223 225
223 226
223 227
223 295
223 298
223 299
224 219
224 220
224 221
224 222
224 223
224 225
224 226
224 227
224 228
224 298
224 299
224 300
225 221
225 222
225 223
225 224
225 226
225 227
225 228
225 229
226 222
226 223
226 224
226 225
226 227
226 228
226 229
226 230
227 223
227 224
227 225
227 226
227 228
227 229
227 230
227 231
227 299
227 300
228 224
228 225
228 226
228 227
228 229
228 230
228 231
228 232
228 406
228 409
229 225
229 226
229 227
229 228
229 230
229 231
229 232
229 233
230 226
230 227
230 228
230 229
230 231
230 232
230 233
230 234
230 285
230 286
230 287
231 227
231 228
231 229
231 230
231 232
231 233
231 234
231 235
231 409
232 228
232 229
232 230
232 231
232 233
232 234
232 235
232 236
232 406
232 408
232 409
233 229
233 230
233 231
233 232
233 234
233 235
233 236
233 237
234 230
234 231
234 232
234 233
234 235
234 236
234 237
234 238
234 268
234 286
235 231
235 232
235 233
235 234
235 236
235 237
235 238
235 239
235 264
235 268
235 408
235 409
236 232
236 233
236 234
236 235
236 237
236 238
236 239
236 240
237 197
237 198
237 233
237 234
237 235
237 236
237 238
237 239
237 240
237 241
238 197
238 234
238 235
238 236
238 237
238 239
238 240
238 241
238 242
238 264
238 267
238 268
239 235
239 236
239 237
239 238
239 240
239 241
239 242
239 243
239 260
240 197
240 236
240 237
240 238
240 239
240 241
240 242
240 243
240 244
241 193
241 194
241 197
241 237
241 238
241 239
241 240
241 242
241 243
241 244
241 245
242 238
242 239
242 240
242 241
242 243
242 244
242 245
242 248
242 260
242 330
242 333
243 239
243 240
243 241
243 242
243 244
243 245
243 248
243 249
244 189
244 190
244 193
244 240
244 241
244 242
244 243
244 245
244 246
244 248
245 189
245 190
245 193
245 241
245 242
245 243
245 244
245 246
245 247
245 248
245 249
245 330
246 186
246 189
246 244
246 245
246 247
246 248
246 249
247 245
247 246
247 248
247 249
247 250
247 251
247 350
248 242
248 243
248 244
248 245
248 246
248 247
248 249
248 250
248 251
248 256
248 334
248 350
249 243
249 245
249 246
249 247
249 248
249 250
249 251
249 252
249 256
250 247
250 248
250 249
250 251
250 252
251 247
251 248
251 249
251 250
251 252
251 253
251 255
251 256
251 347
252 249
252 250
252 251
252 253
252 254
252 255
252 256
252 342
253 251
253 252
253 254
253 255
253 256
253 257
254 252
254 253
254 255
254 256
254 257
254 258
254 341
254 342
255 251
255 252
255 253
255 254
255 256
255 257
255 258
255 259
255 340
255 341
255 342
255 343
256 248
256 249
256 251
256 252
256 253
256 254
256 255
256 257
256 258
256 259
256 260
257 253
257 254
257 255
257 256
257 258
257 259
257 260
257 261
258 254
258 255
258 256
258 257
258 259
258 260
258 261
258 262
258 338
258 339
258 340
258 341
259 255
259 256
259 257
259 258
259 260
259 261
259 262
259 263
259 333
259 334
259 335
259 338
260 239
260 242
260 256
260 257
260 258
260 259
260 261
260 262
260 263
260 264
260 333
260 412
261 257
261 258
261 259
261 260
261 262
261 263
261 264
261 265
261 412
261 413
261 415
262 258
262 259
262 260
262 261
262 263
262 264
262 265
262 333
262 338
263 259
263 260
263 261
263 262
263 264
263 265
263 266
263 267
263 332
263 333
264 235
264 238
264 260
264 261
264 262
264 263
264 265
264 266
264 267
264 268
264 333
264 412
264 413
265 261
265 262
265 263
265 264
265 266
265 267
265 268
265 269
265 387
265 390
265 391
265 413
266 263
266 264
266 265
266 267
266 268
266 269
266 270
266 329
266 332
266 383
266 384
266 387
267 238
267 263
267 264
267 265
267 266
267 268
267 269
267 270
267 271
267 329
267 332
267 333
268 234
268 235
268 238
268 264
268 265
268 266
268 267
268 269
268 270
268 271
268 272
269 265
269 266
269 267
269 268
269 270
269 271
269 272
269 273
269 308
269 383
269 387
270 266
270 267
270 268
270 269
270 271
270 272
270 273
270 274
270 325
270 329
270 383
271 198
271 267
271 268
271 269
271 270
271 272
271 273
271 274
271 275
271 325
272 268
272 269
272 270
272 271
272 273
272 274
272 275
272 276
272 283
272 284
272 285
273 269
273 270
273 271
273 272
273 274
273 275
273 276
273 283
273 308
273 309
273 311
273 312
273 315
274 270
274 271
274 272
274 273
274 275
274 276
274 312
274 315
275 201
275 271
275 272
275 273
275 274
275 276
275 277
275 283
275 284
275 285
276 272
276 273
276 274
276 275
276 277
276 278
276 281
276 282
276 283
276 284
276 309
276 312
277 275
277 276
277 278
277 279
277 280
277 281
277 282
277 283
278 276
278 277
278 279
278 280
278 281
278 282
278 313
279 277
279 278
279 280
279 281
280 277
280 278
280 279
280 281
280 282
280 292
281 276
281 277
281 278
281 279
281 280
281 282
281 283
281 292
281 293
282 276
282 277
282 278
282 280
282 281
282 283
282 284
282 290
282 291
282 292
282 293
283 272
283 273
283 275
283 276
283 277
283 281
283 282
283 284
283 285
283 290
283 291
283 292
283 293
284 201
284 206
284 272
284 275
284 276
284 282
284 283
284 285
284 286
284 288
284 289
284 290
284 291
285 230
285 272
285 275
285 283
285 284
285 286
285 287
285 288
285 289
285 290
286 198
286 199
286 204
286 230
286 234
286 284
286 285
286 287
286 288
286 289
287 204
287 205
287 206
287 230
287 285
287 286
287 288
287 289
288 204
288 205
288 206
288 207
288 284
288 285
288 286
288 287
288 289
288 290
289 206
289 207
289 208
289 209
289 284
289 285
289 286
289 287
289 288
289 290
289 291
290 206
290 207
290 208
290 209
290 282
290 283
290 284
290 285
290 288
290 289
290 291
290 292
291 208
291 209
291 282
291 283
291 284
291 289
291 290
291 292
291 293
291 294
291 295
291 296
292 213
292 280
292 281
292 282
292 283
292 290
292 291
292 293
292 294
292 295
292 296
293 281
293 282
293 283
293 291
293 292
293 294
293 295
293 296
293 297
293 305
293 309
294 212
294 213
294 214
294 215
294 216
294 291
294 292
294 293
294 295
294 296
294 297
294 298
295 211
295 212
295 213
295 216
295 223
295 291
295 292
295 293
295 294
295 296
295 297
295 298
295 299
296 291
296 292
296 293
296 294
296 295
296 297
296 298
296 299
296 300
296 301
296 302
296 305
297 216
297 217
297 218
297 219
297 293
297 294
297 295
297 296
297 298
297 299
297 300
297 301
297 302
297 303
297 304
297 305
298 212
298 216
298 217
298 218
298 219
298 220
298 223
298 224
298 294
298 295
298 296
298 297
298 299
298 300
298 301
298 302
299 219
299 220
299 221
299 223
299 224
299 227
299 295
299 296
299 297
299 298
299 300
299 301
299 302
300 218
300 219
300 220
300 224
300 227
300 296
300 297
300 298
300 299
300 301
300 302
300 397
301 296
301 297
301 298
301 299
301 300
301 302
301 303
301 304
301 305
301 393
302 218
302 219
302 296
302 297
302 298
302 299
302 300
302 301
302 303
302 304
302 305
302 393
303 297
303 301
303 302
303 304
303 305
303 306
303 307
304 297
304 301
304 302
304 303
304 305
304 306
304 307
304 308
304 386
304 389
304 390
304 393
305 293
305 296
305 297
305 301
305 302
305 303
305 304
305 306
305 307
305 308
305 309
306 303
306 304
306 305
306 307
306 308
306 309
306 310
307 303
307 304
307 305
307 306
307 308
307 309
307 310
307 311
307 386
308 269
308 273
308 304
308 305
308 306
308 307
308 309
308 310
308 311
308 312
308 386
309 273
309 276
309 293
309 305
309 306
309 307
309 308
309 310
309 311
309 312
309 313
310 306
310 307
310 308
310 309
310 311
310 312
310 313
310 314
311 273
311 307
311 308
311 309
311 310
311 312
311 313
311 314
311 315
311 382
311 383
312 273
312 274
312 276
312 308
312 309
312 310
312 311
312 313
312 314
312 315
312 316
313 278
313 309
313 310
313 311
313 312
313 314
313 315
313 316
313 317
314 310
314 311
314 312
314 313
314 315
314 316
314 317
314 318
315 273
315 274
315 311
315 312
315 313
315 314
315 316
315 317
315 318
315 319
315 320
316 312
316 313
316 314
316 315
316 317
316 318
316 319
316 320
317 313
317 314
317 315
317 316
317 318
317 319
318 314
318 315
318 316
318 317
318 319
318 320
318 372
318 376
319 315
319 316
319 317
319 318
319 320
319 321
320 315
320 316
320 318
320 319
320 321
320 322
320 323
320 324
320 325
321 319
321 320
321 322
321 323
321 324
321 325
322 191
322 194
322 195
322 200
322 320
322 321
322 323
322 324
322 325
322 326
323 187
323 188
323 190
323 191
323 194
323 320
323 321
323 322
323 324
323 325
323 326
323 327
324 191
324 320
324 321
324 322
324 323
324 325
324 326
324 327
324 328
324 358
324 361
324 362
325 194
325 270
325 271
325 320
325 321
325 322
325 323
325 324
325 326
325 327
325 328
325 329
326 190
326 191
326 193
326 194
326 322
326 323
326 324
326 325
326 327
326 328
326 329
326 330
327 187
327 190
327 191
327 323
327 324
327 325
327 326
327 328
327 329
327 330
327 331
327 354
327 355
327 357
327 358
328 324
328 325
328 326
328 327
328 329
328 330
328 331
328 332
328 358
328 377
329 266
329 267
329 270
329 325
329 326
329 327
329 328
329 330
329 331
329 332
329 333
330 190
330 242
330 245
330 326
330 327
330 328
330 329
330 331
330 332
330 333
330 334
330 354
331 327
331 328
331 329
331 330
331 332
331 333
331 334
331 335
331 351
331 354
331 355
332 263
332 266
332 267
332 328
332 329
332 330
332 331
332 333
332 334
332 335
332 380
333 242
333 259
333 260
333 262
333 263
333 264
333 267
333 329
333 330
333 331
333 332
333 334
333 335
334 248
334 259
334 330
334 331
334 332
334 333
334 335
334 336
334 347
334 348
334 350
334 351
335 259
335 331
335 332
335 333
335 334
335 336
335 337
335 338
335 347
335 348
335 351
336 334
336 335
336 337
336 338
336 341
336 344
336 345
336 346
336 347
336 348
337 335
337 336
337 338
337 339
337 344
338 258
338 259
338 262
338 335
338 336
338 337
338 339
338 340
338 341
338 344
339 258
339 337
339 338
339 340
339 341
340 255
340 258
340 338
340 339
340 341
340 342
341 254
341 255
341 258
341 336
341 338
341 339
341 340
341 342
341 343
341 344
342 252
342 254
342 255
342 340
342 341
342 343
342 344
343 255
343 341
343 342
343 344
343 345
343 346
343 347
344 336
344 337
344 338
344 341
344 342
344 343
344 345
344 346
344 347
344 348
345 336
345 343
345 344
345 346
345 347
345 348
345 349
346 336
346 343
346 344
346 345
346 347
346 348
346 349
346 350
347 251
347 334
347 335
347 336
347 343
347 344
347 345
347 346
347 348
347 349
347 350
347 351
348 334
348 335
348 336
348 344
348 345
348 346
348 347
348 349
348 350
348 351
348 352
349 345
349 346
349 347
349 348
349 350
349 351
349 352
349 353
350 247
350 248
350 334
350 346
350 347
350 348
350 349
350 351
350 352
350 353
350 354
351 331
351 334
351 335
351 347
351 348
351 349
351 350
351 352
351 353
351 354
351 355
352 348
352 349
352 350
352 351
352 353
352 354
352 355
352 356
353 183
353 349
353 350
353 351
353 352
353 354
353 355
353 356
353 357
354 186
354 187
354 327
354 330
354 331
354 350
354 351
354 352
354 353
354 355
354 356
354 357
354 358
355 327
355 331
355 351
355 352
355 353
355 354
355 356
355 357
355 358
355 359
356 183
356 352
356 353
356 354
356 355
356 357
356 358
356 359
356 360
357 183
357 184
357 186
357 187
357 327
357 353
357 354
357 355
357 356
357 358
357 359
357 360
357 361
358 187
358 324
358 327
358 328
358 354
358 355
358 356
358 357
358 359
358 360
358 361
358 362
358 373
359 355
359 356
359 357
359 358
359 360
359 361
359 362
359 363
359 373
360 177
360 178
360 179
360 356
360 357
360 358
360 359
360 361
360 362
360 363
360 364
361 179
361 187
361 324
361 357
361 358
361 359
361 360
361 362
361 363
361 364
361 365
362 324
362 358
362 359
362 360
362 361
362 363
362 364
362 365
362 366
362 370
362 372
362 373
363 177
363 359
363 360
363 361
363 362
363 364
363 365
363 366
363 367
363 369
363 370
363 372
363 373
364 177
364 360
364 361
364 362
364 363
364 365
364 366
364 367
365 361
365 362
365 363
365 364
365 366
365 367
366 362
366 363
366 364
366 365
366 367
366 368
366 369
366 370
366 372
367 363
367 364
367 365
367 366
367 368
367 369
367 370
368 366
368 367
368 369
368 370
369 363
369 366
369 367
369 368
369 370
369 371
369 372
370 362
370 363
370 366
370 367
370 368
370 369
370 371
370 372
370 373
371 369
371 370
371 372
371 373
371 374
371 375
372 318
372 362
372 363
372 366
372 369
372 370
372 371
372 373
372 374
372 375
372 376
373 358
373 359
373 362
373 363
373 370
373 371
373 372
373 374
373 375
373 376
373 377
374 371
374 372
374 373
374 375
374 376
374 377
374 378
375 371
375 372
375 373
375 374
375 376
375 377
375 378
375 379
376 318
376 372
376 373
376 374
376 375
376 377
376 378
376 379
376 380
377 328
377 373
377 374
377 375
377 376
377 378
377 379
377 380
377 381
378 374
378 375
378 376
378 377
378 379
378 380
378 381
378 382
379 375
379 376
379 377
379 378
379 380
379 381
379 382
379 383
380 332
380 376
380 377
380 378
380 379
380 381
380 382
380 383
380 384
381 377
381 378
381 379
381 380
381 382
381 383
381 384
381 385
382 311
382 378
382 379
382 380
382 381
382 383
382 384
382 385
382 386
383 266
383 269
383 270
383 311
383 379
383 380
383 381
383 382
383 384
383 385
383 386
383 387
384 266
384 380
384 381
384 382
384 383
384 385
384 386
384 387
384 388
385 381
385 382
385 383
385 384
385 386
385 387
385 388
385 389
386 304
386 307
386 308
386 382
386 383
386 384
386 385
386 387
386 388
386 389
386 390
387 265
387 266
387 269
387 383
387 384
387 385
387 386
387 388
387 389
387 390
387 391
388 384
388 385
388 386
388 387
388 389
388 390
388 391
388 392
389 304
389 385
389 386
389 387
389 388
389 390
389 391
389 392
389 393
390 265
390 304
390 386
390 387
390 388
390 389
390 391
390 392
390 393
390 394
391 265
391 387
391 388
391 389
391 390
391 392
391 393
391 394
391 395
391 413
391 414
391 415
392 388
392 389
392 390
392 391
392 393
392 394
392 395
392 396
393 301
393 302
393 304
393 389
393 390
393 391
393 392
393 394
393 395
393 396
393 397
394 390
394 391
394 392
394 393
394 395
394 396
394 397
394 398
394 413
394 414
395 391
395 392
395 393
395 394
395 396
395 397
395 398
395 399
395 414
396 392
396 393
396 394
396 395
396 397
396 398
396 399
396 400
397 300
397 393
397 394
397 395
397 396
397 398
397 399
397 400
397 401
398 394
398 395
398 396
398 397
398 399
398 400
398 401
398 404
398 405
399 395
399 396
399 397
399 398
399 400
399 401
400 219
400 396
400 397
400 398
400 399
400 401
400 402
401 219
401 221
401 397
401 398
401 399
401 400
401 402
401 403
401 404
401 405
402 400
402 401
402 403
402 404
403 401
403 402
403 404
403 405
404 398
404 401
404 402
404 403
404 405
404 406
405 398
405 401
405 403
405 404
405 406
405 407
405 409
405 410
406 228
406 232
406 404
406 405
406 407
406 408
406 409
406 410
407 405
407 406
407 408
407 409
407 410
407 411
408 232
408 235
408 406
408 407
408 409
408 410
408 411
408 412
409 228
409 231
409 232
409 235
409 405
409 406
409 407
409 408
409 410
409 411
409 412
409 413
409 414
410 405
410 406
410 407
410 408
410 409
410 411
410 412
410 413
410 414
411 407
411 408
411 409
411 410
411 412
411 413
411 414
412 260
412 261
412 264
412 408
412 409
412 410
412 411
412 413
412 414
412 415
413 261
413 264
413 265
413 391
413 394
413 409
413 410
413 411
413 412
413 414
413 415
414 391
414 394
414 395
414 409
414 410
414 411
414 412
414 413
414 415
414 416
415 261
415 391
415 412
415 413
415 414
415 416
415 417
415 418
416 414
416 415
416 417
416 418
416 419
417 415
417 416
417 418
417 419
417 420
418 415
418 416
418 417
418 419
418 420
418 421
419 416
419 417
419 418
419 420
419 421
419 422
419 423
420 417
420 418
420 419
420 421
420 422
420 423
421 418
421 419
421 420
421 422
421 423
421 424
422 419
422 420
422 421
422 423
422 424
423 419
423 420
423 421
423 422
423 424
423 425
424 421
424 422
424 423
424 425
424 426
425 423
425 424
425 426
425 427
426 424
426 425
426 427
426 428
427 425
427 426
427 428
427 429
428 426
428 427
428 429
428 430
429 427
429 428
429 430
429 431
430 428
430 429
430 431
430 432
431 429
431 430
431 432
431 433
432 430
432 431
432 433
432 434
433 431
433 432
433 434
433 435
434 432
434 433
434 435
434 436
435 433
435 434
435 436
435 437
436 434
436 435
436 437
436 438
437 435
437 436
437 438
437 439
438 436
438 437
438 439
438 440
439 437
439 438
439 440
439 441
440 438
440 439
440 441
440 442
441 439
441 440
441 442
441 443
442 440
442 441
442 443
442 444
443 441
443 442
443 444
443 445
444 442
444 443
444 445
444 446
445 443
445 444
445 446
445 447
446 444
446 445
446 447
446 448
447 445
447 446
447 448
447 449
448 446
448 447
448 449
448 450
449 447
449 448
449 450
449 451
450 448
450 449
450 451
450 452
451 449
451 450
451 452
451 453
452 450
452 451
452 453
452 454
453 451
453 452
453 454
453 455
454 452
454 453
454 455
454 456
455 453
455 454
455 456
455 457
456 454
456 455
456 457
456 458
457 455
457 456
457 458
457 459
458 456
458 457
458 459
458 460
459 457
459 458
459 460
459 461
460 458
460 459
460 461
461 459
461 460
