0 1
0 2
1 0
1 2
1 3
2 0
2 1
2 3
2 4
3 1
3 2
3 4
3 5
4 2
4 3
4 5
4 6
5 3
5 4
5 6
5 7
6 4
6 5
6 7
6 8
7 5
7 6
7 8
7 9
8 6
8 7
8 9
8 10
9 7
9 8
9 10
9 11
10 8
10 9
10 11
10 12
10 14
10 15
11 9
11 10
11 12
11 13
11 14
11 15
12 10
12 11
12 13
12 14
12 15
12 16
13 11
13 12
13 14
13 15
13 16
13 17
14 10
14 11
14 12
14 13
14 15
14 16
14 17
14 18
15 10
15 11
15 12
15 13
15 14
15 16
15 17
15 18
15 19
16 12
16 13
16 14
16 15
16 17
16 18
16 19
16 20
17 13
17 14
17 15
17 16
17 18
17 19
17 20
17 21
18 14
18 15
18 16
18 17
18 19
18 20
18 21
18 22
19 15
19 16
19 17
19 18
19 20
19 21
19 22
19 23
20 16
20 17
20 18
20 19
20 21
20 22
20 23
20 24
21 17
21 18
21 19
21 20
21 22
21 23
21 24
21 25
22 18
22 19
22 20
22 21
22 23
22 24
22 25
22 26
23 19
23 20
23 21
23 22
23 24
23 25
23 26
23 27
23 28
23 29
24 20
24 21
24 22
24 23
24 25
24 26
24 27
24 28
24 29
25 21
25 22
25 23
25 24
25 26
25 27
26 22
26 23
26 24
26 25
26 27
26 28
26 29
27 23
27 24
27 25
27 26
27 28
27 29
27 30
27 31
28 23
28 24
28 26
28 27
28 29
28 30
28 31
28 32
29 23
29 24
29 26
29 27
29 28
29 30
29 31
29 32
29 33
30 27
30 28
30 29
30 31
30 32
30 33
30 34
31 27
31 28
31 29
31 30
31 32
31 33
31 34
31 35
32 28
32 29
32 30
32 31
32 33
32 34
32 35
32 36
32 40
33 29
33 30
33 31
33 32
33 34
33 35
33 36
34 30
34 31
34 32
34 33
34 35
34 36
35 31
35 32
35 33
35 34
35 36
35 37
35 38
35 39
35 40
36 32
36 33
36 34
36 35
36 37
36 38
36 39
36 40
37 35
37 36
37 38
37 39
37 40
37 41
38 35
38 36
38 37
38 39
38 40
38 41
38 42
39 35
39 36
39 37
39 38
39 40
39 41
39 42
39 43
40 32
40 35
40 36
40 37
40 38
40 39
40 41
40 42
40 43
40 44
41 37
41 38
41 39
41 40
41 42
41 43
41 44
41 45
42 38
42 39
42 40
42 41
42 43
42 44
42 45
42 46
43 39
43 40
43 41
43 42
43 44
43 45
43 46
43 47
44 40
44 41
44 42
44 43
44 45
44 46
44 47
44 48
45 41
45 42
45 43
45 44
45 46
45 47
45 48
45 49
46 42
46 43
46 44
46 45
46 47
46 48
46 49
46 50
47 43
47 44
47 45
47 46
47 48
47 49
47 50
47 51
48 44
48 45
48 46
48 47
48 49
48 50
48 51
48 52
49 45
49 46
49 47
49 48
49 50
49 51
49 52
49 53
50 46
50 47
50 48
50 49
50 51
50 52
50 53
50 54
51 47
51 48
51 49
51 50
51 52
51 53
51 54
51 55
52 48
52 49
52 50
52 51
52 53
52 54
52 55
52 56
53 49
53 50
53 51
53 52
53 54
53 55
53 56
53 57
54 50
54 51
54 52
54 53
54 55
54 56
54 57
54 58
55 51
55 52
55 53
55 54
55 56
55 57
55 58
55 59
56 52
56 53
56 54
56 55
56 57
56 58
56 59
56 60
57 53
57 54
57 55
57 56
57 58
57 59
57 60
57 61
58 54
58 55
58 56
58 57
58 59
58 60
58 61
58 62
59 55
59 56
59 57
59 58
59 60
59 61
59 62
59 63
60 56
60 57
60 58
60 59
60 61
60 62
60 63
60 64
61 57
61 58
61 59
61 60
61 62
61 63
61 64
61 65
62 58
62 59
62 60
62 61
62 63
62 64
62 65
62 66
63 59
63 60
63 61
63 62
63 64
63 65
63 66
63 67
64 60
64 61
64 62
64 63
64 65
64 66
64 67
64 68
65 61
65 62
65 63
65 64
65 66
65 67
65 68
65 69
66 62
66 63
66 64
66 65
66 67
66 68
66 69
66 70
67 63
67 64
67 65
67 66
67 68
67 69
67 70
67 71
68 64
68 65
68 66
68 67
68 69
68 70
68 71
68 72
69 65
69 66
69 67
69 68
69 70
69 71
69 72
69 73
70 66
70 67
70 68
70 69
70 71
70 72
70 73
70 74
71 67
71 68
71 69
71 70
71 72
71 73
71 74
71 75
72 68
72 69
72 70
72 71
72 73
72 74
72 75
72 76
73 69
73 70
73 71
73 72
73 74
73 75
73 76
73 77
74 70
74 71
74 72
74 73
74 75
74 76
74 77
74 78
75 71
75 72
75 73
75 74
75 76
75 77
75 78
75 79
76 72
76 73
76 74
76 75
76 77
76 78
76 79
76 80
77 73
77 74
77 75
77 76
77 78
77 79
77 80
77 81
78 74
78 75
78 76
78 77
78 79
78 80
78 81
78 82
79 75
79 76
79 77
79 78
79 80
79 81
79 82
79 83
80 76
80 77
80 78
80 79
80 81
80 82
80 83
80 84
81 77
81 78
81 79
81 80
81 82
81 83
81 84
82 78
82 79
82 80
82 81
82 83
82 84
82 153
82 160
83 79
83 80
83 81
83 82
83 84
83 85
83 87
83 153
83 160
84 80
84 81
84 82
84 83
84 85
84 86
84 87
85 83
85 84
85 86
85 87
86 84
86 85
86 87
86 88
86 154
87 83
87 84
87 85
87 86
87 88
87 89
87 151
87 152
87 153
87 154
88 86
88 87
88 89
88 90
88 125
88 126
88 151
88 152
88 153
88 154
89 87
89 88
89 90
89 91
89 125
89 126
89 149
89 150
89 151
89 152
90 88
90 89
90 91
90 92
90 123
90 124
90 125
90 126
90 149
90 150
90 151
90 152
91 89
91 90
91 92
91 93
91 123
91 124
91 125
91 146
91 147
91 148
91 149
91 150
92 90
92 91
92 93
92 94
92 95
92 121
92 122
92 123
92 124
92 144
92 145
92 146
92 147
92 148
92 149
92 150
93 91
93 92
93 94
93 95
93 121
93 122
93 123
93 124
93 146
93 147
94 92
94 93
94 95
94 96
94 121
94 122
94 123
94 145
94 146
95 92
95 93
95 94
95 96
95 97
95 119
95 120
95 121
95 122
95 145
95 146
96 94
96 95
96 97
96 98
96 119
96 120
96 121
96 122
97 95
97 96
97 98
97 99
97 118
97 119
97 120
98 96
98 97
98 99
98 100
98 102
98 117
98 118
98 119
98 120
99 97
99 98
99 100
99 101
99 102
99 117
99 118
100 98
100 99
100 101
100 102
100 103
100 115
100 116
100 117
101 99
101 100
101 102
101 103
101 104
102 98
102 99
102 100
102 101
102 103
102 104
103 100
103 101
103 102
103 104
103 105
103 106
104 101
104 102
104 103
104 105
104 106
105 103
105 104
105 106
105 107
106 103
106 104
106 105
106 107
106 108
107 105
107 106
107 108
107 109
107 110
108 106
108 107
108 109
108 110
109 107
109 108
109 110
109 111
110 107
110 108
110 109
110 111
110 112
110 114
110 115
111 109
111 110
111 112
111 113
111 114
111 115
112 110
112 111
112 113
112 114
112 115
112 116
113 111
113 112
113 114
113 115
113 116
113 134
113 135
114 110
114 111
114 112
114 113
114 115
114 116
114 134
115 100
115 110
115 111
115 112
115 113
115 114
115 116
115 117
116 100
116 112
116 113
116 114
116 115
116 117
116 118
117 98
117 99
117 100
117 115
117 116
117 118
117 119
118 97
118 98
118 99
118 116
118 117
118 119
118 120
118 134
118 135
118 136
119 95
119 96
119 97
119 98
119 117
119 118
119 120
119 121
119 134
119 135
119 136
119 141
120 95
120 96
120 97
120 98
120 118
120 119
120 121
120 122
120 132
120 133
120 134
120 135
120 136
121 92
121 93
121 94
121 95
121 96
121 119
121 120
121 122
121 123
121 132
121 133
121 134
121 135
121 136
122 92
122 93
122 94
122 95
122 96
122 120
122 121
122 123
122 124
122 130
122 131
122 132
122 133
123 90
123 91
123 92
123 93
123 94
123 121
123 122
123 124
123 125
123 130
123 131
123 132
123 133
124 90
124 91
124 92
124 93
124 122
124 123
124 125
124 126
124 127
124 128
124 129
124 130
124 131
125 88
125 89
125 90
125 91
125 123
125 124
125 126
125 127
125 128
125 129
125 130
125 131
126 88
126 89
126 90
126 124
126 125
126 127
126 128
126 129
127 124
127 125
127 126
127 128
127 129
128 124
128 125
128 126
128 127
128 129
128 130
129 124
129 125
129 126
129 127
129 128
129 130
129 131
130 122
130 123
130 124
130 125
130 128
130 129
130 131
130 132
131 122
131 123
131 124
131 125
131 129
131 130
131 132
131 133
131 157
132 120
132 121
132 122
132 123
132 130
132 131
132 133
132 134
133 120
133 121
133 122
133 123
133 131
133 132
133 134
133 135
133 136
133 157
133 158
134 113
134 114
134 118
134 119
134 120
134 121
134 132
134 133
134 135
134 136
135 113
135 118
135 119
135 120
135 121
135 133
135 134
135 136
135 137
135 158
136 118
136 119
136 120
136 121
136 133
136 134
136 135
136 137
136 138
136 139
136 140
136 141
136 158
136 159
137 135
137 136
137 138
137 139
137 158
137 159
137 160
138 136
138 137
138 139
138 140
138 158
138 159
138 160
138 161
139 136
139 137
139 138
139 140
139 141
139 143
139 144
139 159
139 160
139 161
139 162
140 136
140 138
140 139
140 141
140 142
140 143
140 144
141 119
141 136
141 139
141 140
141 142
141 143
141 144
142 140
142 141
142 143
142 144
142 145
143 139
143 140
143 141
143 142
143 144
143 145
144 92
144 139
144 140
144 141
144 142
144 143
144 145
144 146
144 148
144 162
145 92
145 94
145 95
145 142
145 143
145 144
145 146
145 147
145 148
146 91
146 92
146 93
146 94
146 95
146 144
146 145
146 147
146 148
147 91
147 92
147 93
147 145
147 146
147 148
147 149
148 91
148 92
148 144
148 145
148 146
148 147
148 149
148 150
148 162
148 163
148 165
149 89
149 90
149 91
149 92
149 147
149 148
149 150
149 151
149 162
149 163
149 164
149 165
149 166
150 89
150 90
150 91
150 92
150 148
150 149
150 151
150 152
150 159
150 160
150 161
150 162
150 163
151 87
151 88
151 89
151 90
151 149
151 150
151 152
151 153
151 159
151 160
151 161
151 162
151 163
152 87
152 88
152 89
152 90
152 150
152 151
152 153
152 154
152 157
152 158
152 159
152 160
152 161
153 82
153 83
153 87
153 88
153 151
153 152
153 154
153 155
153 156
153 157
153 158
153 159
153 160
154 86
154 87
154 88
154 152
154 153
154 155
154 156
154 157
155 153
155 154
155 156
155 157
156 153
156 154
156 155
156 157
156 158
157 131
157 133
157 152
157 153
157 154
157 155
157 156
157 158
157 159
158 133
158 135
158 136
158 137
158 138
158 152
158 153
158 156
158 157
158 159
158 160
159 136
159 137
159 138
159 139
159 150
159 151
159 152
159 153
159 157
159 158
159 160
159 161
159 162
160 82
160 83
160 137
160 138
160 139
160 150
160 151
160 152
160 153
160 158
160 159
160 161
160 162
161 138
161 139
161 150
161 151
161 152
161 159
161 160
161 162
161 163
162 139
162 144
162 148
162 149
162 150
162 151
162 159
162 160
162 161
162 163
162 164
163 148
163 149
163 150
163 151
163 161
163 162
163 164
163 165
164 149
164 162
164 163
164 165
164 166
165 148
165 149
165 163
165 164
165 166
165 167
166 149
166 164
166 165
166 167
166 168
167 165
167 166
167 168
167 169
167 171
167 172
167 269
167 270
167 273
168 166
168 167
168 169
168 170
168 171
168 172
168 266
168 269
169 167
169 168
169 170
169 171
169 172
169 173
170 168
170 169
170 171
170 172
170 173
170 174
171 167
171 168
171 169
171 170
171 172
171 173
171 174
171 175
171 266
171 269
171 270
172 167
172 168
172 169
172 170
172 171
172 173
172 174
172 175
173 169
173 170
173 171
173 172
173 174
173 175
173 176
174 170
174 171
174 172
174 173
174 175
174 176
174 248
174 249
174 250
175 171
175 172
175 173
175 174
175 176
175 177
175 246
175 247
175 248
175 249
176 173
176 174
176 175
176 177
176 178
176 179
176 246
176 247
176 248
176 249
177 175
177 176
177 178
177 179
178 176
178 177
178 179
178 180
179 176
179 177
179 178
179 180
179 181
179 240
179 241
179 247
180 178
180 179
180 181
180 182
180 237
180 238
180 240
180 241
181 179
181 180
181 182
181 183
181 238
181 241
182 180
182 181
182 183
182 184
182 186
182 234
182 237
182 238
182 241
183 181
183 182
183 184
183 185
183 186
183 187
183 238
183 239
183 241
183 242
184 182
184 183
184 185
184 186
184 187
184 194
184 235
184 238
184 239
185 183
185 184
185 186
185 187
185 188
186 182
186 183
186 184
186 185
186 187
186 188
186 367
187 183
187 184
187 185
187 186
187 188
187 189
187 190
187 231
187 234
187 235
187 364
187 367
188 185
188 186
188 187
188 189
188 190
188 360
188 361
188 363
188 364
188 367
189 187
189 188
189 190
189 191
189 356
189 359
189 360
189 361
189 363
189 364
190 187
190 188
190 189
190 191
190 192
190 193
190 194
190 353
190 356
190 360
191 189
191 190
191 192
191 193
191 194
191 195
192 190
192 191
192 193
192 194
192 195
192 196
193 190
193 191
193 192
193 194
193 195
193 196
193 197
193 351
193 352
193 353
194 184
194 190
194 191
194 192
194 193
194 195
194 196
194 197
194 198
194 235
195 191
195 192
195 193
195 194
195 196
195 197
195 198
195 199
196 192
196 193
196 194
196 195
196 197
196 198
196 199
196 200
196 351
197 193
197 194
197 195
197 196
197 198
197 199
197 200
197 201
197 202
197 222
197 239
197 351
198 194
198 195
198 196
198 197
198 199
198 200
198 201
198 202
198 203
198 239
199 195
199 196
199 197
199 198
199 200
199 201
199 202
199 203
199 204
200 196
200 197
200 198
200 199
200 201
200 202
200 203
200 204
200 218
200 219
200 221
200 222
200 349
201 197
201 198
201 199
201 200
201 202
201 203
201 204
201 205
201 219
201 326
202 197
202 198
202 199
202 200
202 201
202 203
202 204
202 205
202 206
202 239
202 243
203 198
203 199
203 200
203 201
203 202
203 204
203 205
203 206
203 207
203 208
204 199
204 200
204 201
204 202
204 203
204 205
204 206
204 207
204 208
204 211
204 218
205 201
205 202
205 203
205 204
205 206
205 207
205 208
205 243
205 279
205 324
206 202
206 203
206 204
206 205
206 207
206 208
207 203
207 204
207 205
207 206
207 208
207 209
207 210
207 211
208 203
208 204
208 205
208 206
208 207
208 209
208 210
208 211
208 212
209 207
209 208
209 210
209 211
209 212
209 213
210 207
210 208
210 209
210 211
210 212
210 213
210 214
211 204
211 207
211 208
211 209
211 210
211 212
211 213
211 214
211 215
211 216
211 217
211 218
212 208
212 209
212 210
212 211
212 213
212 214
212 215
212 216
212 217
213 209
213 210
213 211
213 212
213 214
213 215
214 210
214 211
214 212
214 213
214 215
214 216
215 211
215 212
215 213
215 214
215 216
215 217
216 211
216 212
216 214
216 215
216 217
216 218
217 211
217 212
217 215
217 216
217 218
217 219
217 321
218 200
218 204
218 211
218 216
218 217
218 219
218 220
218 321
218 322
219 200
219 201
219 217
219 218
219 220
219 221
219 222
219 321
219 345
219 347
219 348
219 349
220 218
220 219
220 221
220 222
220 316
220 319
220 321
220 326
220 327
220 345
220 346
220 347
220 348
221 200
221 219
221 220
221 222
221 223
221 326
221 327
221 328
221 329
221 346
221 347
221 348
221 349
222 197
222 200
222 219
222 220
222 221
222 223
222 224
222 327
222 328
222 329
222 347
222 348
222 349
222 350
222 351
223 221
223 222
223 224
223 225
223 328
223 329
223 330
223 331
223 347
223 348
223 349
223 350
223 351
224 222
224 223
224 225
224 226
224 232
224 328
224 329
224 330
224 331
224 350
224 351
224 352
224 353
225 223
225 224
225 226
225 227
225 232
225 330
225 331
225 332
225 333
225 334
225 350
225 351
225 352
225 353
226 224
226 225
226 227
226 228
226 230
226 331
226 332
226 333
226 334
226 352
226 353
226 354
227 225
227 226
227 228
227 229
227 230
227 332
227 333
227 353
227 354
227 355
228 226
228 227
228 229
228 230
228 231
228 332
228 391
229 227
229 228
229 230
229 231
229 232
229 391
229 392
229 393
229 394
230 226
230 227
230 228
230 229
230 231
230 232
230 353
230 354
230 355
230 356
230 391
230 392
230 393
231 187
231 228
231 229
231 230
231 232
231 233
231 234
231 235
231 392
232 224
232 225
232 229
232 230
232 231
232 233
232 234
232 235
232 236
232 330
232 353
233 231
233 232
233 234
233 235
233 236
233 237
233 285
233 330
234 182
234 187
234 231
234 232
234 233
234 235
234 236
234 237
234 238
235 184
235 187
235 194
235 231
235 232
235 233
235 234
235 236
235 237
235 238
235 239
236 232
236 233
236 234
236 235
236 237
236 238
236 239
236 240
236 283
236 328
237 180
237 182
237 233
237 234
237 235
237 236
237 238
237 239
237 240
237 241
238 180
238 181
238 182
238 183
238 184
238 234
238 235
238 236
238 237
238 239
238 240
238 241
238 242
239 183
239 184
239 197
239 198
239 202
239 235
239 236
239 237
239 238
239 240
239 241
239 242
239 243
240 179
240 180
240 236
240 237
240 238
240 239
240 241
240 242
240 243
240 244
240 245
240 246
240 247
240 281
241 179
241 180
241 181
241 182
241 183
241 237
241 238
241 239
241 240
241 242
241 243
241 244
241 245
242 183
242 238
242 239
242 240
242 241
242 243
242 244
243 202
243 205
243 239
243 240
243 241
243 242
243 244
243 245
244 240
244 241
244 242
244 243
244 245
244 246
245 240
245 241
245 243
245 244
245 246
245 247
245 278
245 279
245 280
245 281
246 175
246 176
246 240
246 244
246 245
246 247
246 248
246 274
246 277
246 278
246 279
246 280
246 281
247 175
247 176
247 179
247 240
247 245
247 246
247 248
247 249
247 280
247 281
247 282
247 283
248 174
248 175
248 176
248 246
248 247
248 249
248 250
248 270
248 274
248 280
248 281
248 282
248 283
249 174
249 175
249 176
249 247
249 248
249 250
249 251
249 282
249 283
249 284
249 285
250 174
250 248
250 249
250 251
250 252
250 254
250 255
250 282
250 283
250 284
250 285
251 249
251 250
251 252
251 253
251 254
251 255
251 284
251 285
251 286
251 287
252 250
252 251
252 253
252 254
252 255
252 256
252 284
252 285
252 286
252 287
252 288
252 289
252 290
253 251
253 252
253 254
253 255
253 256
253 286
253 289
253 290
254 250
254 251
254 252
254 253
254 255
254 256
254 257
255 250
255 251
255 252
255 253
255 254
255 256
255 257
255 263
255 264
255 266
255 267
255 290
255 305
255 308
256 252
256 253
256 254
256 255
256 257
256 258
256 263
256 289
256 290
256 304
256 305
256 308
257 254
257 255
257 256
257 258
257 259
257 260
257 262
257 263
257 304
258 256
258 257
258 259
258 260
258 262
258 301
259 257
259 258
259 260
259 261
259 262
259 263
260 257
260 258
260 259
260 261
260 262
260 263
260 304
261 259
261 260
261 262
261 263
261 264
261 265
261 304
261 307
261 308
262 257
262 258
262 259
262 260
262 261
262 263
262 264
262 265
262 266
263 255
263 256
263 257
263 259
263 260
263 261
263 262
263 264
263 265
263 266
263 267
263 304
263 305
263 308
264 255
264 261
264 262
264 263
264 265
264 266
264 267
264 268
264 307
264 308
264 309
264 311
264 312
265 261
265 262
265 263
265 264
265 266
265 267
265 268
265 269
266 168
266 171
266 255
266 262
266 263
266 264
266 265
266 267
266 268
266 269
266 270
267 255
267 263
267 264
267 265
267 266
267 268
267 269
267 270
267 271
267 308
267 311
267 312
268 264
268 265
268 266
268 267
268 269
268 270
268 271
268 272
268 311
268 312
268 315
269 167
269 168
269 171
269 265
269 266
269 267
269 268
269 270
269 271
269 272
269 273
270 167
270 171
270 248
270 266
270 267
270 268
270 269
270 271
270 272
270 273
270 274
271 267
271 268
271 269
271 270
271 272
271 273
271 274
271 275
271 315
272 268
272 269
272 270
272 271
272 273
272 274
272 275
272 276
273 167
273 269
273 270
273 271
273 272
273 274
273 275
273 276
273 277
274 246
274 248
274 270
274 271
274 272
274 273
274 275
274 276
274 277
274 278
274 279
274 280
274 281
274 282
274 325
275 271
275 272
275 273
275 274
275 276
275 277
275 278
275 279
275 280
275 323
275 324
275 325
276 272
276 273
276 274
276 275
276 277
276 278
277 246
277 273
277 274
277 275
277 276
277 278
277 279
277 280
278 245
278 246
278 274
278 275
278 276
278 277
278 279
278 280
278 323
278 324
278 325
279 205
279 245
279 246
279 274
279 275
279 277
279 278
279 280
279 281
279 324
279 325
280 245
280 246
280 247
280 248
280 274
280 275
280 277
280 278
280 279
280 281
280 282
280 324
280 325
280 326
281 240
281 245
281 246
281 247
281 248
281 274
281 279
281 280
281 282
281 283
281 325
281 326
281 327
281 328
282 247
282 248
282 249
282 250
282 274
282 280
282 281
282 283
282 284
282 325
282 326
282 327
282 328
283 236
283 247
283 248
283 249
283 250
283 281
283 282
283 284
283 285
283 327
283 328
283 329
283 330
284 249
284 250
284 251
284 252
284 282
284 283
284 285
284 286
284 287
284 327
284 328
284 329
284 330
285 233
285 249
285 250
285 251
285 252
285 283
285 284
285 286
285 287
285 329
285 330
285 331
286 251
286 252
286 253
286 284
286 285
286 287
286 288
286 289
286 329
286 330
286 331
286 332
287 251
287 252
287 284
287 285
287 286
287 288
287 289
287 290
287 291
287 329
287 330
287 331
287 337
288 252
288 286
288 287
288 289
288 290
288 291
288 292
288 331
288 332
288 333
288 334
288 336
288 337
289 252
289 253
289 256
289 286
289 287
289 288
289 290
289 291
289 292
290 252
290 253
290 255
290 256
290 287
290 288
290 289
290 291
290 292
290 305
290 306
290 308
290 309
291 287
291 288
291 289
291 290
291 292
291 293
291 306
291 309
291 336
291 337
291 338
291 341
292 288
292 289
292 290
292 291
292 293
292 294
292 336
292 337
292 338
293 291
293 292
293 294
293 295
293 336
293 337
293 338
293 339
294 292
294 293
294 295
294 296
294 336
295 293
295 294
295 296
295 297
295 298
295 302
296 294
296 295
296 297
296 298
297 295
297 296
297 298
297 299
297 302
298 295
298 296
298 297
298 299
298 300
298 302
299 297
299 298
299 300
299 301
299 302
299 303
300 298
300 299
300 301
300 302
300 303
300 304
301 258
301 299
301 300
301 302
301 303
301 304
301 305
302 295
302 297
302 298
302 299
302 300
302 301
302 303
302 304
302 305
302 306
303 299
303 300
303 301
303 302
303 304
303 305
303 306
303 307
304 256
304 257
304 260
304 261
304 263
304 300
304 301
304 302
304 303
304 305
304 306
304 307
304 308
305 255
305 256
305 263
305 290
305 301
305 302
305 303
305 304
305 306
305 307
305 308
305 309
306 290
306 291
306 302
306 303
306 304
306 305
306 307
306 308
306 309
306 310
307 261
307 264
307 303
307 304
307 305
307 306
307 308
307 309
307 310
307 311
308 255
308 256
308 261
308 263
308 264
308 267
308 290
308 304
308 305
308 306
308 307
308 309
308 310
308 311
308 312
309 264
309 290
309 291
309 305
309 306
309 307
309 308
309 310
309 311
309 312
309 313
310 306
310 307
310 308
310 309
310 311
310 312
310 313
310 314
311 264
311 267
311 268
311 307
311 308
311 309
311 310
311 312
311 313
311 314
311 315
312 264
312 267
312 268
312 308
312 309
312 310
312 311
312 313
312 314
312 315
312 316
313 309
313 310
313 311
313 312
313 314
313 315
313 316
313 317
313 341
313 346
314 310
314 311
314 312
314 313
314 315
314 316
314 317
314 318
315 268
315 271
315 311
315 312
315 313
315 314
315 316
315 317
315 318
315 319
316 220
316 312
316 313
316 314
316 315
316 317
316 318
316 319
316 346
317 313
317 314
317 315
317 316
317 318
317 319
317 345
317 346
318 314
318 315
318 316
318 317
318 319
318 320
319 220
319 315
319 316
319 317
319 318
319 320
319 321
319 323
320 318
320 319
320 321
320 322
320 323
321 217
321 218
321 219
321 220
321 319
321 320
321 322
321 323
322 218
322 320
322 321
322 323
322 324
323 275
323 278
323 319
323 320
323 321
323 322
323 324
323 325
324 205
324 275
324 278
324 279
324 280
324 322
324 323
324 325
324 326
325 274
325 275
325 278
325 279
325 280
325 281
325 282
325 323
325 324
325 326
325 327
326 201
326 220
326 221
326 280
326 281
326 282
326 324
326 325
326 327
326 328
327 220
327 221
327 222
327 281
327 282
327 283
327 284
327 325
327 326
327 328
327 329
328 221
328 222
328 223
328 224
328 236
328 281
328 282
328 283
328 284
328 326
328 327
328 329
328 330
329 221
329 222
329 223
329 224
329 283
329 284
329 285
329 286
329 287
329 327
329 328
329 330
329 331
330 223
330 224
330 225
330 232
330 233
330 283
330 284
330 285
330 286
330 287
330 328
330 329
330 331
330 332
331 223
331 224
331 225
331 226
331 285
331 286
331 287
331 288
331 329
331 330
331 332
331 333
331 334
332 225
332 226
332 227
332 228
332 286
332 288
332 330
332 331
332 333
332 334
333 225
333 226
333 227
333 288
333 331
333 332
333 334
333 335
333 336
333 337
334 225
334 226
334 288
334 331
334 332
334 333
334 335
334 336
334 337
335 333
335 334
335 336
335 337
336 288
336 291
336 292
336 293
336 294
336 333
336 334
336 335
336 337
336 338
337 287
337 288
337 291
337 292
337 293
337 333
337 334
337 335
337 336
337 338
337 339
337 341
338 291
338 292
338 293
338 336
338 337
338 339
338 340
338 341
338 342
339 293
339 337
339 338
339 340
339 341
339 342
339 343
340 338
340 339
340 341
340 342
340 343
341 291
341 313
341 337
341 338
341 339
341 340
341 342
341 343
341 346
341 347
342 338
342 339
342 340
342 341
342 343
342 344
342 346
342 347
342 348
343 339
343 340
343 341
343 342
343 344
343 345
343 346
343 347
343 348
344 342
344 343
344 345
344 346
344 347
344 348
345 219
345 220
345 317
345 343
345 344
345 346
345 347
345 348
346 220
346 221
346 313
346 316
346 317
346 341
346 342
346 343
346 344
346 345
346 347
346 348
347 219
347 220
347 221
347 222
347 223
347 341
347 342
347 343
347 344
347 345
347 346
347 348
347 349
347 350
348 219
348 220
348 221
348 222
348 223
348 342
348 343
348 344
348 345
348 346
348 347
348 349
348 350
349 200
349 219
349 221
349 222
349 223
349 347
349 348
349 350
349 351
350 222
350 223
350 224
350 225
350 347
350 348
350 349
350 351
350 352
351 193
351 196
351 197
351 222
351 223
351 224
351 225
351 349
351 350
351 352
351 353
352 193
352 224
352 225
352 226
352 350
352 351
352 353
352 354
353 190
353 193
353 224
353 225
353 226
353 227
353 230
353 232
353 351
353 352
353 354
353 355
354 226
354 227
354 230
354 352
354 353
354 355
354 356
355 227
355 230
355 353
355 354
355 356
355 357
355 389
355 390
355 391
356 189
356 190
356 230
356 354
356 355
356 357
356 358
356 359
356 360
356 361
356 389
356 390
356 391
356 392
357 355
357 356
357 358
357 359
357 360
357 361
358 356
358 357
358 359
358 360
358 361
358 362
358 381
358 384
358 385
359 189
359 356
359 357
359 358
359 360
359 361
359 362
359 363
359 381
359 384
360 188
360 189
360 190
360 356
360 357
360 358
360 359
360 361
360 362
360 363
360 364
361 188
361 189
361 356
361 357
361 358
361 359
361 360
361 362
361 363
361 364
361 365
361 384
361 387
361 390
361 392
361 395
362 358
362 359
362 360
362 361
362 363
362 364
362 365
362 366
362 380
362 381
362 383
362 384
363 188
363 189
363 359
363 360
363 361
363 362
363 364
363 365
363 366
363 367
363 380
364 187
364 188
364 189
364 360
364 361
364 362
364 363
364 365
364 366
364 367
364 368
364 392
364 395
364 396
365 361
365 362
365 363
365 364
365 366
365 367
365 368
365 369
365 380
365 395
365 396
365 399
366 362
366 363
366 364
366 365
366 367
366 368
366 369
366 370
366 380
367 186
367 187
367 188
367 363
367 364
367 365
367 366
367 368
367 369
367 370
367 371
368 364
368 365
368 366
368 367
368 369
368 370
368 371
368 372
368 396
368 399
369 365
369 366
369 367
369 368
369 370
369 371
369 372
369 373
369 374
369 399
370 366
370 367
370 368
370 369
370 371
370 372
370 373
370 374
371 367
371 368
371 369
371 370
371 372
371 373
372 368
372 369
372 370
372 371
372 373
372 374
372 403
372 413
372 414
373 369
373 370
373 371
373 372
373 374
373 375
373 412
373 413
373 414
374 369
374 370
374 372
374 373
374 375
374 376
374 378
374 413
374 414
374 415
375 373
375 374
375 376
375 377
375 378
375 413
375 414
375 415
375 416
376 374
376 375
376 377
376 378
377 375
377 376
377 378
377 379
377 415
377 416
378 374
378 375
378 376
378 377
378 379
378 380
378 415
378 416
379 377
379 378
379 380
379 381
379 382
379 383
379 416
380 362
380 363
380 365
380 366
380 378
380 379
380 381
380 382
380 383
380 384
381 358
381 359
381 362
381 379
381 380
381 382
381 383
381 384
381 385
382 379
382 380
382 381
382 383
382 384
382 385
382 386
383 362
383 379
383 380
383 381
383 382
383 384
383 385
383 386
383 387
383 419
383 420
384 358
384 359
384 361
384 362
384 380
384 381
384 382
384 383
384 385
384 386
384 387
384 388
385 358
385 381
385 382
385 383
385 384
385 386
385 387
385 388
386 382
386 383
386 384
386 385
386 387
386 388
386 423
387 361
387 383
387 384
387 385
387 386
387 388
387 389
387 390
387 423
388 384
388 385
388 386
388 387
388 389
388 390
389 355
389 356
389 387
389 388
389 390
389 391
390 355
390 356
390 361
390 387
390 388
390 389
390 391
390 392
390 393
390 394
390 395
391 228
391 229
391 230
391 355
391 356
391 389
391 390
391 392
391 393
391 394
391 395
392 229
392 230
392 231
392 356
392 361
392 364
392 390
392 391
392 393
392 394
392 395
392 396
393 229
393 230
393 390
393 391
393 392
393 394
393 395
393 396
393 397
394 229
394 390
394 391
394 392
394 393
394 395
394 396
394 397
394 398
394 426
395 361
395 364
395 365
395 390
395 391
395 392
395 393
395 394
395 396
395 397
395 398
395 399
396 364
396 365
396 368
396 392
396 393
396 394
396 395
396 397
396 398
396 399
396 400
397 393
397 394
397 395
397 396
397 398
397 399
397 400
397 401
397 426
398 394
398 395
398 396
398 397
398 399
398 400
398 401
398 402
398 419
398 422
398 423
398 426
399 365
399 368
399 369
399 395
399 396
399 397
399 398
399 400
399 401
399 402
399 403
399 419
399 422
400 396
400 397
400 398
400 399
400 401
400 402
400 403
400 404
400 422
401 397
401 398
401 399
401 400
401 402
401 403
401 404
401 405
401 419
401 422
401 425
402 398
402 399
402 400
402 401
402 403
402 404
402 405
402 406
402 414
402 418
402 419
402 420
402 421
402 422
403 372
403 399
403 400
403 401
403 402
403 404
403 405
403 406
403 407
403 414
403 418
404 400
404 401
404 402
404 403
404 405
404 406
404 407
404 408
405 401
405 402
405 403
405 404
405 406
405 407
405 408
405 409
405 418
405 421
405 422
406 402
406 403
406 404
406 405
406 407
406 408
406 409
406 410
406 411
406 412
406 413
406 414
406 415
406 418
407 403
407 404
407 405
407 406
407 408
407 409
407 410
407 411
407 412
408 404
408 405
408 406
408 407
408 409
408 410
408 411
409 405
409 406
409 407
409 408
409 410
409 411
410 406
410 407
410 408
410 409
410 411
410 412
411 406
411 407
411 408
411 409
411 410
411 412
411 413
411 414
412 373
412 406
412 407
412 410
412 411
412 413
412 414
413 372
413 373
413 374
413 375
413 406
413 411
413 412
413 414
413 415
414 372
414 373
414 374
414 375
414 402
414 403
414 406
414 411
414 412
414 413
414 415
414 416
414 418
414 419
415 374
415 375
415 377
415 378
415 406
415 413
415 414
415 416
415 417
415 418
415 419
416 375
416 377
416 378
416 379
416 414
416 415
416 417
416 418
416 419
416 420
417 415
417 416
417 418
417 419
417 420
417 421
418 402
418 403
418 405
418 406
418 414
418 415
418 416
418 417
418 419
418 420
418 421
418 422
419 383
419 398
419 399
419 401
419 402
419 414
419 415
419 416
419 417
419 418
419 420
419 421
419 422
419 423
420 383
420 402
420 416
420 417
420 418
420 419
420 421
420 422
420 423
420 424
421 402
421 405
421 417
421 418
421 419
421 420
421 422
421 423
421 424
421 425
422 398
422 399
422 400
422 401
422 402
422 405
422 418
422 419
422 420
422 421
422 423
422 424
422 425
422 426
423 386
423 387
423 398
423 419
423 420
423 421
423 422
423 424
423 425
423 426
423 427
424 420
424 421
424 422
424 423
424 425
424 426
424 427
424 428
425 401
425 421
425 422
425 423
425 424
425 426
425 427
425 428
425 429
426 394
426 397
426 398
426 422
426 423
426 424
426 425
426 427
426 428
426 429
426 430
427 423
427 424
427 425
427 426
427 428
427 429
427 430
427 431
428 424
428 425
428 426
428 427
428 429
428 430
428 431
428 432
429 425
429 426
429 427
429 428
429 430
429 431
429 432
429 433
430 426
430 427
430 428
430 429
430 431
430 432
430 433
430 434
431 427
431 428
431 429
431 430
431 432
431 433
431 434
431 435
432 428
432 429
432 430
432 431
432 433
432 434
432 435
433 429
433 430
433 431
433 432
433 434
433 435
433 436
434 430
434 431
434 432
434 433
434 435
434 436
434 437
435 431
435 432
435 433
435 434
435 436
435 437
435 438
436 433
436 434
436 435
436 437
436 438
437 434
437 435
437 436
437 438
438 435
438 436
438 437
