0 1
0 2
0 3
0 4
1 0
1 2
1 3
1 4
1 5
2 0
2 1
2 3
2 4
2 5
2 6
3 0
3 1
3 2
3 4
3 5
3 6
3 7
4 0
4 1
4 2
4 3
4 5
4 6
4 7
4 8
5 1
5 2
5 3
5 4
5 6
5 7
5 8
5 9
6 2
6 3
6 4
6 5
6 7
6 8
6 9
6 10
7 3
7 4
7 5
7 6
7 8
7 9
7 10
7 11
7 112
7 115
8 4
8 5
8 6
8 7
8 9
8 10
8 11
8 12
9 5
9 6
9 7
9 8
9 10
9 11
9 12
9 13
9 75
10 6
10 7
10 8
10 9
10 11
10 12
10 13
10 14
10 21
10 72
10 75
10 112
11 7
11 8
11 9
11 10
11 12
11 13
11 14
11 116
12 8
12 9
12 10
12 11
12 13
12 14
13 9
13 10
13 11
13 12
13 14
13 15
13 21
13 22
13 68
13 71
13 72
14 10
14 11
14 12
14 13
14 15
14 16
14 19
14 20
14 21
14 22
15 13
15 14
15 16
15 17
15 18
15 19
15 20
15 21
15 22
15 33
15 34
15 35
16 14
16 15
16 17
16 18
16 19
16 20
16 34
16 51
16 52
17 15
17 16
17 18
17 19
17 34
17 38
17 39
17 51
18 15
18 16
18 17
18 19
18 20
18 38
19 14
19 15
19 16
19 17
19 18
19 20
19 21
19 116
19 117
19 118
20 14
20 15
20 16
20 18
20 19
20 21
20 22
20 93
21 10
21 13
21 14
21 15
21 19
21 20
21 22
21 23
21 72
21 93
22 13
22 14
22 15
22 20
22 21
22 23
22 24
22 25
22 34
22 35
22 68
22 69
22 72
23 21
23 22
23 24
23 25
23 35
23 36
23 69
24 22
24 23
24 25
24 26
24 35
24 36
24 64
24 65
24 69
25 22
25 23
25 24
25 26
25 27
25 33
25 34
25 35
25 36
25 64
25 65
25 66
25 68
25 69
26 24
26 25
26 27
26 28
26 33
26 34
26 35
26 36
26 62
26 63
26 64
26 65
27 25
27 26
27 28
27 29
27 30
27 31
27 32
27 33
27 34
27 62
27 63
27 64
27 65
28 26
28 27
28 29
28 30
28 31
28 32
28 33
28 50
28 57
28 58
28 61
28 62
28 63
29 27
29 28
29 30
29 31
29 32
29 57
29 58
29 61
29 62
30 27
30 28
30 29
30 31
30 32
30 50
30 53
30 55
30 57
31 27
31 28
31 29
31 30
31 32
31 33
32 27
32 28
32 29
32 30
32 31
32 33
32 34
32 50
32 52
33 15
33 25
33 26
33 27
33 28
33 31
33 32
33 34
33 35
33 65
34 15
34 16
34 17
34 22
34 25
34 26
34 27
34 32
34 33
34 35
34 36
34 38
34 39
35 15
35 22
35 23
35 24
35 25
35 26
35 33
35 34
35 36
35 37
35 38
35 39
36 23
36 24
36 25
36 26
36 34
36 35
36 37
36 38
36 39
36 40
37 35
37 36
37 38
37 39
37 40
37 41
38 17
38 18
38 34
38 35
38 36
38 37
38 39
38 40
38 41
38 42
39 17
39 34
39 35
39 36
39 37
39 38
39 40
39 41
39 42
39 43
40 36
40 37
40 38
40 39
40 41
40 42
40 43
40 44
40 59
41 37
41 38
41 39
41 40
41 42
41 43
41 44
42 38
42 39
42 40
42 41
42 43
42 44
42 48
43 39
43 40
43 41
43 42
43 44
43 45
43 46
43 47
43 48
43 58
43 59
44 40
44 41
44 42
44 43
44 45
44 46
44 47
45 43
45 44
45 46
45 47
45 48
46 43
46 44
46 45
46 47
46 48
46 58
46 59
46 60
47 43
47 44
47 45
47 46
47 48
47 49
47 56
47 57
47 58
47 59
48 42
48 43
48 45
48 46
48 47
48 49
48 50
48 56
48 57
48 58
49 47
49 48
49 50
49 51
49 54
49 55
49 56
49 57
50 28
50 30
50 32
50 48
50 49
50 51
50 52
50 53
50 54
50 55
50 56
50 57
51 16
51 17
51 49
51 50
51 52
51 53
51 54
52 16
52 32
52 50
52 51
52 53
52 54
53 30
53 50
53 51
53 52
53 54
53 55
54 49
54 50
54 51
54 52
54 53
54 55
54 56
55 30
55 49
55 50
55 53
55 54
55 56
55 57
56 47
56 48
56 49
56 50
56 54
56 55
56 57
56 58
57 28
57 29
57 30
57 47
57 48
57 49
57 50
57 55
57 56
57 58
57 59
57 61
58 28
58 29
58 43
58 46
58 47
58 48
58 56
58 57
58 59
58 60
58 61
58 62
59 40
59 43
59 46
59 47
59 57
59 58
59 60
59 61
59 62
60 46
60 58
60 59
60 61
60 62
61 28
61 29
61 57
61 58
61 59
61 60
61 62
61 63
62 26
62 27
62 28
62 29
62 58
62 59
62 60
62 61
62 63
62 64
63 26
63 27
63 28
63 61
63 62
63 64
63 65
64 24
64 25
64 26
64 27
64 62
64 63
64 65
64 66
65 24
65 25
65 26
65 27
65 33
65 63
65 64
65 66
65 67
65 68
65 69
66 25
66 64
66 65
66 67
66 68
66 69
66 70
67 65
67 66
67 68
67 69
67 70
67 71
68 13
68 22
68 25
68 65
68 66
68 67
68 69
68 70
68 71
68 72
69 22
69 23
69 24
69 25
69 65
69 66
69 67
69 68
69 70
69 71
69 72
69 73
70 66
70 67
70 68
70 69
70 71
70 72
70 73
70 74
71 13
71 67
71 68
71 69
71 70
71 72
71 73
71 74
71 75
72 10
72 13
72 21
72 22
72 68
72 69
72 70
72 71
72 73
72 74
72 75
72 76
73 69
73 70
73 71
73 72
73 74
73 75
73 76
73 77
74 70
74 71
74 72
74 73
74 75
74 76
74 77
74 78
75 9
75 10
75 71
75 72
75 73
75 74
75 76
75 77
75 78
75 79
75 94
76 72
76 73
76 74
76 75
76 77
76 78
76 79
76 80
76 94
76 95
77 73
77 74
77 75
77 76
77 78
77 79
77 80
77 81
78 74
78 75
78 76
78 77
78 79
78 80
78 81
78 82
79 75
79 76
79 77
79 78
79 80
79 81
79 82
79 83
79 94
79 95
79 96
80 76
80 77
80 78
80 79
80 81
80 82
80 83
80 95
81 77
81 78
81 79
81 80
81 82
81 83
81 84
82 78
82 79
82 80
82 81
82 83
82 84
83 79
83 80
83 81
83 82
83 84
83 85
83 86
84 81
84 82
84 83
84 85
84 86
85 83
85 84
85 86
85 87
86 83
86 84
86 85
86 87
86 88
87 85
87 86
87 88
87 89
88 86
88 87
88 89
88 90
88 97
88 98
89 87
89 88
89 90
89 91
89 97
89 98
90 88
90 89
90 91
90 92
90 95
90 96
90 97
90 98
90 110
91 89
91 90
91 92
91 93
91 94
91 95
91 96
91 97
91 98
91 109
91 110
92 90
92 91
92 93
92 94
92 95
93 20
93 21
93 91
93 92
93 94
93 95
94 75
94 76
94 79
94 91
94 92
94 93
94 95
94 96
94 110
94 112
94 113
95 76
95 79
95 80
95 90
95 91
95 92
95 93
95 94
95 96
95 97
96 79
96 90
96 91
96 94
96 95
96 97
96 98
96 110
96 111
96 112
97 88
97 89
97 90
97 91
97 95
97 96
97 98
97 99
97 110
97 111
98 88
98 89
98 90
98 91
98 96
98 97
98 99
98 100
98 108
98 109
98 110
98 111
98 127
99 97
99 98
99 100
99 101
99 108
99 109
99 110
99 111
99 126
99 127
99 128
100 98
100 99
100 101
100 102
100 108
100 109
100 110
100 111
100 114
100 124
100 125
100 126
100 127
101 99
101 100
101 102
101 103
101 106
101 107
101 108
101 109
101 124
101 125
101 126
101 127
101 130
102 100
102 101
102 103
102 104
102 105
102 106
102 107
102 108
102 109
102 119
102 122
102 123
102 124
102 125
103 101
103 102
103 104
103 105
103 106
103 107
103 122
103 123
103 124
103 125
104 102
104 103
104 105
104 106
104 122
104 123
105 102
105 103
105 104
105 106
105 107
106 101
106 102
106 103
106 104
106 105
106 107
106 108
107 101
107 102
107 103
107 105
107 106
107 108
107 109
108 98
108 99
108 100
108 101
108 102
108 106
108 107
108 109
108 110
108 127
109 91
109 98
109 99
109 100
109 101
109 102
109 107
109 108
109 110
109 111
109 112
109 113
109 114
110 90
110 91
110 94
110 96
110 97
110 98
110 99
110 100
110 108
110 109
110 111
110 112
110 113
110 114
111 96
111 97
111 98
111 99
111 100
111 109
111 110
111 112
111 113
111 114
111 115
112 7
112 10
112 94
112 96
112 109
112 110
112 111
112 113
112 114
112 115
112 116
113 94
113 109
113 110
113 111
113 112
113 114
113 115
113 116
113 118
113 119
114 100
114 109
114 110
114 111
114 112
114 113
114 115
114 116
114 119
114 120
114 124
115 7
115 111
115 112
115 113
115 114
115 116
115 117
115 119
115 120
116 11
116 19
116 112
116 113
116 114
116 115
116 117
116 118
116 119
116 120
117 19
117 115
117 116
117 118
117 119
117 120
117 121
118 19
118 113
118 116
118 117
118 119
118 120
118 121
119 102
119 113
119 114
119 115
119 116
119 117
119 118
119 120
119 121
119 122
120 114
120 115
120 116
120 117
120 118
120 119
120 121
120 122
121 117
121 118
121 119
121 120
121 122
121 123
122 102
122 103
122 104
122 119
122 120
122 121
122 123
122 124
123 102
123 103
123 104
123 121
123 122
123 124
123 125
124 100
124 101
124 102
124 103
124 114
124 122
124 123
124 125
124 126
125 100
125 101
125 102
125 103
125 123
125 124
125 126
125 127
125 129
125 130
126 99
126 100
126 101
126 124
126 125
126 127
126 128
126 129
126 130
127 98
127 99
127 100
127 101
127 108
127 125
127 126
127 128
127 129
127 130
127 131
128 99
128 126
128 127
128 129
128 130
128 131
128 132
129 125
129 126
129 127
129 128
129 130
129 131
129 132
129 133
130 101
130 125
130 126
130 127
130 128
130 129
130 131
130 132
130 133
130 134
131 127
131 128
131 129
131 130
131 132
131 133
131 134
131 135
132 128
132 129
132 130
132 131
132 133
132 134
132 135
132 136
133 129
133 130
133 131
133 132
133 134
133 135
133 136
133 137
134 130
134 131
134 132
134 133
134 135
134 136
134 137
134 138
135 131
135 132
135 133
135 134
135 136
135 137
135 138
135 139
136 132
136 133
136 134
136 135
136 137
136 138
136 139
136 140
137 133
137 134
137 135
137 136
137 138
137 139
137 140
137 141
138 134
138 135
138 136
138 137
138 139
138 140
138 141
138 142
139 135
139 136
139 137
139 138
139 140
139 141
139 142
139 143
140 136
140 137
140 138
140 139
140 141
140 142
140 143
140 144
141 137
141 138
141 139
141 140
141 142
141 143
141 144
141 145
142 138
142 139
142 140
142 141
142 143
142 144
142 145
142 146
143 139
143 140
143 141
143 142
143 144
143 145
143 146
143 147
144 140
144 141
144 142
144 143
144 145
144 146
144 147
144 148
145 141
145 142
145 143
145 144
145 146
145 147
145 148
145 149
146 142
146 143
146 144
146 145
146 147
146 148
146 149
146 150
147 143
147 144
147 145
147 146
147 148
147 149
147 150
147 151
148 144
148 145
148 146
148 147
148 149
148 150
148 151
148 152
149 145
149 146
149 147
149 148
149 150
149 151
149 152
149 153
150 146
150 147
150 148
150 149
150 151
150 152
150 153
150 154
151 147
151 148
151 149
151 150
151 152
151 153
151 154
151 155
152 148
152 149
152 150
152 151
152 153
152 154
152 155
152 156
153 149
153 150
153 151
153 152
153 154
153 155
153 156
153 157
154 150
154 151
154 152
154 153
154 155
154 156
154 157
154 158
155 151
155 152
155 153
155 154
155 156
155 157
155 158
155 159
156 152
156 153
156 154
156 155
156 157
156 158
156 159
156 160
157 153
157 154
157 155
157 156
157 158
157 159
157 160
157 161
158 154
158 155
158 156
158 157
158 159
158 160
158 161
158 162
159 155
159 156
159 157
159 158
159 160
159 161
159 162
159 163
160 156
160 157
160 158
160 159
160 161
160 162
160 163
160 164
161 157
161 158
161 159
161 160
161 162
161 163
161 164
161 165
162 158
162 159
162 160
162 161
162 163
162 164
162 165
162 166
163 159
163 160
163 161
163 162
163 164
163 165
163 166
163 167
164 160
164 161
164 162
164 163
164 165
164 166
164 167
164 168
165 161
165 162
165 163
165 164
165 166
165 167
165 168
165 169
166 162
166 163
166 164
166 165
166 167
166 168
166 169
166 170
167 163
167 164
167 165
167 166
167 168
167 169
167 170
167 171
168 164
168 165
168 166
168 167
168 169
168 170
168 171
168 172
169 165
169 166
169 167
169 168
169 170
169 171
169 172
169 173
170 166
170 167
170 168
170 169
170 171
170 172
170 173
170 174
171 167
171 168
171 169
171 170
171 172
171 173
171 174
171 175
172 168
172 169
172 170
172 171
172 173
172 174
172 175
172 176
173 169
173 170
173 171
173 172
173 174
173 175
173 176
173 177
174 170
174 171
174 172
174 173
174 175
174 176
174 177
174 178
175 171
175 172
175 173
175 174
175 176
175 177
175 178
175 179
176 172
176 173
176 174
176 175
176 177
176 178
176 179
176 180
177 173
177 174
177 175
177 176
177 178
177 179
177 180
177 181
178 174
178 175
178 176
178 177
178 179
178 180
178 181
178 182
179 175
179 176
179 177
179 178
179 180
179 181
179 182
179 183
180 176
180 177
180 178
180 179
180 181
180 182
180 183
180 184
181 177
181 178
181 179
181 180
181 182
181 183
181 184
181 185
182 178
182 179
182 180
182 181
182 183
182 184
182 185
182 186
183 179
183 180
183 181
183 182
183 184
183 185
183 186
183 187
184 180
184 181
184 182
184 183
184 185
184 186
184 187
184 188
185 181
185 182
185 183
185 184
185 186
185 187
185 188
185 189
186 182
186 183
186 184
186 185
186 187
186 188
186 189
186 190
187 183
187 184
187 185
187 186
187 188
187 189
187 190
187 191
188 184
188 185
188 186
188 187
188 189
188 190
188 191
188 192
188 275
189 185
189 186
189 187
189 188
189 190
189 191
189 192
189 193
190 186
190 187
190 188
190 189
190 191
190 192
190 193
190 194
191 187
191 188
191 189
191 190
191 192
191 193
191 194
191 195
192 188
192 189
192 190
192 191
192 193
192 194
192 195
192 196
193 189
193 190
193 191
193 192
193 194
193 195
193 196
193 197
194 190
194 191
194 192
194 193
194 195
194 196
194 197
194 198
195 191
195 192
195 193
195 194
195 196
195 197
195 198
195 199
195 270
195 272
196 192
196 193
196 194
196 195
196 197
196 198
196 199
196 200
197 193
197 194
197 195
197 196
197 198
197 199
197 200
197 201
198 194
198 195
198 196
198 197
198 199
198 200
198 201
198 202
198 270
199 195
199 196
199 197
199 198
199 200
199 201
199 202
199 203
199 269
199 270
200 196
200 197
200 198
200 199
200 201
200 202
200 203
200 204
201 197
201 198
201 199
201 200
201 202
201 203
201 204
201 205
202 198
202 199
202 200
202 201
202 203
202 204
202 205
202 206
202 268
202 269
202 270
203 199
203 200
203 201
203 202
203 204
203 205
203 206
203 207
204 200
204 201
204 202
204 203
204 205
204 206
204 207
204 208
205 201
205 202
205 203
205 204
205 206
205 207
205 208
205 209
206 202
206 203
206 204
206 205
206 207
206 208
206 209
206 210
206 266
207 203
207 204
207 205
207 206
207 208
207 209
207 210
207 211
208 204
208 205
208 206
208 207
208 209
208 210
208 211
208 212
209 205
209 206
209 207
209 208
209 210
209 211
209 212
209 213
210 206
210 207
210 208
210 209
210 211
210 212
210 213
210 214
211 207
211 208
211 209
211 210
211 212
211 213
211 214
211 215
212 208
212 209
212 210
212 211
212 213
212 214
212 215
212 216
213 209
213 210
213 211
213 212
213 214
213 215
213 216
213 217
213 261
213 263
214 210
214 211
214 212
214 213
214 215
214 216
214 217
214 218
215 211
215 212
215 213
215 214
215 216
215 217
215 218
215 219
216 212
216 213
216 214
216 215
216 217
216 218
216 219
216 220
217 213
217 214
217 215
217 216
217 218
217 219
217 220
217 221
217 261
218 214
218 215
218 216
218 217
218 219
218 220
218 221
218 222
219 215
219 216
219 217
219 218
219 220
219 221
219 222
219 223
220 216
220 217
220 218
220 219
220 221
220 222
220 223
220 224
220 258
221 217
221 218
221 219
221 220
221 222
221 223
221 224
221 225
222 218
222 219
222 220
222 221
222 223
222 224
222 225
222 226
223 219
223 220
223 221
223 222
223 224
223 225
223 226
223 227
224 220
224 221
224 222
224 223
224 225
224 226
224 227
224 228
225 221
225 222
225 223
225 224
225 226
225 227
225 228
225 229
226 222
226 223
226 224
226 225
226 227
226 228
226 229
226 230
227 223
227 224
227 225
227 226
227 228
227 229
227 230
227 231
227 253
228 224
228 225
228 226
228 227
228 229
228 230
228 231
228 232
229 225
229 226
229 227
229 228
229 230
229 231
229 232
229 233
230 226
230 227
230 228
230 229
230 231
230 232
230 233
230 234
231 227
231 228
231 229
231 230
231 232
231 233
231 234
231 235
232 228
232 229
232 230
232 231
232 233
232 234
232 235
232 236
233 229
233 230
233 231
233 232
233 234
233 235
233 236
233 237
234 230
234 231
234 232
234 233
234 235
234 236
234 237
234 238
234 241
234 242
235 231
235 232
235 233
235 234
235 236
235 237
235 242
236 232
236 233
236 234
236 235
236 237
236 238
237 233
237 234
237 235
237 236
237 238
237 239
237 241
237 242
238 234
238 236
238 237
238 239
238 240
238 241
238 242
239 237
239 238
239 240
239 241
239 242
239 243
240 238
240 239
240 241
240 242
240 243
240 244
241 234
241 237
241 238
241 239
241 240
241 242
241 243
241 244
242 234
242 235
242 237
242 238
242 239
242 240
242 241
242 243
242 244
242 246
243 239
243 240
243 241
243 242
243 244
243 245
243 246
244 240
244 241
244 242
244 243
244 245
244 246
245 243
245 244
245 246
245 247
245 248
245 249
246 242
246 243
246 244
246 245
246 247
246 248
246 249
246 250
247 245
247 246
247 248
247 249
247 250
247 251
248 245
248 246
248 247
248 249
248 250
248 251
248 252
249 245
249 246
249 247
249 248
249 250
249 251
249 252
249 253
250 246
250 247
250 248
250 249
250 251
250 252
250 253
250 254
251 247
251 248
251 249
251 250
251 252
251 253
251 254
251 255
252 248
252 249
252 250
252 251
252 253
252 254
252 255
252 256
253 227
253 249
253 250
253 251
253 252
253 254
253 255
253 256
254 250
254 251
254 252
254 253
254 255
254 256
255 251
255 252
255 253
255 254
255 256
255 257
256 252
256 253
256 254
256 255
256 257
256 258
257 255
257 256
257 258
257 259
258 220
258 256
258 257
258 259
258 260
259 257
259 258
259 260
259 261
260 258
260 259
260 261
260 262
261 213
261 217
261 259
261 260
261 262
261 263
262 260
262 261
262 263
262 264
263 213
263 261
263 262
263 264
263 265
264 262
264 263
264 265
264 266
265 263
265 264
265 266
265 267
266 206
266 264
266 265
266 267
266 268
267 265
267 266
267 268
267 269
268 202
268 266
268 267
268 269
268 270
268 271
269 199
269 202
269 267
269 268
269 270
269 271
270 195
270 198
270 199
270 202
270 268
270 269
270 271
270 272
271 268
271 269
271 270
271 272
271 273
271 427
272 195
272 270
272 271
272 273
272 274
272 427
272 428
273 271
273 272
273 274
273 275
273 425
273 426
273 427
273 428
274 272
274 273
274 275
274 276
274 277
274 427
275 188
275 273
275 274
275 276
275 277
275 278
276 274
276 275
276 277
276 278
276 279
276 280
277 274
277 275
277 276
277 278
277 279
277 280
277 281
277 426
278 275
278 276
278 277
278 279
278 280
278 281
278 282
278 422
278 425
278 426
279 276
279 277
279 278
279 280
279 281
279 282
279 283
280 276
280 277
280 278
280 279
280 281
280 282
280 283
280 284
281 277
281 278
281 279
281 280
281 282
281 283
281 284
281 285
281 342
281 409
282 278
282 279
282 280
282 281
282 283
282 284
282 285
282 342
282 343
282 464
282 465
282 466
283 279
283 280
283 281
283 282
283 284
283 285
283 466
283 467
284 280
284 281
284 282
284 283
284 285
284 286
284 340
284 341
284 342
285 281
285 282
285 283
285 284
285 286
285 287
285 341
285 342
285 343
285 464
285 465
285 466
286 284
286 285
286 287
286 288
286 341
286 342
286 343
286 464
286 466
287 285
287 286
287 288
287 289
287 343
287 463
287 464
287 466
288 286
288 287
288 289
288 290
288 306
288 332
288 333
288 334
288 343
288 461
289 287
289 288
289 290
289 291
289 304
289 305
289 306
289 332
289 333
289 334
289 461
290 288
290 289
290 291
290 292
290 301
290 305
290 306
290 307
290 330
290 331
290 332
290 333
291 289
291 290
291 292
291 293
291 294
291 295
291 305
291 330
291 331
291 332
291 333
292 290
292 291
292 293
292 294
292 295
292 301
292 305
292 330
293 291
293 292
293 294
293 295
293 320
293 322
293 323
294 291
294 292
294 293
294 295
294 296
294 322
294 323
294 324
294 329
294 330
294 331
295 291
295 292
295 293
295 294
295 296
295 297
295 299
295 323
295 324
295 328
295 329
295 330
295 331
296 294
296 295
296 297
296 298
296 299
296 323
296 324
296 325
296 326
296 327
296 328
296 329
296 330
297 295
297 296
297 298
297 299
297 314
297 315
297 316
297 317
297 324
297 325
298 296
298 297
298 299
298 300
298 310
298 311
298 312
298 313
298 314
298 315
298 328
299 295
299 296
299 297
299 298
299 300
299 301
299 308
299 309
299 310
299 311
299 314
299 315
299 328
299 329
300 298
300 299
300 301
300 302
300 308
300 309
300 310
300 311
301 290
301 292
301 299
301 300
301 302
301 303
301 305
301 306
301 307
301 308
301 309
302 300
302 301
302 303
302 304
302 305
302 306
302 307
302 308
303 301
303 302
303 304
303 305
303 306
304 289
304 302
304 303
304 305
304 306
304 307
305 289
305 290
305 291
305 292
305 301
305 302
305 303
305 304
305 306
305 307
305 308
306 288
306 289
306 290
306 301
306 302
306 303
306 304
306 305
306 307
306 308
306 460
306 461
306 462
307 290
307 301
307 302
307 304
307 305
307 306
307 308
307 309
307 458
307 459
307 460
307 461
308 299
308 300
308 301
308 302
308 305
308 306
308 307
308 309
308 310
308 447
308 458
308 459
308 460
309 299
309 300
309 301
309 307
309 308
309 310
309 311
309 447
309 456
309 457
309 458
309 459
310 298
310 299
310 300
310 308
310 309
310 311
310 312
310 328
310 447
310 448
310 449
310 450
310 456
310 458
311 298
311 299
311 300
311 309
311 310
311 312
311 313
311 314
312 298
312 310
312 311
312 313
312 314
313 298
313 311
313 312
313 314
313 315
314 297
314 298
314 299
314 311
314 312
314 313
314 315
314 316
315 297
315 298
315 299
315 313
315 314
315 316
315 317
316 297
316 314
316 315
316 317
316 318
317 297
317 315
317 316
317 318
317 319
318 316
318 317
318 319
318 320
319 317
319 318
319 320
319 321
319 323
320 293
320 318
320 319
320 321
320 322
320 323
321 319
321 320
321 322
321 323
321 364
322 293
322 294
322 320
322 321
322 323
322 324
322 364
323 293
323 294
323 295
323 296
323 319
323 320
323 321
323 322
323 324
323 325
323 330
323 364
323 365
324 294
324 295
324 296
324 297
324 322
324 323
324 325
324 326
324 327
324 328
324 329
324 330
324 364
324 365
325 296
325 297
325 323
325 324
325 326
325 327
325 328
325 364
325 365
325 366
326 296
326 324
326 325
326 327
326 328
326 365
326 366
326 367
327 296
327 324
327 325
327 326
327 328
327 329
328 295
328 296
328 298
328 299
328 310
328 324
328 325
328 326
328 327
328 329
328 330
328 446
328 447
328 448
328 449
329 294
329 295
329 296
329 299
329 324
329 327
329 328
329 330
329 331
329 444
329 445
329 446
329 447
330 290
330 291
330 292
330 294
330 295
330 296
330 323
330 324
330 328
330 329
330 331
330 332
330 444
330 445
330 446
331 290
331 291
331 294
331 295
331 329
331 330
331 332
331 333
331 442
331 443
331 444
331 445
332 288
332 289
332 290
332 291
332 330
332 331
332 333
332 334
332 442
332 443
332 444
332 445
333 288
333 289
333 290
333 291
333 331
333 332
333 334
333 335
333 442
333 443
334 288
334 289
334 332
334 333
334 335
334 336
334 442
334 443
335 333
335 334
335 336
335 337
335 360
335 440
335 441
335 442
336 334
336 335
336 337
336 338
336 339
336 412
336 440
336 441
336 442
337 335
337 336
337 338
337 339
337 412
337 439
337 440
337 441
338 336
338 337
338 339
338 340
338 411
338 412
338 413
339 336
339 337
339 338
339 340
339 341
339 410
339 411
339 412
339 413
340 284
340 338
340 339
340 341
340 342
340 409
340 410
340 411
340 412
341 284
341 285
341 286
341 339
341 340
341 342
341 343
341 409
341 410
341 411
342 281
342 282
342 284
342 285
342 286
342 340
342 341
342 343
342 344
342 407
342 408
342 409
342 410
343 282
343 285
343 286
343 287
343 288
343 341
343 342
343 344
343 345
343 407
343 408
343 409
343 461
343 462
343 464
344 342
344 343
344 345
344 346
344 405
344 406
344 407
344 408
344 461
344 462
344 463
344 464
345 343
345 344
345 346
345 347
345 405
345 406
345 407
345 459
345 460
345 461
345 462
346 344
346 345
346 347
346 348
346 404
346 405
346 406
346 459
346 460
346 461
346 462
347 345
347 346
347 348
347 349
347 350
347 353
347 403
347 404
347 405
347 406
347 457
347 458
347 459
347 460
348 346
348 347
348 349
348 350
348 403
348 404
348 405
348 457
348 459
349 347
349 348
349 350
349 351
349 404
349 455
349 457
350 347
350 348
350 349
350 351
350 352
350 353
350 384
350 447
350 454
350 455
350 456
350 457
350 458
351 349
351 350
351 352
351 353
351 381
351 382
351 383
351 384
351 385
351 454
351 455
352 350
352 351
352 353
352 354
352 380
352 381
352 382
352 383
352 384
352 447
352 448
352 449
352 455
353 347
353 350
353 351
353 352
353 354
353 355
353 380
353 381
353 382
353 445
353 446
353 447
353 448
354 352
354 353
354 355
354 356
354 378
354 379
354 380
354 381
354 444
354 445
354 446
354 447
354 448
355 353
355 354
355 356
355 357
355 378
355 379
355 380
355 444
355 445
355 446
356 354
356 355
356 357
356 358
356 376
356 377
356 378
356 379
356 408
356 417
356 443
356 444
356 445
357 355
357 356
357 358
357 359
357 376
357 377
357 378
357 417
357 441
357 442
357 443
357 444
358 356
358 357
358 359
358 360
358 362
358 375
358 376
358 377
358 378
358 441
358 442
358 443
358 444
359 357
359 358
359 360
359 361
359 362
359 375
359 376
359 437
359 438
359 439
359 440
359 441
359 442
360 335
360 358
360 359
360 361
360 362
360 439
360 440
360 441
360 442
361 359
361 360
361 362
361 363
361 375
362 358
362 359
362 360
362 361
362 363
362 364
362 374
362 375
362 376
363 361
363 362
363 364
363 365
363 368
363 374
364 321
364 322
364 323
364 324
364 325
364 362
364 363
364 365
364 366
365 323
365 324
365 325
365 326
365 363
365 364
365 366
365 367
366 325
366 326
366 364
366 365
366 367
366 368
367 326
367 365
367 366
367 368
367 369
368 363
368 366
368 367
368 369
368 370
368 374
369 367
369 368
369 370
369 371
369 374
370 368
370 369
370 371
370 372
370 374
370 375
370 376
370 377
370 378
370 390
371 369
371 370
371 372
371 373
371 374
371 375
371 376
371 377
371 378
371 390
371 391
371 392
372 370
372 371
372 373
372 374
372 375
372 376
372 377
372 390
372 391
372 392
372 435
373 371
373 372
373 374
373 375
373 376
374 362
374 363
374 368
374 369
374 370
374 371
374 372
374 373
374 375
374 376
375 358
375 359
375 361
375 362
375 370
375 371
375 372
375 373
375 374
375 376
375 377
376 356
376 357
376 358
376 359
376 362
376 370
376 371
376 372
376 373
376 374
376 375
376 377
376 378
376 390
377 356
377 357
377 358
377 370
377 371
377 372
377 375
377 376
377 378
377 379
377 389
377 390
377 417
377 432
378 354
378 355
378 356
378 357
378 358
378 370
378 371
378 376
378 377
378 379
378 380
378 389
378 390
378 444
379 354
379 355
379 356
379 377
379 378
379 380
379 381
379 387
379 388
379 389
379 390
379 419
379 430
380 352
380 353
380 354
380 355
380 378
380 379
380 381
380 382
380 387
380 388
380 389
381 351
381 352
381 353
381 354
381 379
381 380
381 382
381 383
381 384
381 385
381 386
381 387
381 388
382 351
382 352
382 353
382 380
382 381
382 383
382 384
382 385
382 386
382 387
383 351
383 352
383 381
383 382
383 384
383 385
383 386
384 350
384 351
384 352
384 381
384 382
384 383
384 385
384 386
385 351
385 381
385 382
385 383
385 384
385 386
385 387
385 402
386 381
386 382
386 383
386 384
386 385
386 387
386 388
386 396
386 397
387 379
387 380
387 381
387 382
387 385
387 386
387 388
387 389
387 396
387 397
387 398
387 399
388 379
388 380
388 381
388 386
388 387
388 389
388 390
388 394
388 395
388 396
388 397
389 377
389 378
389 379
389 380
389 387
389 388
389 390
389 391
389 394
389 395
389 396
389 397
389 430
390 370
390 371
390 372
390 376
390 377
390 378
390 379
390 388
390 389
390 391
390 392
390 394
390 395
391 371
391 372
391 389
391 390
391 392
391 393
391 394
391 395
392 371
392 372
392 390
392 391
392 393
392 394
392 395
393 391
393 392
393 394
393 395
394 388
394 389
394 390
394 391
394 392
394 393
394 395
394 396
395 388
395 389
395 390
395 391
395 392
395 393
395 394
395 396
395 397
396 386
396 387
396 388
396 389
396 394
396 395
396 397
396 398
397 386
397 387
397 388
397 389
397 395
397 396
397 398
397 399
397 429
397 430
398 387
398 396
398 397
398 399
398 400
399 387
399 397
399 398
399 400
399 401
399 402
399 429
400 398
400 399
400 401
400 402
401 399
401 400
401 402
401 403
401 423
401 424
402 385
402 399
402 400
402 401
402 403
402 404
402 423
403 347
403 348
403 401
403 402
403 404
403 405
403 406
403 421
403 422
403 423
403 424
404 346
404 347
404 348
404 349
404 402
404 403
404 405
404 406
404 422
404 423
405 344
405 345
405 346
405 347
405 348
405 403
405 404
405 406
405 407
405 421
405 422
405 423
406 344
406 345
406 346
406 347
406 403
406 404
406 405
406 407
406 408
406 419
406 420
406 421
406 422
406 423
407 342
407 343
407 344
407 345
407 405
407 406
407 408
407 409
407 419
407 420
407 421
407 422
407 426
408 342
408 343
408 344
408 356
408 406
408 407
408 409
408 410
408 417
408 418
408 419
408 420
409 281
409 340
409 341
409 342
409 343
409 407
409 408
409 410
409 411
409 417
409 418
409 419
410 339
410 340
410 341
410 342
410 408
410 409
410 411
410 412
410 416
410 417
410 418
411 338
411 339
411 340
411 341
411 409
411 410
411 412
411 413
411 414
411 415
411 416
411 417
412 336
412 337
412 338
412 339
412 340
412 410
412 411
412 413
412 414
412 415
412 416
412 437
413 338
413 339
413 411
413 412
413 414
413 415
413 416
414 411
414 412
414 413
414 415
414 416
414 433
414 434
415 411
415 412
415 413
415 414
415 416
415 417
415 433
415 434
415 435
415 436
415 437
416 410
416 411
416 412
416 413
416 414
416 415
416 417
416 418
416 431
416 432
416 433
416 434
416 435
417 356
417 357
417 377
417 408
417 409
417 410
417 411
417 415
417 416
417 418
417 419
417 431
417 432
417 433
417 435
418 408
418 409
418 410
418 416
418 417
418 419
418 420
418 428
418 429
418 430
418 431
418 432
419 379
419 406
419 407
419 408
419 409
419 417
419 418
419 420
419 421
419 428
419 429
419 430
419 431
420 406
420 407
420 408
420 418
420 419
420 421
420 422
420 426
420 427
420 428
420 429
420 430
421 403
421 405
421 406
421 407
421 419
421 420
421 422
421 423
421 424
421 425
421 426
421 427
421 428
421 429
422 278
422 403
422 404
422 405
422 406
422 407
422 420
422 421
422 423
422 424
422 425
422 426
422 427
423 401
423 402
423 403
423 404
423 405
423 406
423 421
423 422
423 424
423 425
423 426
424 401
424 403
424 421
424 422
424 423
424 425
424 426
424 427
425 273
425 278
425 421
425 422
425 423
425 424
425 426
425 427
426 273
426 277
426 278
426 407
426 420
426 421
426 422
426 423
426 424
426 425
426 427
426 428
427 271
427 272
427 273
427 274
427 420
427 421
427 422
427 424
427 425
427 426
427 428
427 429
428 272
428 273
428 418
428 419
428 420
428 421
428 426
428 427
428 429
428 430
428 431
429 397
429 399
429 418
429 419
429 420
429 421
429 427
429 428
429 430
429 431
430 379
430 389
430 397
430 418
430 419
430 420
430 428
430 429
430 431
430 432
431 416
431 417
431 418
431 419
431 428
431 429
431 430
431 432
431 433
432 377
432 416
432 417
432 418
432 430
432 431
432 433
432 434
432 435
433 414
433 415
433 416
433 417
433 431
433 432
433 434
433 435
434 414
434 415
434 416
434 432
434 433
434 435
434 436
435 372
435 415
435 416
435 417
435 432
435 433
435 434
435 436
435 437
436 415
436 434
436 435
436 437
436 438
437 359
437 412
437 415
437 435
437 436
437 438
437 439
437 441
438 359
438 436
438 437
438 439
438 440
439 337
439 359
439 360
439 437
439 438
439 440
439 441
440 335
440 336
440 337
440 359
440 360
440 438
440 439
440 441
440 442
441 335
441 336
441 337
441 357
441 358
441 359
441 360
441 437
441 439
441 440
441 442
441 443
442 331
442 332
442 333
442 334
442 335
442 336
442 357
442 358
442 359
442 360
442 440
442 441
442 443
442 444
443 331
443 332
443 333
443 334
443 356
443 357
443 358
443 441
443 442
443 444
443 445
444 329
444 330
444 331
444 332
444 354
444 355
444 356
444 357
444 358
444 378
444 442
444 443
444 445
444 446
445 329
445 330
445 331
445 332
445 353
445 354
445 355
445 356
445 443
445 444
445 446
445 447
446 328
446 329
446 330
446 353
446 354
446 355
446 444
446 445
446 447
446 448
447 308
447 309
447 310
447 328
447 329
447 350
447 352
447 353
447 354
447 445
447 446
447 448
447 449
447 458
447 459
448 310
448 328
448 352
448 353
448 354
448 446
448 447
448 449
448 450
448 455
449 310
449 328
449 352
449 447
449 448
449 450
449 451
449 455
450 310
450 448
450 449
450 451
450 452
450 453
450 454
450 455
450 456
451 449
451 450
451 452
451 453
451 454
451 455
452 450
452 451
452 453
452 454
452 455
453 450
453 451
453 452
453 454
453 455
453 456
454 350
454 351
454 450
454 451
454 452
454 453
454 455
454 456
455 349
455 350
455 351
455 352
455 448
455 449
455 450
455 451
455 452
455 453
455 454
455 456
455 457
456 309
456 310
456 350
456 450
456 453
456 454
456 455
456 457
456 458
457 309
457 347
457 348
457 349
457 350
457 455
457 456
457 458
457 459
458 307
458 308
458 309
458 310
458 347
458 350
458 447
458 456
458 457
458 459
458 460
459 307
459 308
459 309
459 345
459 346
459 347
459 348
459 447
459 457
459 458
459 460
459 461
460 306
460 307
460 308
460 345
460 346
460 347
460 458
460 459
460 461
460 462
461 288
461 289
461 306
461 307
461 343
461 344
461 345
461 346
461 459
461 460
461 462
461 463
462 306
462 343
462 344
462 345
462 346
462 460
462 461
462 463
462 464
463 287
463 344
463 461
463 462
463 464
463 465
464 282
464 285
464 286
464 287
464 343
464 344
464 462
464 463
464 465
464 466
465 282
465 285
465 463
465 464
465 466
465 467
466 282
466 283
466 285
466 286
466 287
466 464
466 465
466 467
466 468
467 283
467 465
467 466
467 468
467 469
468 466
468 467
468 469
468 470
468 471
469 467
469 468
469 470
469 471
470 468
470 469
470 471
470 472
471 468
471 469
471 470
471 472
471 473
472 470
472 471
472 473
472 474
473 471
473 472
473 474
474 472
474 473
