0 1
0 2
1 0
1 2
1 3
2 0
2 1
2 3
2 4
3 1
3 2
3 4
3 5
3 6
4 2
4 3
4 5
4 6
4 7
5 3
5 4
5 6
5 7
5 8
6 3
6 4
6 5
6 7
6 8
6 9
7 4
7 5
7 6
7 8
7 9
8 5
8 6
8 7
8 9
8 10
9 6
9 7
9 8
9 10
9 11
9 158
10 8
10 9
10 11
10 12
10 80
10 81
10 84
10 158
11 9
11 10
11 12
11 13
11 81
11 156
11 157
11 158
12 10
12 11
12 13
12 14
12 15
12 16
12 81
12 157
13 11
13 12
13 14
13 15
13 16
13 17
13 78
14 12
14 13
14 15
14 16
14 17
14 42
14 78
15 12
15 13
15 14
15 16
15 17
15 18
15 19
15 38
15 39
15 42
16 12
16 13
16 14
16 15
16 17
16 18
16 19
16 20
17 13
17 14
17 15
17 16
17 18
17 19
17 20
17 21
17 291
17 294
18 15
18 16
18 17
18 19
18 20
18 21
18 22
18 38
19 15
19 16
19 17
19 18
19 20
19 21
19 22
19 23
19 35
19 38
20 16
20 17
20 18
20 19
20 21
20 22
20 23
20 294
21 17
21 18
21 19
21 20
21 22
21 23
21 294
21 295
21 338
21 339
21 340
22 18
22 19
22 20
22 21
22 23
22 24
22 339
22 340
22 457
23 19
23 20
23 21
23 22
23 24
23 25
23 339
23 340
23 376
23 377
23 455
23 457
24 22
24 23
24 25
24 26
24 339
24 340
24 341
24 342
24 372
24 376
25 23
25 24
25 26
25 27
25 340
25 345
26 24
26 25
26 27
26 28
27 25
27 26
27 28
27 29
27 30
27 31
28 26
28 27
28 29
28 30
28 31
29 27
29 28
29 30
29 31
30 27
30 28
30 29
30 31
30 32
30 33
30 34
31 27
31 28
31 29
31 30
31 32
31 33
31 34
31 35
32 30
32 31
32 33
32 34
32 35
32 36
33 30
33 31
33 32
33 34
33 35
33 36
33 37
34 30
34 31
34 32
34 33
34 35
34 36
34 37
34 38
34 453
34 454
34 455
35 19
35 31
35 32
35 33
35 34
35 36
35 37
35 38
35 39
36 32
36 33
36 34
36 35
36 37
36 38
36 39
36 40
36 112
36 113
36 114
37 33
37 34
37 35
37 36
37 38
37 39
37 40
37 41
37 113
37 453
37 454
37 455
38 15
38 18
38 19
38 34
38 35
38 36
38 37
38 39
38 40
38 41
38 42
38 455
39 15
39 35
39 36
39 37
39 38
39 40
39 41
39 42
39 43
39 112
39 113
40 36
40 37
40 38
40 39
40 41
40 42
40 43
40 44
40 107
40 112
40 113
40 114
41 37
41 38
41 39
41 40
41 42
41 43
41 44
41 45
41 450
42 14
42 15
42 38
42 39
42 40
42 41
42 43
42 44
42 45
42 46
43 39
43 40
43 41
43 42
43 44
43 45
43 46
43 47
43 103
43 107
43 112
43 113
44 40
44 41
44 42
44 43
44 45
44 46
44 47
44 48
44 103
44 104
44 106
44 107
44 124
45 41
45 42
45 43
45 44
45 46
45 47
45 48
45 49
45 103
45 274
45 434
46 42
46 43
46 44
46 45
46 47
46 48
46 49
46 50
47 43
47 44
47 45
47 46
47 48
47 49
47 50
47 51
47 93
47 103
47 106
48 44
48 45
48 46
48 47
48 49
48 50
48 51
48 52
48 102
48 103
48 434
49 45
49 46
49 47
49 48
49 50
49 51
49 52
49 53
49 274
49 275
49 276
49 434
50 46
50 47
50 48
50 49
50 51
50 52
50 53
50 54
50 61
50 64
50 65
50 68
51 47
51 48
51 49
51 50
51 52
51 53
51 54
51 55
51 61
51 64
51 97
52 48
52 49
52 50
52 51
52 53
52 54
52 55
52 56
52 276
52 437
53 49
53 50
53 51
53 52
53 54
53 55
53 56
53 57
53 58
53 59
53 64
53 276
53 277
54 50
54 51
54 52
54 53
54 55
54 56
54 57
54 58
54 59
54 60
54 61
54 63
54 64
55 51
55 52
55 53
55 54
55 56
55 57
55 58
55 59
56 52
56 53
56 54
56 55
56 57
56 58
56 276
56 277
57 53
57 54
57 55
57 56
57 58
57 59
58 53
58 54
58 55
58 56
58 57
58 59
58 60
59 53
59 54
59 55
59 57
59 58
59 60
59 61
59 63
59 64
60 54
60 58
60 59
60 61
60 62
60 63
60 64
61 50
61 51
61 54
61 59
61 60
61 62
61 63
61 64
61 65
61 94
61 97
61 98
62 60
62 61
62 63
62 64
62 65
62 66
62 90
62 94
63 54
63 59
63 60
63 61
63 62
63 64
63 65
63 66
63 67
64 50
64 51
64 53
64 54
64 59
64 60
64 61
64 62
64 63
64 65
64 66
64 67
64 68
65 50
65 61
65 62
65 63
65 64
65 66
65 67
65 68
65 69
65 86
65 90
66 62
66 63
66 64
66 65
66 67
66 68
66 69
66 70
66 83
67 63
67 64
67 65
67 66
67 68
67 69
67 70
67 71
68 50
68 64
68 65
68 66
68 67
68 69
68 70
68 71
68 72
69 65
69 66
69 67
69 68
69 70
69 71
69 72
69 79
69 82
69 83
70 66
70 67
70 68
70 69
70 71
70 72
70 73
70 79
70 281
71 67
71 68
71 69
71 70
71 72
71 73
71 79
71 279
71 280
71 281
71 282
71 283
71 284
72 68
72 69
72 70
72 71
72 73
72 74
72 78
72 79
72 281
72 284
72 285
73 70
73 71
73 72
73 74
73 75
73 76
73 77
73 78
73 79
73 284
73 285
73 287
73 288
74 72
74 73
74 75
74 76
74 77
74 78
74 79
74 80
75 73
75 74
75 76
75 77
75 78
75 288
76 73
76 74
76 75
76 77
76 78
76 288
77 73
77 74
77 75
77 76
77 78
77 79
77 80
77 81
78 13
78 14
78 72
78 73
78 74
78 75
78 76
78 77
78 79
78 80
78 81
78 82
79 69
79 70
79 71
79 72
79 73
79 74
79 77
79 78
79 80
79 81
79 82
79 83
80 10
80 74
80 77
80 78
80 79
80 81
80 82
80 83
80 84
81 10
81 11
81 12
81 77
81 78
81 79
81 80
81 82
81 83
81 84
81 85
82 69
82 78
82 79
82 80
82 81
82 83
82 84
82 85
82 86
83 66
83 69
83 79
83 80
83 81
83 82
83 84
83 85
83 86
83 87
84 10
84 80
84 81
84 82
84 83
84 85
84 86
84 87
84 88
85 81
85 82
85 83
85 84
85 86
85 87
85 88
85 89
85 90
86 65
86 82
86 83
86 84
86 85
86 87
86 88
86 89
86 90
86 91
87 83
87 84
87 85
87 86
87 88
87 89
87 90
87 91
88 84
88 85
88 86
88 87
88 89
88 90
88 91
88 148
89 85
89 86
89 87
89 88
89 90
89 91
89 92
89 93
89 148
90 62
90 65
90 85
90 86
90 87
90 88
90 89
90 91
90 92
90 93
90 94
91 86
91 87
91 88
91 89
91 90
91 92
91 93
91 94
91 95
92 89
92 90
92 91
92 93
92 94
92 95
92 96
92 143
92 146
93 47
93 89
93 90
93 91
93 92
93 94
93 95
93 96
93 97
93 106
94 61
94 62
94 90
94 91
94 92
94 93
94 95
94 96
94 97
94 98
95 91
95 92
95 93
95 94
95 96
95 97
95 98
95 99
95 142
95 143
96 92
96 93
96 94
96 95
96 97
96 98
96 99
96 100
96 101
96 106
96 139
96 142
96 143
97 51
97 61
97 93
97 94
97 95
97 96
97 98
97 99
97 100
97 101
97 102
97 106
98 61
98 94
98 95
98 96
98 97
98 99
98 100
98 101
99 95
99 96
99 97
99 98
99 100
99 101
100 96
100 97
100 98
100 99
100 101
100 102
101 96
101 97
101 98
101 99
101 100
101 102
101 103
101 104
101 105
101 106
101 139
102 48
102 97
102 100
102 101
102 103
102 104
102 105
102 106
102 125
103 43
103 44
103 45
103 47
103 48
103 101
103 102
103 104
103 105
103 106
103 107
103 125
104 44
104 101
104 102
104 103
104 105
104 106
104 107
104 108
104 113
104 123
104 124
104 125
105 101
105 102
105 103
105 104
105 106
105 107
105 108
105 109
105 135
105 136
105 139
106 44
106 47
106 93
106 96
106 97
106 101
106 102
106 103
106 104
106 105
106 107
106 108
106 109
106 110
106 139
107 40
107 43
107 44
107 103
107 104
107 105
107 106
107 108
107 109
107 110
107 111
107 112
107 113
108 104
108 105
108 106
108 107
108 109
108 110
108 111
108 112
108 113
108 114
108 115
108 136
109 105
109 106
109 107
109 108
109 110
109 111
109 112
109 113
109 136
109 139
109 140
110 106
110 107
110 108
110 109
110 111
110 112
110 113
110 149
111 107
111 108
111 109
111 110
111 112
111 113
111 114
111 152
112 36
112 39
112 40
112 43
112 107
112 108
112 109
112 110
112 111
112 113
112 114
113 36
113 37
113 39
113 40
113 43
113 104
113 107
113 108
113 109
113 110
113 111
113 112
113 114
113 115
114 36
114 40
114 108
114 111
114 112
114 113
114 115
114 116
115 108
115 113
115 114
115 116
115 117
115 119
115 120
115 121
115 122
116 114
116 115
116 117
116 118
116 119
117 115
117 116
117 118
117 119
118 116
118 117
118 119
118 120
119 115
119 116
119 117
119 118
119 120
119 121
120 115
120 118
120 119
120 121
120 122
120 452
121 115
121 119
121 120
121 122
121 123
121 452
122 115
122 120
122 121
122 123
122 124
122 449
122 452
122 453
123 104
123 121
123 122
123 124
123 125
123 126
123 127
123 449
124 44
124 104
124 122
124 123
124 125
124 126
124 441
124 445
124 446
124 448
124 449
125 102
125 103
125 104
125 123
125 124
125 126
125 127
125 440
125 441
125 445
126 123
126 124
126 125
126 127
126 128
126 440
126 441
127 123
127 125
127 126
127 128
127 129
127 132
128 126
128 127
128 129
128 130
128 131
128 132
128 135
129 127
129 128
129 130
129 131
130 128
130 129
130 131
130 132
130 134
130 135
131 128
131 129
131 130
131 132
131 133
131 134
131 135
132 127
132 128
132 130
132 131
132 133
132 134
132 135
132 136
133 131
133 132
133 134
133 135
133 136
133 137
134 130
134 131
134 132
134 133
134 135
134 136
134 137
134 138
135 105
135 128
135 130
135 131
135 132
135 133
135 134
135 136
135 137
135 138
135 139
136 105
136 108
136 109
136 132
136 133
136 134
136 135
136 137
136 138
136 139
136 140
137 133
137 134
137 135
137 136
137 138
137 139
137 140
137 141
138 134
138 135
138 136
138 137
138 139
138 140
138 141
138 142
139 96
139 101
139 105
139 106
139 109
139 135
139 136
139 137
139 138
139 140
139 141
139 142
139 143
140 109
140 136
140 137
140 138
140 139
140 141
140 142
140 143
140 144
141 137
141 138
141 139
141 140
141 142
141 143
141 144
142 95
142 96
142 138
142 139
142 140
142 141
142 143
142 144
142 145
143 92
143 95
143 96
143 139
143 140
143 141
143 142
143 144
143 145
143 146
144 140
144 141
144 142
144 143
144 145
144 146
144 149
145 142
145 143
145 144
145 146
145 147
146 92
146 143
146 144
146 145
146 147
146 148
146 149
147 145
147 146
147 148
147 149
147 150
147 151
148 88
148 89
148 146
148 147
148 149
148 150
148 151
148 152
149 110
149 144
149 146
149 147
149 148
149 150
149 151
149 152
150 147
150 148
150 149
150 151
150 152
151 147
151 148
151 149
151 150
151 152
151 153
151 154
152 111
152 148
152 149
152 150
152 151
152 153
152 154
152 155
153 151
153 152
153 154
153 155
154 151
154 152
154 153
154 155
154 156
155 152
155 153
155 154
155 156
155 157
156 11
156 154
156 155
156 157
156 158
156 160
157 11
157 12
157 155
157 156
157 158
157 159
157 160
157 161
158 9
158 10
158 11
158 156
158 157
158 159
158 160
158 161
158 164
158 165
159 157
159 158
159 160
159 161
159 162
159 164
159 165
159 168
159 169
160 156
160 157
160 158
160 159
160 161
160 162
160 164
160 165
161 157
161 158
161 159
161 160
161 162
161 163
161 164
161 165
162 159
162 160
162 161
162 163
162 164
162 165
162 166
163 161
163 162
163 164
163 165
163 166
164 158
164 159
164 160
164 161
164 162
164 163
164 165
164 166
164 167
164 168
165 158
165 159
165 160
165 161
165 162
165 163
165 164
165 166
165 167
165 168
165 169
166 162
166 163
166 164
166 165
166 167
166 168
166 169
166 170
167 164
167 165
167 166
167 168
167 169
167 170
167 171
168 159
168 164
168 165
168 166
168 167
168 169
168 170
168 171
168 172
169 159
169 165
169 166
169 167
169 168
169 170
169 171
169 172
169 173
170 166
170 167
170 168
170 169
170 171
170 172
170 173
170 174
170 181
171 167
171 168
171 169
171 170
171 172
171 173
171 174
171 175
171 181
171 195
172 168
172 169
172 170
172 171
172 173
172 174
172 175
172 176
173 169
173 170
173 171
173 172
173 174
173 175
173 176
173 177
174 170
174 171
174 172
174 173
174 175
174 176
174 177
174 178
174 179
174 180
174 181
174 195
174 196
175 171
175 172
175 173
175 174
175 176
175 177
175 178
175 179
175 180
175 181
175 195
175 196
176 172
176 173
176 174
176 175
176 177
176 178
176 349
177 173
177 174
177 175
177 176
177 178
177 179
177 348
177 349
177 352
178 174
178 175
178 176
178 177
178 179
178 180
178 196
178 336
178 338
178 349
178 352
179 174
179 175
179 177
179 178
179 180
179 181
179 188
179 196
179 197
179 352
180 174
180 175
180 178
180 179
180 181
180 182
180 183
180 188
180 189
180 190
180 195
180 196
180 197
181 170
181 171
181 174
181 175
181 179
181 180
181 182
181 183
181 195
181 196
181 197
182 180
182 181
182 183
182 184
182 190
182 191
182 192
182 195
182 197
183 180
183 181
183 182
183 184
183 185
183 186
183 187
183 188
183 189
183 190
183 191
183 207
184 182
184 183
184 185
184 186
184 207
184 208
185 183
185 184
185 186
185 187
185 207
185 208
185 209
185 210
186 183
186 184
186 185
186 187
186 188
186 189
186 210
187 183
187 185
187 186
187 188
187 189
187 210
187 211
187 213
187 354
188 179
188 180
188 183
188 186
188 187
188 189
188 190
188 352
188 353
188 354
189 180
189 183
189 186
189 187
189 188
189 190
189 191
189 197
189 198
189 201
189 202
189 203
189 204
189 207
189 213
189 214
190 180
190 182
190 183
190 188
190 189
190 191
190 192
190 193
190 197
190 198
190 201
190 202
190 203
190 204
190 207
191 182
191 183
191 189
191 190
191 192
191 193
191 197
191 198
191 203
191 204
191 205
191 206
191 207
192 182
192 190
192 191
192 193
192 194
192 195
192 197
192 198
192 203
193 190
193 191
193 192
193 194
193 195
193 196
193 197
193 198
193 199
194 192
194 193
194 195
194 196
194 197
194 198
194 199
194 200
194 289
194 292
194 293
195 171
195 174
195 175
195 180
195 181
195 182
195 192
195 193
195 194
195 196
195 197
195 292
195 293
196 174
196 175
196 178
196 179
196 180
196 181
196 193
196 194
196 195
196 197
196 198
196 199
196 200
196 201
196 293
197 179
197 180
197 181
197 182
197 189
197 190
197 191
197 192
197 193
197 194
197 195
197 196
197 198
197 199
197 200
197 201
197 203
198 189
198 190
198 191
198 192
198 193
198 194
198 196
198 197
198 199
198 200
198 201
198 202
198 203
198 204
199 193
199 194
199 196
199 197
199 198
199 200
199 201
199 202
199 203
199 297
199 298
199 299
200 194
200 196
200 197
200 198
200 199
200 201
200 202
200 298
200 299
200 304
200 334
200 335
200 336
201 189
201 190
201 196
201 197
201 198
201 199
201 200
201 202
201 203
201 331
201 332
201 333
201 334
201 335
202 189
202 190
202 198
202 199
202 200
202 201
202 203
202 204
202 213
202 214
202 331
202 332
202 333
202 334
202 574
203 189
203 190
203 191
203 192
203 197
203 198
203 199
203 201
203 202
203 204
203 205
203 213
203 214
203 229
203 331
203 574
204 189
204 190
204 191
204 198
204 202
204 203
204 205
204 206
204 207
204 212
204 213
204 214
204 229
205 191
205 203
205 204
205 206
205 207
205 212
205 213
205 226
205 229
206 191
206 204
206 205
206 207
206 208
206 209
206 212
206 213
207 183
207 184
207 185
207 189
207 190
207 191
207 204
207 205
207 206
207 208
207 209
207 210
207 212
208 184
208 185
208 206
208 207
208 209
208 210
209 185
209 206
209 207
209 208
209 210
209 211
209 212
210 185
210 186
210 187
210 207
210 208
210 209
210 211
210 212
210 213
211 187
211 209
211 210
211 212
211 213
211 227
212 204
212 205
212 206
212 207
212 209
212 210
212 211
212 213
212 214
212 216
212 226
212 227
212 228
212 229
213 187
213 189
213 202
213 203
213 204
213 205
213 206
213 210
213 211
213 212
213 214
213 215
213 216
213 227
213 228
213 229
214 189
214 202
214 203
214 204
214 212
214 213
214 215
214 216
214 227
214 228
214 229
214 230
214 330
214 331
214 332
214 333
215 213
215 214
215 216
215 217
215 228
215 229
215 230
215 254
215 255
215 329
215 331
215 332
215 333
215 360
215 361
216 212
216 213
216 214
216 215
216 217
216 218
216 227
216 228
216 359
216 360
216 361
217 215
217 216
217 218
217 219
217 227
217 228
217 359
217 360
217 361
218 216
218 217
218 219
218 220
218 221
218 222
218 226
218 227
218 228
218 244
219 217
219 218
219 220
219 221
219 222
219 227
220 218
220 219
220 221
220 222
220 223
221 218
221 219
221 220
221 222
221 223
221 233
221 242
221 243
221 244
221 245
222 218
222 219
222 220
222 221
222 223
222 224
222 225
222 226
222 227
222 232
222 233
222 234
222 242
222 243
222 244
223 220
223 221
223 222
223 224
223 225
223 226
223 233
223 234
223 235
223 242
223 243
224 222
224 223
224 225
224 226
224 233
224 234
225 222
225 223
225 224
225 226
225 227
225 233
225 234
226 205
226 212
226 218
226 222
226 223
226 224
226 225
226 227
226 228
226 229
226 230
226 231
226 232
226 233
227 211
227 212
227 213
227 214
227 216
227 217
227 218
227 219
227 222
227 225
227 226
227 228
227 229
228 212
228 213
228 214
228 215
228 216
228 217
228 218
228 226
228 227
228 229
228 230
229 203
229 204
229 205
229 212
229 213
229 214
229 215
229 226
229 227
229 228
229 230
229 231
229 232
229 330
229 331
230 214
230 215
230 226
230 228
230 229
230 231
230 232
230 327
230 328
230 329
230 330
230 331
230 332
230 571
231 226
231 229
231 230
231 232
231 233
231 330
231 568
231 571
231 572
232 222
232 226
232 229
232 230
232 231
232 233
232 234
232 243
232 244
232 328
232 564
232 568
232 571
233 221
233 222
233 223
233 224
233 225
233 226
233 231
233 232
233 234
233 235
233 242
233 243
233 244
234 222
234 223
234 224
234 225
234 232
234 233
234 235
234 236
234 242
234 243
234 244
235 223
235 233
235 234
235 236
235 237
235 240
235 241
235 242
235 243
236 234
236 235
236 237
236 238
236 239
236 240
236 241
236 242
236 243
237 235
237 236
237 238
237 239
237 240
237 241
238 236
238 237
238 239
238 240
239 236
239 237
239 238
239 240
239 241
240 235
240 236
240 237
240 238
240 239
240 241
240 242
241 235
241 236
241 237
241 239
241 240
241 242
241 243
241 245
241 246
242 221
242 222
242 223
242 233
242 234
242 235
242 236
242 240
242 241
242 243
242 244
242 245
242 246
243 221
243 222
243 223
243 232
243 233
243 234
243 235
243 236
243 241
243 242
243 244
243 245
243 246
243 247
243 248
244 218
244 221
244 222
244 232
244 233
244 234
244 242
244 243
244 245
244 246
244 247
244 248
244 249
245 221
245 241
245 242
245 243
245 244
245 246
245 247
245 248
245 249
246 241
246 242
246 243
246 244
246 245
246 247
246 248
246 249
247 243
247 244
247 245
247 246
247 248
247 249
247 251
247 328
247 558
247 560
247 561
247 563
247 564
248 243
248 244
248 245
248 246
248 247
248 249
248 250
248 251
248 252
248 253
248 328
248 558
249 244
249 245
249 246
249 247
249 248
249 250
249 251
249 252
250 248
250 249
250 251
250 252
251 247
251 248
251 249
251 250
251 252
251 253
251 326
251 328
251 555
251 556
251 557
251 558
252 248
252 249
252 250
252 251
252 253
252 254
252 555
252 556
253 248
253 251
253 252
253 254
253 255
253 326
253 328
253 329
253 361
253 362
253 555
253 556
254 215
254 252
254 253
254 255
254 256
254 329
254 332
254 361
254 362
254 363
254 364
254 555
255 215
255 253
255 254
255 256
255 257
255 319
255 322
255 329
255 332
255 333
255 334
255 361
255 362
255 363
255 364
256 254
256 255
256 257
256 258
256 303
256 304
256 318
256 319
256 332
256 333
256 334
256 363
256 364
256 365
256 366
257 255
257 256
257 258
257 259
257 304
257 333
257 334
257 335
257 336
257 363
257 364
257 365
257 366
258 256
258 257
258 259
258 260
258 264
258 303
258 304
258 334
258 335
258 336
258 337
258 365
258 366
258 367
258 368
259 257
259 258
259 260
259 261
259 264
259 335
259 336
259 337
259 365
259 366
259 367
259 368
259 369
260 258
260 259
260 261
260 262
260 263
260 264
260 265
260 335
260 336
260 337
260 338
260 341
260 342
260 366
260 367
260 368
260 369
260 370
261 259
261 260
261 262
261 263
261 264
261 265
261 337
261 338
261 339
261 340
261 341
261 342
261 368
261 369
261 370
261 371
261 372
262 260
262 261
262 263
262 264
262 265
262 266
262 267
262 296
262 337
262 338
262 339
262 340
262 341
262 529
263 260
263 261
263 262
263 264
263 265
263 266
263 267
263 370
263 529
263 530
264 258
264 259
264 260
264 261
264 262
264 263
264 265
264 266
264 267
264 298
264 301
264 302
264 303
264 335
264 337
264 368
265 260
265 261
265 262
265 263
265 264
265 266
265 267
265 296
265 297
265 298
265 301
265 335
265 337
265 338
265 339
266 262
266 263
266 264
266 265
266 267
266 268
266 296
266 297
266 298
266 300
266 301
266 302
266 529
266 530
266 531
266 532
266 535
267 262
267 263
267 264
267 265
267 266
267 268
267 269
267 295
267 296
267 297
267 529
267 531
268 266
268 267
268 269
268 270
268 295
268 296
268 297
268 523
268 529
268 531
269 267
269 268
269 270
269 271
269 273
269 295
269 523
269 525
269 526
270 268
270 269
270 271
270 272
270 273
270 274
270 525
271 269
271 270
271 272
271 273
271 274
271 275
271 433
271 524
271 525
272 270
272 271
272 273
272 274
272 275
272 276
272 278
272 279
272 283
273 269
273 270
273 271
273 272
273 274
273 275
273 276
273 279
273 283
273 284
274 45
274 49
274 270
274 271
274 272
274 273
274 275
274 276
274 279
274 433
274 434
274 525
275 49
275 271
275 272
275 273
275 274
275 276
275 277
275 278
275 279
275 433
275 434
276 49
276 52
276 53
276 56
276 272
276 273
276 274
276 275
276 277
276 278
276 279
277 53
277 56
277 275
277 276
277 278
277 279
278 272
278 275
278 276
278 277
278 279
278 280
278 283
279 71
279 272
279 273
279 274
279 275
279 276
279 277
279 278
279 280
279 281
279 283
280 71
280 278
280 279
280 281
280 282
280 283
280 284
281 70
281 71
281 72
281 279
281 280
281 282
281 283
281 284
281 285
282 71
282 280
282 281
282 283
282 284
282 285
283 71
283 272
283 273
283 278
283 279
283 280
283 281
283 282
283 284
283 285
283 286
284 71
284 72
284 73
284 273
284 280
284 281
284 282
284 283
284 285
284 286
284 287
285 72
285 73
285 281
285 282
285 283
285 284
285 286
285 287
285 288
286 283
286 284
286 285
286 287
286 288
286 289
286 290
287 73
287 284
287 285
287 286
287 288
287 289
287 290
287 291
288 73
288 75
288 76
288 285
288 286
288 287
288 289
288 290
288 291
288 292
289 194
289 286
289 287
289 288
289 290
289 291
289 292
289 293
290 286
290 287
290 288
290 289
290 291
290 292
290 293
290 294
290 295
290 296
290 297
291 17
291 287
291 288
291 289
291 290
291 292
291 293
291 294
291 295
292 194
292 195
292 288
292 289
292 290
292 291
292 293
292 294
292 295
293 194
293 195
293 196
293 289
293 290
293 291
293 292
293 294
293 295
293 296
293 297
294 17
294 20
294 21
294 290
294 291
294 292
294 293
294 295
294 296
294 339
295 21
295 267
295 268
295 269
295 290
295 291
295 292
295 293
295 294
295 296
295 297
296 262
296 265
296 266
296 267
296 268
296 290
296 293
296 294
296 295
296 297
296 298
297 199
297 265
297 266
297 267
297 268
297 290
297 293
297 295
297 296
297 298
297 299
297 300
297 301
298 199
298 200
298 264
298 265
298 266
298 296
298 297
298 299
298 300
298 301
298 304
298 305
298 335
299 199
299 200
299 297
299 298
299 300
299 301
299 304
299 305
299 306
299 307
300 266
300 297
300 298
300 299
300 301
300 302
300 304
300 305
300 306
300 307
300 308
300 309
300 317
300 532
301 264
301 265
301 266
301 297
301 298
301 299
301 300
301 302
301 303
301 304
301 305
301 317
301 532
301 535
301 536
302 264
302 266
302 300
302 301
302 303
302 304
302 305
302 316
302 317
302 318
302 532
302 535
302 536
302 537
302 538
302 539
303 256
303 258
303 264
303 301
303 302
303 304
303 305
303 317
303 318
303 319
303 535
303 539
304 200
304 256
304 257
304 258
304 298
304 299
304 300
304 301
304 302
304 303
304 305
304 306
304 317
304 318
304 319
304 320
304 333
304 334
304 335
305 298
305 299
305 300
305 301
305 302
305 303
305 304
305 306
305 307
305 317
305 318
305 319
305 320
306 299
306 300
306 304
306 305
306 307
306 308
306 317
306 319
306 320
306 574
307 299
307 300
307 305
307 306
307 308
307 309
308 300
308 306
308 307
308 309
308 310
308 316
309 300
309 307
309 308
309 310
309 311
309 312
309 313
309 314
309 316
309 532
310 308
310 309
310 311
310 312
310 313
311 309
311 310
311 312
311 313
311 532
311 533
312 309
312 310
312 311
312 313
312 314
313 309
313 310
313 311
313 312
313 314
313 315
313 533
313 536
314 309
314 312
314 313
314 315
314 316
315 313
315 314
315 316
315 317
315 536
315 537
315 539
315 540
316 302
316 308
316 309
316 314
316 315
316 317
316 318
316 320
316 321
316 536
316 539
316 540
317 300
317 301
317 302
317 303
317 304
317 305
317 306
317 315
317 316
317 318
317 319
317 320
317 321
317 536
317 539
317 540
318 256
318 302
318 303
318 304
318 305
318 316
318 317
318 319
318 320
318 321
318 322
318 539
318 540
318 543
319 255
319 256
319 303
319 304
319 305
319 306
319 317
319 318
319 320
319 321
319 322
319 323
319 333
320 304
320 305
320 306
320 316
320 317
320 318
320 319
320 321
320 322
320 323
320 324
321 316
321 317
321 318
321 319
321 320
321 322
321 323
321 324
321 325
322 255
322 318
322 319
322 320
322 321
322 323
322 324
322 325
322 326
322 327
322 329
322 554
323 319
323 320
323 321
323 322
323 324
323 325
323 326
323 327
323 328
323 329
323 330
324 320
324 321
324 322
324 323
324 325
324 326
324 327
325 321
325 322
325 323
325 324
325 326
325 327
325 556
325 557
325 558
326 251
326 253
326 322
326 323
326 324
326 325
326 327
326 328
326 329
326 556
326 557
326 558
326 561
327 230
327 322
327 323
327 324
327 325
327 326
327 328
327 329
327 330
327 558
327 561
327 564
328 230
328 232
328 247
328 248
328 251
328 253
328 323
328 326
328 327
328 329
328 330
329 215
329 230
329 253
329 254
329 255
329 322
329 323
329 326
329 327
329 328
329 330
329 331
329 332
330 214
330 229
330 230
330 231
330 323
330 327
330 328
330 329
330 331
330 332
330 571
331 201
331 202
331 203
331 214
331 215
331 229
331 230
331 329
331 330
331 332
331 333
331 574
332 201
332 202
332 214
332 215
332 230
332 254
332 255
332 256
332 329
332 330
332 331
332 333
332 334
333 201
333 202
333 214
333 215
333 255
333 256
333 257
333 304
333 319
333 331
333 332
333 334
333 335
334 200
334 201
334 202
334 255
334 256
334 257
334 258
334 304
334 332
334 333
334 335
334 336
334 353
335 200
335 201
335 257
335 258
335 259
335 260
335 264
335 265
335 298
335 304
335 333
335 334
335 336
335 337
336 178
336 200
336 257
336 258
336 259
336 260
336 334
336 335
336 337
336 338
336 349
336 350
336 352
336 353
337 258
337 259
337 260
337 261
337 262
337 264
337 265
337 335
337 336
337 338
337 339
337 341
338 21
338 178
338 260
338 261
338 262
338 265
338 336
338 337
338 339
338 340
338 341
339 21
339 22
339 23
339 24
339 261
339 262
339 265
339 294
339 337
339 338
339 340
339 341
340 21
340 22
340 23
340 24
340 25
340 261
340 262
340 338
340 339
340 341
340 342
340 372
341 24
341 260
341 261
341 262
341 337
341 338
341 339
341 340
341 342
341 343
341 344
341 345
341 346
341 369
341 372
342 24
342 260
342 261
342 340
342 341
342 343
342 344
342 345
342 346
342 369
342 370
342 371
342 372
342 373
343 341
343 342
343 344
343 345
343 346
343 347
343 369
343 373
343 391
343 394
343 395
344 341
344 342
344 343
344 345
344 346
344 347
344 373
344 386
344 391
344 394
345 25
345 341
345 342
345 343
345 344
345 346
345 347
345 348
345 349
346 341
346 342
346 343
346 344
346 345
346 347
346 348
346 349
346 350
346 398
347 343
347 344
347 345
347 346
347 348
347 349
347 350
347 351
347 397
347 398
348 177
348 345
348 346
348 347
348 349
348 350
348 351
349 176
349 177
349 178
349 336
349 345
349 346
349 347
349 348
349 350
349 351
349 352
349 353
350 336
350 346
350 347
350 348
350 349
350 351
350 352
350 353
350 398
351 347
351 348
351 349
351 350
351 352
351 353
351 354
352 177
352 178
352 179
352 188
352 336
352 349
352 350
352 351
352 353
352 354
353 188
353 334
353 336
353 349
353 350
353 351
353 352
353 354
353 355
354 187
354 188
354 351
354 352
354 353
354 355
354 356
355 353
355 354
355 356
355 357
355 360
355 405
355 406
355 407
356 354
356 355
356 357
356 358
356 359
356 360
356 405
356 406
356 407
357 355
357 356
357 358
357 359
357 360
357 404
357 405
357 406
357 407
357 408
358 356
358 357
358 359
358 360
358 407
359 216
359 217
359 356
359 357
359 358
359 360
359 361
360 215
360 216
360 217
360 355
360 356
360 357
360 358
360 359
360 361
360 362
360 407
361 215
361 216
361 217
361 253
361 254
361 255
361 359
361 360
361 362
361 363
361 407
362 253
362 254
362 255
362 360
362 361
362 363
362 364
362 406
362 407
362 408
362 409
362 410
362 411
363 254
363 255
363 256
363 257
363 361
363 362
363 364
363 365
363 406
363 407
363 409
363 410
363 411
364 254
364 255
364 256
364 257
364 362
364 363
364 365
364 366
364 410
364 411
364 412
364 413
364 553
365 256
365 257
365 258
365 259
365 363
365 364
365 366
365 367
365 410
365 411
365 412
365 413
366 256
366 257
366 258
366 259
366 260
366 364
366 365
366 367
366 368
366 412
366 413
366 414
366 415
367 258
367 259
367 260
367 365
367 366
367 368
367 369
367 412
367 413
367 414
367 415
368 258
368 259
368 260
368 261
368 264
368 366
368 367
368 369
368 370
368 414
368 415
368 416
368 417
369 259
369 260
369 261
369 341
369 342
369 343
369 367
369 368
369 370
369 371
369 372
369 373
369 415
369 417
370 260
370 261
370 263
370 342
370 368
370 369
370 371
370 372
370 373
370 415
370 416
370 417
370 418
371 261
371 342
371 369
371 370
371 372
371 373
371 374
371 375
371 417
371 418
371 458
372 24
372 261
372 340
372 341
372 342
372 369
372 370
372 371
372 373
372 374
372 375
372 376
372 458
373 342
373 343
373 344
373 369
373 370
373 371
373 372
373 374
373 375
373 385
373 386
373 476
374 371
374 372
374 373
374 375
374 376
374 381
374 382
374 384
374 385
374 386
374 458
374 460
374 472
374 475
374 476
375 371
375 372
375 373
375 374
375 376
375 377
375 381
375 385
375 457
375 458
375 459
375 460
375 461
375 472
376 23
376 24
376 372
376 374
376 375
376 377
376 378
376 381
376 384
376 385
376 456
376 457
376 458
376 459
376 460
377 23
377 375
377 376
377 378
377 379
377 381
377 451
377 454
377 455
377 456
377 457
377 458
377 459
378 376
378 377
378 379
378 380
378 381
378 384
378 451
378 454
378 455
378 459
379 377
379 378
379 380
379 381
379 451
379 452
379 454
379 459
380 378
380 379
380 381
380 382
380 383
380 384
381 374
381 375
381 376
381 377
381 378
381 379
381 380
381 382
381 383
381 384
381 385
381 459
381 460
382 374
382 380
382 381
382 383
382 384
382 385
382 460
382 471
382 472
383 380
383 381
383 382
383 384
383 385
384 374
384 376
384 378
384 380
384 381
384 382
384 383
384 385
384 386
385 373
385 374
385 375
385 376
385 381
385 382
385 383
385 384
385 386
385 387
385 475
386 344
386 373
386 374
386 384
386 385
386 387
386 388
386 390
386 391
387 385
387 386
387 388
387 389
387 390
387 391
387 475
387 479
388 386
388 387
388 389
388 390
388 391
388 392
388 478
388 479
388 482
389 387
389 388
389 390
389 391
389 392
389 393
390 386
390 387
390 388
390 389
390 391
390 392
390 393
390 394
391 343
391 344
391 386
391 387
391 388
391 389
391 390
391 392
391 393
391 394
391 395
391 479
391 482
392 388
392 389
392 390
392 391
392 393
392 394
392 395
392 396
392 482
392 483
392 486
393 389
393 390
393 391
393 392
393 394
393 395
393 396
393 397
394 343
394 344
394 390
394 391
394 392
394 393
394 395
394 396
394 397
394 398
395 343
395 391
395 392
395 393
395 394
395 396
395 397
395 398
395 399
396 392
396 393
396 394
396 395
396 397
396 398
396 399
396 400
397 347
397 393
397 394
397 395
397 396
397 398
397 399
397 400
397 401
398 346
398 347
398 350
398 394
398 395
398 396
398 397
398 399
398 400
398 401
398 402
399 395
399 396
399 397
399 398
399 400
399 401
399 402
399 403
400 396
400 397
400 398
400 399
400 401
400 402
400 403
400 404
401 397
401 398
401 399
401 400
401 402
401 403
401 404
401 405
402 398
402 399
402 400
402 401
402 403
402 404
402 405
402 406
403 399
403 400
403 401
403 402
403 404
403 405
403 406
403 492
403 493
403 494
403 495
404 357
404 400
404 401
404 402
404 403
404 405
404 406
404 494
405 355
405 356
405 357
405 401
405 402
405 403
405 404
405 406
405 407
406 355
406 356
406 357
406 362
406 363
406 402
406 403
406 404
406 405
406 407
406 408
406 410
406 494
406 495
407 355
407 356
407 357
407 358
407 360
407 361
407 362
407 363
407 405
407 406
407 408
407 409
407 410
407 494
407 495
408 357
408 362
408 406
408 407
408 409
408 410
408 493
408 494
408 495
409 362
409 363
409 407
409 408
409 410
409 411
409 494
409 495
409 496
410 362
410 363
410 364
410 365
410 406
410 407
410 408
410 409
410 411
410 412
410 494
410 495
410 496
411 362
411 363
411 364
411 365
411 409
411 410
411 412
411 413
411 495
411 496
411 497
411 498
411 553
412 364
412 365
412 366
412 367
412 410
412 411
412 413
412 414
412 495
412 496
412 497
412 498
413 364
413 365
413 366
413 367
413 411
413 412
413 414
413 415
413 497
413 498
413 499
413 500
414 366
414 367
414 368
414 412
414 413
414 415
414 416
414 483
414 484
414 487
414 497
414 498
414 499
414 500
415 366
415 367
415 368
415 369
415 370
415 413
415 414
415 416
415 417
415 480
415 483
415 499
415 500
415 501
415 502
416 368
416 370
416 414
416 415
416 417
416 418
416 477
416 479
416 480
416 481
416 483
416 484
416 499
416 500
416 501
416 502
417 368
417 369
417 370
417 371
417 415
417 416
417 418
417 419
417 476
417 477
417 479
417 480
417 501
417 502
418 370
418 371
418 416
418 417
418 419
418 420
418 473
418 476
418 477
418 502
418 503
418 504
419 417
419 418
419 420
419 421
419 422
419 473
419 476
419 477
420 418
420 419
420 421
420 422
420 423
420 424
420 461
420 469
420 472
420 473
421 419
421 420
421 422
421 423
421 424
421 425
421 461
421 469
421 470
421 473
422 419
422 420
422 421
422 423
422 424
422 425
422 426
423 420
423 421
423 422
423 424
423 425
423 426
423 427
423 428
423 461
423 462
423 519
423 522
423 527
423 528
424 420
424 421
424 422
424 423
424 425
424 426
424 427
424 428
424 444
424 461
424 462
424 463
424 464
425 421
425 422
425 423
425 424
425 426
425 427
425 428
426 422
426 423
426 424
426 425
426 427
426 428
426 429
426 518
426 519
427 423
427 424
427 425
427 426
427 428
427 429
427 430
427 443
427 444
427 519
427 527
428 423
428 424
428 425
428 426
428 427
428 429
428 430
428 442
428 443
428 444
429 426
429 427
429 428
429 430
429 431
429 442
429 443
429 444
430 427
430 428
430 429
430 431
430 432
430 442
430 443
431 429
431 430
431 432
431 433
431 434
431 435
431 436
431 439
431 440
431 441
431 442
431 443
432 430
432 431
432 433
432 434
432 435
432 436
432 441
432 442
432 443
432 446
432 524
432 525
433 271
433 274
433 275
433 431
433 432
433 434
433 435
433 436
433 437
433 524
433 525
434 45
434 48
434 49
434 274
434 275
434 431
434 432
434 433
434 435
434 436
434 437
434 441
435 431
435 432
435 433
435 434
435 436
435 437
435 438
435 439
435 440
435 441
435 442
436 431
436 432
436 433
436 434
436 435
436 437
436 438
436 439
436 440
436 441
437 52
437 433
437 434
437 435
437 436
437 438
437 439
438 435
438 436
438 437
438 439
438 440
438 441
439 431
439 435
439 436
439 437
439 438
439 440
439 441
439 442
440 125
440 126
440 431
440 435
440 436
440 438
440 439
440 441
440 442
441 124
441 125
441 126
441 431
441 432
441 434
441 435
441 436
441 438
441 439
441 440
441 442
441 443
441 445
441 446
442 428
442 429
442 430
442 431
442 432
442 435
442 439
442 440
442 441
442 443
442 444
442 445
442 446
443 427
443 428
443 429
443 430
443 431
443 432
443 441
443 442
443 444
443 445
443 446
443 447
443 527
444 424
444 427
444 428
444 429
444 442
444 443
444 445
444 446
444 447
444 448
444 463
444 464
445 124
445 125
445 441
445 442
445 443
445 444
445 446
445 447
445 448
445 449
446 124
446 432
446 441
446 442
446 443
446 444
446 445
446 447
446 448
446 449
446 450
447 443
447 444
447 445
447 446
447 448
447 449
447 450
447 451
447 456
447 459
447 462
447 463
448 124
448 444
448 445
448 446
448 447
448 449
448 450
448 451
448 452
448 463
448 464
449 122
449 123
449 124
449 445
449 446
449 447
449 448
449 450
449 451
449 452
449 453
450 41
450 446
450 447
450 448
450 449
450 451
450 452
450 453
450 454
450 455
450 456
451 377
451 378
451 379
451 447
451 448
451 449
451 450
451 452
451 453
451 454
451 455
451 456
451 459
451 463
452 120
452 121
452 122
452 379
452 448
452 449
452 450
452 451
452 453
452 454
452 455
453 34
453 37
453 122
453 449
453 450
453 451
453 452
453 454
453 455
453 456
454 34
454 37
454 377
454 378
454 379
454 450
454 451
454 452
454 453
454 455
454 456
455 23
455 34
455 37
455 38
455 377
455 378
455 450
455 451
455 452
455 453
455 454
455 456
455 457
456 376
456 377
456 447
456 450
456 451
456 453
456 454
456 455
456 457
456 458
456 459
456 462
457 22
457 23
457 375
457 376
457 377
457 455
457 456
457 458
457 459
457 528
458 371
458 372
458 374
458 375
458 376
458 377
458 456
458 457
458 459
458 460
458 461
458 462
459 375
459 376
459 377
459 378
459 379
459 381
459 447
459 451
459 456
459 457
459 458
459 460
459 461
459 462
459 463
460 374
460 375
460 376
460 381
460 382
460 458
460 459
460 461
460 462
460 463
460 468
460 469
460 471
460 472
461 375
461 420
461 421
461 423
461 424
461 458
461 459
461 460
461 462
461 463
461 468
461 469
461 472
461 473
462 423
462 424
462 447
462 456
462 458
462 459
462 460
462 461
462 463
462 464
462 469
462 528
463 424
463 444
463 447
463 448
463 451
463 459
463 460
463 461
463 462
463 464
463 465
463 466
463 468
463 469
464 424
464 444
464 448
464 462
464 463
464 465
464 466
465 463
465 464
465 466
465 467
465 468
465 469
466 463
466 464
466 465
466 467
466 468
466 469
466 470
467 465
467 466
467 468
467 469
467 470
467 471
468 460
468 461
468 463
468 465
468 466
468 467
468 469
468 470
468 471
468 472
469 420
469 421
469 460
469 461
469 462
469 463
469 465
469 466
469 467
469 468
469 470
469 471
469 472
469 473
470 421
470 466
470 467
470 468
470 469
470 471
470 472
470 473
470 474
471 382
471 460
471 467
471 468
471 469
471 470
471 472
471 473
471 474
471 475
472 374
472 375
472 382
472 420
472 460
472 461
472 468
472 469
472 470
472 471
472 473
472 474
472 475
472 476
473 418
473 419
473 420
473 421
473 461
473 469
473 470
473 471
473 472
473 474
473 475
473 476
473 477
474 470
474 471
474 472
474 473
474 475
474 476
474 477
474 478
475 374
475 385
475 387
475 471
475 472
475 473
475 474
475 476
475 477
475 478
475 479
476 373
476 374
476 417
476 418
476 419
476 472
476 473
476 474
476 475
476 477
476 478
476 479
476 480
477 416
477 417
477 418
477 419
477 473
477 474
477 475
477 476
477 478
477 479
477 480
477 481
478 388
478 474
478 475
478 476
478 477
478 479
478 480
478 481
478 482
479 387
479 388
479 391
479 416
479 417
479 475
479 476
479 477
479 478
479 480
479 481
479 482
479 483
480 415
480 416
480 417
480 476
480 477
480 478
480 479
480 481
480 482
480 483
480 484
480 501
481 416
481 477
481 478
481 479
481 480
481 482
481 483
481 484
481 485
482 388
482 391
482 392
482 478
482 479
482 480
482 481
482 483
482 484
482 485
482 486
483 392
483 414
483 415
483 416
483 479
483 480
483 481
483 482
483 484
483 485
483 486
483 487
483 499
484 414
484 416
484 480
484 481
484 482
484 483
484 485
484 486
484 487
484 488
484 499
484 500
485 481
485 482
485 483
485 484
485 486
485 487
485 488
485 489
486 392
486 482
486 483
486 484
486 485
486 487
486 488
486 489
486 490
487 414
487 483
487 484
487 485
487 486
487 488
487 489
487 490
487 497
487 498
487 499
488 484
488 485
488 486
488 487
488 489
488 490
488 498
489 485
489 486
489 487
489 488
489 490
489 491
490 486
490 487
490 488
490 489
490 491
490 492
490 497
491 489
491 490
491 492
491 493
491 496
491 497
492 403
492 490
492 491
492 493
492 494
492 495
492 496
492 497
493 403
493 408
493 491
493 492
493 494
493 495
493 496
494 403
494 404
494 406
494 407
494 408
494 409
494 410
494 492
494 493
494 495
494 496
495 403
495 406
495 407
495 408
495 409
495 410
495 411
495 412
495 492
495 493
495 494
495 496
495 497
496 409
496 410
496 411
496 412
496 491
496 492
496 493
496 494
496 495
496 497
496 498
497 411
497 412
497 413
497 414
497 487
497 490
497 491
497 492
497 495
497 496
497 498
497 499
498 411
498 412
498 413
498 414
498 487
498 488
498 496
498 497
498 499
498 500
499 413
499 414
499 415
499 416
499 483
499 484
499 487
499 497
499 498
499 500
499 501
500 413
500 414
500 415
500 416
500 484
500 498
500 499
500 501
500 502
501 415
501 416
501 417
501 480
501 499
501 500
501 502
501 503
502 415
502 416
502 417
502 418
502 500
502 501
502 503
502 504
503 418
503 501
503 502
503 504
503 505
503 506
503 507
503 538
504 418
504 502
504 503
504 505
504 506
504 507
504 508
504 538
505 503
505 504
505 506
505 507
505 508
505 509
506 503
506 504
506 505
506 507
506 508
506 509
506 510
507 503
507 504
507 505
507 506
507 508
507 509
507 510
507 511
507 534
507 537
507 538
507 541
508 504
508 505
508 506
508 507
508 509
508 510
508 511
508 512
508 518
508 521
509 505
509 506
509 507
509 508
509 510
509 511
509 512
509 513
510 506
510 507
510 508
510 509
510 511
510 512
510 513
510 514
511 507
511 508
511 509
511 510
511 512
511 513
511 514
511 515
511 516
511 517
511 518
512 508
512 509
512 510
512 511
512 513
512 514
512 515
512 516
512 517
512 518
513 509
513 510
513 511
513 512
513 514
513 515
513 516
514 510
514 511
514 512
514 513
514 515
514 516
515 511
515 512
515 513
515 514
515 516
515 517
516 511
516 512
516 513
516 514
516 515
516 517
516 518
516 520
517 511
517 512
517 515
517 516
517 518
517 519
517 520
517 521
518 426
518 508
518 511
518 512
518 516
518 517
518 519
518 520
518 521
519 423
519 426
519 427
519 517
519 518
519 520
519 521
519 522
520 516
520 517
520 518
520 519
520 521
520 522
520 523
520 524
521 508
521 517
521 518
521 519
521 520
521 522
521 523
521 530
521 531
521 532
521 533
521 534
522 423
522 519
522 520
522 521
522 523
522 524
522 527
522 528
522 529
522 530
522 531
522 534
523 268
523 269
523 520
523 521
523 522
523 524
523 525
523 526
523 527
523 528
523 529
523 530
523 531
524 271
524 432
524 433
524 520
524 522
524 523
524 525
524 526
524 527
525 269
525 270
525 271
525 274
525 432
525 433
525 523
525 524
525 526
525 527
526 269
526 523
526 524
526 525
526 527
526 528
526 529
527 423
527 427
527 443
527 522
527 523
527 524
527 525
527 526
527 528
527 529
528 423
528 457
528 462
528 522
528 523
528 526
528 527
528 529
528 530
529 262
529 263
529 266
529 267
529 268
529 522
529 523
529 526
529 527
529 528
529 530
529 531
530 263
530 266
530 521
530 522
530 523
530 528
530 529
530 531
530 532
530 533
530 534
530 535
531 266
531 267
531 268
531 521
531 522
531 523
531 529
531 530
531 532
531 533
531 534
531 535
532 266
532 300
532 301
532 302
532 309
532 311
532 521
532 530
532 531
532 533
532 534
532 535
532 536
533 311
533 313
533 521
533 530
533 531
533 532
533 534
533 535
533 536
533 537
534 507
534 521
534 522
534 530
534 531
534 532
534 533
534 535
534 536
534 537
534 538
535 266
535 301
535 302
535 303
535 530
535 531
535 532
535 533
535 534
535 536
535 537
535 538
535 539
536 301
536 302
536 313
536 315
536 316
536 317
536 532
536 533
536 534
536 535
536 537
536 538
536 539
536 540
537 302
537 315
537 507
537 533
537 534
537 535
537 536
537 538
537 539
537 540
537 541
538 302
538 503
538 504
538 507
538 534
538 535
538 536
538 537
538 539
538 540
538 541
538 542
539 302
539 303
539 315
539 316
539 317
539 318
539 535
539 536
539 537
539 538
539 540
539 541
539 542
539 543
540 315
540 316
540 317
540 318
540 536
540 537
540 538
540 539
540 541
540 542
540 543
540 544
541 507
541 537
541 538
541 539
541 540
541 542
541 543
541 544
541 545
542 538
542 539
542 540
542 541
542 543
542 544
542 545
542 546
543 318
543 539
543 540
543 541
543 542
543 544
543 545
543 546
543 547
544 540
544 541
544 542
544 543
544 545
544 546
544 547
544 548
545 541
545 542
545 543
545 544
545 546
545 547
545 548
545 549
545 550
546 542
546 543
546 544
546 545
546 547
546 548
546 549
546 550
546 551
546 553
546 554
547 543
547 544
547 545
547 546
547 548
547 549
547 550
547 551
547 552
547 553
547 554
548 544
548 545
548 546
548 547
548 549
548 550
548 551
549 545
549 546
549 547
549 548
549 550
549 551
550 545
550 546
550 547
550 548
550 549
550 551
550 552
550 553
551 546
551 547
551 548
551 549
551 550
551 552
551 553
551 554
551 555
552 547
552 550
552 551
552 553
552 554
552 555
553 364
553 411
553 546
553 547
553 550
553 551
553 552
553 554
553 555
554 322
554 546
554 547
554 551
554 552
554 553
554 555
554 556
555 251
555 252
555 253
555 254
555 551
555 552
555 553
555 554
555 556
555 557
556 251
556 252
556 253
556 325
556 326
556 554
556 555
556 557
556 558
557 251
557 325
557 326
557 555
557 556
557 558
557 559
558 247
558 248
558 251
558 325
558 326
558 327
558 556
558 557
558 559
558 560
558 561
559 557
559 558
559 560
559 561
559 562
560 247
560 558
560 559
560 561
560 562
560 563
560 564
561 247
561 326
561 327
561 558
561 559
561 560
561 562
561 563
561 564
561 565
562 559
562 560
562 561
562 563
562 564
562 565
562 566
563 247
563 560
563 561
563 562
563 564
563 565
563 566
563 567
564 232
564 247
564 327
564 560
564 561
564 562
564 563
564 565
564 566
564 567
564 568
564 569
565 561
565 562
565 563
565 564
565 566
565 567
565 568
565 569
565 570
565 571
566 562
566 563
566 564
566 565
566 567
566 568
566 569
567 563
567 564
567 565
567 566
567 568
567 569
568 231
568 232
568 564
568 565
568 566
568 567
568 569
568 570
568 571
568 572
569 564
569 565
569 566
569 567
569 568
569 570
569 571
569 572
570 565
570 568
570 569
570 571
570 572
570 573
571 230
571 231
571 232
571 330
571 565
571 568
571 569
571 570
571 572
571 573
572 231
572 568
572 569
572 570
572 571
572 573
572 574
573 570
573 571
573 572
573 574
574 202
574 203
574 306
574 331
574 572
574 573
