0 1
0 2
1 0
1 2
1 3
2 0
2 1
2 3
2 4
3 1
3 2
3 4
3 5
4 2
4 3
4 5
4 6
5 3
5 4
5 6
5 7
6 4
6 5
6 7
6 8
7 5
7 6
7 8
7 9
8 6
8 7
8 9
8 10
9 7
9 8
9 10
9 11
10 8
10 9
10 11
10 12
11 9
11 10
11 12
11 13
12 10
12 11
12 13
12 14
13 11
13 12
13 14
13 15
14 12
14 13
14 15
14 16
15 13
15 14
15 16
15 17
16 14
16 15
16 17
16 18
17 15
17 16
17 18
17 19
18 16
18 17
18 19
18 20
19 17
19 18
19 20
19 21
20 18
20 19
20 21
20 22
21 19
21 20
21 22
21 23
22 20
22 21
22 23
22 24
23 21
23 22
23 24
23 25
24 22
24 23
24 25
24 26
25 23
25 24
25 26
25 27
26 24
26 25
26 27
26 28
27 25
27 26
27 28
27 29
28 26
28 27
28 29
28 30
29 27
29 28
29 30
29 31
30 28
30 29
30 31
30 32
31 29
31 30
31 32
31 33
32 30
32 31
32 33
32 34
33 31
33 32
33 34
33 35
34 32
34 33
34 35
34 36
35 33
35 34
35 36
35 37
36 34
36 35
36 37
36 38
36 40
37 35
37 36
37 38
37 39
37 40
38 36
38 37
38 39
38 40
39 37
39 38
39 40
39 41
40 36
40 37
40 38
40 39
40 41
40 42
41 39
41 40
41 42
41 43
42 40
42 41
42 43
42 44
42 45
42 84
42 85
43 41
43 42
43 44
43 45
43 59
43 60
43 61
44 42
44 43
44 45
44 46
44 57
44 58
44 59
44 60
44 81
45 42
45 43
45 44
45 46
45 47
45 57
45 58
45 59
45 85
46 44
46 45
46 47
46 48
46 49
46 52
46 53
46 54
46 55
46 56
46 57
46 58
47 45
47 46
47 48
47 49
47 52
47 54
47 55
47 56
47 57
47 58
48 46
48 47
48 49
48 50
48 55
48 56
49 46
49 47
49 48
49 50
49 51
49 52
49 53
49 54
49 55
49 56
50 48
50 49
50 51
50 52
50 53
50 54
50 55
50 157
50 158
50 159
50 160
51 49
51 50
51 52
51 53
51 54
51 55
51 157
51 158
51 159
52 46
52 47
52 49
52 50
52 51
52 53
52 54
52 55
52 157
53 46
53 49
53 50
53 51
53 52
53 54
53 55
53 82
53 85
53 87
53 153
53 154
53 155
53 156
53 157
53 158
54 46
54 47
54 49
54 50
54 51
54 52
54 53
54 55
54 56
54 151
54 152
54 153
54 154
54 157
55 46
55 47
55 48
55 49
55 50
55 51
55 52
55 53
55 54
55 56
55 57
55 151
55 152
55 153
56 46
56 47
56 48
56 49
56 54
56 55
56 57
56 58
56 67
56 68
56 149
56 150
56 151
56 152
57 44
57 45
57 46
57 47
57 55
57 56
57 58
57 59
57 67
57 68
57 149
57 150
57 151
57 152
58 44
58 45
58 46
58 47
58 56
58 57
58 59
58 60
58 65
58 66
58 67
58 68
59 43
59 44
59 45
59 57
59 58
59 60
59 61
59 65
59 66
59 67
59 68
59 124
59 138
60 43
60 44
60 58
60 59
60 61
60 62
60 63
60 64
60 65
60 66
61 43
61 59
61 60
61 62
61 63
61 64
61 65
61 66
61 140
62 60
62 61
62 63
62 64
63 60
63 61
63 62
63 64
63 65
64 60
64 61
64 62
64 63
64 65
64 66
65 58
65 59
65 60
65 61
65 63
65 64
65 66
65 67
66 58
66 59
66 60
66 61
66 64
66 65
66 67
66 68
66 123
66 124
67 56
67 57
67 58
67 59
67 65
67 66
67 68
67 69
67 123
67 124
67 149
67 150
68 56
68 57
68 58
68 59
68 66
68 67
68 69
68 70
68 123
68 124
68 125
68 126
68 149
68 150
69 67
69 68
69 70
69 71
69 72
69 73
69 123
69 124
69 125
69 126
69 142
69 143
69 147
69 148
69 149
69 150
70 68
70 69
70 71
70 72
70 73
70 94
70 95
70 96
70 125
70 147
70 148
70 149
70 150
70 151
71 69
71 70
71 72
71 73
71 95
71 143
71 147
71 148
71 149
71 150
72 69
72 70
72 71
72 73
72 74
72 125
72 126
72 127
73 69
73 70
73 71
73 72
73 74
73 75
73 77
73 78
73 93
73 95
73 125
73 126
73 127
73 150
74 72
74 73
74 75
74 76
74 77
74 78
74 93
75 73
75 74
75 76
75 77
75 78
75 79
75 90
75 92
75 93
76 74
76 75
76 77
76 78
76 79
76 80
76 128
76 129
76 130
76 131
76 132
77 73
77 74
77 75
77 76
77 78
77 79
77 80
77 81
77 126
77 127
77 128
77 130
77 131
77 136
78 73
78 74
78 75
78 76
78 77
78 79
78 80
78 81
78 82
78 90
78 92
78 93
78 131
78 152
79 75
79 76
79 77
79 78
79 80
79 81
79 82
79 83
79 89
79 90
79 131
79 132
80 76
80 77
80 78
80 79
80 81
80 82
80 83
80 84
80 128
80 130
80 131
80 132
80 133
80 136
81 44
81 77
81 78
81 79
81 80
81 82
81 83
81 84
81 85
81 133
82 53
82 78
82 79
82 80
82 81
82 83
82 84
82 85
82 86
82 87
82 88
82 89
82 90
82 154
83 79
83 80
83 81
83 82
83 84
83 85
83 86
83 87
83 88
83 89
83 132
83 133
84 42
84 80
84 81
84 82
84 83
84 85
84 86
84 87
84 132
84 133
85 42
85 45
85 53
85 81
85 82
85 83
85 84
85 86
85 87
86 82
86 83
86 84
86 85
86 87
86 88
87 53
87 82
87 83
87 84
87 85
87 86
87 88
87 89
87 154
87 155
87 156
87 157
88 82
88 83
88 86
88 87
88 89
88 90
88 154
88 155
88 156
89 79
89 82
89 83
89 87
89 88
89 90
89 91
89 154
89 155
89 156
90 75
90 78
90 79
90 82
90 88
90 89
90 91
90 92
90 93
90 152
90 153
90 154
90 155
91 89
91 90
91 92
91 93
91 152
91 153
91 154
91 155
92 75
92 78
92 90
92 91
92 93
92 94
92 152
92 153
92 154
93 73
93 74
93 75
93 78
93 90
93 91
93 92
93 94
93 95
93 150
93 151
93 152
93 153
94 70
94 92
94 93
94 95
94 96
94 150
94 151
94 152
95 70
95 71
95 73
95 93
95 94
95 96
95 97
95 148
95 149
95 150
95 151
96 70
96 94
96 95
96 97
96 98
96 148
96 149
96 150
96 151
97 95
97 96
97 98
97 99
97 100
97 147
97 148
97 149
98 96
98 97
98 99
98 100
98 146
98 147
98 148
98 149
99 97
99 98
99 100
99 101
100 97
100 98
100 99
100 101
100 102
101 99
101 100
101 102
101 103
102 100
102 101
102 103
102 104
103 101
103 102
103 104
103 105
103 106
104 102
104 103
104 105
104 106
105 103
105 104
105 106
105 107
106 103
106 104
106 105
106 107
106 108
107 105
107 106
107 108
107 109
107 110
108 106
108 107
108 109
108 110
109 107
109 108
109 110
109 111
110 107
110 108
110 109
110 111
110 112
111 109
111 110
111 112
111 113
112 110
112 111
112 113
112 114
113 111
113 112
113 114
113 115
114 112
114 113
114 115
114 116
115 113
115 114
115 116
115 117
116 114
116 115
116 117
116 118
117 115
117 116
117 118
117 119
118 116
118 117
118 119
118 120
119 117
119 118
119 120
119 121
120 118
120 119
120 121
120 122
120 144
120 145
121 119
121 120
121 122
121 123
121 141
121 144
121 145
122 120
122 121
122 123
122 124
122 140
122 141
122 142
122 143
122 144
122 145
123 66
123 67
123 68
123 69
123 121
123 122
123 124
123 125
123 140
123 141
123 142
123 143
123 144
123 145
123 147
124 59
124 66
124 67
124 68
124 69
124 122
124 123
124 125
124 126
124 138
124 139
124 140
124 141
124 142
124 143
125 68
125 69
125 70
125 72
125 73
125 123
125 124
125 126
125 127
125 138
125 139
125 140
125 141
125 142
125 143
126 68
126 69
126 72
126 73
126 77
126 124
126 125
126 127
126 128
126 136
126 137
126 138
126 139
127 72
127 73
127 77
127 125
127 126
127 128
127 129
127 136
127 137
127 138
127 139
128 76
128 77
128 80
128 126
128 127
128 129
128 130
128 131
128 132
128 133
128 135
128 136
128 137
129 76
129 127
129 128
129 130
129 131
129 135
129 136
130 76
130 77
130 80
130 128
130 129
130 131
130 132
130 135
130 136
131 76
131 77
131 78
131 79
131 80
131 128
131 129
131 130
131 132
131 133
131 135
132 76
132 79
132 80
132 83
132 84
132 128
132 130
132 131
132 133
132 134
132 135
132 136
133 80
133 81
133 83
133 84
133 128
133 131
133 132
133 134
133 135
133 136
134 132
134 133
134 135
134 136
135 128
135 129
135 130
135 131
135 132
135 133
135 134
135 136
135 137
136 77
136 80
136 126
136 127
136 128
136 129
136 130
136 132
136 133
136 134
136 135
136 137
136 138
137 126
137 127
137 128
137 135
137 136
137 138
137 139
138 59
138 124
138 125
138 126
138 127
138 136
138 137
138 139
138 140
139 124
139 125
139 126
139 127
139 137
139 138
139 140
139 141
139 142
140 61
140 122
140 123
140 124
140 125
140 138
140 139
140 141
140 142
141 121
141 122
141 123
141 124
141 125
141 139
141 140
141 142
141 143
142 69
142 122
142 123
142 124
142 125
142 139
142 140
142 141
142 143
142 144
143 69
143 71
143 122
143 123
143 124
143 125
143 141
143 142
143 144
143 145
143 147
144 120
144 121
144 122
144 123
144 142
144 143
144 145
144 146
144 147
145 120
145 121
145 122
145 123
145 143
145 144
145 146
145 147
146 98
146 144
146 145
146 147
146 148
147 69
147 70
147 71
147 97
147 98
147 123
147 143
147 144
147 145
147 146
147 148
147 149
148 69
148 70
148 71
148 95
148 96
148 97
148 98
148 146
148 147
148 149
148 150
149 56
149 57
149 67
149 68
149 69
149 70
149 71
149 95
149 96
149 97
149 98
149 147
149 148
149 150
149 151
150 56
150 57
150 67
150 68
150 69
150 70
150 71
150 73
150 93
150 94
150 95
150 96
150 148
150 149
150 151
150 152
151 54
151 55
151 56
151 57
151 70
151 93
151 94
151 95
151 96
151 149
151 150
151 152
151 153
152 54
152 55
152 56
152 57
152 78
152 90
152 91
152 92
152 93
152 94
152 150
152 151
152 153
152 154
153 53
153 54
153 55
153 90
153 91
153 92
153 93
153 151
153 152
153 154
153 155
153 157
154 53
154 54
154 82
154 87
154 88
154 89
154 90
154 91
154 92
154 152
154 153
154 155
154 156
154 157
155 53
155 87
155 88
155 89
155 90
155 91
155 153
155 154
155 156
155 157
155 178
155 179
156 53
156 87
156 88
156 89
156 154
156 155
156 157
156 158
156 177
156 178
157 50
157 51
157 52
157 53
157 54
157 87
157 153
157 154
157 155
157 156
157 158
157 159
157 176
157 177
157 178
157 179
158 50
158 51
158 53
158 156
158 157
158 159
158 160
158 175
158 176
158 177
158 178
159 50
159 51
159 157
159 158
159 160
159 161
159 175
159 176
159 177
160 50
160 158
160 159
160 161
160 162
160 173
160 174
160 175
160 176
160 197
160 201
161 159
161 160
161 162
161 163
161 173
161 174
161 175
161 201
162 160
162 161
162 163
162 164
162 165
162 168
162 169
162 170
162 171
162 172
162 173
162 174
162 255
162 256
163 161
163 162
163 164
163 165
163 170
163 171
163 172
163 173
163 174
164 162
164 163
164 165
164 166
164 167
164 170
164 171
164 172
164 215
164 216
165 162
165 163
165 164
165 166
165 167
165 168
165 169
165 170
165 171
165 172
165 215
166 164
166 165
166 167
166 168
166 170
166 171
166 263
167 164
167 165
167 166
167 168
167 169
167 170
167 261
167 262
167 263
168 162
168 165
168 166
168 167
168 169
168 170
168 261
168 262
169 162
169 165
169 167
169 168
169 170
169 171
169 198
169 201
169 203
169 256
169 257
169 258
169 259
169 260
169 261
170 162
170 163
170 164
170 165
170 166
170 167
170 168
170 169
170 171
170 172
170 255
170 256
170 257
170 258
170 261
171 162
171 163
171 164
171 165
171 166
171 169
171 170
171 172
171 173
171 215
171 255
171 256
171 257
172 162
172 163
172 164
172 165
172 170
172 171
172 173
172 174
172 183
172 215
172 216
172 217
172 218
172 253
172 254
172 255
172 256
173 160
173 161
173 162
173 163
173 171
173 172
173 174
173 175
173 183
173 184
173 253
173 254
173 255
173 256
174 160
174 161
174 162
174 163
174 172
174 173
174 175
174 176
174 181
174 182
174 183
174 184
175 158
175 159
175 160
175 161
175 173
175 174
175 176
175 177
175 181
175 182
175 183
175 184
175 223
176 157
176 158
176 159
176 160
176 174
176 175
176 177
176 178
176 179
176 180
176 181
176 182
177 156
177 157
177 158
177 159
177 175
177 176
177 178
177 179
177 180
177 181
177 182
177 223
178 155
178 156
178 157
178 158
178 176
178 177
178 179
178 180
179 155
179 157
179 176
179 177
179 178
179 180
179 181
180 176
180 177
180 178
180 179
180 181
180 182
180 221
181 174
181 175
181 176
181 177
181 179
181 180
181 182
181 183
181 220
181 221
182 174
182 175
182 176
182 177
182 180
182 181
182 183
182 184
182 218
182 219
182 220
182 221
182 222
182 223
183 172
183 173
183 174
183 175
183 181
183 182
183 184
183 185
183 218
183 219
183 220
183 221
183 222
183 223
183 224
183 250
183 253
183 254
184 173
184 174
184 175
184 182
184 183
184 185
184 186
184 222
184 223
184 224
184 225
184 226
184 227
184 253
184 254
185 183
185 184
185 186
185 187
185 189
185 212
185 222
185 224
185 225
185 226
185 227
185 248
185 249
185 250
185 252
185 253
185 254
186 184
186 185
186 187
186 188
186 189
186 210
186 211
186 212
186 225
186 226
186 252
186 253
186 254
186 255
187 185
187 186
187 188
187 189
187 225
187 226
187 227
187 252
187 499
188 186
188 187
188 189
188 190
188 226
188 227
188 228
188 499
188 503
189 185
189 186
189 187
189 188
189 190
189 191
189 193
189 194
189 209
189 210
189 211
189 226
189 227
189 228
189 254
189 503
190 188
190 189
190 191
190 192
190 193
190 194
190 209
190 228
190 503
190 506
190 507
191 189
191 190
191 192
191 193
191 194
191 195
191 206
191 207
191 208
191 209
192 190
192 191
192 193
192 194
192 195
192 196
192 206
192 228
192 229
192 230
192 231
193 189
193 190
193 191
193 192
193 194
193 195
193 196
193 197
193 209
193 227
193 228
193 229
193 230
193 231
193 236
194 189
194 190
194 191
194 192
194 193
194 195
194 196
194 197
194 198
194 206
194 208
194 209
194 255
194 256
194 257
194 258
195 191
195 192
195 193
195 194
195 196
195 197
195 198
195 199
195 205
195 206
195 231
195 258
196 192
196 193
196 194
196 195
196 197
196 198
196 199
196 200
196 229
196 231
196 232
196 233
196 234
196 235
196 236
197 160
197 193
197 194
197 195
197 196
197 198
197 199
197 200
197 201
197 206
197 235
197 236
197 256
198 169
198 194
198 195
198 196
198 197
198 199
198 200
198 201
198 202
198 203
198 204
198 205
198 206
198 256
198 257
198 258
199 195
199 196
199 197
199 198
199 200
199 201
199 202
199 203
199 204
199 205
199 234
200 196
200 197
200 198
200 199
200 201
200 202
200 203
200 234
200 235
201 160
201 161
201 169
201 197
201 198
201 199
201 200
201 202
201 203
202 198
202 199
202 200
202 201
202 203
202 204
203 169
203 198
203 199
203 200
203 201
203 202
203 204
203 205
203 258
203 259
203 260
203 261
204 198
204 199
204 202
204 203
204 205
204 206
204 258
204 259
204 260
205 195
205 198
205 199
205 203
205 204
205 206
205 207
205 258
205 259
206 191
206 192
206 194
206 195
206 197
206 198
206 204
206 205
206 207
206 208
206 209
206 256
206 257
206 258
206 259
207 191
207 205
207 206
207 208
207 209
207 256
207 257
207 258
207 259
207 282
207 283
208 191
208 194
208 206
208 207
208 209
208 210
208 256
208 257
208 258
209 189
209 190
209 191
209 193
209 194
209 206
209 207
209 208
209 210
209 211
209 254
209 255
209 256
209 257
210 186
210 189
210 208
210 209
210 211
210 212
210 214
210 254
210 255
210 256
210 257
211 186
211 189
211 209
211 210
211 212
211 213
211 214
211 252
211 253
211 254
211 255
211 500
212 185
212 186
212 210
212 211
212 213
212 214
212 215
212 217
212 250
212 251
212 252
212 253
212 254
212 255
213 211
213 212
213 214
213 215
213 216
213 217
213 251
213 252
213 253
214 210
214 211
214 212
214 213
214 215
214 216
214 255
215 164
215 165
215 171
215 172
215 212
215 213
215 214
215 216
215 217
215 255
216 164
216 172
216 213
216 214
216 215
216 217
216 218
217 172
217 212
217 213
217 215
217 216
217 218
217 219
217 250
217 251
217 252
217 253
218 172
218 182
218 183
218 216
218 217
218 219
218 220
218 250
218 253
219 182
219 183
219 217
219 218
219 220
219 221
219 250
220 181
220 182
220 183
220 218
220 219
220 221
220 222
221 180
221 181
221 182
221 183
221 219
221 220
221 222
221 223
221 244
222 182
222 183
222 184
222 185
222 220
222 221
222 223
222 224
222 225
222 244
222 246
222 248
222 249
222 250
223 175
223 177
223 182
223 183
223 184
223 221
223 222
223 224
223 225
223 243
223 244
224 183
224 184
224 185
224 222
224 223
224 225
224 226
224 227
224 241
224 242
224 243
224 244
225 184
225 185
225 186
225 187
225 222
225 223
225 224
225 226
225 227
225 241
225 242
225 243
225 244
225 245
225 246
225 247
225 248
226 184
226 185
226 186
226 187
226 188
226 189
226 224
226 225
226 227
226 228
226 241
226 242
226 243
227 184
227 185
227 187
227 188
227 189
227 193
227 224
227 225
227 226
227 228
227 229
227 239
227 240
227 241
227 242
228 188
228 189
228 190
228 192
228 193
228 226
228 227
228 229
228 230
228 239
228 240
228 241
229 192
229 193
229 196
229 227
229 228
229 230
229 231
229 232
229 233
229 236
229 239
229 240
230 192
230 193
230 228
230 229
230 231
230 232
230 233
230 239
231 192
231 193
231 195
231 196
231 229
231 230
231 232
231 233
232 196
232 229
232 230
232 231
232 233
232 234
233 196
233 229
233 230
233 231
233 232
233 234
233 235
233 236
233 238
233 239
234 196
234 199
234 200
234 232
234 233
234 235
234 236
234 238
235 196
235 197
235 200
235 233
235 234
235 236
235 237
235 238
235 239
236 193
236 196
236 197
236 229
236 233
236 234
236 235
236 237
236 238
236 239
237 235
237 236
237 238
237 239
237 240
238 233
238 234
238 235
238 236
238 237
238 239
238 240
239 227
239 228
239 229
239 230
239 233
239 235
239 236
239 237
239 238
239 240
239 241
240 227
240 228
240 229
240 237
240 238
240 239
240 241
240 242
241 224
241 225
241 226
241 227
241 228
241 239
241 240
241 242
241 243
242 224
242 225
242 226
242 227
242 240
242 241
242 243
242 244
242 245
243 223
243 224
243 225
243 226
243 241
243 242
243 244
243 245
244 221
244 222
244 223
244 224
244 225
244 242
244 243
244 245
244 246
244 247
244 248
245 225
245 242
245 243
245 244
245 246
245 247
245 248
246 222
246 225
246 244
246 245
246 247
246 248
246 249
247 225
247 244
247 245
247 246
247 248
247 249
248 185
248 222
248 225
248 244
248 245
248 246
248 247
248 249
248 250
248 252
249 185
249 222
249 246
249 247
249 248
249 250
249 251
249 252
249 253
250 183
250 185
250 212
250 217
250 218
250 219
250 222
250 248
250 249
250 251
250 252
250 253
251 212
251 213
251 217
251 249
251 250
251 252
251 253
252 185
252 186
252 187
252 211
252 212
252 213
252 217
252 248
252 249
252 250
252 251
252 253
252 254
253 172
253 173
253 183
253 184
253 185
253 186
253 211
253 212
253 213
253 217
253 218
253 249
253 250
253 251
253 252
253 254
253 255
254 172
254 173
254 183
254 184
254 185
254 186
254 189
254 209
254 210
254 211
254 212
254 252
254 253
254 255
254 256
255 162
255 170
255 171
255 172
255 173
255 186
255 194
255 209
255 210
255 211
255 212
255 214
255 215
255 253
255 254
255 256
255 257
256 162
256 169
256 170
256 171
256 172
256 173
256 194
256 197
256 198
256 206
256 207
256 208
256 209
256 210
256 254
256 255
256 257
256 258
257 169
257 170
257 171
257 194
257 198
257 206
257 207
257 208
257 209
257 210
257 255
257 256
257 258
257 259
257 261
258 169
258 170
258 194
258 195
258 198
258 203
258 204
258 205
258 206
258 207
258 208
258 256
258 257
258 259
258 260
258 261
258 282
258 283
259 169
259 203
259 204
259 205
259 206
259 207
259 257
259 258
259 260
259 261
259 281
259 282
259 283
260 169
260 203
260 204
260 258
260 259
260 261
260 262
260 281
260 282
261 167
261 168
261 169
261 170
261 203
261 257
261 258
261 259
261 260
261 262
261 263
261 280
261 281
261 282
262 167
262 168
262 260
262 261
262 263
262 264
262 279
262 280
262 281
262 337
263 166
263 167
263 261
263 262
263 264
263 265
263 279
263 280
263 281
264 262
264 263
264 265
264 266
264 277
264 278
264 279
264 280
264 305
265 263
265 264
265 266
265 267
265 272
265 277
265 278
265 279
265 305
266 264
266 265
266 267
266 268
266 269
266 271
266 272
266 273
266 274
266 275
266 276
266 277
266 278
267 265
267 266
267 268
267 269
267 271
267 272
267 274
267 275
267 276
267 277
267 278
268 266
268 267
268 269
268 270
268 274
268 275
268 276
269 266
269 267
269 268
269 270
269 271
269 272
269 273
269 274
269 275
269 276
270 268
270 269
270 271
270 272
270 273
270 274
270 275
270 362
270 363
270 364
271 266
271 267
271 269
271 270
271 272
271 273
271 274
271 275
271 362
271 363
272 265
272 266
272 267
272 269
272 270
272 271
272 273
272 274
272 275
272 362
273 266
273 269
273 270
273 271
273 272
273 274
273 275
273 302
273 305
273 307
273 358
273 359
273 360
273 361
273 362
274 266
274 267
274 268
274 269
274 270
274 271
274 272
274 273
274 275
274 276
274 356
274 357
274 358
274 359
274 362
275 266
275 267
275 268
275 269
275 270
275 271
275 272
275 273
275 274
275 276
275 277
275 356
275 357
275 358
276 266
276 267
276 268
276 269
276 274
276 275
276 277
276 278
276 287
276 316
276 354
276 355
276 356
276 357
277 264
277 265
277 266
277 267
277 275
277 276
277 278
277 279
277 287
277 288
277 354
277 355
277 356
277 357
278 264
278 265
278 266
278 267
278 276
278 277
278 279
278 280
278 285
278 286
278 287
278 288
279 262
279 263
279 264
279 265
279 277
279 278
279 280
279 281
279 285
279 286
279 287
279 288
279 325
280 261
280 262
280 263
280 264
280 278
280 279
280 281
280 282
280 283
280 284
280 285
280 286
281 259
281 260
281 261
281 262
281 263
281 279
281 280
281 282
281 283
281 284
281 285
281 286
282 207
282 258
282 259
282 260
282 261
282 280
282 281
282 283
282 284
283 207
283 258
283 259
283 280
283 281
283 282
283 284
283 285
284 280
284 281
284 282
284 283
284 285
284 286
284 322
285 278
285 279
285 280
285 281
285 283
285 284
285 286
285 287
285 321
285 322
285 323
286 278
286 279
286 280
286 281
286 284
286 285
286 287
286 288
286 321
286 322
286 323
286 324
286 325
287 276
287 277
287 278
287 279
287 285
287 286
287 288
287 289
287 319
287 320
287 321
287 322
287 323
287 324
287 325
287 354
287 355
288 277
288 278
288 279
288 286
288 287
288 289
288 290
288 324
288 325
288 326
288 327
288 354
288 355
289 287
289 288
289 290
289 291
289 292
289 293
289 324
289 325
289 326
289 327
289 349
289 352
289 353
289 354
289 355
290 288
290 289
290 291
290 292
290 293
290 316
290 352
290 353
290 354
290 355
290 356
291 289
291 290
291 292
291 293
291 348
291 349
291 352
291 353
292 289
292 290
292 291
292 293
292 294
292 326
292 327
292 328
293 289
293 290
293 291
293 292
293 294
293 295
293 296
293 297
293 298
293 327
293 328
293 355
294 292
294 293
294 295
294 296
294 297
294 298
295 293
295 294
295 296
295 297
295 298
295 299
295 310
295 331
296 293
296 294
296 295
296 297
296 298
296 299
296 300
296 328
296 329
296 330
296 331
297 293
297 294
297 295
297 296
297 298
297 299
297 300
297 301
297 327
297 328
297 329
297 330
297 331
297 336
298 293
298 294
298 295
298 296
298 297
298 299
298 300
298 301
298 302
298 310
298 313
298 357
299 295
299 296
299 297
299 298
299 300
299 301
299 302
299 303
299 309
299 310
299 331
300 296
300 297
300 298
300 299
300 301
300 302
300 303
300 304
300 329
300 331
300 332
300 333
300 334
300 335
300 336
301 297
301 298
301 299
301 300
301 302
301 303
301 304
301 305
301 335
301 336
302 273
302 298
302 299
302 300
302 301
302 303
302 304
302 305
302 306
302 307
302 308
302 309
302 310
302 359
303 299
303 300
303 301
303 302
303 304
303 305
303 306
303 307
303 308
303 309
303 334
303 335
304 300
304 301
304 302
304 303
304 305
304 306
304 307
304 334
304 335
304 336
305 264
305 265
305 273
305 301
305 302
305 303
305 304
305 306
305 307
306 302
306 303
306 304
306 305
306 307
306 308
307 273
307 302
307 303
307 304
307 305
307 306
307 308
307 309
307 359
307 360
307 361
307 362
308 302
308 303
308 306
308 307
308 309
308 310
308 359
308 360
308 361
309 299
309 302
309 303
309 307
309 308
309 310
309 311
309 359
309 360
309 361
310 295
310 298
310 299
310 302
310 308
310 309
310 311
310 312
310 313
310 357
310 358
310 359
310 360
311 309
311 310
311 312
311 313
311 357
311 358
311 359
311 360
312 310
312 311
312 313
312 314
312 357
312 358
312 359
313 298
313 310
313 311
313 312
313 314
313 315
313 355
313 356
313 357
313 358
314 312
314 313
314 315
314 316
314 355
314 356
314 357
314 358
315 313
315 314
315 316
315 317
315 353
315 355
315 356
316 276
316 290
316 314
316 315
316 317
316 318
316 353
316 354
316 355
316 356
317 315
317 316
317 318
317 319
317 353
317 354
317 355
318 316
318 317
318 319
318 320
318 352
318 353
318 354
319 287
319 317
319 318
319 320
319 321
319 324
319 353
319 354
320 287
320 318
320 319
320 321
320 322
320 354
321 285
321 286
321 287
321 319
321 320
321 322
321 323
321 324
322 284
322 285
322 286
322 287
322 320
322 321
322 323
322 324
323 285
323 286
323 287
323 321
323 322
323 324
323 325
323 343
323 344
324 286
324 287
324 288
324 289
324 319
324 321
324 322
324 323
324 325
324 326
324 343
324 344
324 345
324 349
325 279
325 286
325 287
325 288
325 289
325 323
325 324
325 326
325 327
325 341
325 342
325 343
325 344
325 345
325 349
326 288
326 289
326 292
326 324
326 325
326 327
326 328
326 341
326 342
326 343
326 345
326 348
326 349
327 288
327 289
327 292
327 293
327 297
327 325
327 326
327 328
327 329
327 336
327 339
327 340
327 341
327 342
328 292
328 293
328 296
328 297
328 326
328 327
328 329
328 330
328 339
328 340
328 341
329 296
329 297
329 300
329 327
329 328
329 330
329 331
329 332
329 333
329 336
329 339
329 340
330 296
330 297
330 328
330 329
330 331
330 332
330 333
330 339
331 295
331 296
331 297
331 299
331 300
331 329
331 330
331 332
331 333
332 300
332 329
332 330
332 331
332 333
332 334
333 300
333 329
333 330
333 331
333 332
333 334
333 335
333 336
333 338
333 339
334 300
334 303
334 304
334 332
334 333
334 335
334 336
334 338
335 300
335 301
335 303
335 304
335 333
335 334
335 336
335 337
335 338
335 339
336 297
336 300
336 301
336 304
336 327
336 329
336 333
336 334
336 335
336 337
336 338
336 339
337 262
337 335
337 336
337 338
337 339
337 340
337 341
338 333
338 334
338 335
338 336
338 337
338 339
338 340
339 327
339 328
339 329
339 330
339 333
339 335
339 336
339 337
339 338
339 340
339 341
340 327
340 328
340 329
340 337
340 338
340 339
340 341
340 342
340 573
341 325
341 326
341 327
341 328
341 337
341 339
341 340
341 342
341 343
341 573
342 325
342 326
342 327
342 340
342 341
342 343
342 344
342 345
343 323
343 324
343 325
343 326
343 341
343 342
343 344
343 345
344 323
344 324
344 325
344 342
344 343
344 345
344 346
344 349
345 324
345 325
345 326
345 342
345 343
345 344
345 346
345 347
345 348
345 349
346 344
346 345
346 347
346 348
346 349
346 350
347 345
347 346
347 348
347 349
347 350
348 291
348 326
348 345
348 346
348 347
348 349
348 350
349 289
349 291
349 324
349 325
349 326
349 344
349 345
349 346
349 347
349 348
349 350
349 351
349 352
350 346
350 347
350 348
350 349
350 351
350 352
351 349
351 350
351 352
351 353
352 289
352 290
352 291
352 318
352 349
352 350
352 351
352 353
352 354
353 289
353 290
353 291
353 315
353 316
353 317
353 318
353 319
353 351
353 352
353 354
353 355
354 276
354 277
354 287
354 288
354 289
354 290
354 316
354 317
354 318
354 319
354 320
354 352
354 353
354 355
354 356
355 276
355 277
355 287
355 288
355 289
355 290
355 293
355 313
355 314
355 315
355 316
355 317
355 353
355 354
355 356
355 357
356 274
356 275
356 276
356 277
356 290
356 313
356 314
356 315
356 316
356 354
356 355
356 357
356 358
357 274
357 275
357 276
357 277
357 298
357 310
357 311
357 312
357 313
357 314
357 355
357 356
357 358
357 359
358 273
358 274
358 275
358 310
358 311
358 312
358 313
358 314
358 356
358 357
358 359
358 360
358 362
359 273
359 274
359 302
359 307
359 308
359 309
359 310
359 311
359 312
359 357
359 358
359 360
359 361
359 362
360 273
360 307
360 308
360 309
360 310
360 311
360 358
360 359
360 361
360 362
360 365
361 273
361 307
361 308
361 309
361 359
361 360
361 362
361 363
361 365
362 270
362 271
362 272
362 273
362 274
362 307
362 358
362 359
362 360
362 361
362 363
362 364
362 365
362 366
363 270
363 271
363 361
363 362
363 364
363 365
363 366
363 367
364 270
364 362
364 363
364 365
364 366
364 367
364 368
365 360
365 361
365 362
365 363
365 364
365 366
365 367
365 368
365 369
366 362
366 363
366 364
366 365
366 367
366 368
366 369
367 363
367 364
367 365
367 366
367 368
367 369
367 370
368 364
368 365
368 366
368 367
368 369
368 370
368 371
369 365
369 366
369 367
369 368
369 370
369 371
370 367
370 368
370 369
370 371
370 372
371 368
371 369
371 370
371 372
371 373
372 370
372 371
372 373
372 374
373 371
373 372
373 374
373 375
374 372
374 373
374 375
374 376
375 373
375 374
375 376
375 377
376 374
376 375
376 377
376 378
377 375
377 376
377 378
377 379
378 376
378 377
378 379
378 380
379 377
379 378
379 380
379 381
380 378
380 379
380 381
380 382
381 379
381 380
381 382
381 383
382 380
382 381
382 383
382 384
383 381
383 382
383 384
383 385
384 382
384 383
384 385
384 386
385 383
385 384
385 386
385 387
386 384
386 385
386 387
386 388
387 385
387 386
387 388
387 389
388 386
388 387
388 389
388 390
389 387
389 388
389 390
389 391
390 388
390 389
390 391
390 392
391 389
391 390
391 392
391 393
392 390
392 391
392 393
392 394
392 395
392 396
393 391
393 392
393 394
393 395
393 396
393 397
394 392
394 393
394 395
394 396
394 397
394 398
395 392
395 393
395 394
395 396
395 397
395 398
395 399
396 392
396 393
396 394
396 395
396 397
396 398
396 399
396 400
397 393
397 394
397 395
397 396
397 398
397 399
397 400
397 401
398 394
398 395
398 396
398 397
398 399
398 400
398 401
398 402
399 395
399 396
399 397
399 398
399 400
399 401
399 402
399 403
400 396
400 397
400 398
400 399
400 401
400 402
400 403
400 404
401 397
401 398
401 399
401 400
401 402
401 403
401 404
401 405
402 398
402 399
402 400
402 401
402 403
402 404
402 405
402 406
403 399
403 400
403 401
403 402
403 404
403 405
403 406
403 407
404 400
404 401
404 402
404 403
404 405
404 406
404 407
404 408
405 401
405 402
405 403
405 404
405 406
405 407
405 408
405 409
406 402
406 403
406 404
406 405
406 407
406 408
406 409
406 410
407 403
407 404
407 405
407 406
407 408
407 409
407 410
407 411
408 404
408 405
408 406
408 407
408 409
408 410
408 411
408 412
409 405
409 406
409 407
409 408
409 410
409 411
409 412
409 413
410 406
410 407
410 408
410 409
410 411
410 412
410 413
410 414
411 407
411 408
411 409
411 410
411 412
411 413
411 414
411 415
412 408
412 409
412 410
412 411
412 413
412 414
412 415
412 416
413 409
413 410
413 411
413 412
413 414
413 415
413 416
413 417
414 410
414 411
414 412
414 413
414 415
414 416
414 417
414 418
415 411
415 412
415 413
415 414
415 416
415 417
415 418
415 419
416 412
416 413
416 414
416 415
416 417
416 418
416 419
416 420
417 413
417 414
417 415
417 416
417 418
417 419
417 420
417 421
418 414
418 415
418 416
418 417
418 419
418 420
418 421
418 422
419 415
419 416
419 417
419 418
419 420
419 421
419 422
419 423
420 416
420 417
420 418
420 419
420 421
420 422
420 423
420 424
421 417
421 418
421 419
421 420
421 422
421 423
421 424
421 425
422 418
422 419
422 420
422 421
422 423
422 424
422 425
422 426
423 419
423 420
423 421
423 422
423 424
423 425
423 426
423 427
424 420
424 421
424 422
424 423
424 425
424 426
424 427
424 428
425 421
425 422
425 423
425 424
425 426
425 427
425 428
425 429
426 422
426 423
426 424
426 425
426 427
426 428
426 429
427 423
427 424
427 425
427 426
427 428
427 429
428 424
428 425
428 426
428 427
428 429
428 430
429 425
429 426
429 427
429 428
429 430
429 431
430 428
430 429
430 431
430 432
431 429
431 430
431 432
431 433
432 430
432 431
432 433
432 434
433 431
433 432
433 434
433 435
434 432
434 433
434 435
434 436
435 433
435 434
435 436
435 437
436 434
436 435
436 437
436 438
437 435
437 436
437 438
437 439
438 436
438 437
438 439
438 440
439 437
439 438
439 440
439 441
440 438
440 439
440 441
440 442
441 439
441 440
441 442
441 443
442 440
442 441
442 443
442 444
443 441
443 442
443 444
443 445
444 442
444 443
444 445
444 446
445 443
445 444
445 446
445 447
446 444
446 445
446 447
446 448
447 445
447 446
447 448
447 449
448 446
448 447
448 449
448 450
449 447
449 448
449 450
449 451
450 448
450 449
450 451
450 452
451 449
451 450
451 452
451 453
452 450
452 451
452 453
452 454
453 451
453 452
453 454
453 455
454 452
454 453
454 455
454 456
455 453
455 454
455 456
455 457
456 454
456 455
456 457
456 458
457 455
457 456
457 458
457 459
458 456
458 457
458 459
458 460
459 457
459 458
459 460
459 461
460 458
460 459
460 461
460 462
461 459
461 460
461 462
461 463
462 460
462 461
462 463
462 464
463 461
463 462
463 464
463 465
464 462
464 463
464 465
464 466
465 463
465 464
465 466
465 467
466 464
466 465
466 467
466 468
467 465
467 466
467 468
467 469
468 466
468 467
468 469
468 470
469 467
469 468
469 470
469 471
470 468
470 469
470 471
470 472
471 469
471 470
471 472
471 473
472 470
472 471
472 473
472 474
473 471
473 472
473 474
473 475
474 472
474 473
474 475
474 476
475 473
475 474
475 476
475 477
476 474
476 475
476 477
476 478
477 475
477 476
477 478
477 479
478 476
478 477
478 479
478 480
479 477
479 478
479 480
479 481
480 478
480 479
480 481
480 482
481 479
481 480
481 482
481 483
482 480
482 481
482 483
482 484
483 481
483 482
483 484
483 485
484 482
484 483
484 485
484 486
485 483
485 484
485 486
485 487
486 484
486 485
486 487
486 488
487 485
487 486
487 488
487 489
488 486
488 487
488 489
488 490
489 487
489 488
489 490
489 491
489 492
490 488
490 489
490 491
490 492
490 493
491 489
491 490
491 492
491 493
492 489
492 490
492 491
492 493
492 494
493 490
493 491
493 492
493 494
493 495
494 492
494 493
494 495
494 496
494 497
494 498
495 493
495 494
495 496
495 497
495 498
495 499
496 494
496 495
496 497
496 498
496 499
496 500
497 494
497 495
497 496
497 498
497 499
497 500
497 501
498 494
498 495
498 496
498 497
498 499
498 500
498 501
498 502
499 187
499 188
499 495
499 496
499 497
499 498
499 500
499 501
499 502
499 503
500 211
500 496
500 497
500 498
500 499
500 501
500 502
500 503
500 504
501 497
501 498
501 499
501 500
501 502
501 503
501 504
501 505
502 498
502 499
502 500
502 501
502 503
502 504
502 505
502 506
503 188
503 189
503 190
503 499
503 500
503 501
503 502
503 504
503 505
503 506
503 507
504 500
504 501
504 502
504 503
504 505
504 506
504 507
504 508
505 501
505 502
505 503
505 504
505 506
505 507
505 508
506 190
506 502
506 503
506 504
506 505
506 507
506 508
506 509
507 190
507 503
507 504
507 505
507 506
507 508
507 509
508 504
508 505
508 506
508 507
508 509
508 510
509 506
509 507
509 508
509 510
509 511
509 512
509 513
509 514
510 508
510 509
510 511
510 512
510 513
510 514
511 509
511 510
511 512
511 513
511 514
511 515
512 509
512 510
512 511
512 513
512 514
512 515
512 516
513 509
513 510
513 511
513 512
513 514
513 515
513 516
513 517
514 509
514 510
514 511
514 512
514 513
514 515
514 516
514 517
514 518
515 511
515 512
515 513
515 514
515 516
515 517
515 518
515 519
516 512
516 513
516 514
516 515
516 517
516 518
516 519
516 520
517 513
517 514
517 515
517 516
517 518
517 519
517 520
518 514
518 515
518 516
518 517
518 519
518 520
518 521
519 515
519 516
519 517
519 518
519 520
519 521
520 516
520 517
520 518
520 519
520 521
520 522
521 518
521 519
521 520
521 522
521 523
521 524
522 520
522 521
522 523
522 524
523 521
523 522
523 524
523 525
524 521
524 522
524 523
524 525
524 526
525 523
525 524
525 526
525 527
525 528
526 524
526 525
526 527
526 528
527 525
527 526
527 528
527 529
528 525
528 526
528 527
528 529
528 530
529 527
529 528
529 530
529 531
530 528
530 529
530 531
530 532
531 529
531 530
531 532
531 533
532 530
532 531
532 533
532 534
533 531
533 532
533 534
533 535
534 532
534 533
534 535
534 536
535 533
535 534
535 536
535 537
536 534
536 535
536 537
536 538
537 535
537 536
537 538
537 539
538 536
538 537
538 539
538 540
539 537
539 538
539 540
539 541
540 538
540 539
540 541
540 542
541 539
541 540
541 542
541 543
542 540
542 541
542 543
542 544
543 541
543 542
543 544
543 545
544 542
544 543
544 545
544 546
545 543
545 544
545 546
545 547
546 544
546 545
546 547
546 548
547 545
547 546
547 548
547 549
548 546
548 547
548 549
548 550
549 547
549 548
549 550
549 551
550 548
550 549
550 551
550 552
551 549
551 550
551 552
551 553
552 550
552 551
552 553
552 554
553 551
553 552
553 554
553 555
554 552
554 553
554 555
554 556
555 553
555 554
555 556
555 557
556 554
556 555
556 557
556 558
557 555
557 556
557 558
557 559
558 556
558 557
558 559
558 560
559 557
559 558
559 560
559 561
560 558
560 559
560 561
560 562
561 559
561 560
561 562
561 563
562 560
562 561
562 563
562 564
563 561
563 562
563 564
563 565
564 562
564 563
564 565
564 566
565 563
565 564
565 566
565 567
566 564
566 565
566 567
566 568
567 565
567 566
567 568
567 569
568 566
568 567
568 569
568 570
569 567
569 568
569 570
569 571
570 568
570 569
570 571
570 572
571 569
571 570
571 572
571 573
572 570
572 571
572 573
572 574
573 340
573 341
573 571
573 572
573 574
573 575
574 572
574 573
574 575
574 576
575 573
575 574
575 576
575 577
575 578
576 574
576 575
576 577
576 578
577 575
577 576
577 578
577 579
578 575
578 576
578 577
578 579
578 580
578 581
579 577
579 578
579 580
579 581
579 582
580 578
580 579
580 581
580 582
581 578
581 579
581 580
581 582
581 583
582 579
582 580
582 581
582 583
582 584
583 581
583 582
583 584
583 585
583 586
584 582
584 583
584 585
584 586
584 587
585 583
585 584
585 586
585 587
585 588
586 583
586 584
586 585
586 587
586 588
587 584
587 585
587 586
587 588
587 589
588 585
588 586
588 587
588 589
588 590
589 587
589 588
589 590
589 591
590 588
590 589
590 591
590 592
591 589
591 590
591 592
591 593
592 590
592 591
592 593
592 594
593 591
593 592
593 594
593 595
594 592
594 593
594 595
594 596
595 593
595 594
595 596
595 597
596 594
596 595
596 597
596 598
597 595
597 596
597 598
597 599
598 596
598 597
598 599
598 600
599 597
599 598
599 600
599 601
600 598
600 599
600 601
600 602
601 599
601 600
601 602
601 603
602 600
602 601
602 603
602 604
603 601
603 602
603 604
603 605
604 602
604 603
604 605
604 606
605 603
605 604
605 606
605 607
606 604
606 605
606 607
606 608
607 605
607 606
607 608
607 609
608 606
608 607
608 609
608 610
609 607
609 608
609 610
609 611
610 608
610 609
610 611
610 612
611 609
611 610
611 612
611 613
612 610
612 611
612 613
612 614
613 611
613 612
613 614
613 615
614 612
614 613
614 615
614 616
615 613
615 614
615 616
615 617
616 614
616 615
616 617
616 618
617 615
617 616
617 618
617 619
618 616
618 617
618 619
618 620
619 617
619 618
619 620
619 621
620 618
620 619
620 621
620 622
621 619
621 620
621 622
621 623
622 620
622 621
622 623
622 624
623 621
623 622
623 624
623 625
624 622
624 623
624 625
624 626
624 627
625 623
625 624
625 626
625 627
626 624
626 625
626 627
626 628
626 629
627 624
627 625
627 626
627 628
627 629
628 626
628 627
628 629
628 630
628 631
629 626
629 627
629 628
629 630
629 631
630 628
630 629
630 631
630 632
631 628
631 629
631 630
631 632
631 633
632 630
632 631
632 633
632 634
633 631
633 632
633 634
633 635
634 632
634 633
634 635
634 636
635 633
635 634
635 636
635 637
636 634
636 635
636 637
636 638
637 635
637 636
637 638
637 639
638 636
638 637
638 639
638 640
639 637
639 638
639 640
639 641
640 638
640 639
640 641
640 642
641 639
641 640
641 642
641 643
642 640
642 641
642 643
642 644
643 641
643 642
643 644
643 645
644 642
644 643
644 645
644 646
645 643
645 644
645 646
645 647
646 644
646 645
646 647
646 648
647 645
647 646
647 648
647 649
648 646
648 647
648 649
648 650
649 647
649 648
649 650
649 651
650 648
650 649
650 651
650 652
651 649
651 650
651 652
651 653
652 650
652 651
652 653
652 654
653 651
653 652
653 654
653 655
654 652
654 653
654 655
654 656
655 653
655 654
655 656
655 657
656 654
656 655
656 657
656 658
657 655
657 656
657 658
657 659
658 656
658 657
658 659
658 660
659 657
659 658
659 660
659 661
660 658
660 659
660 661
660 662
661 659
661 660
661 662
661 663
662 660
662 661
662 663
662 664
663 661
663 662
663 664
663 665
664 662
664 663
664 665
664 666
665 663
665 664
665 666
665 667
666 664
666 665
666 667
667 665
667 666
