0 1
0 2
1 0
1 2
1 3
2 0
2 1
2 3
2 4
3 1
3 2
3 4
3 5
4 2
4 3
4 5
4 6
5 3
5 4
5 6
5 7
6 4
6 5
6 7
6 8
7 5
7 6
7 8
7 9
8 6
8 7
8 9
8 10
9 7
9 8
9 10
9 11
10 8
10 9
10 11
10 12
11 9
11 10
11 12
11 13
12 10
12 11
12 13
12 14
13 11
13 12
13 14
13 15
14 12
14 13
14 15
14 16
15 13
15 14
15 16
15 17
16 14
16 15
16 17
16 18
17 15
17 16
17 18
17 19
18 16
18 17
18 19
18 20
19 17
19 18
19 20
19 21
20 18
20 19
20 21
20 22
21 19
21 20
21 22
21 23
22 20
22 21
22 23
22 24
23 21
23 22
23 24
23 25
24 22
24 23
24 25
24 26
25 23
25 24
25 26
25 27
26 24
26 25
26 27
26 28
27 25
27 26
27 28
27 29
28 26
28 27
28 29
28 30
29 27
29 28
29 30
29 31
30 28
30 29
30 31
30 32
30 33
31 29
31 30
31 32
31 33
32 30
32 31
32 33
32 34
32 35
33 30
33 31
33 32
33 34
33 35
33 36
34 32
34 33
34 35
34 36
35 32
35 33
35 34
35 36
35 37
35 38
36 33
36 34
36 35
36 37
36 38
37 35
37 36
37 38
37 39
37 40
38 35
38 36
38 37
38 39
38 40
39 37
39 38
39 40
39 41
39 42
40 37
40 38
40 39
40 41
40 42
40 45
40 46
40 47
40 48
41 39
41 40
41 42
41 43
41 45
41 46
41 47
42 39
42 40
42 41
42 43
42 44
42 45
42 46
42 47
43 41
43 42
43 44
43 45
43 46
44 42
44 43
44 45
44 46
45 40
45 41
45 42
45 43
45 44
45 46
45 47
46 40
46 41
46 42
46 43
46 44
46 45
46 47
46 48
47 40
47 41
47 42
47 45
47 46
47 48
47 49
48 40
48 46
48 47
48 49
48 50
48 51
48 52
49 47
49 48
49 50
49 51
50 48
50 49
50 51
50 52
51 48
51 49
51 50
51 52
51 53
52 48
52 50
52 51
52 53
52 54
52 55
53 51
53 52
53 54
53 55
54 52
54 53
54 55
54 56
55 52
55 53
55 54
55 56
55 57
55 59
55 60
56 54
56 55
56 57
56 58
56 59
56 60
57 55
57 56
57 58
57 59
57 60
57 61
58 56
58 57
58 59
58 60
58 61
58 62
59 55
59 56
59 57
59 58
59 60
59 61
59 62
59 63
60 55
60 56
60 57
60 58
60 59
60 61
60 62
60 63
60 64
60 65
60 66
61 57
61 58
61 59
61 60
61 62
61 63
61 64
61 65
61 66
62 58
62 59
62 60
62 61
62 63
62 64
62 65
63 59
63 60
63 61
63 62
63 64
63 65
64 60
64 61
64 62
64 63
64 65
64 66
64 67
65 60
65 61
65 62
65 63
65 64
65 66
65 67
65 68
66 60
66 61
66 64
66 65
66 67
66 68
67 64
67 65
67 66
67 68
67 69
68 65
68 66
68 67
68 69
68 70
69 67
69 68
69 70
69 71
70 68
70 69
70 71
70 72
71 69
71 70
71 72
71 73
72 70
72 71
72 73
72 74
73 71
73 72
73 74
73 75
74 72
74 73
74 75
74 76
75 73
75 74
75 76
75 77
75 78
76 74
76 75
76 77
76 78
76 79
77 75
77 76
77 78
77 79
78 75
78 76
78 77
78 79
78 80
79 76
79 77
79 78
79 80
79 81
80 78
80 79
80 81
80 82
81 79
81 80
81 82
81 83
81 84
81 85
81 89
81 90
82 80
82 81
82 83
82 84
82 85
83 81
83 82
83 84
83 85
84 81
84 82
84 83
84 85
84 86
85 81
85 82
85 83
85 84
85 86
85 87
85 89
85 90
86 84
86 85
86 87
86 88
86 89
86 90
87 85
87 86
87 88
87 89
87 90
87 91
87 93
88 86
88 87
88 89
88 90
88 91
89 81
89 85
89 86
89 87
89 88
89 90
89 91
90 81
90 85
90 86
90 87
90 88
90 89
90 91
90 92
90 93
91 87
91 88
91 89
91 90
91 92
91 93
92 90
92 91
92 93
92 94
93 87
93 90
93 91
93 92
93 94
93 95
94 92
94 93
94 95
94 96
94 97
94 151
94 158
95 93
95 94
95 96
95 97
95 151
95 157
95 158
95 159
95 199
95 200
96 94
96 95
96 97
96 98
96 140
96 150
96 151
96 152
96 153
96 157
96 158
96 169
96 198
96 199
96 200
97 94
97 95
97 96
97 98
97 99
97 140
97 141
97 151
97 152
97 153
97 198
98 96
98 97
98 99
98 100
98 138
98 139
98 140
98 141
98 197
98 198
99 97
99 98
99 100
99 101
99 138
99 139
99 140
99 141
100 98
100 99
100 101
100 102
100 136
100 137
100 138
100 139
101 99
101 100
101 102
101 103
101 136
101 137
101 138
102 100
102 101
102 103
102 104
102 134
102 135
102 136
102 137
103 101
103 102
103 104
103 105
103 106
103 134
103 135
103 136
103 137
104 102
104 103
104 105
104 106
104 121
104 132
104 133
104 134
104 135
105 103
105 104
105 106
105 107
105 121
105 134
106 103
106 104
106 105
106 107
106 108
106 109
106 119
106 121
106 134
106 135
107 105
107 106
107 108
107 109
107 118
107 119
107 120
107 121
108 106
108 107
108 109
108 110
108 116
108 117
108 118
108 119
109 106
109 107
109 108
109 110
109 111
109 116
109 117
109 118
109 119
109 192
109 193
109 194
110 108
110 109
110 111
110 112
110 113
110 114
110 115
110 116
110 117
110 192
110 193
111 109
111 110
111 112
111 113
111 114
111 115
111 116
111 117
111 190
111 191
111 192
111 193
112 110
112 111
112 113
112 114
112 115
112 175
112 190
112 191
112 192
112 193
113 110
113 111
113 112
113 114
113 115
114 110
114 111
114 112
114 113
114 115
114 116
115 110
115 111
115 112
115 113
115 114
115 116
115 117
116 108
116 109
116 110
116 111
116 114
116 115
116 117
116 118
116 182
116 183
117 108
117 109
117 110
117 111
117 115
117 116
117 118
117 119
117 180
117 181
117 182
117 183
118 107
118 108
118 109
118 116
118 117
118 119
118 120
118 180
118 181
118 182
119 106
119 107
119 108
119 109
119 117
119 118
119 120
119 121
119 178
119 179
119 180
119 181
120 107
120 118
120 119
120 121
120 122
120 123
120 133
120 178
120 179
120 180
120 181
121 104
121 105
121 106
121 107
121 119
121 120
121 122
121 123
121 132
121 133
121 134
122 120
122 121
122 123
122 124
122 130
122 131
122 132
122 133
122 179
123 120
123 121
123 122
123 124
123 125
123 130
123 131
123 132
123 133
123 179
124 122
124 123
124 125
124 126
124 128
124 129
124 130
124 131
125 123
125 124
125 126
125 127
125 128
125 129
125 130
125 131
126 124
126 125
126 127
126 128
126 129
127 125
127 126
127 128
127 129
128 124
128 125
128 126
128 127
128 129
128 130
129 124
129 125
129 126
129 127
129 128
129 130
129 131
130 122
130 123
130 124
130 125
130 128
130 129
130 131
130 132
131 122
131 123
131 124
131 125
131 129
131 130
131 132
131 133
132 104
132 121
132 122
132 123
132 130
132 131
132 133
132 134
133 104
133 120
133 121
133 122
133 123
133 131
133 132
133 134
133 135
133 178
134 102
134 103
134 104
134 105
134 106
134 121
134 132
134 133
134 135
134 136
135 102
135 103
135 104
135 106
135 133
135 134
135 136
135 137
135 194
136 100
136 101
136 102
136 103
136 134
136 135
136 137
136 138
136 196
137 100
137 101
137 102
137 103
137 135
137 136
137 138
137 139
137 194
137 195
137 196
137 197
138 98
138 99
138 100
138 101
138 136
138 137
138 139
138 140
138 171
138 195
138 196
138 197
138 198
139 98
139 99
139 100
139 137
139 138
139 140
139 141
139 171
139 195
139 196
139 197
139 198
140 96
140 97
140 98
140 99
140 138
140 139
140 141
140 142
140 152
140 153
140 169
140 170
140 171
140 197
140 198
141 97
141 98
141 99
141 139
141 140
141 142
141 143
141 152
141 153
142 140
142 141
142 143
142 144
142 152
142 153
143 141
143 142
143 144
143 145
143 146
143 148
143 149
143 152
143 153
143 155
144 142
144 143
144 145
144 146
145 143
145 144
145 146
145 147
145 148
145 149
146 143
146 144
146 145
146 147
146 148
147 145
147 146
147 148
147 149
148 143
148 145
148 146
148 147
148 149
148 150
148 152
148 155
148 156
149 143
149 145
149 147
149 148
149 150
149 151
149 152
149 155
149 156
150 96
150 148
150 149
150 151
150 152
150 155
150 156
150 157
150 158
151 94
151 95
151 96
151 97
151 149
151 150
151 152
151 153
151 155
151 156
151 157
151 158
151 169
152 96
152 97
152 140
152 141
152 142
152 143
152 148
152 149
152 150
152 151
152 153
152 154
152 155
152 156
152 157
152 169
153 96
153 97
153 140
153 141
153 142
153 143
153 151
153 152
153 154
153 155
153 168
153 169
153 170
153 171
153 198
154 152
154 153
154 155
154 156
154 168
154 169
154 170
155 143
155 148
155 149
155 150
155 151
155 152
155 153
155 154
155 156
155 157
155 167
155 168
155 169
156 148
156 149
156 150
156 151
156 152
156 154
156 155
156 157
156 158
156 160
156 166
156 167
156 168
156 169
157 95
157 96
157 150
157 151
157 152
157 155
157 156
157 158
157 159
157 160
157 167
157 168
157 169
157 200
158 94
158 95
158 96
158 150
158 151
158 156
158 157
158 159
158 160
159 95
159 157
159 158
159 160
159 161
160 156
160 157
160 158
160 159
160 161
160 162
160 165
160 167
161 159
161 160
161 162
161 163
161 164
161 165
162 160
162 161
162 163
162 164
162 165
162 166
162 167
163 161
163 162
163 164
163 165
163 205
164 161
164 162
164 163
164 165
164 166
164 204
164 205
164 206
165 160
165 161
165 162
165 163
165 164
165 166
165 167
165 202
165 203
165 204
165 205
166 156
166 162
166 164
166 165
166 167
166 168
166 202
166 203
166 204
166 205
167 155
167 156
167 157
167 160
167 162
167 165
167 166
167 168
167 169
167 200
167 201
167 202
167 203
168 153
168 154
168 155
168 156
168 157
168 166
168 167
168 169
168 170
168 200
168 201
168 202
169 96
169 140
169 151
169 152
169 153
169 154
169 155
169 156
169 157
169 167
169 168
169 170
169 171
169 198
169 199
169 200
169 201
170 140
170 153
170 154
170 168
170 169
170 171
170 172
170 198
170 199
170 200
170 201
171 138
171 139
171 140
171 153
171 169
171 170
171 172
171 173
171 195
171 196
171 197
171 198
171 199
172 170
172 171
172 173
172 174
172 195
172 196
172 197
172 198
172 199
173 171
173 172
173 174
173 175
173 193
173 194
173 195
173 196
173 197
174 172
174 173
174 175
174 176
174 193
174 194
174 195
174 196
175 112
175 173
175 174
175 176
175 177
175 191
175 192
175 193
175 194
176 174
176 175
176 177
176 178
176 191
176 192
176 193
176 194
177 175
177 176
177 178
177 179
177 189
177 190
177 191
177 192
178 119
178 120
178 133
178 176
178 177
178 179
178 180
178 189
178 190
178 191
178 192
179 119
179 120
179 122
179 123
179 177
179 178
179 180
179 181
179 187
179 188
179 189
179 190
180 117
180 118
180 119
180 120
180 178
180 179
180 181
180 182
180 187
180 188
180 189
180 190
181 117
181 118
181 119
181 120
181 179
181 180
181 182
181 183
181 184
181 185
181 186
181 187
181 188
182 116
182 117
182 118
182 180
182 181
182 183
182 184
182 185
182 186
182 187
183 116
183 117
183 181
183 182
183 184
183 185
183 186
184 181
184 182
184 183
184 185
184 186
185 181
185 182
185 183
185 184
185 186
185 187
186 181
186 182
186 183
186 184
186 185
186 187
186 188
187 179
187 180
187 181
187 182
187 185
187 186
187 188
187 189
188 179
188 180
188 181
188 186
188 187
188 189
188 190
189 177
189 178
189 179
189 180
189 187
189 188
189 190
189 191
190 111
190 112
190 177
190 178
190 179
190 180
190 188
190 189
190 191
190 192
191 111
191 112
191 175
191 176
191 177
191 178
191 189
191 190
191 192
191 193
192 109
192 110
192 111
192 112
192 175
192 176
192 177
192 178
192 190
192 191
192 193
192 194
193 109
193 110
193 111
193 112
193 173
193 174
193 175
193 176
193 191
193 192
193 194
193 195
194 109
194 135
194 137
194 173
194 174
194 175
194 176
194 192
194 193
194 195
194 196
195 137
195 138
195 139
195 171
195 172
195 173
195 174
195 193
195 194
195 196
195 197
196 136
196 137
196 138
196 139
196 171
196 172
196 173
196 174
196 194
196 195
196 197
196 198
197 98
197 137
197 138
197 139
197 140
197 171
197 172
197 173
197 195
197 196
197 198
197 199
198 96
198 97
198 98
198 138
198 139
198 140
198 153
198 169
198 170
198 171
198 172
198 196
198 197
198 199
198 200
199 95
199 96
199 169
199 170
199 171
199 172
199 197
199 198
199 200
199 201
200 95
200 96
200 157
200 167
200 168
200 169
200 170
200 198
200 199
200 201
200 202
201 167
201 168
201 169
201 170
201 199
201 200
201 202
201 203
202 165
202 166
202 167
202 168
202 200
202 201
202 203
202 204
203 165
203 166
203 167
203 201
203 202
203 204
203 205
203 207
204 164
204 165
204 166
204 202
204 203
204 205
204 206
204 207
204 208
204 209
205 163
205 164
205 165
205 166
205 203
205 204
205 206
205 207
205 208
206 164
206 204
206 205
206 207
206 208
207 203
207 204
207 205
207 206
207 208
207 209
208 204
208 205
208 206
208 207
208 209
209 204
209 207
209 208
