0 1
0 2
1 0
1 2
1 3
1 808
2 0
2 1
2 3
2 4
3 1
3 2
3 4
3 5
3 6
4 2
4 3
4 5
4 6
4 7
5 3
5 4
5 6
5 7
5 8
6 3
6 4
6 5
6 7
6 8
7 4
7 5
7 6
7 8
7 9
8 5
8 6
8 7
8 9
8 10
9 7
9 8
9 10
9 11
10 8
10 9
10 11
10 12
11 9
11 10
11 12
11 13
12 10
12 11
12 13
12 14
13 11
13 12
13 14
13 15
14 12
14 13
14 15
14 16
15 13
15 14
15 16
15 17
16 14
16 15
16 17
16 18
17 15
17 16
17 18
17 19
18 16
18 17
18 19
18 20
19 17
19 18
19 20
19 21
20 18
20 19
20 21
20 22
21 19
21 20
21 22
21 23
22 20
22 21
22 23
22 24
23 21
23 22
23 24
23 25
24 22
24 23
24 25
24 26
25 23
25 24
25 26
25 27
26 24
26 25
26 27
26 28
27 25
27 26
27 28
27 29
28 26
28 27
28 29
28 30
29 27
29 28
29 30
29 31
30 28
30 29
30 31
30 32
31 29
31 30
31 32
31 33
32 30
32 31
32 33
32 34
33 31
33 32
33 34
33 35
34 32
34 33
34 35
34 36
35 33
35 34
35 36
35 37
36 34
36 35
36 37
36 38
37 35
37 36
37 38
37 39
38 36
38 37
38 39
38 40
39 37
39 38
39 40
39 41
40 38
40 39
40 41
40 42
41 39
41 40
41 42
41 43
42 40
42 41
42 43
42 44
43 41
43 42
43 44
43 45
44 42
44 43
44 45
44 46
45 43
45 44
45 46
45 47
46 44
46 45
46 47
46 48
47 45
47 46
47 48
47 49
48 46
48 47
48 49
48 50
49 47
49 48
49 50
49 51
50 48
50 49
50 51
50 52
51 49
51 50
51 52
51 53
52 50
52 51
52 53
52 54
53 51
53 52
53 54
53 55
54 52
54 53
54 55
54 56
55 53
55 54
55 56
55 57
56 54
56 55
56 57
56 58
57 55
57 56
57 58
57 59
58 56
58 57
58 59
58 60
59 57
59 58
59 60
59 61
60 58
60 59
60 61
60 62
61 59
61 60
61 62
61 63
62 60
62 61
62 63
62 64
63 61
63 62
63 64
63 65
64 62
64 63
64 65
64 66
65 63
65 64
65 66
65 67
66 64
66 65
66 67
66 68
67 65
67 66
67 68
67 69
68 66
68 67
68 69
68 70
69 67
69 68
69 70
69 71
70 68
70 69
70 71
70 72
71 69
71 70
71 72
71 73
72 70
72 71
72 73
72 74
73 71
73 72
73 74
73 75
74 72
74 73
74 75
74 76
75 73
75 74
75 76
75 77
76 74
76 75
76 77
76 78
76 79
77 75
77 76
77 78
77 79
78 76
78 77
78 79
78 80
79 76
79 77
79 78
79 80
79 81
79 82
80 78
80 79
80 81
80 82
81 79
81 80
81 82
81 83
81 84
82 79
82 80
82 81
82 83
82 84
82 98
83 81
83 82
83 84
83 85
83 96
83 97
83 98
84 81
84 82
84 83
84 85
84 86
84 96
84 97
84 98
85 83
85 84
85 86
85 87
85 94
85 95
85 96
85 97
86 84
86 85
86 87
86 88
86 94
86 95
86 96
86 97
86 477
86 478
86 479
87 85
87 86
87 88
87 89
87 92
87 93
87 94
87 95
87 477
87 478
88 86
88 87
88 89
88 90
88 91
88 92
88 93
88 94
88 476
88 477
88 478
89 87
89 88
89 90
89 91
89 92
89 93
89 476
89 477
89 478
90 88
90 89
90 91
90 92
90 473
90 476
90 477
91 88
91 89
91 90
91 92
91 93
92 87
92 88
92 89
92 90
92 91
92 93
92 94
93 87
93 88
93 89
93 91
93 92
93 94
93 95
94 85
94 86
94 87
94 88
94 92
94 93
94 95
94 96
95 85
95 86
95 87
95 93
95 94
95 96
95 97
95 450
96 83
96 84
96 85
96 86
96 94
96 95
96 97
96 98
96 450
96 454
96 455
97 83
97 84
97 85
97 86
97 95
97 96
97 98
97 99
97 100
97 450
97 454
97 455
97 456
98 82
98 83
98 84
98 96
98 97
98 99
98 100
98 101
98 454
98 455
99 97
99 98
99 100
99 101
99 102
99 103
99 453
99 454
99 455
99 456
100 97
100 98
100 99
100 101
100 102
100 103
100 106
100 455
100 457
100 480
100 482
101 98
101 99
101 100
101 102
101 103
102 99
102 100
102 101
102 103
102 104
102 484
103 99
103 100
103 101
103 102
103 104
103 105
103 106
103 482
103 483
103 484
103 485
104 102
104 103
104 105
104 106
104 482
104 483
104 484
104 485
105 103
105 104
105 106
105 107
105 482
105 483
105 484
106 100
106 103
106 104
106 105
106 107
106 108
106 481
106 482
106 483
107 105
107 106
107 108
107 109
107 115
107 116
107 121
107 123
107 124
107 481
107 482
107 483
108 106
108 107
108 109
108 110
108 114
108 115
108 116
108 481
108 482
109 107
109 108
109 110
109 111
109 112
109 113
109 114
109 115
109 116
110 108
110 109
110 111
110 112
110 113
110 114
110 115
111 109
111 110
111 112
111 113
111 114
112 109
112 110
112 111
112 113
112 114
113 109
113 110
113 111
113 112
113 114
113 115
114 108
114 109
114 110
114 111
114 112
114 113
114 115
114 116
114 117
115 107
115 108
115 109
115 110
115 113
115 114
115 116
115 117
115 118
115 121
116 107
116 108
116 109
116 114
116 115
116 117
116 118
116 459
116 461
116 481
117 114
117 115
117 116
117 118
117 119
117 461
118 115
118 116
118 117
118 119
118 120
118 121
118 461
119 117
119 118
119 120
119 121
119 461
119 462
120 118
120 119
120 121
120 122
120 124
121 107
121 115
121 118
121 119
121 120
121 122
121 123
121 124
121 125
122 120
122 121
122 123
122 124
122 125
122 126
123 107
123 121
123 122
123 124
123 125
123 126
124 107
124 120
124 121
124 122
124 123
124 125
124 126
124 489
124 490
125 121
125 122
125 123
125 124
125 126
125 127
125 489
125 490
125 491
125 492
126 122
126 123
126 124
126 125
126 127
126 128
126 355
126 489
126 490
126 491
126 492
127 125
127 126
127 128
127 129
127 491
127 492
128 126
128 127
128 129
128 130
128 252
128 492
128 497
129 127
129 128
129 130
129 131
129 132
129 251
129 252
130 128
130 129
130 131
130 132
130 251
130 252
130 253
131 129
131 130
131 132
131 133
131 251
131 252
132 129
132 130
132 131
132 133
132 134
132 250
132 251
132 252
133 131
133 132
133 134
133 135
133 137
133 138
133 360
134 132
134 133
134 135
134 136
134 137
134 138
134 176
135 133
135 134
135 136
135 137
135 138
135 139
135 172
135 173
135 176
135 177
136 134
136 135
136 137
136 138
136 139
136 140
137 133
137 134
137 135
137 136
137 138
137 139
137 140
137 141
137 360
138 133
138 134
138 135
138 136
138 137
138 139
138 140
138 141
138 142
138 172
138 177
138 359
138 360
138 361
139 135
139 136
139 137
139 138
139 140
139 141
139 142
139 143
139 169
139 172
139 360
140 136
140 137
140 138
140 139
140 141
140 142
140 143
140 144
141 137
141 138
141 139
141 140
141 142
141 143
141 144
141 145
141 359
141 360
142 138
142 139
142 140
142 141
142 143
142 144
142 145
142 146
142 168
142 358
142 359
142 360
143 139
143 140
143 141
143 142
143 144
143 145
143 146
143 147
143 165
143 168
143 359
144 140
144 141
144 142
144 143
144 145
144 146
144 147
144 148
144 359
145 141
145 142
145 143
145 144
145 146
145 147
145 148
145 149
145 358
145 359
145 485
145 486
146 142
146 143
146 144
146 145
146 147
146 148
146 149
146 150
146 161
146 164
146 165
146 359
147 143
147 144
147 145
147 146
147 148
147 149
147 150
147 151
147 161
148 144
148 145
148 146
148 147
148 149
148 150
148 151
148 152
149 145
149 146
149 147
149 148
149 150
149 151
149 152
149 153
149 184
149 187
150 146
150 147
150 148
150 149
150 151
150 152
150 153
150 156
150 157
150 161
151 147
151 148
151 149
151 150
151 152
151 153
151 154
151 156
152 148
152 149
152 150
152 151
152 153
152 154
153 149
153 150
153 151
153 152
153 154
153 155
153 156
153 157
154 151
154 152
154 153
154 155
154 156
155 153
155 154
155 156
155 157
156 150
156 151
156 153
156 154
156 155
156 157
156 158
157 150
157 153
157 155
157 156
157 158
157 159
157 160
157 161
158 156
158 157
158 159
158 160
158 161
158 162
159 157
159 158
159 160
159 161
159 162
159 163
160 157
160 158
160 159
160 161
160 162
160 163
160 164
161 146
161 147
161 150
161 157
161 158
161 159
161 160
161 162
161 163
161 164
161 165
162 158
162 159
162 160
162 161
162 163
162 164
162 165
162 166
163 159
163 160
163 161
163 162
163 164
163 165
163 166
163 167
164 146
164 160
164 161
164 162
164 163
164 165
164 166
164 167
164 168
165 143
165 146
165 161
165 162
165 163
165 164
165 166
165 167
165 168
165 169
166 162
166 163
166 164
166 165
166 167
166 168
166 169
166 170
167 163
167 164
167 165
167 166
167 168
167 169
167 170
167 171
168 142
168 143
168 164
168 165
168 166
168 167
168 169
168 170
168 171
168 172
168 178
168 179
169 139
169 165
169 166
169 167
169 168
169 170
169 171
169 172
169 173
170 166
170 167
170 168
170 169
170 171
170 172
170 173
170 174
171 167
171 168
171 169
171 170
171 172
171 173
171 174
171 175
171 176
171 177
171 178
172 135
172 138
172 139
172 168
172 169
172 170
172 171
172 173
172 174
172 175
172 176
172 177
172 178
173 135
173 169
173 170
173 171
173 172
173 174
173 175
173 176
173 177
174 170
174 171
174 172
174 173
174 175
174 176
175 171
175 172
175 173
175 174
175 176
175 177
175 178
176 134
176 135
176 171
176 172
176 173
176 174
176 175
176 177
176 178
177 135
177 138
177 171
177 172
177 173
177 175
177 176
177 178
177 179
178 168
178 171
178 172
178 175
178 176
178 177
178 179
178 180
179 168
179 177
179 178
179 180
179 181
180 178
180 179
180 181
180 182
180 184
180 185
181 179
181 180
181 182
181 183
181 184
181 185
182 180
182 181
182 183
182 184
182 185
182 186
182 212
183 181
183 182
183 184
183 185
183 186
183 187
184 149
184 180
184 181
184 182
184 183
184 185
184 186
184 187
184 188
185 180
185 181
185 182
185 183
185 184
185 186
185 187
185 188
185 189
185 212
186 182
186 183
186 184
186 185
186 187
186 188
186 189
186 190
186 210
187 149
187 183
187 184
187 185
187 186
187 188
187 189
187 190
187 191
188 184
188 185
188 186
188 187
188 189
188 190
188 191
188 192
188 358
188 486
189 185
189 186
189 187
189 188
189 190
189 191
189 192
189 193
189 210
189 243
189 356
189 486
190 186
190 187
190 188
190 189
190 191
190 192
190 193
190 194
190 205
190 206
190 208
191 187
191 188
191 189
191 190
191 192
191 193
191 194
191 195
191 205
191 486
191 487
192 188
192 189
192 190
192 191
192 193
192 194
192 195
192 196
192 356
192 485
192 486
192 487
192 488
193 189
193 190
193 191
193 192
193 194
193 195
193 196
193 199
193 202
193 205
193 487
193 488
194 190
194 191
194 192
194 193
194 195
194 196
194 202
194 205
195 191
195 192
195 193
195 194
195 196
195 197
195 456
195 457
195 483
195 484
195 485
195 486
195 487
196 192
196 193
196 194
196 195
196 197
196 198
196 199
196 202
196 457
196 458
196 487
196 488
197 195
197 196
197 198
197 199
197 456
197 457
197 458
197 459
197 481
197 482
197 483
198 196
198 197
198 199
198 200
198 458
198 459
198 462
198 463
199 193
199 196
199 197
199 198
199 200
199 201
199 202
199 463
200 198
200 199
200 201
200 202
200 203
200 438
200 439
200 442
200 463
201 199
201 200
201 202
201 203
201 204
201 205
201 370
201 438
201 441
201 442
202 193
202 194
202 196
202 199
202 200
202 201
202 203
202 204
202 205
202 442
202 445
203 200
203 201
203 202
203 204
203 205
203 206
203 441
203 442
203 445
204 201
204 202
204 203
204 205
204 206
204 207
204 208
205 190
205 191
205 193
205 194
205 201
205 202
205 203
205 204
205 206
205 207
205 208
206 190
206 203
206 204
206 205
206 207
206 208
207 204
207 205
207 206
207 208
207 209
207 241
208 190
208 204
208 205
208 206
208 207
208 209
208 210
208 241
208 242
208 243
209 207
209 208
209 210
209 211
209 241
209 242
209 243
210 186
210 189
210 208
210 209
210 211
210 212
210 242
210 243
210 244
210 245
211 209
211 210
211 212
211 213
211 229
211 242
211 243
211 244
211 245
212 182
212 185
212 210
212 211
212 213
212 214
212 215
212 244
212 245
212 246
213 211
213 212
213 214
213 215
213 216
213 222
213 225
213 244
213 245
213 246
213 247
214 212
214 213
214 215
214 216
214 245
214 246
214 247
214 248
215 212
215 213
215 214
215 216
215 217
215 246
215 247
216 213
216 214
216 215
216 217
216 218
216 221
216 222
216 246
216 247
217 215
217 216
217 218
217 219
217 221
217 222
217 310
217 311
218 216
218 217
218 219
218 220
218 221
218 222
218 310
218 311
219 217
219 218
219 220
219 221
219 222
219 223
219 308
219 309
219 310
219 315
219 316
220 218
220 219
220 221
220 222
220 223
220 224
221 216
221 217
221 218
221 219
221 220
221 222
221 223
221 224
221 225
222 213
222 216
222 217
222 218
222 219
222 220
222 221
222 223
222 224
222 225
222 226
222 246
222 308
222 310
223 219
223 220
223 221
223 222
223 224
223 225
223 226
223 227
223 306
223 308
223 318
224 220
224 221
224 222
224 223
224 225
224 226
224 227
224 228
225 213
225 221
225 222
225 223
225 224
225 226
225 227
225 228
225 229
225 244
226 222
226 223
226 224
226 225
226 227
226 228
226 229
226 230
226 244
227 223
227 224
227 225
227 226
227 228
227 229
227 230
227 231
227 320
227 324
228 224
228 225
228 226
228 227
228 229
228 230
228 231
228 232
229 211
229 225
229 226
229 227
229 228
229 230
229 231
229 232
229 233
229 242
229 243
229 244
230 226
230 227
230 228
230 229
230 231
230 232
230 233
230 234
230 324
230 348
231 227
231 228
231 229
231 230
231 232
231 233
231 234
231 235
231 324
232 228
232 229
232 230
232 231
232 233
232 234
232 235
232 240
233 229
233 230
233 231
233 232
233 234
233 235
233 239
233 240
233 241
233 242
233 348
233 369
234 230
234 231
234 232
234 233
234 235
234 236
234 237
234 238
234 239
234 240
234 324
234 326
234 347
234 348
235 231
235 232
235 233
235 234
235 236
235 237
235 238
235 239
235 240
236 234
236 235
236 237
236 238
236 239
236 326
236 430
237 234
237 235
237 236
237 238
237 239
237 326
237 347
237 428
237 429
237 430
237 431
238 234
238 235
238 236
238 237
238 239
238 240
238 429
238 430
238 431
239 233
239 234
239 235
239 236
239 237
239 238
239 240
239 241
239 347
239 348
239 370
239 371
239 430
239 431
240 232
240 233
240 234
240 235
240 238
240 239
240 241
240 242
240 369
240 370
240 371
241 207
241 208
241 209
241 233
241 239
241 240
241 242
241 243
241 368
241 369
241 370
241 371
242 208
242 209
242 210
242 211
242 229
242 233
242 240
242 241
242 243
242 244
242 368
242 369
242 370
243 189
243 208
243 209
243 210
243 211
243 229
243 241
243 242
243 244
243 245
243 366
243 367
243 368
243 369
244 210
244 211
244 212
244 213
244 225
244 226
244 229
244 242
244 243
244 245
244 246
244 365
244 366
244 367
244 368
245 210
245 211
245 212
245 213
245 214
245 243
245 244
245 246
245 247
245 363
245 365
245 366
245 367
246 212
246 213
246 214
246 215
246 216
246 222
246 244
246 245
246 247
246 248
246 256
246 363
246 364
246 365
246 366
247 213
247 214
247 215
247 216
247 245
247 246
247 248
247 249
247 255
247 256
247 363
247 364
247 365
248 214
248 246
248 247
248 249
248 250
248 255
248 256
248 361
248 362
248 363
248 364
249 247
249 248
249 250
249 251
249 252
249 254
249 255
249 256
249 361
249 362
249 363
249 364
250 132
250 248
250 249
250 251
250 252
250 253
250 254
250 255
251 129
251 130
251 131
251 132
251 249
251 250
251 252
251 253
251 254
251 255
252 128
252 129
252 130
252 131
252 132
252 249
252 250
252 251
252 253
252 254
252 255
253 130
253 250
253 251
253 252
253 254
253 255
253 311
253 312
254 249
254 250
254 251
254 252
254 253
254 255
254 256
254 310
254 311
254 312
254 313
255 247
255 248
255 249
255 250
255 251
255 252
255 253
255 254
255 256
255 257
255 309
255 310
255 311
255 312
255 364
256 246
256 247
256 248
256 249
256 254
256 255
256 257
256 258
256 308
256 309
256 310
256 311
256 312
256 363
256 364
256 365
257 255
257 256
257 258
257 259
257 308
257 309
257 310
257 353
257 364
257 365
257 494
258 256
258 257
258 259
258 260
258 261
258 306
258 307
258 308
258 309
258 352
258 353
258 365
258 367
259 257
259 258
259 260
259 261
259 306
259 307
259 308
259 309
259 352
259 353
259 493
259 494
259 495
260 258
260 259
260 261
260 262
260 263
260 285
260 306
260 307
260 352
260 353
261 258
261 259
261 260
261 262
261 263
261 351
261 352
261 353
262 260
262 261
262 263
262 264
262 265
262 349
262 350
262 351
262 352
262 353
262 367
263 260
263 261
263 262
263 264
263 265
263 306
263 349
263 350
263 351
263 352
263 367
264 262
264 263
264 265
264 266
264 303
264 304
264 325
264 346
264 348
264 349
264 350
265 262
265 263
265 264
265 266
265 267
265 282
265 303
265 304
265 346
266 264
266 265
266 267
266 268
266 278
266 279
266 282
266 300
266 301
266 302
266 303
266 304
267 265
267 266
267 268
267 269
267 278
267 279
267 280
267 282
267 283
267 286
267 300
267 301
267 302
267 303
267 304
268 266
268 267
268 269
268 270
268 276
268 277
268 278
268 279
268 280
268 281
268 282
268 283
268 284
268 286
268 300
269 267
269 268
269 270
269 271
269 276
269 277
269 278
269 279
269 280
269 283
269 286
269 287
269 298
270 268
270 269
270 271
270 272
270 274
270 275
270 276
270 277
270 283
271 269
271 270
271 272
271 273
271 274
271 275
271 276
271 277
272 270
272 271
272 273
272 274
272 275
273 271
273 272
273 274
273 275
274 270
274 271
274 272
274 273
274 275
274 276
275 270
275 271
275 272
275 273
275 274
275 276
275 277
276 268
276 269
276 270
276 271
276 274
276 275
276 277
276 278
276 279
276 280
277 268
277 269
277 270
277 271
277 275
277 276
277 278
277 279
277 280
277 298
277 299
277 300
278 266
278 267
278 268
278 269
278 276
278 277
278 279
278 280
278 299
278 300
278 301
278 302
278 388
279 266
279 267
279 268
279 269
279 276
279 277
279 278
279 280
279 281
279 282
279 283
279 300
279 301
279 387
279 388
280 267
280 268
280 269
280 276
280 277
280 278
280 279
280 281
280 282
280 283
280 386
280 387
280 388
281 268
281 279
281 280
281 282
281 283
281 284
281 386
281 387
282 265
282 266
282 267
282 268
282 279
282 280
282 281
282 283
282 284
282 285
282 286
283 267
283 268
283 269
283 270
283 279
283 280
283 281
283 282
283 284
283 285
283 286
283 287
284 268
284 281
284 282
284 283
284 285
284 286
284 287
284 288
285 260
285 282
285 283
285 284
285 286
285 287
285 288
285 289
286 267
286 268
286 269
286 282
286 283
286 284
286 285
286 287
286 288
286 289
286 290
286 304
287 269
287 283
287 284
287 285
287 286
287 288
287 289
287 290
287 291
288 284
288 285
288 286
288 287
288 289
288 290
288 291
288 292
288 507
289 285
289 286
289 287
289 288
289 290
289 291
289 292
289 293
289 294
289 304
289 305
289 307
289 317
290 286
290 287
290 288
290 289
290 291
290 292
290 293
290 294
290 295
290 296
291 287
291 288
291 289
291 290
291 292
291 293
291 294
291 507
291 508
292 288
292 289
292 290
292 291
292 293
292 294
292 317
292 505
292 506
292 507
293 289
293 290
293 291
293 292
293 294
293 295
294 289
294 290
294 291
294 292
294 293
294 295
294 296
294 305
294 317
295 290
295 293
295 294
295 296
295 297
296 290
296 294
296 295
296 297
296 298
296 302
297 295
297 296
297 298
297 299
297 302
298 269
298 277
298 296
298 297
298 299
298 300
298 302
299 277
299 278
299 297
299 298
299 300
299 301
299 302
300 266
300 267
300 268
300 277
300 278
300 279
300 298
300 299
300 301
300 302
301 266
301 267
301 278
301 279
301 299
301 300
301 302
301 303
301 344
301 345
302 266
302 267
302 278
302 296
302 297
302 298
302 299
302 300
302 301
302 303
302 304
303 264
303 265
303 266
303 267
303 301
303 302
303 304
303 305
303 320
304 264
304 265
304 266
304 267
304 286
304 289
304 302
304 303
304 305
304 306
304 319
305 289
305 294
305 303
305 304
305 306
305 307
305 317
305 318
305 319
305 320
306 223
306 258
306 259
306 260
306 263
306 304
306 305
306 307
306 308
306 317
306 318
306 319
306 320
307 258
307 259
307 260
307 289
307 305
307 306
307 308
307 309
307 315
307 316
307 317
307 318
308 219
308 222
308 223
308 256
308 257
308 258
308 259
308 306
308 307
308 309
308 310
308 315
308 316
308 317
308 318
309 219
309 255
309 256
309 257
309 258
309 259
309 307
309 308
309 310
309 311
309 312
309 313
309 314
309 315
309 316
310 217
310 218
310 219
310 222
310 254
310 255
310 256
310 257
310 308
310 309
310 311
310 312
310 313
310 314
310 315
311 217
311 218
311 253
311 254
311 255
311 256
311 309
311 310
311 312
311 313
312 253
312 254
312 255
312 256
312 309
312 310
312 311
312 313
312 314
313 254
313 309
313 310
313 311
313 312
313 314
313 315
313 501
314 309
314 310
314 312
314 313
314 315
314 316
314 500
314 501
314 502
315 219
315 307
315 308
315 309
315 310
315 313
315 314
315 316
315 317
316 219
316 307
316 308
316 309
316 314
316 315
316 317
316 318
317 289
317 292
317 294
317 305
317 306
317 307
317 308
317 315
317 316
317 318
317 319
318 223
318 305
318 306
318 307
318 308
318 316
318 317
318 319
318 320
319 304
319 305
319 306
319 317
319 318
319 320
319 321
320 227
320 303
320 305
320 306
320 318
320 319
320 321
320 322
320 324
320 325
321 319
321 320
321 322
321 323
321 324
321 325
322 320
322 321
322 323
322 324
322 325
323 321
323 322
323 324
323 325
323 326
324 227
324 230
324 231
324 234
324 320
324 321
324 322
324 323
324 325
324 326
325 264
325 320
325 321
325 322
325 323
325 324
325 326
325 327
325 346
325 347
326 234
326 236
326 237
326 323
326 324
326 325
326 327
326 328
326 346
326 347
326 348
327 325
327 326
327 328
327 329
327 344
327 345
327 346
327 347
328 326
328 327
328 329
328 330
328 344
328 345
328 346
328 347
328 424
328 425
328 428
329 327
329 328
329 330
329 331
329 342
329 343
329 344
329 345
329 424
330 328
330 329
330 331
330 332
330 338
330 339
330 342
330 343
330 344
330 345
330 420
330 421
330 424
331 329
331 330
331 332
331 333
331 335
331 336
331 338
331 339
331 420
331 421
331 423
331 424
332 330
332 331
332 333
332 334
332 335
332 336
332 338
332 339
332 416
332 417
332 419
332 420
332 421
332 423
332 424
333 331
333 332
333 334
333 335
333 336
333 419
333 420
333 423
334 332
334 333
334 335
334 336
335 331
335 332
335 333
335 334
335 336
335 337
335 338
336 331
336 332
336 333
336 334
336 335
336 337
336 338
336 339
337 335
337 336
337 338
337 339
337 340
337 341
338 330
338 331
338 332
338 335
338 336
338 337
338 339
338 340
338 341
338 342
339 330
339 331
339 332
339 336
339 337
339 338
339 340
339 341
339 342
339 343
340 337
340 338
340 339
340 341
340 342
341 337
341 338
341 339
341 340
341 342
341 343
342 329
342 330
342 338
342 339
342 340
342 341
342 343
342 344
343 329
343 330
343 339
343 341
343 342
343 344
343 345
344 301
344 327
344 328
344 329
344 330
344 342
344 343
344 345
344 346
345 301
345 327
345 328
345 329
345 330
345 343
345 344
345 346
345 347
345 377
346 264
346 265
346 325
346 326
346 327
346 328
346 344
346 345
346 347
346 348
346 349
347 234
347 237
347 239
347 325
347 326
347 327
347 328
347 345
347 346
347 348
347 349
347 371
347 372
347 430
348 230
348 233
348 234
348 239
348 264
348 326
348 346
348 347
348 349
348 350
348 369
348 370
348 371
348 372
349 262
349 263
349 264
349 346
349 347
349 348
349 350
349 351
349 369
349 370
349 371
349 372
350 262
350 263
350 264
350 348
350 349
350 351
350 352
350 367
350 368
350 369
350 370
351 261
351 262
351 263
351 349
351 350
351 352
351 353
351 354
351 367
351 368
351 369
352 258
352 259
352 260
352 261
352 262
352 263
352 350
352 351
352 353
352 354
352 365
352 366
352 367
352 368
353 257
353 258
353 259
353 260
353 261
353 262
353 351
353 352
353 354
353 355
353 364
353 365
353 366
353 367
353 490
353 491
353 493
354 351
354 352
354 353
354 355
354 356
354 364
354 365
354 366
354 367
354 488
354 489
354 490
354 491
355 126
355 353
355 354
355 356
355 357
355 362
355 363
355 364
355 365
355 366
355 488
355 489
355 490
355 491
356 189
356 192
356 354
356 355
356 357
356 358
356 362
356 363
356 364
356 365
356 366
356 486
356 487
356 488
356 489
357 355
357 356
357 358
357 359
357 360
357 361
357 362
357 363
357 485
357 486
357 487
357 488
357 489
358 142
358 145
358 188
358 356
358 357
358 359
358 360
358 361
358 362
358 485
358 486
358 487
359 138
359 141
359 142
359 143
359 144
359 145
359 146
359 357
359 358
359 360
359 361
359 485
359 486
360 133
360 137
360 138
360 139
360 141
360 142
360 357
360 358
360 359
360 361
360 362
361 138
361 248
361 249
361 357
361 358
361 359
361 360
361 362
361 363
362 248
362 249
362 355
362 356
362 357
362 358
362 360
362 361
362 363
362 364
363 245
363 246
363 247
363 248
363 249
363 256
363 355
363 356
363 357
363 361
363 362
363 364
363 365
363 366
364 246
364 247
364 248
364 249
364 255
364 256
364 257
364 353
364 354
364 355
364 356
364 362
364 363
364 365
364 366
365 244
365 245
365 246
365 247
365 256
365 257
365 258
365 352
365 353
365 354
365 355
365 356
365 363
365 364
365 366
365 367
366 243
366 244
366 245
366 246
366 352
366 353
366 354
366 355
366 356
366 363
366 364
366 365
366 367
366 368
367 243
367 244
367 245
367 258
367 262
367 263
367 350
367 351
367 352
367 353
367 354
367 365
367 366
367 368
367 369
368 241
368 242
368 243
368 244
368 350
368 351
368 352
368 366
368 367
368 369
368 370
369 233
369 240
369 241
369 242
369 243
369 348
369 349
369 350
369 351
369 367
369 368
369 370
369 371
370 201
370 239
370 240
370 241
370 242
370 348
370 349
370 350
370 368
370 369
370 371
370 372
371 239
371 240
371 241
371 347
371 348
371 349
371 369
371 370
371 372
371 373
371 431
371 432
371 433
372 347
372 348
372 349
372 370
372 371
372 373
372 374
372 376
372 377
372 431
372 432
372 433
373 371
373 372
373 374
373 375
373 376
373 377
373 432
373 433
373 434
373 435
373 438
374 372
374 373
374 375
374 376
374 377
374 378
374 379
374 418
374 421
374 422
374 432
374 433
374 434
374 435
375 373
375 374
375 376
375 377
375 378
375 379
375 380
375 418
375 434
375 435
375 465
375 466
375 467
376 372
376 373
376 374
376 375
376 377
376 378
376 379
376 380
376 381
377 345
377 372
377 373
377 374
377 375
377 376
377 378
377 379
377 380
377 381
377 382
377 418
377 421
378 374
378 375
378 376
378 377
378 379
378 380
378 381
378 382
378 383
378 414
378 417
378 418
378 421
379 374
379 375
379 376
379 377
379 378
379 380
379 381
379 382
379 383
379 384
379 414
379 417
379 418
379 466
379 467
380 375
380 376
380 377
380 378
380 379
380 381
380 382
380 383
380 384
380 387
380 466
381 376
381 377
381 378
381 379
381 380
381 382
381 383
381 384
381 387
381 388
382 377
382 378
382 379
382 380
382 381
382 383
382 384
382 387
382 388
382 389
382 390
382 391
383 378
383 379
383 380
383 381
383 382
383 384
383 385
383 387
383 388
383 389
383 390
383 391
383 414
384 379
384 380
384 381
384 382
384 383
384 385
384 386
384 387
384 388
384 389
385 383
385 384
385 386
385 387
385 388
385 389
386 280
386 281
386 384
386 385
386 387
386 388
386 389
387 279
387 280
387 281
387 380
387 381
387 382
387 383
387 384
387 385
387 386
387 388
387 389
388 278
388 279
388 280
388 381
388 382
388 383
388 384
388 385
388 386
388 387
388 389
388 390
389 382
389 383
389 384
389 385
389 386
389 387
389 388
389 390
389 391
389 392
390 382
390 383
390 388
390 389
390 391
390 392
390 393
390 394
391 382
391 383
391 389
391 390
391 392
391 393
391 394
391 395
391 410
391 413
391 414
392 389
392 390
392 391
392 393
392 394
392 395
392 396
392 402
392 410
392 413
393 390
393 391
393 392
393 394
393 395
393 396
393 397
394 390
394 391
394 392
394 393
394 395
394 396
394 397
394 398
394 413
394 417
395 391
395 392
395 393
395 394
395 396
395 397
395 398
395 399
395 400
395 401
395 402
395 409
395 410
395 412
395 413
396 392
396 393
396 394
396 395
396 397
396 398
396 399
396 400
396 401
396 402
397 393
397 394
397 395
397 396
397 398
397 399
397 400
398 394
398 395
398 396
398 397
398 399
398 400
398 413
399 395
399 396
399 397
399 398
399 400
399 401
400 395
400 396
400 397
400 398
400 399
400 401
400 402
400 407
400 409
401 395
401 396
401 399
401 400
401 402
401 403
401 404
401 405
401 407
401 409
402 392
402 395
402 396
402 400
402 401
402 403
402 404
402 405
402 407
402 409
402 410
403 401
403 402
403 404
403 405
404 401
404 402
404 403
404 405
404 406
404 407
404 408
404 409
405 401
405 402
405 403
405 404
405 406
405 407
405 408
405 409
405 410
406 404
406 405
406 407
406 408
406 409
407 400
407 401
407 402
407 404
407 405
407 406
407 408
407 409
408 404
408 405
408 406
408 407
408 409
408 410
408 411
408 412
409 395
409 400
409 401
409 402
409 404
409 405
409 406
409 407
409 408
409 410
409 411
409 412
409 413
410 391
410 392
410 395
410 402
410 405
410 408
410 409
410 411
410 412
410 413
410 414
411 408
411 409
411 410
411 412
411 413
411 414
411 415
412 395
412 408
412 409
412 410
412 411
412 413
412 414
412 415
412 416
413 391
413 392
413 394
413 395
413 398
413 409
413 410
413 411
413 412
413 414
413 415
413 416
413 417
414 378
414 379
414 383
414 391
414 410
414 411
414 412
414 413
414 415
414 416
414 417
414 418
415 411
415 412
415 413
415 414
415 416
415 417
415 418
415 419
416 332
416 412
416 413
416 414
416 415
416 417
416 418
416 419
416 420
417 332
417 378
417 379
417 394
417 413
417 414
417 415
417 416
417 418
417 419
417 420
417 421
418 374
418 375
418 377
418 378
418 379
418 414
418 415
418 416
418 417
418 419
418 420
418 421
418 422
419 332
419 333
419 415
419 416
419 417
419 418
419 420
419 421
419 422
419 423
420 330
420 331
420 332
420 333
420 416
420 417
420 418
420 419
420 421
420 422
420 423
420 424
421 330
421 331
421 332
421 374
421 377
421 378
421 417
421 418
421 419
421 420
421 422
421 423
421 424
421 425
422 374
422 418
422 419
422 420
422 421
422 423
422 424
422 425
422 426
422 432
422 433
422 434
423 331
423 332
423 333
423 419
423 420
423 421
423 422
423 424
423 425
423 426
423 427
424 328
424 329
424 330
424 331
424 332
424 420
424 421
424 422
424 423
424 425
424 426
424 427
424 428
425 328
425 421
425 422
425 423
425 424
425 426
425 427
425 428
425 429
425 430
425 431
425 432
426 422
426 423
426 424
426 425
426 427
426 428
426 429
426 430
426 431
426 432
427 423
427 424
427 425
427 426
427 428
427 429
427 430
428 237
428 328
428 424
428 425
428 426
428 427
428 429
428 430
429 237
429 238
429 425
429 426
429 427
429 428
429 430
429 431
430 236
430 237
430 238
430 239
430 347
430 425
430 426
430 427
430 428
430 429
430 431
430 432
431 237
431 238
431 239
431 371
431 372
431 425
431 426
431 429
431 430
431 432
431 433
432 371
432 372
432 373
432 374
432 422
432 425
432 426
432 430
432 431
432 433
432 434
433 371
433 372
433 373
433 374
433 422
433 431
433 432
433 434
433 435
433 437
433 438
434 373
434 374
434 375
434 422
434 432
434 433
434 435
434 436
434 437
434 438
435 373
435 374
435 375
435 433
435 434
435 436
435 437
435 438
435 439
435 465
436 434
436 435
436 437
436 438
436 439
436 440
436 472
437 433
437 434
437 435
437 436
437 438
437 439
437 440
437 441
438 200
438 201
438 373
438 433
438 434
438 435
438 436
438 437
438 439
438 440
438 441
438 442
439 200
439 435
439 436
439 437
439 438
439 440
439 441
439 442
439 443
439 464
439 472
439 473
439 474
440 436
440 437
440 438
440 439
440 441
440 442
440 443
440 444
440 472
440 473
440 474
441 201
441 203
441 437
441 438
441 439
441 440
441 442
441 443
441 444
441 445
442 200
442 201
442 202
442 203
442 438
442 439
442 440
442 441
442 443
442 444
442 445
442 446
442 474
443 439
443 440
443 441
443 442
443 444
443 445
443 446
443 447
443 473
443 474
444 440
444 441
444 442
444 443
444 445
444 446
444 447
444 448
445 202
445 203
445 441
445 442
445 443
445 444
445 446
445 447
445 448
445 449
446 442
446 443
446 444
446 445
446 447
446 448
446 449
446 450
446 455
446 456
447 443
447 444
447 445
447 446
447 448
447 449
447 450
447 451
448 444
448 445
448 446
448 447
448 449
448 450
448 451
448 452
449 445
449 446
449 447
449 448
449 450
449 451
449 452
449 453
449 454
449 455
449 456
450 95
450 96
450 97
450 446
450 447
450 448
450 449
450 451
450 452
450 453
450 454
450 455
450 456
451 447
451 448
451 449
451 450
451 452
451 453
451 454
451 455
452 448
452 449
452 450
452 451
452 453
452 454
453 99
453 449
453 450
453 451
453 452
453 454
453 455
453 456
454 96
454 97
454 98
454 99
454 449
454 450
454 451
454 452
454 453
454 455
454 456
455 96
455 97
455 98
455 99
455 100
455 446
455 449
455 450
455 451
455 453
455 454
455 456
455 457
456 97
456 99
456 195
456 197
456 446
456 449
456 450
456 453
456 454
456 455
456 457
456 458
456 480
457 100
457 195
457 196
457 197
457 455
457 456
457 458
457 459
457 479
457 480
457 481
457 482
457 483
457 484
458 196
458 197
458 198
458 456
458 457
458 459
458 460
458 463
458 479
458 480
458 481
458 482
459 116
459 197
459 198
459 457
459 458
459 460
459 461
459 462
459 463
459 479
459 480
459 481
460 458
460 459
460 461
460 462
460 463
460 464
460 474
460 475
460 478
460 479
460 481
461 116
461 117
461 118
461 119
461 459
461 460
461 462
461 463
461 464
462 119
462 198
462 459
462 460
462 461
462 463
462 464
462 465
463 198
463 199
463 200
463 458
463 459
463 460
463 461
463 462
463 464
463 465
463 474
464 439
464 460
464 461
464 462
464 463
464 465
464 466
464 469
464 472
464 474
464 475
465 375
465 435
465 462
465 463
465 464
465 466
465 467
465 468
465 469
466 375
466 379
466 380
466 464
466 465
466 467
466 468
466 469
467 375
467 379
467 465
467 466
467 468
467 469
468 465
468 466
468 467
468 469
468 470
468 471
468 472
469 464
469 465
469 466
469 467
469 468
469 470
469 471
469 472
469 474
469 475
470 468
470 469
470 471
470 472
470 473
470 475
470 476
471 468
471 469
471 470
471 472
471 473
471 475
472 436
472 439
472 440
472 464
472 468
472 469
472 470
472 471
472 473
472 474
472 475
472 476
473 90
473 439
473 440
473 443
473 470
473 471
473 472
473 474
473 475
473 476
473 477
474 439
474 440
474 442
474 443
474 460
474 463
474 464
474 469
474 472
474 473
474 475
474 476
474 477
475 460
475 464
475 469
475 470
475 471
475 472
475 473
475 474
475 476
475 477
475 478
476 88
476 89
476 90
476 470
476 472
476 473
476 474
476 475
476 477
476 478
477 86
477 87
477 88
477 89
477 90
477 473
477 474
477 475
477 476
477 478
477 479
478 86
478 87
478 88
478 89
478 460
478 475
478 476
478 477
478 479
478 480
479 86
479 457
479 458
479 459
479 460
479 477
479 478
479 480
479 481
480 100
480 456
480 457
480 458
480 459
480 478
480 479
480 481
480 482
481 106
481 107
481 108
481 116
481 197
481 457
481 458
481 459
481 460
481 479
481 480
481 482
481 483
482 100
482 103
482 104
482 105
482 106
482 107
482 108
482 197
482 457
482 458
482 480
482 481
482 483
482 484
483 103
483 104
483 105
483 106
483 107
483 195
483 197
483 457
483 481
483 482
483 484
483 485
483 487
484 102
484 103
484 104
484 105
484 195
484 457
484 482
484 483
484 485
484 486
484 487
485 103
485 104
485 145
485 192
485 195
485 357
485 358
485 359
485 483
485 484
485 486
485 487
486 145
486 188
486 189
486 191
486 192
486 195
486 356
486 357
486 358
486 359
486 484
486 485
486 487
486 488
487 191
487 192
487 193
487 195
487 196
487 356
487 357
487 358
487 483
487 484
487 485
487 486
487 488
487 489
488 192
488 193
488 196
488 354
488 355
488 356
488 357
488 486
488 487
488 489
488 490
489 124
489 125
489 126
489 354
489 355
489 356
489 357
489 487
489 488
489 490
489 491
490 124
490 125
490 126
490 353
490 354
490 355
490 488
490 489
490 491
490 492
491 125
491 126
491 127
491 353
491 354
491 355
491 489
491 490
491 492
491 493
491 494
492 125
492 126
492 127
492 128
492 490
492 491
492 493
492 494
492 496
492 497
493 259
493 353
493 491
493 492
493 494
493 495
493 496
493 497
494 257
494 259
494 491
494 492
494 493
494 495
494 496
494 497
494 498
495 259
495 493
495 494
495 496
495 497
495 498
496 492
496 493
496 494
496 495
496 497
496 498
497 128
497 492
497 493
497 494
497 495
497 496
497 498
497 499
498 494
498 495
498 496
498 497
498 499
498 500
499 497
499 498
499 500
499 501
500 314
500 498
500 499
500 501
500 502
500 503
500 505
500 506
501 313
501 314
501 499
501 500
501 502
501 503
502 314
502 500
502 501
502 503
502 504
502 505
502 506
503 500
503 501
503 502
503 504
503 505
503 506
504 502
504 503
504 505
504 506
505 292
505 500
505 502
505 503
505 504
505 506
505 507
506 292
506 500
506 502
506 503
506 504
506 505
506 507
506 508
507 288
507 291
507 292
507 505
507 506
507 508
507 509
508 291
508 506
508 507
508 509
508 510
509 507
509 508
509 510
509 511
510 508
510 509
510 511
510 512
511 509
511 510
511 512
511 513
512 510
512 511
512 513
512 514
512 516
512 517
513 511
513 512
513 514
513 515
513 516
513 517
514 512
514 513
514 515
514 516
514 517
514 518
515 513
515 514
515 516
515 517
515 518
515 519
516 512
516 513
516 514
516 515
516 517
516 518
516 519
516 520
517 512
517 513
517 514
517 515
517 516
517 518
517 519
517 520
517 521
518 514
518 515
518 516
518 517
518 519
518 520
518 521
518 522
519 515
519 516
519 517
519 518
519 520
519 521
519 522
519 523
520 516
520 517
520 518
520 519
520 521
520 522
520 523
520 524
521 517
521 518
521 519
521 520
521 522
521 523
521 524
521 525
522 518
522 519
522 520
522 521
522 523
522 524
522 525
522 526
523 519
523 520
523 521
523 522
523 524
523 525
523 526
523 527
524 520
524 521
524 522
524 523
524 525
524 526
524 527
524 528
525 521
525 522
525 523
525 524
525 526
525 527
525 528
525 529
526 522
526 523
526 524
526 525
526 527
526 528
526 529
526 530
527 523
527 524
527 525
527 526
527 528
527 529
527 530
527 531
528 524
528 525
528 526
528 527
528 529
528 530
528 531
528 532
529 525
529 526
529 527
529 528
529 530
529 531
529 532
529 533
530 526
530 527
530 528
530 529
530 531
530 532
530 533
530 534
531 527
531 528
531 529
531 530
531 532
531 533
531 534
531 535
532 528
532 529
532 530
532 531
532 533
532 534
532 535
532 536
532 564
532 565
533 529
533 530
533 531
533 532
533 534
533 535
533 536
533 565
534 530
534 531
534 532
534 533
534 535
534 536
535 531
535 532
535 533
535 534
535 536
535 537
535 563
535 564
535 565
536 532
536 533
536 534
536 535
536 537
536 538
536 564
536 565
536 583
536 584
536 683
537 535
537 536
537 538
537 539
537 564
537 565
537 566
537 567
537 582
537 583
537 584
538 536
538 537
538 539
538 540
538 560
538 564
538 565
538 566
538 567
538 582
538 583
538 584
538 585
538 586
539 537
539 538
539 540
539 541
539 566
539 567
539 568
539 569
539 582
539 584
539 585
539 586
540 538
540 539
540 541
540 542
540 553
540 557
540 566
540 567
540 568
540 569
540 585
540 586
540 587
540 588
541 539
541 540
541 542
541 543
541 553
541 568
541 569
541 570
541 571
541 574
541 585
541 586
541 587
541 588
541 589
542 540
542 541
542 543
542 544
542 549
542 550
542 553
542 568
542 569
542 570
542 571
542 587
542 588
542 589
542 601
543 541
543 542
543 544
543 545
543 549
543 550
543 570
543 571
543 588
543 589
543 590
543 597
543 598
543 599
543 600
543 601
544 542
544 543
544 545
544 546
544 547
544 548
544 549
544 550
544 589
544 590
544 598
544 599
544 600
544 601
545 543
545 544
545 546
545 547
545 548
545 590
545 592
545 598
545 599
545 600
546 544
546 545
546 547
546 548
546 549
546 727
546 903
547 544
547 545
547 546
547 548
547 549
547 550
547 551
548 544
548 545
548 546
548 547
548 549
548 550
548 551
548 552
549 542
549 543
549 544
549 546
549 547
549 548
549 550
549 551
549 552
549 553
549 588
549 589
549 590
549 625
550 542
550 543
550 544
550 547
550 548
550 549
550 551
550 552
550 553
550 554
550 570
550 588
551 547
551 548
551 549
551 550
551 552
551 553
551 554
551 555
552 548
552 549
552 550
552 551
552 553
552 554
552 555
552 556
552 588
552 668
553 540
553 541
553 542
553 549
553 550
553 551
553 552
553 554
553 555
553 556
553 557
553 568
553 587
553 588
554 550
554 551
554 552
554 553
554 555
554 556
554 557
554 558
554 568
555 551
555 552
555 553
555 554
555 556
555 557
555 558
555 559
556 552
556 553
556 554
556 555
556 557
556 558
556 559
556 560
556 672
557 540
557 553
557 554
557 555
557 556
557 558
557 559
557 560
557 561
557 566
557 567
557 568
558 554
558 555
558 556
558 557
558 559
558 560
558 561
558 562
559 555
559 556
559 557
559 558
559 560
559 561
559 562
559 676
559 693
559 694
560 538
560 556
560 557
560 558
560 559
560 561
560 562
560 563
560 564
560 565
560 566
560 676
561 557
561 558
561 559
561 560
561 562
561 563
561 564
561 565
561 566
562 558
562 559
562 560
562 561
562 563
562 564
562 691
562 692
562 693
563 535
563 560
563 561
563 562
563 564
563 565
563 680
563 685
563 691
564 532
564 535
564 536
564 537
564 538
564 560
564 561
564 562
564 563
564 565
564 566
565 532
565 533
565 535
565 536
565 537
565 538
565 560
565 561
565 563
565 564
565 566
565 567
566 537
566 538
566 539
566 540
566 557
566 560
566 561
566 564
566 565
566 567
566 568
567 537
567 538
567 539
567 540
567 557
567 565
567 566
567 568
567 569
568 539
568 540
568 541
568 542
568 553
568 554
568 557
568 566
568 567
568 569
568 570
569 539
569 540
569 541
569 542
569 567
569 568
569 570
569 571
569 573
569 574
570 541
570 542
570 543
570 550
570 568
570 569
570 571
570 572
570 573
570 574
570 600
570 601
571 541
571 542
571 543
571 569
571 570
571 572
571 573
571 574
571 600
571 601
571 603
571 604
572 570
572 571
572 573
572 574
572 600
572 601
572 602
572 603
572 604
573 569
573 570
573 571
573 572
573 574
573 575
574 541
574 569
574 570
574 571
574 572
574 573
574 575
574 576
574 578
574 604
575 573
575 574
575 576
575 577
575 578
575 604
576 574
576 575
576 577
576 578
576 579
576 604
576 607
576 608
577 575
577 576
577 578
577 579
577 580
578 574
578 575
578 576
578 577
578 579
578 580
578 581
578 582
579 576
579 577
579 578
579 580
579 581
579 582
579 614
579 616
580 577
580 578
580 579
580 581
580 582
580 614
580 615
580 616
581 578
581 579
581 580
581 582
581 583
581 616
582 537
582 538
582 539
582 578
582 579
582 580
582 581
582 583
582 584
582 585
582 616
582 618
583 536
583 537
583 538
583 581
583 582
583 584
583 585
583 617
583 618
583 619
584 536
584 537
584 538
584 539
584 582
584 583
584 585
584 586
584 618
584 619
584 620
585 538
585 539
585 540
585 541
585 582
585 583
585 584
585 586
585 587
585 618
585 619
585 620
585 621
586 538
586 539
586 540
586 541
586 584
586 585
586 587
586 588
586 620
586 621
586 622
587 540
587 541
587 542
587 553
587 585
587 586
587 588
587 589
587 620
587 621
587 622
587 623
588 540
588 541
588 542
588 543
588 549
588 550
588 552
588 553
588 586
588 587
588 589
588 590
588 622
588 623
588 624
588 625
588 637
589 541
589 542
589 543
589 544
589 549
589 587
589 588
589 590
589 591
589 597
589 598
589 622
589 623
589 624
589 625
589 636
589 637
590 543
590 544
590 545
590 549
590 588
590 589
590 591
590 592
590 597
590 598
590 624
590 625
590 626
590 634
590 636
590 637
591 589
591 590
591 592
591 593
591 594
591 595
591 596
591 597
591 598
591 624
591 625
591 626
591 633
591 634
591 635
591 636
591 637
592 545
592 590
592 591
592 593
592 594
592 595
592 596
592 597
592 598
592 626
593 591
593 592
593 594
593 595
593 596
593 630
593 1125
593 1126
593 1127
594 591
594 592
594 593
594 595
594 596
594 630
594 631
594 632
594 1084
594 1126
595 591
595 592
595 593
595 594
595 596
595 597
595 630
595 631
595 632
595 633
595 634
595 635
595 636
596 591
596 592
596 593
596 594
596 595
596 597
596 598
596 635
596 636
597 543
597 589
597 590
597 591
597 592
597 595
597 596
597 598
597 599
597 600
597 601
597 602
597 605
597 636
598 543
598 544
598 545
598 589
598 590
598 591
598 592
598 596
598 597
598 599
598 600
598 601
598 602
599 543
599 544
599 545
599 597
599 598
599 600
599 601
599 602
600 543
600 544
600 545
600 570
600 571
600 572
600 597
600 598
600 599
600 601
600 602
600 603
601 542
601 543
601 544
601 570
601 571
601 572
601 597
601 598
601 599
601 600
601 602
601 603
601 604
601 605
602 572
602 597
602 598
602 599
602 600
602 601
602 603
602 604
602 605
602 606
603 571
603 572
603 600
603 601
603 602
603 604
603 605
603 606
603 607
604 571
604 572
604 574
604 575
604 576
604 601
604 602
604 603
604 605
604 606
604 607
604 608
605 597
605 601
605 602
605 603
605 604
605 606
605 607
605 608
605 609
606 602
606 603
606 604
606 605
606 607
606 608
606 609
606 610
607 576
607 603
607 604
607 605
607 606
607 608
607 609
607 610
607 611
608 576
608 604
608 605
608 606
608 607
608 609
608 610
608 611
608 643
609 605
609 606
609 607
609 608
609 610
609 611
609 612
609 643
610 606
610 607
610 608
610 609
610 611
610 612
611 607
611 608
611 609
611 610
611 612
611 613
611 614
612 609
612 610
612 611
612 613
612 614
612 647
613 611
613 612
613 614
613 615
613 647
614 579
614 580
614 611
614 612
614 613
614 615
614 616
614 617
614 647
614 648
615 580
615 613
615 614
615 616
615 617
616 579
616 580
616 581
616 582
616 614
616 615
616 617
616 618
616 649
617 583
617 614
617 615
617 616
617 618
617 619
617 648
617 649
617 650
618 582
618 583
618 584
618 585
618 616
618 617
618 619
618 620
618 649
618 650
619 583
619 584
619 585
619 617
619 618
619 620
619 621
619 649
619 650
619 651
619 652
620 584
620 585
620 586
620 587
620 618
620 619
620 621
620 622
620 644
620 649
620 650
620 651
620 652
620 653
621 585
621 586
621 587
621 619
621 620
621 622
621 623
621 641
621 651
621 652
621 653
621 654
621 655
621 675
622 586
622 587
622 588
622 589
622 620
622 621
622 623
622 624
622 637
622 640
622 641
622 654
622 655
622 656
623 587
623 588
623 589
623 621
623 622
623 624
623 625
623 637
623 655
623 656
623 657
623 658
623 668
623 671
624 588
624 589
624 590
624 591
624 622
624 623
624 625
624 626
624 634
624 635
624 636
624 637
624 638
624 655
624 656
624 657
624 658
625 549
625 588
625 589
625 590
625 591
625 623
625 624
625 626
625 627
625 634
625 637
625 657
625 658
625 659
625 660
625 664
626 590
626 591
626 592
626 624
626 625
626 627
626 628
626 633
626 634
626 657
626 658
626 659
626 660
627 625
627 626
627 628
627 629
627 630
627 633
627 634
627 658
627 659
627 660
627 661
628 626
628 627
628 629
628 630
628 631
628 632
628 633
628 659
628 660
628 661
629 627
629 628
629 630
629 631
629 633
629 1129
629 1130
629 1131
629 1132
630 593
630 594
630 595
630 627
630 628
630 629
630 631
630 632
630 633
630 1084
630 1129
630 1130
631 594
631 595
631 628
631 629
631 630
631 632
631 633
632 594
632 595
632 628
632 630
632 631
632 633
632 634
632 635
633 591
633 595
633 626
633 627
633 628
633 629
633 630
633 631
633 632
633 634
633 635
634 590
634 591
634 595
634 624
634 625
634 626
634 627
634 632
634 633
634 635
634 636
634 637
634 638
634 657
635 591
635 595
635 596
635 624
635 632
635 633
635 634
635 636
635 637
635 638
635 639
636 589
636 590
636 591
636 595
636 596
636 597
636 624
636 634
636 635
636 637
636 638
636 639
636 640
637 588
637 589
637 590
637 591
637 622
637 623
637 624
637 625
637 634
637 635
637 636
637 638
637 639
637 640
637 641
637 655
638 624
638 634
638 635
638 636
638 637
638 639
638 640
638 641
638 642
638 655
639 635
639 636
639 637
639 638
639 640
639 641
639 642
639 643
640 622
640 636
640 637
640 638
640 639
640 641
640 642
640 643
640 644
641 621
641 622
641 637
641 638
641 639
641 640
641 642
641 643
641 644
641 645
641 655
642 638
642 639
642 640
642 641
642 643
642 644
642 645
642 646
643 608
643 609
643 639
643 640
643 641
643 642
643 644
643 645
643 646
643 647
644 620
644 640
644 641
644 642
644 643
644 645
644 646
644 647
644 648
644 649
645 641
645 642
645 643
645 644
645 646
645 647
645 648
645 649
645 650
645 651
646 642
646 643
646 644
646 645
646 647
646 648
646 649
647 612
647 613
647 614
647 643
647 644
647 645
647 646
647 648
647 649
648 614
648 617
648 644
648 645
648 646
648 647
648 649
648 650
649 616
649 617
649 618
649 619
649 620
649 644
649 645
649 646
649 647
649 648
649 650
649 651
650 617
650 618
650 619
650 620
650 645
650 648
650 649
650 651
650 652
651 619
651 620
651 621
651 645
651 649
651 650
651 652
651 653
651 654
652 619
652 620
652 621
652 650
652 651
652 653
652 654
652 675
652 678
652 679
653 620
653 621
653 651
653 652
653 654
653 655
653 674
653 675
653 678
654 621
654 622
654 651
654 652
654 653
654 655
654 656
655 621
655 622
655 623
655 624
655 637
655 638
655 641
655 653
655 654
655 656
655 657
656 622
656 623
656 624
656 654
656 655
656 657
656 658
656 667
656 668
656 671
657 623
657 624
657 625
657 626
657 634
657 655
657 656
657 658
657 659
657 664
657 667
657 668
658 623
658 624
658 625
658 626
658 627
658 656
658 657
658 659
658 660
658 662
658 663
658 664
658 665
658 667
658 668
659 625
659 626
659 627
659 628
659 657
659 658
659 660
659 661
659 662
659 663
659 664
660 625
660 626
660 627
660 628
660 658
660 659
660 661
660 662
660 663
660 664
661 627
661 628
661 659
661 660
661 662
661 663
661 664
661 868
662 658
662 659
662 660
662 661
662 663
662 664
662 864
662 868
663 658
663 659
663 660
663 661
663 662
663 664
663 665
663 666
663 667
663 838
663 839
663 864
664 625
664 657
664 658
664 659
664 660
664 661
664 662
664 663
664 665
664 666
664 667
664 668
665 658
665 663
665 664
665 666
665 667
665 668
665 669
666 663
666 664
666 665
666 667
666 668
666 669
666 670
667 656
667 657
667 658
667 663
667 664
667 665
667 666
667 668
667 669
667 670
667 671
668 552
668 623
668 656
668 657
668 658
668 664
668 665
668 666
668 667
668 669
668 670
668 671
668 672
669 665
669 666
669 667
669 668
669 670
669 671
669 672
669 673
669 697
670 666
670 667
670 668
670 669
670 671
670 672
670 673
670 674
670 697
671 623
671 656
671 667
671 668
671 669
671 670
671 672
671 673
671 674
671 675
672 556
672 668
672 669
672 670
672 671
672 673
672 674
672 675
672 676
673 669
673 670
673 671
673 672
673 674
673 675
673 676
673 677
673 697
674 653
674 670
674 671
674 672
674 673
674 675
674 676
674 677
674 678
675 621
675 652
675 653
675 671
675 672
675 673
675 674
675 676
675 677
675 678
675 679
676 559
676 560
676 672
676 673
676 674
676 675
676 677
676 678
676 679
676 680
677 673
677 674
677 675
677 676
677 678
677 679
677 680
677 681
678 652
678 653
678 674
678 675
678 676
678 677
678 679
678 680
678 681
678 682
679 652
679 675
679 676
679 677
679 678
679 680
679 681
679 682
679 683
680 563
680 676
680 677
680 678
680 679
680 681
680 682
680 683
680 684
680 685
680 688
681 677
681 678
681 679
681 680
681 682
681 683
681 684
681 685
681 688
682 678
682 679
682 680
682 681
682 683
682 684
683 536
683 679
683 680
683 681
683 682
683 684
683 685
684 680
684 681
684 682
684 683
684 685
684 686
684 688
685 563
685 680
685 681
685 683
685 684
685 686
685 687
685 688
686 684
686 685
686 687
686 688
687 685
687 686
687 688
687 689
687 690
687 691
688 680
688 681
688 684
688 685
688 686
688 687
688 689
688 690
688 691
689 687
689 688
689 690
689 691
690 687
690 688
690 689
690 691
690 692
691 562
691 563
691 687
691 688
691 689
691 690
691 692
691 693
692 562
692 690
692 691
692 693
692 694
693 559
693 562
693 691
693 692
693 694
693 695
693 697
693 698
694 559
694 692
694 693
694 695
694 696
694 697
694 698
695 693
695 694
695 696
695 697
695 698
695 699
695 700
695 701
696 694
696 695
696 697
696 698
696 699
696 700
696 701
697 669
697 670
697 673
697 693
697 694
697 695
697 696
697 698
697 699
698 693
698 694
698 695
698 696
698 697
698 699
698 700
699 695
699 696
699 697
699 698
699 700
699 701
700 695
700 696
700 698
700 699
700 701
700 702
700 840
700 843
701 695
701 696
701 699
701 700
701 702
701 703
702 700
702 701
702 703
702 704
702 843
702 844
702 847
703 701
703 702
703 704
703 705
703 844
703 847
704 702
704 703
704 705
704 706
704 707
704 708
705 703
705 704
705 706
705 707
705 708
705 709
705 893
705 894
706 704
706 705
706 707
706 708
706 709
707 704
707 705
707 706
707 708
707 709
707 804
707 805
707 809
708 704
708 705
708 706
708 707
708 709
708 710
708 802
708 803
708 804
708 805
708 893
708 897
709 705
709 706
709 707
709 708
709 710
709 711
709 802
709 803
709 804
709 893
710 708
710 709
710 711
710 712
710 800
710 801
710 802
710 803
710 893
711 709
711 710
711 712
711 713
711 800
711 801
711 802
711 803
712 710
712 711
712 713
712 714
712 798
712 799
712 800
712 801
713 711
713 712
713 714
713 715
713 799
713 800
713 801
713 820
713 821
714 712
714 713
714 715
714 716
714 799
714 800
715 713
715 714
715 716
715 717
715 799
715 820
716 714
716 715
716 717
716 718
716 821
717 715
717 716
717 718
717 719
717 722
717 819
717 820
717 821
718 716
718 717
718 719
718 720
718 721
718 722
719 717
719 718
719 720
719 721
719 722
719 723
719 957
720 718
720 719
720 721
720 722
720 723
720 724
720 731
720 732
720 733
720 957
721 718
721 719
721 720
721 722
721 723
721 724
721 725
721 731
722 717
722 718
722 719
722 720
722 721
722 723
722 724
722 725
722 726
722 819
723 719
723 720
723 721
723 722
723 724
723 725
723 726
723 727
723 728
723 729
723 731
723 775
723 830
724 720
724 721
724 722
724 723
724 725
724 726
724 727
724 728
724 729
724 730
724 731
725 721
725 722
725 723
725 724
725 726
725 727
725 728
725 729
726 722
726 723
726 724
726 725
726 727
726 728
726 817
726 818
727 546
727 723
727 724
727 725
727 726
727 728
727 729
728 723
728 724
728 725
728 726
728 727
728 729
728 730
729 723
729 724
729 725
729 727
729 728
729 730
729 731
729 959
730 724
730 728
730 729
730 731
730 732
730 959
731 720
731 721
731 723
731 724
731 729
731 730
731 732
731 733
731 957
731 958
731 959
732 720
732 730
732 731
732 733
732 734
732 763
732 957
732 958
732 959
733 720
733 731
733 732
733 734
733 735
733 758
733 955
733 956
733 957
733 958
734 732
734 733
734 735
734 736
734 756
734 757
734 758
734 955
734 956
734 957
734 958
735 733
735 734
735 736
735 737
735 756
735 757
735 758
735 952
735 953
735 954
735 955
735 956
736 734
736 735
736 737
736 738
736 739
736 754
736 755
736 756
736 757
736 950
736 951
736 952
736 953
736 954
736 955
736 956
737 735
737 736
737 738
737 739
737 754
737 755
737 756
737 757
737 952
737 953
738 736
738 737
738 739
738 740
738 753
738 754
738 755
738 756
738 952
739 736
739 737
739 738
739 740
739 741
739 752
739 753
739 754
739 755
739 948
739 952
740 738
740 739
740 741
740 742
740 752
740 753
740 754
741 739
741 740
741 742
741 743
741 744
741 750
741 751
741 752
741 753
742 740
742 741
742 743
742 744
742 750
742 751
742 752
742 753
742 1021
742 1023
742 1024
743 741
743 742
743 744
743 745
743 747
743 749
743 750
743 751
743 752
743 1020
743 1021
743 1022
743 1023
744 741
744 742
744 743
744 745
744 746
744 747
744 1019
744 1020
744 1021
745 743
745 744
745 746
745 747
746 744
746 745
746 747
746 748
746 1020
747 743
747 744
747 745
747 746
747 748
747 749
747 750
747 1020
747 1021
748 746
748 747
748 749
748 750
749 743
749 747
749 748
749 750
749 751
749 925
749 926
750 741
750 742
750 743
750 747
750 748
750 749
750 751
750 752
750 925
750 926
751 741
751 742
751 743
751 749
751 750
751 752
751 753
751 923
751 924
751 925
751 926
751 983
752 739
752 740
752 741
752 742
752 743
752 750
752 751
752 753
752 754
752 922
752 923
752 924
752 925
752 926
752 948
753 738
753 739
753 740
753 741
753 742
753 751
753 752
753 754
753 755
753 921
753 922
753 923
753 924
754 736
754 737
754 738
754 739
754 740
754 752
754 753
754 755
754 756
754 921
754 922
754 923
754 924
754 947
755 736
755 737
755 738
755 739
755 753
755 754
755 756
755 757
755 919
755 920
755 921
755 922
756 734
756 735
756 736
756 737
756 738
756 754
756 755
756 757
756 758
756 919
756 920
756 921
756 956
757 734
757 735
757 736
757 737
757 755
757 756
757 758
757 759
757 918
757 919
757 920
758 733
758 734
758 735
758 756
758 757
758 759
758 760
758 761
758 762
758 918
758 919
759 757
759 758
759 760
759 761
759 918
760 758
760 759
760 761
760 762
761 758
761 759
761 760
761 762
761 763
761 764
761 917
761 918
762 758
762 760
762 761
762 763
762 764
763 732
763 761
763 762
763 764
763 765
764 761
764 762
764 763
764 765
764 766
764 913
764 917
764 918
764 960
765 763
765 764
765 766
765 767
765 913
765 960
766 764
766 765
766 767
766 768
766 770
766 913
766 960
766 962
767 765
767 766
767 768
767 769
767 770
767 912
767 913
767 962
767 967
768 766
768 767
768 769
768 770
768 909
768 910
768 911
768 912
768 913
768 967
768 968
768 987
768 990
768 991
768 994
769 767
769 768
769 770
769 771
769 908
769 909
769 910
769 963
769 966
769 967
769 968
769 987
769 988
769 990
769 991
770 766
770 767
770 768
770 769
770 771
770 772
770 908
770 909
770 960
770 961
770 962
770 963
770 964
770 966
770 967
770 987
771 769
771 770
771 772
771 773
771 906
771 907
771 908
771 909
771 960
771 961
771 962
771 963
772 770
772 771
772 773
772 774
772 905
772 906
772 907
772 908
772 909
772 958
772 959
772 960
772 961
773 771
773 772
773 774
773 775
773 904
773 905
773 906
773 907
773 958
773 959
773 960
773 961
774 772
774 773
774 775
774 776
774 904
774 905
774 906
774 907
774 943
774 956
774 957
774 958
774 959
775 723
775 773
775 774
775 776
775 777
775 829
775 903
775 904
775 905
775 943
775 956
775 957
775 958
776 774
776 775
776 777
776 778
776 829
776 904
776 905
776 942
776 943
776 946
776 947
776 956
776 957
777 775
777 776
777 778
777 779
777 828
777 829
777 942
777 943
777 946
778 776
778 777
778 779
778 780
778 782
778 783
778 827
778 828
778 829
778 833
778 942
778 946
779 777
779 778
779 780
779 781
779 782
779 783
779 828
779 942
779 946
780 778
780 779
780 781
780 782
780 783
780 784
780 828
781 779
781 780
781 782
781 783
781 784
781 785
782 778
782 779
782 780
782 781
782 783
782 784
782 785
782 786
782 833
782 879
783 778
783 779
783 780
783 781
783 782
783 784
783 785
783 786
783 787
783 824
783 827
783 828
784 780
784 781
784 782
784 783
784 785
784 786
784 787
784 788
785 781
785 782
785 783
785 784
785 786
785 787
785 788
785 789
785 879
786 782
786 783
786 784
786 785
786 787
786 788
786 789
786 790
786 878
786 879
786 882
787 783
787 784
787 785
787 786
787 788
787 789
787 790
787 796
787 824
788 784
788 785
788 786
788 787
788 789
788 790
789 785
789 786
789 787
789 788
789 790
789 791
789 882
789 889
789 890
790 786
790 787
790 788
790 789
790 791
790 792
790 793
790 889
790 890
790 891
790 892
791 789
791 790
791 792
791 793
791 889
791 890
791 891
791 892
792 790
792 791
792 793
792 794
792 891
792 892
793 790
793 791
793 792
793 794
793 795
793 796
793 891
793 892
793 893
794 792
794 793
794 795
794 796
794 798
794 800
794 892
795 793
795 794
795 796
795 797
795 798
796 787
796 793
796 794
796 795
796 797
796 798
796 822
796 823
796 824
797 795
797 796
797 798
797 799
797 822
797 823
797 824
797 825
798 712
798 794
798 795
798 796
798 797
798 799
798 800
798 821
798 822
798 823
799 712
799 713
799 714
799 715
799 797
799 798
799 800
799 801
799 820
799 821
799 822
799 823
800 710
800 711
800 712
800 713
800 714
800 794
800 798
800 799
800 801
800 802
800 820
800 821
800 822
800 823
801 710
801 711
801 712
801 713
801 799
801 800
801 802
801 803
801 814
801 815
801 819
801 820
801 821
802 708
802 709
802 710
802 711
802 800
802 801
802 803
802 804
802 814
802 815
802 818
802 820
802 893
802 896
802 897
803 708
803 709
803 710
803 711
803 801
803 802
803 804
803 805
803 812
803 813
803 814
803 815
804 707
804 708
804 709
804 802
804 803
804 805
804 806
804 812
804 813
804 814
804 815
805 707
805 708
805 803
805 804
805 806
805 807
805 808
805 809
805 810
805 811
805 812
805 813
806 804
806 805
806 807
806 808
806 809
806 810
806 811
806 812
806 813
807 805
807 806
807 808
807 809
807 810
808 1
808 805
808 806
808 807
808 809
808 810
808 811
809 707
809 805
809 806
809 807
809 808
809 810
809 811
810 805
810 806
810 807
810 808
810 809
810 811
810 812
811 805
811 806
811 808
811 809
811 810
811 812
811 813
812 803
812 804
812 805
812 806
812 810
812 811
812 813
812 814
813 803
813 804
813 805
813 806
813 811
813 812
813 814
813 815
814 801
814 802
814 803
814 804
814 812
814 813
814 815
814 816
815 801
815 802
815 803
815 804
815 813
815 814
815 816
815 817
815 818
815 819
816 814
816 815
816 817
816 818
816 819
817 726
817 815
817 816
817 818
817 819
817 901
818 726
818 802
818 815
818 816
818 817
818 819
818 820
818 821
818 826
818 830
818 896
819 717
819 722
819 801
819 815
819 816
819 817
819 818
819 820
819 821
820 713
820 715
820 717
820 799
820 800
820 801
820 802
820 818
820 819
820 821
820 822
821 713
821 716
821 717
821 798
821 799
821 800
821 801
821 818
821 819
821 820
821 822
821 823
821 825
821 826
822 796
822 797
822 798
822 799
822 800
822 820
822 821
822 823
822 824
822 825
822 826
823 796
823 797
823 798
823 799
823 800
823 821
823 822
823 824
823 825
823 826
823 827
823 892
823 896
824 783
824 787
824 796
824 797
824 822
824 823
824 825
824 826
824 827
824 828
825 797
825 821
825 822
825 823
825 824
825 826
825 827
825 828
825 829
825 830
826 818
826 821
826 822
826 823
826 824
826 825
826 827
826 828
826 829
826 830
826 831
826 896
827 778
827 783
827 823
827 824
827 825
827 826
827 828
827 829
827 830
827 831
827 832
827 833
828 777
828 778
828 779
828 780
828 783
828 824
828 825
828 826
828 827
828 829
828 830
828 831
829 775
829 776
829 777
829 778
829 825
829 826
829 827
829 828
829 830
829 831
829 902
830 723
830 818
830 825
830 826
830 827
830 828
830 829
830 831
830 832
830 901
830 902
831 826
831 827
831 828
831 829
831 830
831 832
831 833
831 896
831 899
831 900
831 901
831 902
832 827
832 830
832 831
832 833
832 834
832 835
832 899
832 900
832 901
832 902
832 903
833 778
833 782
833 827
833 831
833 832
833 834
833 835
833 877
833 878
833 879
833 899
834 832
834 833
834 835
834 836
834 876
834 877
834 878
834 942
835 832
835 833
835 834
835 836
835 837
835 875
835 876
835 877
835 878
836 834
836 835
836 837
836 838
836 871
836 875
836 876
836 877
836 878
837 835
837 836
837 838
837 839
837 840
837 841
837 842
837 877
837 878
838 663
838 836
838 837
838 839
838 840
838 841
838 842
839 663
839 837
839 838
839 840
839 841
839 842
839 843
839 861
839 862
839 863
839 867
840 700
840 837
840 838
840 839
840 841
840 842
840 843
840 844
840 862
841 837
841 838
841 839
841 840
841 842
841 843
841 844
841 845
841 898
842 837
842 838
842 839
842 840
842 841
842 843
842 844
842 845
842 846
842 858
842 859
842 861
842 862
843 700
843 702
843 839
843 840
843 841
843 842
843 844
843 845
843 846
843 847
843 858
843 859
843 862
844 702
844 703
844 840
844 841
844 842
844 843
844 845
844 846
844 847
844 848
845 841
845 842
845 843
845 844
845 846
845 847
845 848
845 849
845 858
845 888
845 890
846 842
846 843
846 844
846 845
846 847
846 848
846 849
846 854
846 855
846 856
846 858
846 859
846 888
847 702
847 703
847 843
847 844
847 845
847 846
847 848
847 849
847 855
848 844
848 845
848 846
848 847
848 849
848 850
848 887
848 888
848 889
848 890
849 845
849 846
849 847
849 848
849 850
849 851
849 852
849 854
849 855
849 885
849 887
849 888
849 889
850 848
850 849
850 851
850 852
850 855
850 887
850 888
850 889
851 849
851 850
851 852
851 853
851 854
851 855
851 887
852 849
852 850
852 851
852 853
852 854
852 855
852 856
853 851
853 852
853 854
853 855
853 856
853 857
854 846
854 849
854 851
854 852
854 853
854 855
854 856
854 857
854 858
854 885
854 887
855 846
855 847
855 849
855 850
855 851
855 852
855 853
855 854
855 856
855 857
855 858
855 859
856 846
856 852
856 853
856 854
856 855
856 857
856 858
856 859
856 860
857 853
857 854
857 855
857 856
857 858
857 859
857 860
857 861
858 842
858 843
858 845
858 846
858 854
858 855
858 856
858 857
858 859
858 860
858 861
858 862
859 842
859 843
859 846
859 855
859 856
859 857
859 858
859 860
859 861
859 862
859 863
860 856
860 857
860 858
860 859
860 861
860 862
860 863
860 866
861 839
861 842
861 857
861 858
861 859
861 860
861 862
861 863
861 864
861 866
861 867
861 870
862 839
862 840
862 842
862 843
862 858
862 859
862 860
862 861
862 863
862 864
862 866
862 867
863 839
863 859
863 860
863 861
863 862
863 864
863 865
863 866
863 867
864 662
864 663
864 861
864 862
864 863
864 865
864 866
864 867
864 868
865 863
865 864
865 866
865 867
865 868
865 869
866 860
866 861
866 862
866 863
866 864
866 865
866 867
866 868
866 869
866 870
867 839
867 861
867 862
867 863
867 864
867 865
867 866
867 868
867 869
867 870
867 871
868 661
868 662
868 864
868 865
868 866
868 867
868 869
868 870
868 871
868 872
869 865
869 866
869 867
869 868
869 870
869 871
869 872
869 873
870 861
870 866
870 867
870 868
870 869
870 871
870 872
870 873
870 874
870 875
871 836
871 867
871 868
871 869
871 870
871 872
871 873
871 874
871 875
871 876
872 868
872 869
872 870
872 871
872 873
872 874
872 875
873 869
873 870
873 871
873 872
873 874
873 875
873 931
873 932
874 870
874 871
874 872
874 873
874 875
874 876
874 931
874 932
874 936
875 835
875 836
875 870
875 871
875 872
875 873
875 874
875 876
875 877
875 931
876 834
876 835
876 836
876 871
876 874
876 875
876 877
876 878
876 879
876 880
876 881
877 833
877 834
877 835
877 836
877 837
877 875
877 876
877 878
877 879
877 880
877 881
878 786
878 833
878 834
878 835
878 836
878 837
878 876
878 877
878 879
878 880
878 881
878 882
879 782
879 785
879 786
879 833
879 876
879 877
879 878
879 880
879 881
879 882
879 883
880 876
880 877
880 878
880 879
880 881
880 882
880 883
880 884
881 876
881 877
881 878
881 879
881 880
881 882
881 883
881 884
881 885
882 786
882 789
882 878
882 879
882 880
882 881
882 883
882 884
882 885
882 886
882 888
883 879
883 880
883 881
883 882
883 884
883 885
883 886
884 880
884 881
884 882
884 883
884 885
884 886
885 849
885 854
885 881
885 882
885 883
885 884
885 886
885 887
885 888
886 882
886 883
886 884
886 885
886 887
886 888
887 848
887 849
887 850
887 851
887 854
887 885
887 886
887 888
887 889
888 845
888 846
888 848
888 849
888 850
888 882
888 885
888 886
888 887
888 889
888 890
889 789
889 790
889 791
889 848
889 849
889 850
889 887
889 888
889 890
889 891
890 789
890 790
890 791
890 845
890 848
890 888
890 889
890 891
890 892
890 894
890 895
891 790
891 791
891 792
891 793
891 889
891 890
891 892
891 893
891 894
891 895
892 790
892 791
892 792
892 793
892 794
892 823
892 890
892 891
892 893
892 894
892 895
892 896
893 705
893 708
893 709
893 710
893 793
893 802
893 891
893 892
893 894
893 895
893 896
893 897
894 705
894 890
894 891
894 892
894 893
894 895
894 896
894 897
894 898
894 899
895 890
895 891
895 892
895 893
895 894
895 896
895 897
895 898
895 899
896 802
896 818
896 823
896 826
896 831
896 892
896 893
896 894
896 895
896 897
896 898
896 899
897 708
897 802
897 893
897 894
897 895
897 896
897 898
897 899
898 841
898 894
898 895
898 896
898 897
898 899
898 900
899 831
899 832
899 833
899 894
899 895
899 896
899 897
899 898
899 900
899 901
900 831
900 832
900 898
900 899
900 901
900 902
901 817
901 830
901 831
901 832
901 899
901 900
901 902
901 903
902 829
902 830
902 831
902 832
902 900
902 901
902 903
902 904
903 546
903 775
903 832
903 901
903 902
903 904
903 905
904 773
904 774
904 775
904 776
904 902
904 903
904 905
904 906
905 772
905 773
905 774
905 775
905 776
905 903
905 904
905 906
905 907
905 943
906 771
906 772
906 773
906 774
906 904
906 905
906 907
906 908
907 771
907 772
907 773
907 774
907 905
907 906
907 908
907 909
907 922
907 923
907 924
908 769
908 770
908 771
908 772
908 906
908 907
908 909
908 910
908 922
908 923
908 986
908 987
909 768
909 769
909 770
909 771
909 772
909 907
909 908
909 910
909 911
909 920
909 921
909 922
909 923
909 986
909 987
909 990
910 768
910 769
910 908
910 909
910 911
910 912
910 920
910 921
910 922
910 923
910 986
910 987
910 988
910 989
910 990
911 768
911 909
911 910
911 912
911 913
911 915
911 916
911 919
911 920
911 921
911 922
911 987
911 989
911 990
911 991
911 993
912 767
912 768
912 910
912 911
912 913
912 914
912 915
912 916
912 917
912 920
912 989
912 990
912 991
912 993
912 994
913 764
913 765
913 766
913 767
913 768
913 911
913 912
913 914
913 915
913 916
913 917
913 918
913 919
913 920
913 994
914 912
914 913
914 915
914 916
914 917
914 994
914 997
915 911
915 912
915 913
915 914
915 916
915 917
915 993
915 994
915 997
916 911
916 912
916 913
916 914
916 915
916 917
916 918
916 919
916 920
917 761
917 764
917 912
917 913
917 914
917 915
917 916
917 918
917 919
918 757
918 758
918 759
918 761
918 764
918 913
918 916
918 917
918 919
918 920
919 755
919 756
919 757
919 758
919 911
919 913
919 916
919 917
919 918
919 920
919 921
920 755
920 756
920 757
920 909
920 910
920 911
920 912
920 913
920 916
920 918
920 919
920 921
920 922
921 753
921 754
921 755
921 756
921 909
921 910
921 911
921 919
921 920
921 922
921 923
922 752
922 753
922 754
922 755
922 907
922 908
922 909
922 910
922 911
922 920
922 921
922 923
922 924
922 986
923 751
923 752
923 753
923 754
923 907
923 908
923 909
923 910
923 921
923 922
923 924
923 925
923 983
923 985
923 986
924 751
924 752
924 753
924 754
924 907
924 922
924 923
924 925
924 926
924 944
924 983
925 749
925 750
925 751
925 752
925 923
925 924
925 926
925 927
925 944
925 983
926 749
926 750
926 751
926 752
926 924
926 925
926 927
926 928
926 941
926 944
926 945
926 948
927 925
927 926
927 928
927 929
927 940
927 941
927 944
927 945
928 926
928 927
928 929
928 930
928 938
928 939
928 940
928 941
928 945
929 927
929 928
929 930
929 931
929 934
929 938
929 939
929 940
930 928
930 929
930 931
930 932
930 933
930 934
930 935
930 936
930 937
930 938
930 939
931 873
931 874
931 875
931 929
931 930
931 932
931 933
931 934
931 935
931 936
931 937
931 938
931 939
932 873
932 874
932 930
932 931
932 933
932 934
932 935
932 936
933 930
933 931
933 932
933 934
933 935
933 936
934 929
934 930
934 931
934 932
934 933
934 935
934 936
935 930
935 931
935 932
935 933
935 934
935 936
935 937
936 874
936 930
936 931
936 932
936 933
936 934
936 935
936 937
936 938
937 930
937 931
937 935
937 936
937 938
937 939
938 928
938 929
938 930
938 931
938 936
938 937
938 939
938 940
939 928
939 929
939 930
939 931
939 937
939 938
939 940
939 941
940 927
940 928
940 929
940 938
940 939
940 941
940 942
940 945
941 926
941 927
941 928
941 939
941 940
941 942
941 943
941 944
941 945
942 776
942 777
942 778
942 779
942 834
942 940
942 941
942 943
942 944
942 945
942 946
943 774
943 775
943 776
943 777
943 905
943 941
943 942
943 944
943 945
943 946
943 947
944 924
944 925
944 926
944 927
944 941
944 942
944 943
944 945
944 946
944 947
944 948
945 926
945 927
945 928
945 940
945 941
945 942
945 943
945 944
945 946
945 947
945 948
945 949
946 776
946 777
946 778
946 779
946 942
946 943
946 944
946 945
946 947
946 948
946 949
946 950
947 754
947 776
947 943
947 944
947 945
947 946
947 948
947 949
947 950
948 739
948 752
948 926
948 944
948 945
948 946
948 947
948 949
948 950
949 945
949 946
949 947
949 948
949 950
949 951
950 736
950 946
950 947
950 948
950 949
950 951
950 952
950 954
951 736
951 949
951 950
951 952
951 953
951 954
952 735
952 736
952 737
952 738
952 739
952 950
952 951
952 953
952 954
953 735
953 736
953 737
953 951
953 952
953 954
953 955
954 735
954 736
954 950
954 951
954 952
954 953
954 955
954 956
955 733
955 734
955 735
955 736
955 953
955 954
955 956
955 957
956 733
956 734
956 735
956 736
956 756
956 774
956 775
956 776
956 954
956 955
956 957
956 958
957 719
957 720
957 731
957 732
957 733
957 734
957 774
957 775
957 776
957 955
957 956
957 958
957 959
958 731
958 732
958 733
958 734
958 772
958 773
958 774
958 775
958 956
958 957
958 959
958 960
959 729
959 730
959 731
959 732
959 772
959 773
959 774
959 957
959 958
959 960
959 961
960 764
960 765
960 766
960 770
960 771
960 772
960 773
960 958
960 959
960 961
960 962
961 770
961 771
961 772
961 773
961 959
961 960
961 962
961 963
962 766
962 767
962 770
962 771
962 960
962 961
962 963
962 964
963 769
963 770
963 771
963 961
963 962
963 964
963 965
963 966
963 967
964 770
964 962
964 963
964 965
964 966
964 967
965 963
965 964
965 966
965 967
965 1120
965 1123
966 769
966 770
966 963
966 964
966 965
966 967
966 968
966 1079
966 1123
966 1124
966 1125
967 767
967 768
967 769
967 770
967 963
967 964
967 965
967 966
967 968
967 969
968 768
968 769
968 966
968 967
968 969
968 970
968 972
968 991
969 967
969 968
969 970
969 971
969 972
969 974
969 1077
970 968
970 969
970 971
970 972
971 969
971 970
971 972
971 973
971 974
972 968
972 969
972 970
972 971
972 973
972 974
972 1004
972 1005
972 1006
972 1007
973 971
973 972
973 974
973 975
973 1005
973 1006
973 1007
973 1008
974 969
974 971
974 972
974 973
974 975
974 976
974 1006
974 1007
974 1008
974 1074
974 1075
974 1076
974 1077
975 973
975 974
975 976
975 977
975 1007
975 1008
975 1009
975 1070
975 1074
975 1075
975 1076
975 1077
976 974
976 975
976 977
976 978
976 1007
976 1008
976 1009
976 1010
976 1070
976 1076
976 1077
976 1078
976 1079
977 975
977 976
977 978
977 979
977 1009
977 1010
977 1011
977 1012
977 1067
977 1070
977 1077
977 1078
977 1079
978 976
978 977
978 979
978 980
978 988
978 1009
978 1010
978 1011
978 1012
978 1078
978 1079
978 1080
979 977
979 978
979 980
979 981
979 984
979 985
979 1011
979 1012
979 1013
979 1055
979 1078
979 1079
979 1080
979 1081
980 978
980 979
980 981
980 982
980 983
980 984
980 985
980 986
980 988
980 1011
980 1012
980 1013
980 1014
980 1080
980 1081
980 1082
981 979
981 980
981 982
981 983
981 984
981 985
981 1012
981 1013
981 1014
981 1015
981 1055
981 1081
981 1082
982 980
982 981
982 983
982 984
982 985
982 1013
982 1014
982 1015
982 1021
982 1022
982 1023
982 1082
983 751
983 923
983 924
983 925
983 980
983 981
983 982
983 984
983 985
983 986
983 1082
984 979
984 980
984 981
984 982
984 983
984 985
984 986
984 987
984 988
984 1080
984 1081
984 1082
984 1083
985 923
985 979
985 980
985 981
985 982
985 983
985 984
985 986
985 987
985 988
985 989
985 1013
985 1081
985 1082
986 908
986 909
986 910
986 922
986 923
986 980
986 983
986 984
986 985
986 987
986 988
986 989
986 990
987 768
987 769
987 770
987 908
987 909
987 910
987 911
987 984
987 985
987 986
987 988
987 989
987 990
987 991
987 1081
988 769
988 910
988 978
988 980
988 984
988 985
988 986
988 987
988 989
988 990
988 991
988 992
989 910
989 911
989 912
989 985
989 986
989 987
989 988
989 990
989 991
989 992
989 993
990 768
990 769
990 909
990 910
990 911
990 912
990 986
990 987
990 988
990 989
990 991
990 992
990 993
990 994
991 768
991 769
991 911
991 912
991 968
991 987
991 988
991 989
991 990
991 992
991 993
991 994
991 995
992 988
992 989
992 990
992 991
992 993
992 994
992 995
992 996
992 1031
992 1036
992 1037
993 911
993 912
993 915
993 989
993 990
993 991
993 992
993 994
993 995
993 996
993 997
994 768
994 912
994 913
994 914
994 915
994 990
994 991
994 992
994 993
994 995
994 996
994 997
994 998
995 991
995 992
995 993
995 994
995 996
995 997
995 998
995 999
995 1005
995 1006
995 1036
996 992
996 993
996 994
996 995
996 997
996 998
996 999
996 1000
996 1031
996 1036
997 914
997 915
997 993
997 994
997 995
997 996
997 998
997 999
997 1000
997 1001
997 1002
998 994
998 995
998 996
998 997
998 999
998 1000
998 1001
998 1002
998 1003
998 1004
998 1005
999 995
999 996
999 997
999 998
999 1000
999 1001
999 1002
999 1003
999 1004
999 1005
999 1006
1000 996
1000 997
1000 998
1000 999
1000 1001
1000 1002
1000 1003
1001 997
1001 998
1001 999
1001 1000
1001 1002
1001 1003
1002 997
1002 998
1002 999
1002 1000
1002 1001
1002 1003
1002 1004
1003 998
1003 999
1003 1000
1003 1001
1003 1002
1003 1004
1003 1005
1004 972
1004 998
1004 999
1004 1002
1004 1003
1004 1005
1004 1006
1005 972
1005 973
1005 995
1005 998
1005 999
1005 1003
1005 1004
1005 1006
1005 1007
1006 972
1006 973
1006 974
1006 995
1006 999
1006 1004
1006 1005
1006 1007
1006 1008
1006 1009
1006 1036
1007 972
1007 973
1007 974
1007 975
1007 976
1007 1005
1007 1006
1007 1008
1007 1009
1008 973
1008 974
1008 975
1008 976
1008 1006
1008 1007
1008 1009
1008 1010
1008 1037
1008 1038
1009 975
1009 976
1009 977
1009 978
1009 1006
1009 1007
1009 1008
1009 1010
1009 1011
1009 1036
1009 1037
1009 1038
1009 1039
1010 976
1010 977
1010 978
1010 1008
1010 1009
1010 1011
1010 1012
1010 1037
1010 1038
1010 1039
1010 1040
1010 1041
1011 977
1011 978
1011 979
1011 980
1011 1009
1011 1010
1011 1012
1011 1013
1011 1037
1011 1039
1011 1040
1011 1041
1012 977
1012 978
1012 979
1012 980
1012 981
1012 1010
1012 1011
1012 1013
1012 1014
1012 1040
1012 1041
1012 1042
1012 1043
1012 1055
1012 1058
1013 979
1013 980
1013 981
1013 982
1013 985
1013 1011
1013 1012
1013 1014
1013 1015
1013 1040
1013 1041
1013 1042
1013 1043
1013 1055
1014 980
1014 981
1014 982
1014 1012
1014 1013
1014 1015
1014 1016
1014 1042
1014 1043
1014 1044
1014 1045
1014 1054
1014 1055
1015 981
1015 982
1015 1013
1015 1014
1015 1016
1015 1017
1015 1018
1015 1021
1015 1022
1015 1042
1015 1043
1015 1044
1015 1045
1016 1014
1016 1015
1016 1017
1016 1018
1016 1020
1016 1021
1016 1022
1016 1044
1016 1045
1016 1046
1016 1047
1017 1015
1017 1016
1017 1018
1017 1019
1017 1020
1017 1021
1017 1022
1017 1044
1017 1045
1017 1046
1017 1047
1018 1015
1018 1016
1018 1017
1018 1019
1018 1020
1018 1021
1018 1022
1018 1044
1018 1047
1019 744
1019 1017
1019 1018
1019 1020
1019 1021
1019 1022
1020 743
1020 744
1020 746
1020 747
1020 1016
1020 1017
1020 1018
1020 1019
1020 1021
1020 1022
1021 742
1021 743
1021 744
1021 747
1021 982
1021 1015
1021 1016
1021 1017
1021 1018
1021 1019
1021 1020
1021 1022
1021 1023
1022 743
1022 982
1022 1015
1022 1016
1022 1017
1022 1018
1022 1019
1022 1020
1022 1021
1022 1023
1022 1024
1022 1025
1023 742
1023 743
1023 982
1023 1021
1023 1022
1023 1024
1023 1025
1024 742
1024 1022
1024 1023
1024 1025
1024 1026
1024 1027
1024 1028
1025 1022
1025 1023
1025 1024
1025 1026
1025 1027
1025 1028
1025 1029
1026 1024
1026 1025
1026 1027
1026 1028
1026 1029
1026 1030
1027 1024
1027 1025
1027 1026
1027 1028
1027 1029
1027 1030
1027 1031
1028 1024
1028 1025
1028 1026
1028 1027
1028 1029
1028 1030
1028 1031
1028 1032
1028 1037
1028 1040
1029 1025
1029 1026
1029 1027
1029 1028
1029 1030
1029 1031
1029 1032
1029 1033
1030 1026
1030 1027
1030 1028
1030 1029
1030 1031
1030 1032
1030 1033
1030 1034
1031 992
1031 996
1031 1027
1031 1028
1031 1029
1031 1030
1031 1032
1031 1033
1031 1034
1031 1035
1031 1036
1031 1037
1032 1028
1032 1029
1032 1030
1032 1031
1032 1033
1032 1034
1032 1035
1032 1036
1032 1037
1032 1038
1032 1039
1032 1040
1033 1029
1033 1030
1033 1031
1033 1032
1033 1034
1033 1035
1033 1036
1033 1037
1034 1030
1034 1031
1034 1032
1034 1033
1034 1035
1034 1036
1034 1037
1035 1031
1035 1032
1035 1033
1035 1034
1035 1036
1035 1037
1035 1038
1036 992
1036 995
1036 996
1036 1006
1036 1009
1036 1031
1036 1032
1036 1033
1036 1034
1036 1035
1036 1037
1036 1038
1037 992
1037 1008
1037 1009
1037 1010
1037 1011
1037 1028
1037 1031
1037 1032
1037 1033
1037 1034
1037 1035
1037 1036
1037 1038
1037 1039
1037 1040
1038 1008
1038 1009
1038 1010
1038 1032
1038 1035
1038 1036
1038 1037
1038 1039
1038 1040
1039 1009
1039 1010
1039 1011
1039 1032
1039 1037
1039 1038
1039 1040
1039 1041
1040 1010
1040 1011
1040 1012
1040 1013
1040 1028
1040 1032
1040 1037
1040 1038
1040 1039
1040 1041
1040 1042
1041 1010
1041 1011
1041 1012
1041 1013
1041 1039
1041 1040
1041 1042
1041 1043
1041 1058
1042 1012
1042 1013
1042 1014
1042 1015
1042 1040
1042 1041
1042 1043
1042 1044
1042 1055
1043 1012
1043 1013
1043 1014
1043 1015
1043 1041
1043 1042
1043 1044
1043 1045
1043 1053
1043 1054
1043 1055
1043 1057
1043 1058
1044 1014
1044 1015
1044 1016
1044 1017
1044 1018
1044 1042
1044 1043
1044 1045
1044 1046
1044 1047
1044 1052
1044 1053
1044 1054
1045 1014
1045 1015
1045 1016
1045 1017
1045 1043
1045 1044
1045 1046
1045 1047
1045 1051
1045 1052
1045 1053
1045 1054
1046 1016
1046 1017
1046 1044
1046 1045
1046 1047
1046 1048
1046 1050
1046 1051
1046 1052
1046 1053
1047 1016
1047 1017
1047 1018
1047 1044
1047 1045
1047 1046
1047 1048
1047 1049
1047 1050
1047 1051
1047 1052
1048 1046
1048 1047
1048 1049
1048 1050
1049 1047
1049 1048
1049 1050
1049 1051
1050 1046
1050 1047
1050 1048
1050 1049
1050 1051
1050 1052
1051 1045
1051 1046
1051 1047
1051 1049
1051 1050
1051 1052
1051 1053
1052 1044
1052 1045
1052 1046
1052 1047
1052 1050
1052 1051
1052 1053
1052 1054
1053 1043
1053 1044
1053 1045
1053 1046
1053 1051
1053 1052
1053 1054
1053 1055
1053 1057
1053 1058
1054 1014
1054 1043
1054 1044
1054 1045
1054 1052
1054 1053
1054 1055
1054 1056
1054 1057
1054 1058
1055 979
1055 981
1055 1012
1055 1013
1055 1014
1055 1042
1055 1043
1055 1053
1055 1054
1055 1056
1055 1057
1055 1058
1055 1059
1055 1090
1056 1054
1056 1055
1056 1057
1056 1058
1056 1059
1056 1060
1056 1089
1056 1090
1056 1093
1057 1043
1057 1053
1057 1054
1057 1055
1057 1056
1057 1058
1057 1059
1057 1060
1057 1061
1057 1062
1058 1012
1058 1041
1058 1043
1058 1053
1058 1054
1058 1055
1058 1056
1058 1057
1058 1059
1058 1060
1058 1061
1058 1062
1058 1063
1059 1055
1059 1056
1059 1057
1059 1058
1059 1060
1059 1061
1059 1062
1059 1063
1059 1064
1059 1067
1059 1093
1059 1094
1060 1056
1060 1057
1060 1058
1060 1059
1060 1061
1060 1062
1060 1063
1060 1064
1060 1093
1060 1097
1061 1057
1061 1058
1061 1059
1061 1060
1061 1062
1061 1063
1061 1064
1062 1057
1062 1058
1062 1059
1062 1060
1062 1061
1062 1063
1062 1064
1063 1058
1063 1059
1063 1060
1063 1061
1063 1062
1063 1064
1063 1065
1063 1066
1063 1067
1064 1059
1064 1060
1064 1061
1064 1062
1064 1063
1064 1065
1064 1066
1064 1067
1064 1068
1064 1097
1065 1063
1065 1064
1065 1066
1065 1067
1065 1068
1065 1069
1066 1063
1066 1064
1066 1065
1066 1067
1066 1068
1066 1069
1066 1070
1067 977
1067 1059
1067 1063
1067 1064
1067 1065
1067 1066
1067 1068
1067 1069
1067 1070
1067 1071
1067 1094
1068 1064
1068 1065
1068 1066
1068 1067
1068 1069
1068 1070
1068 1071
1068 1072
1068 1073
1068 1097
1068 1098
1068 1101
1069 1065
1069 1066
1069 1067
1069 1068
1069 1070
1069 1071
1069 1072
1069 1073
1069 1074
1069 1076
1070 975
1070 976
1070 977
1070 1066
1070 1067
1070 1068
1070 1069
1070 1071
1070 1072
1070 1073
1070 1074
1070 1075
1070 1076
1070 1077
1070 1078
1071 1067
1071 1068
1071 1069
1071 1070
1071 1072
1071 1073
1071 1074
1071 1075
1071 1076
1071 1077
1071 1078
1071 1121
1072 1068
1072 1069
1072 1070
1072 1071
1072 1073
1072 1074
1072 1075
1073 1068
1073 1069
1073 1070
1073 1071
1073 1072
1073 1074
1073 1075
1074 974
1074 975
1074 1069
1074 1070
1074 1071
1074 1072
1074 1073
1074 1075
1074 1076
1075 974
1075 975
1075 1070
1075 1071
1075 1072
1075 1073
1075 1074
1075 1076
1075 1077
1075 1121
1076 974
1076 975
1076 976
1076 1069
1076 1070
1076 1071
1076 1074
1076 1075
1076 1077
1076 1078
1076 1121
1077 969
1077 974
1077 975
1077 976
1077 977
1077 1070
1077 1071
1077 1075
1077 1076
1077 1078
1077 1079
1077 1120
1077 1121
1077 1122
1077 1123
1078 976
1078 977
1078 978
1078 979
1078 1070
1078 1071
1078 1076
1078 1077
1078 1079
1078 1080
1078 1121
1078 1122
1078 1123
1079 966
1079 976
1079 977
1079 978
1079 979
1079 1077
1079 1078
1079 1080
1079 1081
1079 1122
1079 1123
1079 1124
1079 1125
1080 978
1080 979
1080 980
1080 984
1080 1078
1080 1079
1080 1081
1080 1082
1080 1087
1080 1090
1080 1123
1080 1124
1080 1125
1080 1126
1081 979
1081 980
1081 981
1081 984
1081 985
1081 987
1081 1079
1081 1080
1081 1082
1081 1083
1081 1087
1081 1124
1081 1125
1081 1126
1081 1127
1082 980
1082 981
1082 982
1082 983
1082 984
1082 985
1082 1080
1082 1081
1082 1083
1082 1084
1082 1086
1082 1087
1082 1125
1082 1126
1082 1127
1082 1128
1083 984
1083 1081
1083 1082
1083 1084
1083 1085
1083 1086
1083 1087
1083 1126
1083 1127
1083 1128
1083 1129
1084 594
1084 630
1084 1082
1084 1083
1084 1085
1084 1086
1084 1087
1084 1088
1084 1126
1084 1127
1084 1128
1084 1129
1084 1130
1085 1083
1085 1084
1085 1086
1085 1087
1085 1088
1085 1089
1085 1130
1086 1082
1086 1083
1086 1084
1086 1085
1086 1087
1086 1088
1086 1089
1086 1090
1087 1080
1087 1081
1087 1082
1087 1083
1087 1084
1087 1085
1087 1086
1087 1088
1087 1089
1087 1090
1087 1091
1087 1124
1087 1126
1088 1084
1088 1085
1088 1086
1088 1087
1088 1089
1088 1090
1088 1091
1088 1092
1089 1056
1089 1085
1089 1086
1089 1087
1089 1088
1089 1090
1089 1091
1089 1092
1089 1093
1090 1055
1090 1056
1090 1080
1090 1086
1090 1087
1090 1088
1090 1089
1090 1091
1090 1092
1090 1093
1090 1094
1091 1087
1091 1088
1091 1089
1091 1090
1091 1092
1091 1093
1091 1094
1091 1095
1092 1088
1092 1089
1092 1090
1092 1091
1092 1093
1092 1094
1092 1095
1092 1096
1093 1056
1093 1059
1093 1060
1093 1089
1093 1090
1093 1091
1093 1092
1093 1094
1093 1095
1093 1096
1093 1097
1094 1059
1094 1067
1094 1090
1094 1091
1094 1092
1094 1093
1094 1095
1094 1096
1094 1097
1094 1098
1095 1091
1095 1092
1095 1093
1095 1094
1095 1096
1095 1097
1095 1098
1095 1099
1095 1109
1095 1110
1095 1113
1096 1092
1096 1093
1096 1094
1096 1095
1096 1097
1096 1098
1096 1099
1096 1100
1097 1060
1097 1064
1097 1068
1097 1093
1097 1094
1097 1095
1097 1096
1097 1098
1097 1099
1097 1100
1097 1101
1098 1068
1098 1094
1098 1095
1098 1096
1098 1097
1098 1099
1098 1100
1098 1101
1098 1102
1098 1103
1098 1104
1098 1109
1099 1095
1099 1096
1099 1097
1099 1098
1099 1100
1099 1101
1099 1102
1099 1103
1099 1104
1099 1105
1099 1106
1099 1109
1100 1096
1100 1097
1100 1098
1100 1099
1100 1101
1100 1102
1100 1103
1100 1104
1101 1068
1101 1097
1101 1098
1101 1099
1101 1100
1101 1102
1101 1103
1102 1098
1102 1099
1102 1100
1102 1101
1102 1103
1102 1104
1103 1098
1103 1099
1103 1100
1103 1101
1103 1102
1103 1104
1103 1105
1104 1098
1104 1099
1104 1100
1104 1102
1104 1103
1104 1105
1104 1106
1104 1108
1104 1109
1105 1099
1105 1103
1105 1104
1105 1106
1105 1107
1105 1108
1105 1109
1106 1099
1106 1104
1106 1105
1106 1107
1106 1108
1106 1109
1106 1110
1107 1105
1107 1106
1107 1108
1107 1109
1107 1110
1107 1111
1108 1104
1108 1105
1108 1106
1108 1107
1108 1109
1108 1110
1108 1111
1108 1112
1109 1095
1109 1098
1109 1099
1109 1104
1109 1105
1109 1106
1109 1107
1109 1108
1109 1110
1109 1111
1109 1112
1109 1113
1110 1095
1110 1106
1110 1107
1110 1108
1110 1109
1110 1111
1110 1112
1110 1113
1110 1114
1111 1107
1111 1108
1111 1109
1111 1110
1111 1112
1111 1113
1111 1114
1111 1115
1112 1108
1112 1109
1112 1110
1112 1111
1112 1113
1112 1114
1112 1115
1112 1116
1113 1095
1113 1109
1113 1110
1113 1111
1113 1112
1113 1114
1113 1115
1113 1116
1113 1117
1113 1122
1114 1110
1114 1111
1114 1112
1114 1113
1114 1115
1114 1116
1114 1117
1114 1118
1115 1111
1115 1112
1115 1113
1115 1114
1115 1116
1115 1117
1115 1118
1115 1119
1116 1112
1116 1113
1116 1114
1116 1115
1116 1117
1116 1118
1116 1119
1116 1120
1116 1121
1116 1122
1117 1113
1117 1114
1117 1115
1117 1116
1117 1118
1117 1119
1117 1120
1117 1121
1117 1122
1117 1123
1118 1114
1118 1115
1118 1116
1118 1117
1118 1119
1118 1120
1118 1121
1119 1115
1119 1116
1119 1117
1119 1118
1119 1120
1119 1121
1119 1122
1120 965
1120 1077
1120 1116
1120 1117
1120 1118
1120 1119
1120 1121
1120 1122
1120 1123
1121 1071
1121 1075
1121 1076
1121 1077
1121 1078
1121 1116
1121 1117
1121 1118
1121 1119
1121 1120
1121 1122
1121 1123
1122 1077
1122 1078
1122 1079
1122 1113
1122 1116
1122 1117
1122 1119
1122 1120
1122 1121
1122 1123
1122 1124
1123 965
1123 966
1123 1077
1123 1078
1123 1079
1123 1080
1123 1117
1123 1120
1123 1121
1123 1122
1123 1124
1123 1125
1124 966
1124 1079
1124 1080
1124 1081
1124 1087
1124 1122
1124 1123
1124 1125
1124 1126
1125 593
1125 966
1125 1079
1125 1080
1125 1081
1125 1082
1125 1123
1125 1124
1125 1126
1125 1127
1126 593
1126 594
1126 1080
1126 1081
1126 1082
1126 1083
1126 1084
1126 1087
1126 1124
1126 1125
1126 1127
1126 1128
1127 593
1127 1081
1127 1082
1127 1083
1127 1084
1127 1125
1127 1126
1127 1128
1127 1129
1128 1082
1128 1083
1128 1084
1128 1126
1128 1127
1128 1129
1128 1130
1129 629
1129 630
1129 1083
1129 1084
1129 1127
1129 1128
1129 1130
1129 1131
1130 629
1130 630
1130 1084
1130 1085
1130 1128
1130 1129
1130 1131
1130 1132
1130 1134
1130 1135
1131 629
1131 1129
1131 1130
1131 1132
1131 1133
1131 1134
1131 1135
1132 629
1132 1130
1132 1131
1132 1133
1132 1134
1132 1135
1132 1136
1133 1131
1133 1132
1133 1134
1133 1135
1133 1136
1133 1137
1134 1130
1134 1131
1134 1132
1134 1133
1134 1135
1134 1136
1134 1137
1134 1138
1135 1130
1135 1131
1135 1132
1135 1133
1135 1134
1135 1136
1135 1137
1135 1138
1135 1139
1136 1132
1136 1133
1136 1134
1136 1135
1136 1137
1136 1138
1136 1139
1136 1140
1137 1133
1137 1134
1137 1135
1137 1136
1137 1138
1137 1139
1137 1140
1137 1141
1138 1134
1138 1135
1138 1136
1138 1137
1138 1139
1138 1140
1138 1141
1138 1142
1139 1135
1139 1136
1139 1137
1139 1138
1139 1140
1139 1141
1139 1142
1139 1143
1140 1136
1140 1137
1140 1138
1140 1139
1140 1141
1140 1142
1140 1143
1141 1137
1141 1138
1141 1139
1141 1140
1141 1142
1141 1143
1142 1138
1142 1139
1142 1140
1142 1141
1142 1143
1142 1144
1143 1139
1143 1140
1143 1141
1143 1142
1143 1144
1143 1145
1144 1142
1144 1143
1144 1145
1144 1146
1145 1143
1145 1144
1145 1146
1145 1147
1146 1144
1146 1145
1146 1147
1146 1148
1146 1149
1147 1145
1147 1146
1147 1148
1147 1149
1148 1146
1148 1147
1148 1149
1148 1150
1149 1146
1149 1147
1149 1148
1149 1150
1149 1151
1149 1152
1150 1148
1150 1149
1150 1151
1150 1152
1151 1149
1151 1150
1151 1152
1152 1149
1152 1150
1152 1151
