0 1
0 2
1 0
1 2
1 3
1 284
2 0
2 1
2 3
2 4
2 28
3 1
3 2
3 4
3 5
4 2
4 3
4 5
4 6
4 22
4 23
4 24
4 25
4 28
5 3
5 4
5 6
5 7
5 22
5 23
6 4
6 5
6 7
6 8
6 20
6 21
6 22
6 23
7 5
7 6
7 8
7 9
7 20
7 21
7 22
7 23
7 150
7 152
8 6
8 7
8 9
8 10
8 16
8 17
8 18
8 19
8 20
8 21
8 152
9 7
9 8
9 10
9 11
9 16
9 17
9 18
9 19
9 20
9 21
9 151
9 152
9 153
9 154
9 253
10 8
10 9
10 11
10 12
10 13
10 14
10 15
10 16
10 17
10 151
10 152
10 153
10 154
11 9
11 10
11 12
11 13
11 14
11 15
11 16
11 17
11 153
11 154
12 10
12 11
12 13
12 14
12 15
12 153
12 154
12 156
12 157
12 169
12 172
13 10
13 11
13 12
13 14
13 15
13 169
13 172
13 173
14 10
14 11
14 12
14 13
14 15
14 16
14 169
14 172
14 173
15 10
15 11
15 12
15 13
15 14
15 16
15 17
16 8
16 9
16 10
16 11
16 14
16 15
16 17
16 18
16 19
17 8
17 9
17 10
17 11
17 15
17 16
17 18
17 19
18 8
18 9
18 16
18 17
18 19
18 20
19 8
19 9
19 16
19 17
19 18
19 20
19 21
20 6
20 7
20 8
20 9
20 18
20 19
20 21
20 22
21 6
21 7
21 8
21 9
21 19
21 20
21 22
21 23
21 253
21 257
22 4
22 5
22 6
22 7
22 20
22 21
22 23
22 24
23 4
23 5
23 6
23 7
23 21
23 22
23 24
23 25
23 27
24 4
24 22
24 23
24 25
24 26
24 27
24 28
24 256
24 257
24 259
24 260
24 265
25 4
25 23
25 24
25 26
25 27
25 28
25 29
25 260
25 263
25 264
25 265
25 266
26 24
26 25
26 27
26 28
26 29
26 124
26 127
26 128
26 259
26 260
26 263
26 264
26 265
26 278
27 23
27 24
27 25
27 26
27 28
27 29
27 124
27 125
27 127
27 128
27 129
27 130
27 131
28 2
28 4
28 24
28 25
28 26
28 27
28 29
28 30
28 128
29 25
29 26
29 27
29 28
29 30
29 31
29 124
29 125
29 128
29 278
29 279
29 280
29 281
30 28
30 29
30 31
30 32
30 124
30 125
30 128
30 279
30 280
30 281
31 29
31 30
31 32
31 33
31 124
31 125
31 126
31 128
31 129
32 30
32 31
32 33
32 34
32 35
32 36
32 122
32 125
33 31
33 32
33 34
33 35
33 36
33 37
33 125
33 243
33 244
33 245
34 32
34 33
34 35
34 36
34 37
34 38
35 32
35 33
35 34
35 36
35 37
35 38
35 39
35 118
35 121
35 122
36 32
36 33
36 34
36 35
36 37
36 38
36 39
36 40
36 122
36 123
36 125
36 126
36 236
36 240
36 243
36 244
36 245
37 33
37 34
37 35
37 36
37 38
37 39
37 40
37 41
37 242
37 243
37 244
38 34
38 35
38 36
38 37
38 39
38 40
38 41
38 42
38 243
39 35
39 36
39 37
39 38
39 40
39 41
39 42
39 43
39 114
39 118
39 119
39 122
39 236
40 36
40 37
40 38
40 39
40 41
40 42
40 43
40 44
40 236
40 237
40 240
40 242
40 243
41 37
41 38
41 39
41 40
41 42
41 43
41 44
41 45
41 243
42 38
42 39
42 40
42 41
42 43
42 44
42 45
42 46
42 111
42 112
42 113
42 114
43 39
43 40
43 41
43 42
43 44
43 45
43 46
43 47
43 112
43 113
43 114
43 237
44 40
44 41
44 42
44 43
44 45
44 46
44 47
44 48
44 237
45 41
45 42
45 43
45 44
45 46
45 47
45 48
45 110
45 111
45 112
46 42
46 43
46 44
46 45
46 47
46 48
46 110
46 111
46 112
47 43
47 44
47 45
47 46
47 48
47 49
48 44
48 45
48 46
48 47
48 49
48 50
48 110
49 47
49 48
49 50
49 51
50 48
50 49
50 51
50 52
50 106
50 108
50 110
51 49
51 50
51 52
51 53
51 104
51 105
51 106
52 50
52 51
52 53
52 54
52 103
52 104
52 105
52 106
53 51
53 52
53 54
53 55
53 57
53 103
53 104
53 105
54 52
54 53
54 55
54 56
54 57
55 53
55 54
55 56
55 57
55 59
55 103
56 54
56 55
56 57
56 58
56 59
56 60
57 53
57 54
57 55
57 56
57 58
57 59
57 60
57 98
57 99
58 56
58 57
58 59
58 60
58 61
58 90
58 91
58 97
58 98
58 99
58 100
59 55
59 56
59 57
59 58
59 60
59 61
59 62
59 91
59 98
59 99
60 56
60 57
60 58
60 59
60 61
60 62
61 58
61 59
61 60
61 62
61 63
61 78
61 90
62 59
62 60
62 61
62 63
62 64
62 78
62 79
63 61
63 62
63 64
63 65
63 76
63 77
63 78
63 79
63 89
63 90
63 91
64 62
64 63
64 65
64 66
64 75
64 76
64 77
64 78
64 79
65 63
65 64
65 66
65 67
65 74
65 75
65 76
65 77
66 64
66 65
66 67
66 68
66 70
66 74
66 75
66 76
66 77
67 65
67 66
67 68
67 69
67 70
67 74
68 66
68 67
68 69
68 70
68 74
69 67
69 68
69 70
69 71
70 66
70 67
70 68
70 69
70 71
70 72
71 69
71 70
71 72
71 73
72 70
72 71
72 73
72 74
73 71
73 72
73 74
73 75
74 65
74 66
74 67
74 68
74 72
74 73
74 75
74 76
75 64
75 65
75 66
75 73
75 74
75 76
75 77
75 89
75 90
75 92
76 63
76 64
76 65
76 66
76 74
76 75
76 77
76 78
76 89
76 90
76 91
76 92
77 63
77 64
77 65
77 66
77 75
77 76
77 78
77 79
77 86
77 87
77 88
77 89
77 90
78 61
78 62
78 63
78 64
78 76
78 77
78 79
78 80
78 85
78 86
78 87
78 88
78 89
78 90
79 62
79 63
79 64
79 77
79 78
79 80
79 81
79 86
79 87
80 78
80 79
80 81
80 82
80 86
80 87
81 79
81 80
81 82
81 83
81 86
81 87
82 80
82 81
82 83
82 84
82 86
83 81
83 82
83 84
83 85
83 86
84 82
84 83
84 85
84 86
85 78
85 83
85 84
85 86
85 87
85 88
86 77
86 78
86 79
86 80
86 81
86 82
86 83
86 84
86 85
86 87
86 88
87 77
87 78
87 79
87 80
87 81
87 85
87 86
87 88
87 89
88 77
88 78
88 85
88 86
88 87
88 89
88 90
89 63
89 75
89 76
89 77
89 78
89 87
89 88
89 90
89 91
89 92
89 95
89 96
89 98
90 58
90 61
90 63
90 75
90 76
90 77
90 78
90 88
90 89
90 91
90 92
90 95
90 96
90 97
90 98
91 58
91 59
91 63
91 76
91 89
91 90
91 92
91 93
91 95
91 98
91 99
92 75
92 76
92 89
92 90
92 91
92 93
92 94
92 95
92 98
92 99
92 100
93 91
93 92
93 94
93 95
93 98
93 99
93 100
93 101
94 92
94 93
94 95
94 96
94 98
95 89
95 90
95 91
95 92
95 93
95 94
95 96
95 97
95 98
95 99
96 89
96 90
96 94
96 95
96 97
96 98
97 58
97 90
97 95
97 96
97 98
97 99
98 57
98 58
98 59
98 89
98 90
98 91
98 92
98 93
98 94
98 95
98 96
98 97
98 99
98 100
99 57
99 58
99 59
99 91
99 92
99 93
99 95
99 97
99 98
99 100
99 101
99 103
100 58
100 92
100 93
100 98
100 99
100 101
100 102
100 103
101 93
101 99
101 100
101 102
101 103
102 100
102 101
102 103
102 104
103 52
103 53
103 55
103 99
103 100
103 101
103 102
103 104
103 105
104 51
104 52
104 53
104 102
104 103
104 105
104 106
104 108
105 51
105 52
105 53
105 103
105 104
105 106
105 107
105 108
106 50
106 51
106 52
106 104
106 105
106 107
106 108
107 105
107 106
107 108
107 109
108 50
108 104
108 105
108 106
108 107
108 109
108 110
109 107
109 108
109 110
109 111
109 112
110 45
110 46
110 48
110 50
110 108
110 109
110 111
110 112
111 42
111 45
111 46
111 109
111 110
111 112
111 113
112 42
112 43
112 45
112 46
112 109
112 110
112 111
112 113
112 114
113 42
113 43
113 111
113 112
113 114
113 115
114 39
114 42
114 43
114 112
114 113
114 115
114 116
114 118
114 119
115 113
115 114
115 116
115 117
115 118
115 119
116 114
116 115
116 117
116 118
116 119
116 120
117 115
117 116
117 118
117 119
117 120
117 121
118 35
118 39
118 114
118 115
118 116
118 117
118 119
118 120
118 121
118 122
119 39
119 114
119 115
119 116
119 117
119 118
119 120
119 121
119 122
119 123
119 236
120 116
120 117
120 118
120 119
120 121
120 122
120 123
120 124
121 35
121 117
121 118
121 119
121 120
121 122
121 123
121 124
121 125
121 278
121 279
122 32
122 35
122 36
122 39
122 118
122 119
122 120
122 121
122 123
122 124
122 125
122 126
122 236
123 36
123 119
123 120
123 121
123 122
123 124
123 125
123 126
123 127
123 234
123 235
123 236
123 239
124 26
124 27
124 29
124 30
124 31
124 120
124 121
124 122
124 123
124 125
124 126
124 127
124 128
124 278
125 27
125 29
125 30
125 31
125 32
125 33
125 36
125 121
125 122
125 123
125 124
125 126
125 127
125 128
125 129
125 245
126 31
126 36
126 122
126 123
126 124
126 125
126 127
126 128
126 129
126 130
126 236
126 239
126 240
126 245
126 246
126 247
127 26
127 27
127 123
127 124
127 125
127 126
127 128
127 129
127 130
127 131
127 239
127 246
128 26
128 27
128 28
128 29
128 30
128 31
128 124
128 125
128 126
128 127
128 129
128 130
128 131
128 132
129 27
129 31
129 125
129 126
129 127
129 128
129 130
129 131
129 132
129 135
129 136
129 245
129 246
129 247
130 27
130 126
130 127
130 128
130 129
130 131
130 132
130 133
130 135
130 136
130 149
130 150
130 245
130 246
130 247
130 248
130 249
131 27
131 127
131 128
131 129
131 130
131 132
131 133
131 136
131 149
131 150
131 246
132 128
132 129
132 130
132 131
132 133
132 134
132 135
132 136
132 149
132 246
133 130
133 131
133 132
133 134
133 135
133 136
133 137
133 149
134 132
134 133
134 135
134 136
134 137
134 138
135 129
135 130
135 132
135 133
135 134
135 136
135 137
135 138
135 139
135 245
135 246
136 129
136 130
136 131
136 132
136 133
136 134
136 135
136 137
136 138
136 139
136 140
136 141
136 143
136 246
136 247
136 248
137 133
137 134
137 135
137 136
137 138
137 139
137 140
137 141
137 142
137 143
137 246
138 134
138 135
138 136
138 137
138 139
138 140
138 141
138 246
139 135
139 136
139 137
139 138
139 140
139 141
139 244
139 245
139 246
139 247
140 136
140 137
140 138
140 139
140 141
140 142
141 136
141 137
141 138
141 139
141 140
141 142
141 143
141 178
141 205
141 247
141 248
142 137
142 140
142 141
142 143
142 144
142 145
142 175
142 177
142 178
142 181
143 136
143 137
143 141
143 142
143 144
143 145
143 146
143 174
143 175
143 177
143 178
144 142
144 143
144 145
144 146
145 142
145 143
145 144
145 146
145 147
145 174
145 175
146 143
146 144
146 145
146 147
146 148
146 149
146 173
146 174
146 175
147 145
147 146
147 148
147 149
147 151
147 173
147 174
148 146
148 147
148 149
148 150
148 151
149 130
149 131
149 132
149 133
149 146
149 147
149 148
149 150
149 151
150 7
150 130
150 131
150 148
150 149
150 151
150 152
150 249
150 250
150 251
151 9
151 10
151 147
151 148
151 149
151 150
151 152
151 153
151 249
151 250
151 251
152 7
152 8
152 9
152 10
152 150
152 151
152 153
152 154
152 250
152 251
152 252
152 253
152 256
153 9
153 10
153 11
153 12
153 151
153 152
153 154
153 155
153 157
153 250
153 251
153 252
153 253
154 9
154 10
154 11
154 12
154 152
154 153
154 155
154 156
154 157
154 252
154 253
155 153
155 154
155 156
155 157
155 158
155 159
155 252
155 253
155 254
156 12
156 154
156 155
156 157
156 158
156 159
156 160
157 12
157 153
157 154
157 155
157 156
157 158
157 159
157 160
157 166
157 216
157 252
158 155
158 156
158 157
158 159
158 160
158 210
158 212
158 213
158 214
158 215
158 216
158 252
159 155
159 156
159 157
159 158
159 160
159 161
159 213
159 214
159 215
159 216
160 156
160 157
160 158
160 159
160 161
160 162
160 165
160 166
160 214
160 215
160 216
160 219
161 159
161 160
161 162
161 163
161 165
161 215
161 216
161 218
161 219
162 160
162 161
162 163
162 164
162 165
162 166
162 218
162 219
163 161
163 162
163 164
163 165
163 166
163 167
163 218
163 219
163 220
163 222
163 223
164 162
164 163
164 165
164 166
164 167
164 168
164 219
165 160
165 161
165 162
165 163
165 164
165 166
165 167
165 168
165 169
165 219
166 157
166 160
166 162
166 163
166 164
166 165
166 167
166 168
166 169
166 170
166 219
166 220
167 163
167 164
167 165
167 166
167 168
167 169
167 170
167 171
167 176
167 223
168 164
168 165
168 166
168 167
168 169
168 170
168 171
168 172
169 12
169 13
169 14
169 165
169 166
169 167
169 168
169 170
169 171
169 172
169 173
170 166
170 167
170 168
170 169
170 171
170 172
170 173
170 174
170 175
170 176
171 167
171 168
171 169
171 170
171 172
171 173
171 174
171 175
171 176
172 12
172 13
172 14
172 168
172 169
172 170
172 171
172 173
172 174
172 175
173 13
173 14
173 146
173 147
173 169
173 170
173 171
173 172
173 174
173 175
173 176
174 143
174 145
174 146
174 147
174 170
174 171
174 172
174 173
174 175
174 176
174 177
175 142
175 143
175 145
175 146
175 170
175 171
175 172
175 173
175 174
175 176
175 177
175 178
175 179
175 206
176 167
176 170
176 171
176 173
176 174
176 175
176 177
176 178
176 179
176 180
177 142
177 143
177 174
177 175
177 176
177 178
177 179
177 180
177 181
178 141
178 142
178 143
178 175
178 176
178 177
178 179
178 180
178 181
178 182
178 205
178 206
179 175
179 176
179 177
179 178
179 180
179 181
179 182
179 183
179 205
179 206
179 224
179 225
179 226
180 176
180 177
180 178
180 179
180 181
180 182
180 183
180 184
181 142
181 177
181 178
181 179
181 180
181 182
181 183
181 184
181 185
181 203
182 178
182 179
182 180
182 181
182 183
182 184
182 185
182 186
182 202
182 203
182 204
182 205
182 224
182 225
183 179
183 180
183 181
183 182
183 184
183 185
183 186
183 202
183 224
184 180
184 181
184 182
184 183
184 185
184 186
185 181
185 182
185 183
185 184
185 186
185 187
185 201
185 202
185 203
186 182
186 183
186 184
186 185
186 187
186 188
186 200
186 201
186 202
186 203
187 185
187 186
187 188
187 189
187 200
187 201
187 202
188 186
188 187
188 189
188 190
188 194
188 199
188 200
188 201
189 187
189 188
189 190
189 191
189 193
189 194
189 198
189 199
189 200
189 201
190 188
190 189
190 191
190 192
190 193
190 194
191 189
191 190
191 192
191 193
191 194
192 190
192 191
192 193
192 194
192 195
192 196
193 189
193 190
193 191
193 192
193 194
193 195
193 196
193 197
193 198
193 199
194 188
194 189
194 190
194 191
194 192
194 193
194 195
194 196
194 197
194 198
194 199
194 200
195 192
195 193
195 194
195 196
195 197
195 198
195 199
196 192
196 193
196 194
196 195
196 197
196 198
196 199
197 193
197 194
197 195
197 196
197 198
197 199
198 189
198 193
198 194
198 195
198 196
198 197
198 199
198 200
198 201
199 188
199 189
199 193
199 194
199 195
199 196
199 197
199 198
199 200
199 201
200 186
200 187
200 188
200 189
200 194
200 198
200 199
200 201
200 202
201 185
201 186
201 187
201 188
201 189
201 198
201 199
201 200
201 202
201 203
202 182
202 183
202 185
202 186
202 187
202 200
202 201
202 203
202 204
202 225
203 181
203 182
203 185
203 186
203 201
203 202
203 204
203 205
203 225
204 182
204 202
204 203
204 205
204 206
204 225
204 226
204 227
204 241
205 141
205 178
205 179
205 182
205 203
205 204
205 206
205 207
205 224
205 225
205 226
205 227
205 248
206 175
206 178
206 179
206 204
206 205
206 207
206 208
206 225
206 226
206 227
206 247
206 248
206 249
206 250
207 205
207 206
207 208
207 209
207 226
207 227
207 228
207 229
207 238
207 239
207 247
207 248
207 249
207 250
208 206
208 207
208 209
208 210
208 226
208 227
208 228
208 229
208 249
208 250
208 251
209 207
209 208
209 210
209 211
209 228
209 229
209 230
209 231
209 249
209 250
209 251
209 252
209 255
210 158
210 208
210 209
210 211
210 212
210 213
210 228
210 229
210 230
210 231
210 251
210 252
210 254
210 255
211 209
211 210
211 212
211 213
211 230
211 231
211 232
211 252
211 254
211 255
212 158
212 210
212 211
212 213
212 214
212 230
213 158
213 159
213 210
213 211
213 212
213 214
213 215
213 216
213 217
214 158
214 159
214 160
214 212
214 213
214 215
214 216
215 158
215 159
215 160
215 161
215 213
215 214
215 216
215 217
215 218
215 219
216 157
216 158
216 159
216 160
216 161
216 213
216 214
216 215
216 217
216 218
216 219
216 220
217 213
217 215
217 216
217 218
217 219
217 220
217 221
217 228
218 161
218 162
218 163
218 215
218 216
218 217
218 219
218 220
218 221
218 222
219 160
219 161
219 162
219 163
219 164
219 165
219 166
219 215
219 216
219 217
219 218
219 220
219 221
219 222
220 163
220 166
220 216
220 217
220 218
220 219
220 221
220 222
220 223
220 226
220 228
221 217
221 218
221 219
221 220
221 222
221 223
221 224
221 226
221 227
221 228
222 163
222 218
222 219
222 220
222 221
222 223
222 224
223 163
223 167
223 220
223 221
223 222
223 224
223 225
223 226
224 179
224 182
224 183
224 205
224 221
224 222
224 223
224 225
224 226
225 179
225 182
225 202
225 203
225 204
225 205
225 206
225 223
225 224
225 226
225 227
226 179
226 204
226 205
226 206
226 207
226 208
226 220
226 221
226 223
226 224
226 225
226 227
226 228
227 204
227 205
227 206
227 207
227 208
227 221
227 225
227 226
227 228
227 229
227 238
228 207
228 208
228 209
228 210
228 217
228 220
228 221
228 226
228 227
228 229
228 230
229 207
229 208
229 209
229 210
229 227
229 228
229 230
229 231
229 233
229 234
229 235
230 209
230 210
230 211
230 212
230 228
230 229
230 231
230 232
230 233
230 234
230 255
231 209
231 210
231 211
231 229
231 230
231 232
231 233
231 234
231 255
231 258
231 259
232 211
232 230
232 231
232 233
232 234
232 262
233 229
233 230
233 231
233 232
233 234
233 235
234 123
234 229
234 230
234 231
234 232
234 233
234 235
234 236
234 239
235 123
235 229
235 233
235 234
235 236
235 237
235 238
235 239
236 36
236 39
236 40
236 119
236 122
236 123
236 126
236 234
236 235
236 237
236 238
236 239
236 240
236 241
237 40
237 43
237 44
237 235
237 236
237 238
237 239
237 240
237 241
237 242
237 243
238 207
238 227
238 235
238 236
238 237
238 239
238 240
238 241
239 123
239 126
239 127
239 207
239 234
239 235
239 236
239 237
239 238
239 240
239 241
239 245
239 247
240 36
240 40
240 126
240 236
240 237
240 238
240 239
240 241
240 242
240 243
240 244
240 245
240 246
240 247
241 204
241 236
241 237
241 238
241 239
241 240
241 242
241 243
241 244
241 245
241 247
242 37
242 40
242 237
242 240
242 241
242 243
242 244
243 33
243 36
243 37
243 38
243 40
243 41
243 237
243 240
243 241
243 242
243 244
243 245
244 33
244 36
244 37
244 139
244 240
244 241
244 242
244 243
244 245
244 246
245 33
245 36
245 125
245 126
245 129
245 130
245 135
245 139
245 239
245 240
245 241
245 243
245 244
245 246
245 247
246 126
246 127
246 129
246 130
246 131
246 132
246 135
246 136
246 137
246 138
246 139
246 240
246 244
246 245
246 247
246 248
247 126
247 129
247 130
247 136
247 139
247 141
247 206
247 207
247 239
247 240
247 241
247 245
247 246
247 248
247 249
248 130
248 136
248 141
248 205
248 206
248 207
248 246
248 247
248 249
248 250
249 130
249 150
249 151
249 206
249 207
249 208
249 209
249 247
249 248
249 250
249 251
250 150
250 151
250 152
250 153
250 206
250 207
250 208
250 209
250 248
250 249
250 251
250 252
251 150
251 151
251 152
251 153
251 208
251 209
251 210
251 249
251 250
251 252
251 253
251 255
251 256
252 152
252 153
252 154
252 155
252 157
252 158
252 209
252 210
252 211
252 250
252 251
252 253
252 254
252 255
252 256
253 9
253 21
253 152
253 153
253 154
253 155
253 251
253 252
253 254
253 255
253 256
253 257
254 155
254 210
254 211
254 252
254 253
254 255
254 256
254 257
254 258
255 209
255 210
255 211
255 230
255 231
255 251
255 252
255 253
255 254
255 256
255 257
255 258
255 259
256 24
256 152
256 251
256 252
256 253
256 254
256 255
256 257
256 258
256 259
257 21
257 24
257 253
257 254
257 255
257 256
257 258
257 259
257 260
257 261
258 231
258 254
258 255
258 256
258 257
258 259
258 260
258 261
258 262
259 24
259 26
259 231
259 255
259 256
259 257
259 258
259 260
259 261
259 262
259 263
259 264
260 24
260 25
260 26
260 257
260 258
260 259
260 261
260 262
260 263
260 264
260 265
260 270
261 257
261 258
261 259
261 260
261 262
261 263
261 264
261 270
261 271
261 272
262 232
262 258
262 259
262 260
262 261
262 263
262 264
262 270
262 271
262 272
262 273
263 25
263 26
263 259
263 260
263 261
263 262
263 264
263 265
263 269
263 270
263 271
263 272
263 273
263 276
263 277
263 278
264 25
264 26
264 259
264 260
264 261
264 262
264 263
264 265
264 266
264 267
264 268
264 269
264 270
264 271
264 277
264 278
265 24
265 25
265 26
265 260
265 263
265 264
265 266
265 267
265 268
265 269
265 270
265 277
265 278
266 25
266 264
266 265
266 267
266 268
266 269
266 277
266 278
266 280
267 264
267 265
267 266
267 268
267 269
268 264
268 265
268 266
268 267
268 269
268 270
268 277
269 263
269 264
269 265
269 266
269 267
269 268
269 270
269 271
269 275
269 276
269 277
269 278
270 260
270 261
270 262
270 263
270 264
270 265
270 268
270 269
270 271
270 272
270 273
270 274
270 275
270 276
270 277
271 261
271 262
271 263
271 264
271 269
271 270
271 272
271 273
271 274
272 261
272 262
272 263
272 270
272 271
272 273
272 274
273 262
273 263
273 270
273 271
273 272
273 274
273 275
273 276
274 270
274 271
274 272
274 273
274 275
274 276
275 269
275 270
275 273
275 274
275 276
275 277
276 263
276 269
276 270
276 273
276 274
276 275
276 277
276 278
277 263
277 264
277 265
277 266
277 268
277 269
277 270
277 275
277 276
277 278
277 279
278 26
278 29
278 121
278 124
278 263
278 264
278 265
278 266
278 269
278 276
278 277
278 279
278 280
279 29
279 30
279 121
279 277
279 278
279 280
279 281
280 29
280 30
280 266
280 278
280 279
280 281
280 282
281 29
281 30
281 279
281 280
281 282
281 283
281 284
282 280
282 281
282 283
282 284
283 281
283 282
283 284
283 285
283 286
284 1
284 281
284 282
284 283
284 285
284 286
285 283
285 284
285 286
285 287
285 288
286 283
286 284
286 285
286 287
286 288
287 285
287 286
287 288
287 289
287 290
287 291
288 285
288 286
288 287
288 289
288 290
288 291
288 292
289 287
289 288
289 290
289 291
289 292
289 293
290 287
290 288
290 289
290 291
290 292
290 293
290 294
291 287
291 288
291 289
291 290
291 292
291 293
291 294
291 297
292 288
292 289
292 290
292 291
292 293
292 294
292 297
292 298
293 289
293 290
293 291
293 292
293 294
293 295
293 297
293 298
294 290
294 291
294 292
294 293
294 295
294 296
294 297
294 298
295 293
295 294
295 296
295 297
295 298
295 299
296 294
296 295
296 297
296 298
296 299
296 300
297 291
297 292
297 293
297 294
297 295
297 296
297 298
297 299
297 300
297 301
298 292
298 293
298 294
298 295
298 296
298 297
298 299
298 300
298 301
299 295
299 296
299 297
299 298
299 300
299 301
300 296
300 297
300 298
300 299
300 301
300 302
301 297
301 298
301 299
301 300
301 302
301 303
302 300
302 301
302 303
302 304
303 301
303 302
303 304
303 305
304 302
304 303
304 305
304 306
305 303
305 304
305 306
305 307
306 304
306 305
306 307
306 308
307 305
307 306
307 308
307 309
308 306
308 307
308 309
308 310
309 307
309 308
309 310
309 311
310 308
310 309
310 311
310 312
311 309
311 310
311 312
311 313
312 310
312 311
312 313
312 314
313 311
313 312
313 314
313 315
314 312
314 313
314 315
314 316
315 313
315 314
315 316
315 317
315 319
315 320
315 323
316 314
316 315
316 317
316 318
316 319
316 320
316 323
317 315
317 316
317 318
317 319
317 320
317 321
317 322
317 323
317 324
318 316
318 317
318 319
318 320
318 321
318 324
319 315
319 316
319 317
319 318
319 320
319 321
320 315
320 316
320 317
320 318
320 319
320 321
320 322
320 323
320 324
321 317
321 318
321 319
321 320
321 322
321 323
321 324
321 325
322 317
322 320
322 321
322 323
322 324
322 325
322 326
323 315
323 316
323 317
323 320
323 321
323 322
323 324
323 325
323 326
323 327
324 317
324 318
324 320
324 321
324 322
324 323
324 325
324 326
324 327
324 328
324 329
324 331
325 321
325 322
325 323
325 324
325 326
325 327
325 328
325 329
325 330
325 331
325 332
326 322
326 323
326 324
326 325
326 327
326 328
326 329
327 323
327 324
327 325
327 326
327 328
327 329
328 324
328 325
328 326
328 327
328 329
328 330
328 331
329 324
329 325
329 326
329 327
329 328
329 330
329 331
329 332
329 333
330 325
330 328
330 329
330 331
330 332
330 333
330 334
331 324
331 325
331 328
331 329
331 330
331 332
331 333
331 334
331 335
332 325
332 329
332 330
332 331
332 333
332 334
332 335
332 336
333 329
333 330
333 331
333 332
333 334
333 335
333 336
333 337
334 330
334 331
334 332
334 333
334 335
334 336
334 337
334 338
335 331
335 332
335 333
335 334
335 336
335 337
335 338
335 339
336 332
336 333
336 334
336 335
336 337
336 338
336 339
336 340
337 333
337 334
337 335
337 336
337 338
337 339
337 340
337 341
338 334
338 335
338 336
338 337
338 339
338 340
338 341
338 342
339 335
339 336
339 337
339 338
339 340
339 341
339 342
339 343
340 336
340 337
340 338
340 339
340 341
340 342
340 343
340 344
341 337
341 338
341 339
341 340
341 342
341 343
341 344
341 345
342 338
342 339
342 340
342 341
342 343
342 344
342 345
342 346
343 339
343 340
343 341
343 342
343 344
343 345
343 346
343 347
344 340
344 341
344 342
344 343
344 345
344 346
344 347
344 348
345 341
345 342
345 343
345 344
345 346
345 347
345 348
345 349
346 342
346 343
346 344
346 345
346 347
346 348
346 349
346 350
347 343
347 344
347 345
347 346
347 348
347 349
347 350
347 351
348 344
348 345
348 346
348 347
348 349
348 350
348 351
348 352
349 345
349 346
349 347
349 348
349 350
349 351
349 352
349 353
350 346
350 347
350 348
350 349
350 351
350 352
350 353
350 354
351 347
351 348
351 349
351 350
351 352
351 353
351 354
351 355
352 348
352 349
352 350
352 351
352 353
352 354
352 355
352 356
353 349
353 350
353 351
353 352
353 354
353 355
353 356
353 357
354 350
354 351
354 352
354 353
354 355
354 356
354 357
354 358
355 351
355 352
355 353
355 354
355 356
355 357
355 358
355 359
356 352
356 353
356 354
356 355
356 357
356 358
356 359
356 360
357 353
357 354
357 355
357 356
357 358
357 359
357 360
357 361
358 354
358 355
358 356
358 357
358 359
358 360
358 361
358 362
359 355
359 356
359 357
359 358
359 360
359 361
359 362
359 363
360 356
360 357
360 358
360 359
360 361
360 362
360 363
360 364
361 357
361 358
361 359
361 360
361 362
361 363
361 364
361 365
362 358
362 359
362 360
362 361
362 363
362 364
362 365
362 366
363 359
363 360
363 361
363 362
363 364
363 365
363 366
363 367
364 360
364 361
364 362
364 363
364 365
364 366
364 367
364 368
365 361
365 362
365 363
365 364
365 366
365 367
365 368
365 369
366 362
366 363
366 364
366 365
366 367
366 368
366 369
366 370
367 363
367 364
367 365
367 366
367 368
367 369
367 370
367 371
368 364
368 365
368 366
368 367
368 369
368 370
368 371
369 365
369 366
369 367
369 368
369 370
369 371
369 372
370 366
370 367
370 368
370 369
370 371
370 372
371 367
371 368
371 369
371 370
371 372
371 373
372 369
372 370
372 371
372 373
372 374
373 371
373 372
373 374
373 375
374 372
374 373
374 375
374 376
375 373
375 374
375 376
375 377
376 374
376 375
376 377
376 378
377 375
377 376
377 378
377 379
378 376
378 377
378 379
378 380
379 377
379 378
379 380
379 381
380 378
380 379
380 381
380 382
381 379
381 380
381 382
381 383
382 380
382 381
382 383
382 384
383 381
383 382
383 384
383 385
384 382
384 383
384 385
384 386
385 383
385 384
385 386
385 387
386 384
386 385
386 387
386 388
387 385
387 386
387 388
387 389
388 386
388 387
388 389
388 390
389 387
389 388
389 390
389 391
390 388
390 389
390 391
390 392
391 389
391 390
391 392
391 393
392 390
392 391
392 393
392 394
393 391
393 392
393 394
393 395
394 392
394 393
394 395
394 396
395 393
395 394
395 396
395 397
396 394
396 395
396 397
396 398
397 395
397 396
397 398
397 399
398 396
398 397
398 399
398 400
399 397
399 398
399 400
399 401
400 398
400 399
400 401
400 402
401 399
401 400
401 402
401 403
402 400
402 401
402 403
402 404
403 401
403 402
403 404
403 405
404 402
404 403
404 405
404 406
405 403
405 404
405 406
405 407
406 404
406 405
406 407
406 408
407 405
407 406
407 408
407 409
408 406
408 407
408 409
408 410
409 407
409 408
409 410
409 411
410 408
410 409
410 411
410 412
411 409
411 410
411 412
411 413
412 410
412 411
412 413
412 414
413 411
413 412
413 414
413 415
414 412
414 413
414 415
414 416
415 413
415 414
415 416
415 417
416 414
416 415
416 417
416 418
417 415
417 416
417 418
417 419
418 416
418 417
418 419
418 420
419 417
419 418
419 420
419 421
420 418
420 419
420 421
420 422
421 419
421 420
421 422
421 423
422 420
422 421
422 423
422 424
423 421
423 422
423 424
423 425
424 422
424 423
424 425
424 426
425 423
425 424
425 426
426 424
426 425
