0 1
0 2
1 0
1 2
1 3
2 0
2 1
2 3
2 4
3 1
3 2
3 4
3 5
4 2
4 3
4 5
4 6
5 3
5 4
5 6
5 7
6 4
6 5
6 7
6 8
7 5
7 6
7 8
7 9
8 6
8 7
8 9
8 10
9 7
9 8
9 10
9 11
10 8
10 9
10 11
10 12
11 9
11 10
11 12
11 13
12 10
12 11
12 13
12 14
13 11
13 12
13 14
13 15
14 12
14 13
14 15
14 16
15 13
15 14
15 16
15 17
16 14
16 15
16 17
16 18
17 15
17 16
17 18
17 19
18 16
18 17
18 19
18 20
19 17
19 18
19 20
19 21
20 18
20 19
20 21
20 22
21 19
21 20
21 22
21 23
22 20
22 21
22 23
22 24
23 21
23 22
23 24
23 25
23 126
24 22
24 23
24 25
24 26
24 106
24 125
24 126
24 127
24 128
25 23
25 24
25 26
25 27
25 126
25 127
25 128
26 24
26 25
26 27
26 28
26 127
26 128
26 129
26 130
27 25
27 26
27 28
27 29
27 35
27 37
27 127
27 128
27 129
27 130
28 26
28 27
28 29
28 30
28 35
28 129
28 130
28 131
28 132
29 27
29 28
29 30
29 31
29 33
29 34
29 35
29 129
29 130
29 131
29 132
30 28
30 29
30 31
30 32
30 33
30 34
30 35
30 99
30 131
30 132
30 133
30 134
31 29
31 30
31 32
31 33
31 98
31 99
31 100
31 101
31 131
31 132
31 133
32 30
32 31
32 33
32 34
32 97
32 98
32 99
32 100
33 29
33 30
33 31
33 32
33 34
33 35
33 97
33 98
33 99
34 29
34 30
34 32
34 33
34 35
34 36
34 95
34 96
34 97
34 98
34 99
35 27
35 28
35 29
35 30
35 33
35 34
35 36
35 37
35 95
35 96
35 97
35 99
35 129
36 34
36 35
36 37
36 38
36 93
36 94
36 95
36 96
37 27
37 35
37 36
37 38
37 39
37 93
37 94
37 95
37 96
37 127
38 36
38 37
38 39
38 40
38 91
38 92
38 93
38 94
39 37
39 38
39 40
39 41
39 92
39 93
39 94
39 109
39 110
39 124
39 125
40 38
40 39
40 41
40 42
40 91
40 92
40 93
40 125
41 39
41 40
41 42
41 43
41 92
41 123
42 40
42 41
42 43
42 44
43 41
43 42
43 44
43 45
43 46
43 47
44 42
44 43
44 45
44 46
44 47
45 43
45 44
45 46
45 47
46 43
46 44
46 45
46 47
46 48
47 43
47 44
47 45
47 46
47 48
47 49
47 51
47 52
48 46
48 47
48 49
48 50
48 51
48 52
49 47
49 48
49 50
49 51
49 52
49 53
49 69
49 70
50 48
50 49
50 51
50 52
50 68
50 69
50 70
50 71
51 47
51 48
51 49
51 50
51 52
51 53
51 69
51 70
51 113
51 114
51 115
52 47
52 48
52 49
52 50
52 51
52 53
52 54
52 67
52 68
52 69
52 70
52 111
52 112
52 113
52 114
53 49
53 51
53 52
53 54
53 55
53 66
53 67
53 68
53 69
53 111
53 112
53 113
53 114
54 52
54 53
54 55
54 56
54 66
54 67
54 68
54 109
54 110
54 111
54 112
55 53
55 54
55 56
55 57
55 63
55 64
55 65
55 66
55 67
55 109
55 110
55 111
56 54
56 55
56 57
56 58
56 63
56 64
56 65
56 66
56 94
56 107
56 108
56 109
56 110
57 55
57 56
57 58
57 59
57 60
57 61
57 62
57 63
57 64
57 65
57 107
57 108
57 109
58 56
58 57
58 59
58 60
58 61
58 62
58 63
58 64
58 105
58 106
58 107
58 108
59 57
59 58
59 60
59 61
59 62
59 105
59 106
59 107
59 108
60 57
60 58
60 59
60 61
60 62
61 57
61 58
61 59
61 60
61 62
61 63
62 57
62 58
62 59
62 60
62 61
62 63
62 64
62 77
62 78
63 55
63 56
63 57
63 58
63 61
63 62
63 64
63 65
63 66
63 76
63 77
63 78
63 81
64 55
64 56
64 57
64 58
64 62
64 63
64 65
64 66
64 77
64 78
64 80
64 81
64 82
64 85
65 55
65 56
65 57
65 63
65 64
65 66
65 67
65 72
65 73
65 74
65 76
65 77
65 81
65 85
65 86
65 87
65 94
66 53
66 54
66 55
66 56
66 63
66 64
66 65
66 67
66 68
66 72
66 73
66 74
66 76
66 77
67 52
67 53
67 54
67 55
67 65
67 66
67 68
67 69
67 70
67 71
67 72
67 73
68 50
68 52
68 53
68 54
68 66
68 67
68 69
68 70
68 71
68 72
68 73
69 49
69 50
69 51
69 52
69 53
69 67
69 68
69 70
69 71
70 49
70 50
70 51
70 52
70 67
70 68
70 69
70 71
70 72
71 50
71 67
71 68
71 69
71 70
71 72
71 73
72 65
72 66
72 67
72 68
72 70
72 71
72 73
72 74
73 65
73 66
73 67
73 68
73 71
73 72
73 74
73 75
73 76
73 77
74 65
74 66
74 72
74 73
74 75
74 76
74 77
74 82
75 73
75 74
75 76
75 77
76 63
76 65
76 66
76 73
76 74
76 75
76 77
76 78
77 62
77 63
77 64
77 65
77 66
77 73
77 74
77 75
77 76
77 78
77 79
77 81
77 82
78 62
78 63
78 64
78 76
78 77
78 79
78 80
78 81
78 82
79 77
79 78
79 80
79 81
79 82
80 64
80 78
80 79
80 81
80 82
81 63
81 64
81 65
81 77
81 78
81 79
81 80
81 82
81 83
81 84
81 85
81 96
82 64
82 74
82 77
82 78
82 79
82 80
82 81
82 83
82 84
82 85
83 81
83 82
83 84
83 85
84 81
84 82
84 83
84 85
84 86
84 96
84 97
84 98
85 64
85 65
85 81
85 82
85 83
85 84
85 86
85 87
85 94
85 95
85 96
85 97
86 65
86 84
86 85
86 87
86 88
86 94
86 95
86 96
87 65
87 85
87 86
87 88
87 89
87 92
87 93
87 94
87 95
88 86
88 87
88 89
88 90
88 91
88 92
88 93
88 94
88 95
89 87
89 88
89 90
89 91
89 92
89 93
90 88
90 89
90 91
90 92
90 93
91 38
91 40
91 88
91 89
91 90
91 92
91 93
92 38
92 39
92 40
92 41
92 87
92 88
92 89
92 90
92 91
92 93
92 94
93 36
93 37
93 38
93 39
93 40
93 87
93 88
93 89
93 90
93 91
93 92
93 94
93 95
94 36
94 37
94 38
94 39
94 56
94 65
94 85
94 86
94 87
94 88
94 92
94 93
94 95
94 96
95 34
95 35
95 36
95 37
95 85
95 86
95 87
95 88
95 93
95 94
95 96
95 97
96 34
96 35
96 36
96 37
96 81
96 84
96 85
96 86
96 94
96 95
96 97
96 98
96 99
97 32
97 33
97 34
97 35
97 84
97 85
97 95
97 96
97 98
97 99
98 31
98 32
98 33
98 34
98 84
98 96
98 97
98 99
98 100
99 30
99 31
99 32
99 33
99 34
99 35
99 96
99 97
99 98
99 100
99 101
99 103
99 131
100 31
100 32
100 98
100 99
100 101
100 102
100 103
100 104
100 131
100 193
101 31
101 99
101 100
101 102
101 103
101 104
101 131
101 132
101 162
101 193
101 194
101 195
102 100
102 101
102 103
102 104
102 193
102 194
103 99
103 100
103 101
103 102
103 104
103 105
103 129
103 131
104 100
104 101
104 102
104 103
104 105
104 106
104 128
104 129
104 130
104 131
105 58
105 59
105 103
105 104
105 106
105 107
105 128
105 129
105 130
106 24
106 58
106 59
106 104
106 105
106 107
106 108
106 126
106 127
106 128
106 129
107 56
107 57
107 58
107 59
107 105
107 106
107 108
107 109
107 126
107 127
107 128
107 129
108 56
108 57
108 58
108 59
108 106
108 107
108 109
108 110
108 124
108 125
108 126
108 127
109 39
109 54
109 55
109 56
109 57
109 107
109 108
109 110
109 111
109 124
109 125
109 126
110 39
110 54
110 55
110 56
110 108
110 109
110 111
110 112
110 121
110 123
110 124
110 125
111 52
111 53
111 54
111 55
111 109
111 110
111 112
111 113
111 121
111 122
111 123
111 124
112 52
112 53
112 54
112 110
112 111
112 113
112 114
112 119
112 120
112 121
112 122
112 123
113 51
113 52
113 53
113 111
113 112
113 114
113 115
113 119
113 120
113 121
113 122
114 51
114 52
114 53
114 112
114 113
114 115
114 116
114 117
114 118
114 119
114 120
115 51
115 113
115 114
115 116
115 117
115 118
115 119
115 120
116 114
116 115
116 117
116 118
117 114
117 115
117 116
117 118
117 119
118 114
118 115
118 116
118 117
118 119
118 120
119 112
119 113
119 114
119 115
119 117
119 118
119 120
119 121
120 112
120 113
120 114
120 115
120 118
120 119
120 121
120 122
121 110
121 111
121 112
121 113
121 119
121 120
121 122
121 123
121 124
122 111
122 112
122 113
122 120
122 121
122 123
122 124
123 41
123 110
123 111
123 112
123 121
123 122
123 124
123 125
124 39
124 108
124 109
124 110
124 111
124 121
124 122
124 123
124 125
124 126
125 24
125 39
125 40
125 108
125 109
125 110
125 123
125 124
125 126
125 127
126 23
126 24
126 25
126 106
126 107
126 108
126 109
126 124
126 125
126 127
126 128
127 24
127 25
127 26
127 27
127 37
127 106
127 107
127 108
127 125
127 126
127 128
127 129
128 24
128 25
128 26
128 27
128 104
128 105
128 106
128 107
128 126
128 127
128 129
128 130
129 26
129 27
129 28
129 29
129 35
129 103
129 104
129 105
129 106
129 107
129 127
129 128
129 130
129 131
130 26
130 27
130 28
130 29
130 104
130 105
130 128
130 129
130 131
130 132
131 28
131 29
131 30
131 31
131 99
131 100
131 101
131 103
131 104
131 129
131 130
131 132
131 133
131 162
132 28
132 29
132 30
132 31
132 101
132 130
132 131
132 133
132 134
132 161
132 162
132 163
133 30
133 31
133 131
133 132
133 134
133 135
133 160
133 161
133 162
133 163
133 195
134 30
134 132
134 133
134 135
134 136
134 160
134 161
134 162
135 133
135 134
135 136
135 137
135 158
135 159
135 160
135 161
135 162
136 134
136 135
136 137
136 138
136 158
136 159
136 160
136 161
137 135
137 136
137 138
137 139
137 158
137 226
137 227
137 228
137 229
138 136
138 137
138 139
138 140
138 156
138 157
138 158
138 217
138 218
138 219
138 226
138 227
138 228
138 229
139 137
139 138
139 140
139 141
139 156
139 157
139 158
139 217
139 228
139 229
140 138
140 139
140 141
140 142
140 154
140 155
140 156
140 157
140 216
140 217
140 228
140 229
140 231
141 139
141 140
141 142
141 143
141 154
141 155
141 156
142 140
142 141
142 143
142 144
142 145
142 152
142 153
142 154
142 155
143 141
143 142
143 144
143 145
143 152
143 153
143 154
143 155
144 142
144 143
144 145
144 146
144 147
144 152
144 153
144 154
145 142
145 143
145 144
145 146
145 147
145 152
145 153
146 144
146 145
146 147
146 148
146 150
146 151
146 152
146 153
147 144
147 145
147 146
147 148
147 149
147 150
147 151
147 152
148 146
148 147
148 149
148 150
148 151
149 147
149 148
149 150
149 151
150 146
150 147
150 148
150 149
150 151
150 152
150 205
150 206
150 207
150 209
151 146
151 147
151 148
151 149
151 150
151 152
151 153
151 203
151 204
151 205
151 206
152 142
152 143
152 144
152 145
152 146
152 147
152 150
152 151
152 153
152 154
152 203
152 204
152 205
153 142
153 143
153 144
153 145
153 146
153 151
153 152
153 154
153 155
153 201
153 202
153 203
153 204
154 140
154 141
154 142
154 143
154 144
154 152
154 153
154 155
154 156
154 201
154 202
154 203
154 204
155 140
155 141
155 142
155 143
155 153
155 154
155 156
155 157
155 199
155 200
155 201
155 202
156 138
156 139
156 140
156 141
156 154
156 155
156 157
156 158
156 170
156 199
156 200
156 201
156 217
157 138
157 139
157 140
157 155
157 156
157 158
157 159
157 197
157 198
157 199
157 200
158 135
158 136
158 137
158 138
158 139
158 156
158 157
158 159
158 160
158 161
158 197
158 198
158 199
158 219
159 135
159 136
159 157
159 158
159 160
159 161
159 196
159 197
159 198
160 133
160 134
160 135
160 136
160 158
160 159
160 161
160 162
160 195
160 196
160 197
161 132
161 133
161 134
161 135
161 136
161 158
161 159
161 160
161 162
161 163
161 164
161 195
161 196
161 197
162 101
162 131
162 132
162 133
162 134
162 135
162 160
162 161
162 163
162 164
162 165
162 194
162 195
162 196
163 132
163 133
163 161
163 162
163 164
163 165
163 195
163 196
163 221
164 161
164 162
164 163
164 165
164 166
164 196
164 221
165 162
165 163
165 164
165 166
165 167
165 219
165 220
165 221
165 222
166 164
166 165
166 167
166 168
166 219
166 220
166 221
166 222
167 165
167 166
167 168
167 169
167 183
167 185
167 219
167 220
167 221
168 166
168 167
168 169
168 170
168 182
168 183
168 184
168 185
168 199
168 200
168 217
168 218
168 219
168 220
169 167
169 168
169 170
169 171
169 180
169 181
169 182
169 183
169 200
169 217
169 218
169 219
170 156
170 168
170 169
170 171
170 172
170 180
170 181
170 182
170 183
170 215
170 216
170 217
170 218
171 169
171 170
171 172
171 173
171 178
171 179
171 180
171 181
171 215
171 216
171 217
171 218
172 170
172 171
172 173
172 174
172 178
172 179
172 180
172 181
172 204
172 213
172 214
172 215
172 216
173 171
173 172
173 174
173 175
173 177
173 178
173 179
173 213
173 214
173 215
174 172
174 173
174 175
174 176
174 177
174 178
174 211
174 212
174 213
174 214
175 173
175 174
175 176
175 177
175 211
175 212
175 213
176 174
176 175
176 177
176 178
177 173
177 174
177 175
177 176
177 178
177 179
178 171
178 172
178 173
178 174
178 176
178 177
178 179
178 180
179 171
179 172
179 173
179 177
179 178
179 180
179 181
180 169
180 170
180 171
180 172
180 178
180 179
180 181
180 182
181 169
181 170
181 171
181 172
181 179
181 180
181 182
181 183
181 202
181 204
182 168
182 169
182 170
182 180
182 181
182 183
182 184
183 167
183 168
183 169
183 170
183 181
183 182
183 184
183 185
183 200
183 201
183 202
184 168
184 182
184 183
184 185
184 186
184 200
184 201
185 167
185 168
185 183
185 184
185 186
185 187
185 198
185 199
185 200
186 184
186 185
186 187
186 188
186 198
186 199
186 200
187 185
187 186
187 188
187 189
187 196
187 197
187 198
187 199
188 186
188 187
188 189
188 190
188 196
188 197
188 198
189 187
189 188
189 190
189 191
189 194
189 195
189 196
189 197
190 188
190 189
190 191
190 192
190 193
190 194
190 195
190 196
191 189
191 190
191 192
191 193
191 194
192 190
192 191
192 193
192 194
193 100
193 101
193 102
193 190
193 191
193 192
193 194
193 195
194 101
194 102
194 162
194 189
194 190
194 191
194 192
194 193
194 195
194 196
195 101
195 133
195 160
195 161
195 162
195 163
195 189
195 190
195 193
195 194
195 196
195 197
196 159
196 160
196 161
196 162
196 163
196 164
196 187
196 188
196 189
196 190
196 194
196 195
196 197
196 198
197 157
197 158
197 159
197 160
197 161
197 187
197 188
197 189
197 195
197 196
197 198
197 199
198 157
198 158
198 159
198 185
198 186
198 187
198 188
198 196
198 197
198 199
198 200
199 155
199 156
199 157
199 158
199 168
199 185
199 186
199 187
199 197
199 198
199 200
199 201
200 155
200 156
200 157
200 168
200 169
200 183
200 184
200 185
200 186
200 198
200 199
200 201
200 202
201 153
201 154
201 155
201 156
201 183
201 184
201 199
201 200
201 202
201 203
202 153
202 154
202 155
202 181
202 183
202 200
202 201
202 203
202 204
203 151
203 152
203 153
203 154
203 201
203 202
203 204
203 205
204 151
204 152
204 153
204 154
204 172
204 181
204 202
204 203
204 205
204 206
205 150
205 151
205 152
205 203
205 204
205 206
205 207
206 150
206 151
206 204
206 205
206 207
206 208
206 209
207 150
207 205
207 206
207 208
207 209
208 206
208 207
208 209
208 210
208 211
209 150
209 206
209 207
209 208
209 210
209 211
209 235
210 208
210 209
210 211
210 212
210 235
211 174
211 175
211 208
211 209
211 210
211 212
211 213
211 234
211 235
212 174
212 175
212 210
212 211
212 213
212 214
212 232
212 233
212 234
212 235
213 172
213 173
213 174
213 175
213 211
213 212
213 214
213 215
213 232
213 233
213 234
214 172
214 173
214 174
214 212
214 213
214 215
214 216
214 230
214 231
214 232
214 233
215 170
215 171
215 172
215 173
215 213
215 214
215 216
215 217
215 230
215 231
215 232
215 233
216 140
216 170
216 171
216 172
216 214
216 215
216 217
216 218
216 227
216 228
216 229
216 230
216 231
217 138
217 139
217 140
217 156
217 168
217 169
217 170
217 171
217 215
217 216
217 218
217 219
217 227
217 228
218 138
218 168
218 169
218 170
218 171
218 216
218 217
218 219
218 220
218 225
218 226
218 227
218 228
219 138
219 158
219 165
219 166
219 167
219 168
219 169
219 217
219 218
219 220
219 221
219 225
219 226
219 227
220 165
220 166
220 167
220 168
220 218
220 219
220 221
220 222
220 223
220 224
220 225
220 226
221 163
221 164
221 165
221 166
221 167
221 219
221 220
221 222
221 223
221 224
221 225
222 165
222 166
222 220
222 221
222 223
222 224
223 220
223 221
223 222
223 224
223 225
224 220
224 221
224 222
224 223
224 225
224 226
225 218
225 219
225 220
225 221
225 223
225 224
225 226
225 227
226 137
226 138
226 218
226 219
226 220
226 224
226 225
226 227
226 228
227 137
227 138
227 216
227 217
227 218
227 219
227 225
227 226
227 228
227 229
228 137
228 138
228 139
228 140
228 216
228 217
228 218
228 226
228 227
228 229
228 230
229 137
229 138
229 139
229 140
229 216
229 227
229 228
229 230
229 231
230 214
230 215
230 216
230 228
230 229
230 231
230 232
231 140
231 214
231 215
231 216
231 229
231 230
231 232
231 233
232 212
232 213
232 214
232 215
232 230
232 231
232 233
232 234
233 212
233 213
233 214
233 215
233 231
233 232
233 234
233 235
234 211
234 212
234 213
234 232
234 233
234 235
234 236
235 209
235 210
235 211
235 212
235 233
235 234
235 236
235 237
236 234
236 235
236 237
236 238
236 239
237 235
237 236
237 238
237 239
238 236
238 237
238 239
238 240
239 236
239 237
239 238
239 240
239 241
240 238
240 239
240 241
240 242
240 243
241 239
241 240
241 242
241 243
242 240
242 241
242 243
242 244
243 240
243 241
243 242
243 244
243 245
244 242
244 243
244 245
244 246
244 247
245 243
245 244
245 246
245 247
245 248
245 249
246 244
246 245
246 247
246 248
246 249
246 250
247 244
247 245
247 246
247 248
247 249
247 250
247 251
248 245
248 246
248 247
248 249
248 250
248 251
248 252
249 245
249 246
249 247
249 248
249 250
249 251
249 252
249 253
250 246
250 247
250 248
250 249
250 251
250 252
250 253
250 254
251 247
251 248
251 249
251 250
251 252
251 253
251 254
251 255
252 248
252 249
252 250
252 251
252 253
252 254
252 255
252 256
253 249
253 250
253 251
253 252
253 254
253 255
253 256
253 257
254 250
254 251
254 252
254 253
254 255
254 256
254 257
254 258
255 251
255 252
255 253
255 254
255 256
255 257
255 258
255 259
256 252
256 253
256 254
256 255
256 257
256 258
256 259
256 260
257 253
257 254
257 255
257 256
257 258
257 259
257 260
257 261
258 254
258 255
258 256
258 257
258 259
258 260
258 261
258 262
259 255
259 256
259 257
259 258
259 260
259 261
259 262
259 263
260 256
260 257
260 258
260 259
260 261
260 262
260 263
260 264
261 257
261 258
261 259
261 260
261 262
261 263
261 264
261 265
262 258
262 259
262 260
262 261
262 263
262 264
262 265
262 266
263 259
263 260
263 261
263 262
263 264
263 265
263 266
263 267
264 260
264 261
264 262
264 263
264 265
264 266
264 267
264 268
265 261
265 262
265 263
265 264
265 266
265 267
265 268
265 269
266 262
266 263
266 264
266 265
266 267
266 268
266 269
266 270
267 263
267 264
267 265
267 266
267 268
267 269
267 270
267 271
268 264
268 265
268 266
268 267
268 269
268 270
268 271
268 272
269 265
269 266
269 267
269 268
269 270
269 271
269 272
269 273
270 266
270 267
270 268
270 269
270 271
270 272
270 273
270 274
271 267
271 268
271 269
271 270
271 272
271 273
271 274
272 268
272 269
272 270
272 271
272 273
272 274
273 269
273 270
273 271
273 272
273 274
273 275
274 270
274 271
274 272
274 273
274 275
274 276
275 273
275 274
275 276
275 277
276 274
276 275
276 277
276 278
277 275
277 276
277 278
277 279
278 276
278 277
278 279
278 280
279 277
279 278
279 280
279 281
280 278
280 279
280 281
280 282
281 279
281 280
281 282
281 283
282 280
282 281
282 283
282 284
283 281
283 282
283 284
283 285
284 282
284 283
284 285
284 286
285 283
285 284
285 286
285 287
286 284
286 285
286 287
286 288
287 285
287 286
287 288
287 289
288 286
288 287
288 289
288 290
289 287
289 288
289 290
289 291
290 288
290 289
290 291
290 292
291 289
291 290
291 292
291 293
292 290
292 291
292 293
292 294
293 291
293 292
293 294
293 295
294 292
294 293
294 295
294 296
295 293
295 294
295 296
295 297
296 294
296 295
296 297
296 298
297 295
297 296
297 298
297 299
298 296
298 297
298 299
298 300
299 297
299 298
299 300
299 301
300 298
300 299
300 301
300 302
301 299
301 300
301 302
301 303
302 300
302 301
302 303
302 304
303 301
303 302
303 304
303 305
304 302
304 303
304 305
304 306
305 303
305 304
305 306
305 307
306 304
306 305
306 307
306 308
307 305
307 306
307 308
307 309
308 306
308 307
308 309
308 310
309 307
309 308
309 310
309 311
310 308
310 309
310 311
310 312
311 309
311 310
311 312
311 313
312 310
312 311
312 313
312 314
313 311
313 312
313 314
313 315
314 312
314 313
314 315
314 316
315 313
315 314
315 316
315 317
316 314
316 315
316 317
316 318
317 315
317 316
317 318
317 319
318 316
318 317
318 319
318 320
319 317
319 318
319 320
319 321
320 318
320 319
320 321
320 322
321 319
321 320
321 322
321 323
322 320
322 321
322 323
322 324
323 321
323 322
323 324
323 325
324 322
324 323
324 325
324 326
325 323
325 324
325 326
325 327
326 324
326 325
326 327
326 328
327 325
327 326
327 328
328 326
328 327
