0 1
0 2
0 3
0 4
1 0
1 2
1 3
1 4
1 5
2 0
2 1
2 3
2 4
2 5
2 6
3 0
3 1
3 2
3 4
3 5
3 6
3 7
4 0
4 1
4 2
4 3
4 5
4 6
4 7
4 8
5 1
5 2
5 3
5 4
5 6
5 7
5 8
5 9
6 2
6 3
6 4
6 5
6 7
6 8
6 9
6 10
7 3
7 4
7 5
7 6
7 8
7 9
7 10
7 11
8 4
8 5
8 6
8 7
8 9
8 10
8 11
8 12
9 5
9 6
9 7
9 8
9 10
9 11
9 12
9 13
10 6
10 7
10 8
10 9
10 11
10 12
10 13
10 14
11 7
11 8
11 9
11 10
11 12
11 13
11 14
11 15
12 8
12 9
12 10
12 11
12 13
12 14
12 15
12 16
13 9
13 10
13 11
13 12
13 14
13 15
13 16
13 17
14 10
14 11
14 12
14 13
14 15
14 16
14 17
14 18
15 11
15 12
15 13
15 14
15 16
15 17
15 18
15 19
16 12
16 13
16 14
16 15
16 17
16 18
16 19
16 20
17 13
17 14
17 15
17 16
17 18
17 19
17 20
17 21
18 14
18 15
18 16
18 17
18 19
18 20
18 21
18 22
19 15
19 16
19 17
19 18
19 20
19 21
19 22
19 23
20 16
20 17
20 18
20 19
20 21
20 22
20 23
20 24
21 17
21 18
21 19
21 20
21 22
21 23
21 24
21 25
22 18
22 19
22 20
22 21
22 23
22 24
22 25
22 26
23 19
23 20
23 21
23 22
23 24
23 25
23 26
23 27
24 20
24 21
24 22
24 23
24 25
24 26
24 27
24 28
25 21
25 22
25 23
25 24
25 26
25 27
25 28
25 29
26 22
26 23
26 24
26 25
26 27
26 28
26 29
26 30
27 23
27 24
27 25
27 26
27 28
27 29
27 30
27 31
28 24
28 25
28 26
28 27
28 29
28 30
28 31
28 32
29 25
29 26
29 27
29 28
29 30
29 31
29 32
29 33
30 26
30 27
30 28
30 29
30 31
30 32
30 33
30 34
31 27
31 28
31 29
31 30
31 32
31 33
31 34
31 35
32 28
32 29
32 30
32 31
32 33
32 34
32 35
32 36
33 29
33 30
33 31
33 32
33 34
33 35
33 36
33 37
34 30
34 31
34 32
34 33
34 35
34 36
34 37
35 31
35 32
35 33
35 34
35 36
35 37
35 38
36 32
36 33
36 34
36 35
36 37
36 38
37 33
37 34
37 35
37 36
37 38
37 39
38 35
38 36
38 37
38 39
38 40
39 37
39 38
39 40
39 41
40 38
40 39
40 41
40 42
41 39
41 40
41 42
41 43
42 40
42 41
42 43
42 44
43 41
43 42
43 44
43 45
44 42
44 43
44 45
44 46
45 43
45 44
45 46
45 47
46 44
46 45
46 47
46 48
46 49
47 45
47 46
47 48
47 49
48 46
48 47
48 49
48 50
49 46
49 47
49 48
49 50
49 51
49 52
50 48
50 49
50 51
50 52
51 49
51 50
51 52
51 53
52 49
52 50
52 51
52 53
52 54
53 51
53 52
53 54
53 55
54 52
54 53
54 55
54 56
55 53
55 54
55 56
55 57
56 54
56 55
56 57
56 58
57 55
57 56
57 58
57 59
58 56
58 57
58 59
58 60
59 57
59 58
59 60
59 61
60 58
60 59
60 61
60 62
61 59
61 60
61 62
61 63
62 60
62 61
62 63
62 64
63 61
63 62
63 64
63 65
64 62
64 63
64 65
64 66
65 63
65 64
65 66
65 67
66 64
66 65
66 67
66 68
67 65
67 66
67 68
67 69
68 66
68 67
68 69
68 70
69 67
69 68
69 70
69 71
70 68
70 69
70 71
70 72
71 69
71 70
71 72
71 73
72 70
72 71
72 73
72 74
73 71
73 72
73 74
73 75
74 72
74 73
74 75
74 76
75 73
75 74
75 76
75 77
76 74
76 75
76 77
76 78
77 75
77 76
77 78
77 79
78 76
78 77
78 79
78 80
79 77
79 78
79 80
79 81
80 78
80 79
80 81
80 82
81 79
81 80
81 82
81 83
82 80
82 81
82 83
82 84
83 81
83 82
83 84
83 85
84 82
84 83
84 85
84 86
85 83
85 84
85 86
85 87
86 84
86 85
86 87
86 88
87 85
87 86
87 88
87 89
88 86
88 87
88 89
88 90
89 87
89 88
89 90
89 91
90 88
90 89
90 91
90 92
91 89
91 90
91 92
91 93
92 90
92 91
92 93
92 94
93 91
93 92
93 94
93 95
93 97
93 98
94 92
94 93
94 95
94 96
94 97
94 98
95 93
95 94
95 96
95 97
95 98
95 99
95 139
95 142
96 94
96 95
96 97
96 98
96 99
96 100
97 93
97 94
97 95
97 96
97 98
97 99
97 100
97 101
98 93
98 94
98 95
98 96
98 97
98 99
98 100
98 101
98 102
98 142
99 95
99 96
99 97
99 98
99 100
99 101
99 102
99 103
99 141
99 142
99 145
99 146
100 96
100 97
100 98
100 99
100 101
100 102
100 103
100 104
101 97
101 98
101 99
101 100
101 102
101 103
101 104
101 105
102 98
102 99
102 100
102 101
102 103
102 104
102 105
102 106
102 130
102 131
102 145
102 146
102 149
103 99
103 100
103 101
103 102
103 104
103 105
103 106
103 107
103 145
103 146
103 149
104 100
104 101
104 102
104 103
104 105
104 106
104 107
104 108
105 101
105 102
105 103
105 104
105 106
105 107
105 108
105 109
105 127
106 102
106 103
106 104
106 105
106 107
106 108
106 109
106 110
106 127
106 149
106 150
106 152
106 153
107 103
107 104
107 105
107 106
107 108
107 109
107 110
107 111
108 104
108 105
108 106
108 107
108 109
108 110
108 111
108 114
109 105
109 106
109 107
109 108
109 110
109 111
109 112
109 114
109 115
109 124
109 153
110 106
110 107
110 108
110 109
110 111
110 112
110 115
110 152
110 153
110 156
110 157
111 107
111 108
111 109
111 110
111 112
111 113
111 114
111 115
112 109
112 110
112 111
112 113
112 114
112 115
112 116
113 111
113 112
113 114
113 115
113 116
114 108
114 109
114 111
114 112
114 113
114 115
114 116
114 117
114 120
115 109
115 110
115 111
115 112
115 113
115 114
115 116
115 117
115 120
116 112
116 113
116 114
116 115
116 117
116 118
116 120
117 114
117 115
117 116
117 118
117 119
117 120
118 116
118 117
118 119
118 120
118 121
119 117
119 118
119 120
119 121
119 122
119 123
120 114
120 115
120 116
120 117
120 118
120 119
120 121
120 122
120 123
120 124
121 118
121 119
121 120
121 122
121 123
121 124
121 125
121 164
122 119
122 120
122 121
122 123
122 124
122 125
122 126
123 119
123 120
123 121
123 122
123 124
123 125
123 126
123 127
124 109
124 120
124 121
124 122
124 123
124 125
124 126
124 127
124 128
125 121
125 122
125 123
125 124
125 126
125 127
125 128
125 129
125 164
125 168
126 122
126 123
126 124
126 125
126 127
126 128
126 129
126 130
127 105
127 106
127 123
127 124
127 125
127 126
127 128
127 129
127 130
127 131
128 124
128 125
128 126
128 127
128 129
128 130
128 131
128 132
128 150
128 165
128 168
128 169
129 125
129 126
129 127
129 128
129 130
129 131
129 132
129 133
129 168
129 172
130 102
130 126
130 127
130 128
130 129
130 131
130 132
130 133
130 134
131 102
131 127
131 128
131 129
131 130
131 132
131 133
131 134
131 135
131 146
131 147
131 149
131 150
132 128
132 129
132 130
132 131
132 133
132 134
132 135
132 136
132 146
132 150
132 172
132 181
132 184
132 185
133 129
133 130
133 131
133 132
133 134
133 135
133 136
133 137
133 181
134 130
134 131
134 132
134 133
134 135
134 136
134 137
134 142
134 143
134 146
135 131
135 132
135 133
135 134
135 136
135 137
135 142
135 143
135 144
135 146
135 147
135 180
135 181
135 184
136 132
136 133
136 134
136 135
136 137
136 138
136 143
136 178
136 179
136 180
136 181
137 133
137 134
137 135
137 136
137 138
137 139
137 140
137 142
137 143
138 136
138 137
138 139
138 140
139 95
139 137
139 138
139 140
139 141
139 142
139 143
140 137
140 138
140 139
140 141
140 142
140 143
140 144
141 99
141 139
141 140
141 142
141 143
141 144
141 145
142 95
142 98
142 99
142 134
142 135
142 137
142 139
142 140
142 141
142 143
142 144
142 145
142 146
143 134
143 135
143 136
143 137
143 139
143 140
143 141
143 142
143 144
143 145
143 146
143 147
144 135
144 140
144 141
144 142
144 143
144 145
144 146
144 147
144 148
145 99
145 102
145 103
145 141
145 142
145 143
145 144
145 146
145 147
145 148
145 149
146 99
146 102
146 103
146 131
146 132
146 134
146 135
146 142
146 143
146 144
146 145
146 147
146 148
146 149
146 150
147 131
147 135
147 143
147 144
147 145
147 146
147 148
147 149
147 150
147 151
147 184
148 144
148 145
148 146
148 147
148 149
148 150
148 151
148 152
148 1251
148 1252
149 102
149 103
149 106
149 131
149 145
149 146
149 147
149 148
149 150
149 151
149 152
149 153
149 1251
150 106
150 128
150 131
150 132
150 146
150 147
150 148
150 149
150 151
150 152
150 153
150 154
151 147
151 148
151 149
151 150
151 152
151 153
151 154
151 155
151 1250
151 1251
151 1252
151 1253
152 106
152 110
152 148
152 149
152 150
152 151
152 153
152 154
152 155
152 156
152 1250
152 1251
152 1252
153 106
153 109
153 110
153 149
153 150
153 151
153 152
153 154
153 155
153 156
153 157
154 150
154 151
154 152
154 153
154 155
154 156
154 157
154 158
154 162
154 165
155 151
155 152
155 153
155 154
155 156
155 157
155 158
155 1250
155 1253
156 110
156 152
156 153
156 154
156 155
156 157
156 158
156 159
156 1250
157 110
157 153
157 154
157 155
157 156
157 158
157 159
157 160
157 161
157 162
158 154
158 155
158 156
158 157
158 159
158 160
158 161
158 162
159 156
159 157
159 158
159 160
159 161
159 162
160 157
160 158
160 159
160 161
160 162
161 157
161 158
161 159
161 160
161 162
161 163
161 164
161 165
162 154
162 157
162 158
162 159
162 160
162 161
162 163
162 164
162 165
162 166
163 161
163 162
163 164
163 165
163 166
163 167
163 196
164 121
164 125
164 161
164 162
164 163
164 165
164 166
164 167
164 168
165 128
165 154
165 161
165 162
165 163
165 164
165 166
165 167
165 168
165 169
166 162
166 163
166 164
166 165
166 167
166 168
166 169
166 170
166 189
166 192
167 163
167 164
167 165
167 166
167 168
167 169
167 170
167 171
168 125
168 128
168 129
168 164
168 165
168 166
168 167
168 169
168 170
168 171
168 172
169 128
169 165
169 166
169 167
169 168
169 170
169 171
169 172
169 173
169 185
169 186
169 188
169 189
170 166
170 167
170 168
170 169
170 171
170 172
170 173
170 174
170 185
170 189
170 208
171 167
171 168
171 169
171 170
171 172
171 173
171 174
171 175
172 129
172 132
172 168
172 169
172 170
172 171
172 173
172 174
172 175
172 176
172 177
172 181
172 182
172 185
173 169
173 170
173 171
173 172
173 174
173 175
173 176
173 177
173 182
173 185
173 186
173 211
174 170
174 171
174 172
174 173
174 175
174 176
174 208
174 211
175 171
175 172
175 173
175 174
175 176
175 177
176 172
176 173
176 174
176 175
176 177
176 178
176 179
176 182
176 211
176 214
176 215
177 172
177 173
177 175
177 176
177 178
177 179
177 181
177 182
178 136
178 176
178 177
178 179
178 180
178 181
178 182
179 136
179 176
179 177
179 178
179 180
179 181
179 182
179 183
179 220
179 223
180 135
180 136
180 178
180 179
180 181
180 182
180 183
180 184
180 223
181 132
181 133
181 135
181 136
181 172
181 177
181 178
181 179
181 180
181 182
181 183
181 184
181 185
182 172
182 173
182 176
182 177
182 178
182 179
182 180
182 181
182 183
182 184
182 185
182 186
182 223
183 179
183 180
183 181
183 182
183 184
183 185
183 186
183 187
183 222
183 223
183 226
184 132
184 135
184 147
184 180
184 181
184 182
184 183
184 185
184 186
184 187
184 188
185 132
185 169
185 170
185 172
185 173
185 181
185 182
185 183
185 184
185 186
185 187
185 188
185 189
186 169
186 173
186 182
186 183
186 184
186 185
186 187
186 188
186 189
186 190
186 226
186 227
186 230
187 183
187 184
187 185
187 186
187 188
187 189
187 190
187 191
187 226
187 227
187 229
187 230
188 169
188 184
188 185
188 186
188 187
188 189
188 190
188 191
188 192
188 1253
189 166
189 169
189 170
189 185
189 186
189 187
189 188
189 190
189 191
189 192
189 193
190 186
190 187
190 188
190 189
190 191
190 192
190 193
190 194
190 230
190 231
190 233
190 234
191 187
191 188
191 189
191 190
191 192
191 193
191 194
191 230
191 233
191 1253
191 1254
191 1255
192 166
192 188
192 189
192 190
192 191
192 193
192 194
192 195
192 196
193 189
193 190
193 191
193 192
193 194
193 195
193 196
193 233
193 234
193 237
193 238
194 190
194 191
194 192
194 193
194 195
194 196
194 233
194 234
194 236
194 237
195 192
195 193
195 194
195 196
195 197
196 163
196 192
196 193
196 194
196 195
196 197
196 198
196 200
196 201
196 237
197 195
197 196
197 198
197 199
197 200
197 201
198 196
198 197
198 199
198 200
198 201
198 202
199 197
199 198
199 200
199 201
199 202
200 196
200 197
200 198
200 199
200 201
200 202
200 203
200 204
201 196
201 197
201 198
201 199
201 200
201 202
201 203
201 204
201 205
201 237
201 238
201 241
202 198
202 199
202 200
202 201
202 203
202 204
202 205
202 206
202 238
202 241
202 242
203 200
203 201
203 202
203 204
203 205
203 206
203 207
204 200
204 201
204 202
204 203
204 205
204 206
204 207
204 208
205 201
205 202
205 203
205 204
205 206
205 207
205 208
205 209
205 238
205 241
205 242
206 202
206 203
206 204
206 205
206 207
206 208
206 209
206 210
207 203
207 204
207 205
207 206
207 208
207 209
207 210
207 211
208 170
208 174
208 204
208 205
208 206
208 207
208 209
208 210
208 211
208 212
209 205
209 206
209 207
209 208
209 210
209 211
209 212
209 213
209 246
209 250
210 206
210 207
210 208
210 209
210 211
210 212
210 213
210 214
211 173
211 174
211 176
211 207
211 208
211 209
211 210
211 212
211 213
211 214
211 215
212 208
212 209
212 210
212 211
212 213
212 214
212 215
212 216
212 250
213 209
213 210
213 211
213 212
213 214
213 215
213 216
213 217
213 250
213 253
213 254
214 176
214 210
214 211
214 212
214 213
214 215
214 216
214 217
214 218
215 176
215 211
215 212
215 213
215 214
215 216
215 217
215 218
215 223
215 224
215 227
216 212
216 213
216 214
216 215
216 217
216 218
216 224
216 227
216 253
216 254
216 257
216 269
217 213
217 214
217 215
217 216
217 218
217 219
217 253
217 257
218 214
218 215
218 216
218 217
218 219
218 220
218 223
218 224
219 217
219 218
219 220
219 221
219 224
219 265
220 179
220 218
220 219
220 221
220 222
220 223
220 224
221 219
221 220
221 222
221 223
221 224
221 225
221 262
221 264
221 265
222 183
222 220
222 221
222 223
222 224
222 225
222 226
223 179
223 180
223 182
223 183
223 215
223 218
223 220
223 221
223 222
223 224
223 225
223 226
223 227
224 215
224 216
224 218
224 219
224 220
224 221
224 222
224 223
224 225
224 226
224 227
224 228
224 264
224 265
224 268
225 221
225 222
225 223
225 224
225 226
225 227
225 228
225 229
225 264
225 265
225 268
226 183
226 186
226 187
226 222
226 223
226 224
226 225
226 227
226 228
226 229
226 230
227 186
227 187
227 215
227 216
227 223
227 224
227 225
227 226
227 228
227 229
227 230
227 231
227 268
228 224
228 225
228 226
228 227
228 229
228 230
228 231
228 232
228 267
228 268
228 269
228 271
228 272
229 187
229 225
229 226
229 227
229 228
229 230
229 231
229 232
229 233
230 186
230 187
230 190
230 191
230 226
230 227
230 228
230 229
230 231
230 232
230 233
230 234
231 190
231 227
231 228
231 229
231 230
231 232
231 233
231 234
231 235
231 272
231 275
231 276
232 228
232 229
232 230
232 231
232 233
232 234
232 235
232 236
232 272
232 275
232 276
233 190
233 191
233 193
233 194
233 229
233 230
233 231
233 232
233 234
233 235
233 236
233 237
234 190
234 193
234 194
234 230
234 231
234 232
234 233
234 235
234 236
234 237
234 238
234 239
235 231
235 232
235 233
235 234
235 236
235 237
235 238
235 239
235 275
235 276
235 279
235 280
236 194
236 232
236 233
236 234
236 235
236 237
236 238
236 239
236 240
236 279
237 193
237 194
237 196
237 201
237 233
237 234
237 235
237 236
237 238
237 239
237 240
238 193
238 201
238 202
238 205
238 234
238 235
238 236
238 237
238 239
238 240
238 241
238 242
239 234
239 235
239 236
239 237
239 238
239 240
239 241
239 242
239 276
239 279
239 280
239 281
240 236
240 237
240 238
240 239
240 241
240 242
240 279
240 280
240 281
241 201
241 202
241 205
241 238
241 239
241 240
241 242
241 243
241 281
242 202
242 205
242 238
242 239
242 240
242 241
242 243
242 244
242 246
242 247
242 280
242 281
243 241
243 242
243 244
243 245
243 246
243 247
243 281
244 242
244 243
244 245
244 246
244 247
244 248
245 243
245 244
245 246
245 247
245 248
245 249
246 209
246 242
246 243
246 244
246 245
246 247
246 248
246 249
246 250
247 242
247 243
247 244
247 245
247 246
247 248
247 249
247 250
247 251
247 276
247 277
247 280
248 244
248 245
248 246
248 247
248 249
248 250
248 251
248 252
249 245
249 246
249 247
249 248
249 250
249 251
249 252
249 253
250 209
250 212
250 213
250 246
250 247
250 248
250 249
250 251
250 252
250 253
250 254
251 247
251 248
251 249
251 250
251 252
251 253
251 254
251 255
251 273
251 276
252 248
252 249
252 250
252 251
252 253
252 254
252 255
252 256
253 213
253 216
253 217
253 249
253 250
253 251
253 252
253 254
253 255
253 256
253 257
254 213
254 216
254 250
254 251
254 252
254 253
254 255
254 256
254 257
254 258
254 269
254 270
254 272
254 273
255 251
255 252
255 253
255 254
255 256
255 257
255 258
255 269
255 270
255 273
256 252
256 253
256 254
256 255
256 257
256 258
256 259
257 216
257 217
257 253
257 254
257 255
257 256
257 258
257 259
257 260
257 265
257 266
257 269
258 254
258 255
258 256
258 257
258 259
258 260
258 265
258 266
258 269
258 270
258 308
258 309
258 311
258 312
258 313
259 256
259 257
259 258
259 260
259 261
259 266
259 306
259 308
259 309
259 310
259 312
260 257
260 258
260 259
260 261
260 262
260 263
260 265
260 266
260 308
260 309
261 259
261 260
261 262
261 263
261 265
261 266
261 308
262 221
262 260
262 261
262 263
262 264
262 265
262 266
263 260
263 261
263 262
263 264
263 265
263 266
263 267
264 221
264 224
264 225
264 262
264 263
264 265
264 266
264 267
264 268
265 219
265 221
265 224
265 225
265 257
265 258
265 260
265 261
265 262
265 263
265 264
265 266
265 267
265 268
265 269
266 257
266 258
266 259
266 260
266 261
266 262
266 263
266 264
266 265
266 267
266 268
266 269
266 270
266 312
267 228
267 263
267 264
267 265
267 266
267 268
267 269
267 270
267 271
267 312
267 315
268 224
268 225
268 227
268 228
268 264
268 265
268 266
268 267
268 269
268 270
268 271
268 272
269 216
269 228
269 254
269 255
269 257
269 258
269 265
269 266
269 267
269 268
269 270
269 271
269 272
269 273
270 254
270 255
270 258
270 266
270 267
270 268
270 269
270 271
270 272
270 273
270 274
270 312
270 313
270 315
270 316
270 319
271 228
271 267
271 268
271 269
271 270
271 272
271 273
271 274
271 275
271 316
271 319
272 228
272 231
272 232
272 254
272 268
272 269
272 270
272 271
272 273
272 274
272 275
272 276
273 251
273 254
273 255
273 269
273 270
273 271
273 272
273 274
273 275
273 276
273 277
273 316
274 270
274 271
274 272
274 273
274 275
274 276
274 277
274 278
274 287
274 316
274 319
274 320
275 231
275 232
275 235
275 271
275 272
275 273
275 274
275 276
275 277
275 278
275 279
276 231
276 232
276 235
276 239
276 247
276 251
276 272
276 273
276 274
276 275
276 277
276 278
276 279
276 280
277 247
277 273
277 274
277 275
277 276
277 278
277 279
277 280
277 282
277 283
277 286
277 287
277 290
278 274
278 275
278 276
278 277
278 279
278 280
278 283
278 287
278 323
279 235
279 236
279 239
279 240
279 275
279 276
279 277
279 278
279 280
279 281
279 283
280 235
280 239
280 240
280 242
280 247
280 276
280 277
280 278
280 279
280 281
280 282
280 283
280 286
281 239
281 240
281 241
281 242
281 243
281 279
281 280
281 282
281 283
282 277
282 280
282 281
282 283
282 284
282 285
282 286
283 277
283 278
283 279
283 280
283 281
283 282
283 284
283 285
283 286
283 287
284 282
284 283
284 285
284 286
284 287
284 288
284 345
284 346
284 347
284 348
285 282
285 283
285 284
285 286
285 287
285 288
285 289
285 345
285 346
285 347
285 348
286 277
286 280
286 282
286 283
286 284
286 285
286 287
286 288
286 289
286 290
287 274
287 277
287 278
287 283
287 284
287 285
287 286
287 288
287 289
287 290
287 291
287 320
287 324
287 347
287 348
288 284
288 285
288 286
288 287
288 289
288 290
288 291
288 292
288 346
288 347
288 348
288 349
289 285
289 286
289 287
289 288
289 290
289 291
289 292
289 293
290 277
290 286
290 287
290 288
290 289
290 291
290 292
290 293
290 294
291 287
291 288
291 289
291 290
291 292
291 293
291 294
291 295
291 317
291 348
291 352
292 288
292 289
292 290
292 291
292 293
292 294
292 295
292 296
292 352
293 289
293 290
293 291
293 292
293 294
293 295
293 296
293 297
294 290
294 291
294 292
294 293
294 295
294 296
294 297
294 298
294 313
294 317
295 291
295 292
295 293
295 294
295 296
295 297
295 298
295 299
295 355
295 356
296 292
296 293
296 294
296 295
296 297
296 298
296 299
297 293
297 294
297 295
297 296
297 298
297 299
298 294
298 295
298 296
298 297
298 299
298 300
298 301
298 305
298 310
299 295
299 296
299 297
299 298
299 300
299 301
299 303
300 298
300 299
300 301
300 302
300 303
301 298
301 299
301 300
301 302
301 303
301 305
301 359
301 362
302 300
302 301
302 303
302 304
303 299
303 300
303 301
303 302
303 304
303 305
304 302
304 303
304 305
304 306
305 298
305 301
305 303
305 304
305 306
305 307
305 309
305 310
306 259
306 304
306 305
306 307
306 308
306 309
306 310
307 305
307 306
307 308
307 309
307 310
307 311
307 368
307 371
308 258
308 259
308 260
308 261
308 306
308 307
308 309
308 310
308 311
308 312
309 258
309 259
309 260
309 305
309 306
309 307
309 308
309 310
309 311
309 312
309 313
310 259
310 298
310 305
310 306
310 307
310 308
310 309
310 311
310 312
310 313
310 314
310 371
311 258
311 307
311 308
311 309
311 310
311 312
311 313
311 314
311 315
311 370
311 371
311 374
312 258
312 259
312 266
312 267
312 270
312 308
312 309
312 310
312 311
312 313
312 314
312 315
312 316
313 258
313 270
313 294
313 309
313 310
313 311
313 312
313 314
313 315
313 316
313 317
314 310
314 311
314 312
314 313
314 315
314 316
314 317
314 318
314 360
314 374
314 375
314 378
315 267
315 270
315 311
315 312
315 313
315 314
315 316
315 317
315 318
315 319
315 374
315 378
316 270
316 271
316 273
316 274
316 312
316 313
316 314
316 315
316 317
316 318
316 319
316 320
317 291
317 294
317 313
317 314
317 315
317 316
317 318
317 319
317 320
317 321
317 378
318 314
318 315
318 316
318 317
318 319
318 320
318 321
318 322
318 377
318 378
318 381
318 382
319 270
319 271
319 274
319 315
319 316
319 317
319 318
319 320
319 321
319 322
319 323
320 274
320 287
320 316
320 317
320 318
320 319
320 321
320 322
320 323
320 324
321 317
321 318
321 319
321 320
321 322
321 323
321 324
321 325
321 381
321 382
321 385
321 386
321 387
322 318
322 319
322 320
322 321
322 323
322 324
322 325
322 326
322 381
322 385
322 386
322 387
323 278
323 319
323 320
323 321
323 322
323 324
323 325
323 326
324 287
324 320
324 321
324 322
324 323
324 325
324 326
324 327
324 348
324 386
324 387
325 321
325 322
325 323
325 324
325 326
325 327
325 385
325 386
325 387
325 388
326 322
326 323
326 324
326 325
326 327
326 328
327 324
327 325
327 326
327 328
327 329
328 326
328 327
328 329
328 330
328 331
329 327
329 328
329 330
329 331
330 328
330 329
330 331
330 332
330 333
331 328
331 329
331 330
331 332
331 333
332 330
332 331
332 333
332 334
333 330
333 331
333 332
333 334
333 335
334 332
334 333
334 335
334 336
335 333
335 334
335 336
335 337
336 334
336 335
336 337
336 338
337 335
337 336
337 338
337 339
338 336
338 337
338 339
338 340
339 337
339 338
339 340
339 341
340 338
340 339
340 341
340 342
340 343
341 339
341 340
341 342
341 343
342 340
342 341
342 343
342 344
342 345
343 340
343 341
343 342
343 344
343 345
344 342
344 343
344 345
344 346
345 284
345 285
345 342
345 343
345 344
345 346
345 347
346 284
346 285
346 288
346 344
346 345
346 347
346 348
347 284
347 285
347 287
347 288
347 345
347 346
347 348
347 349
348 284
348 285
348 287
348 288
348 291
348 324
348 346
348 347
348 349
348 350
348 352
348 353
349 288
349 347
349 348
349 350
349 351
349 352
349 353
349 389
350 348
350 349
350 351
350 352
350 353
350 354
350 389
350 390
350 393
351 349
351 350
351 352
351 353
351 354
351 355
351 403
352 291
352 292
352 348
352 349
352 350
352 351
352 353
352 354
352 355
352 356
353 348
353 349
353 350
353 351
353 352
353 354
353 355
353 356
353 357
353 387
353 390
354 350
354 351
354 352
354 353
354 355
354 356
354 357
354 358
354 390
354 400
355 295
355 351
355 352
355 353
355 354
355 356
355 357
355 358
355 359
356 295
356 352
356 353
356 354
356 355
356 357
356 358
356 359
356 360
357 353
357 354
357 355
357 356
357 358
357 359
357 360
357 361
357 379
358 354
358 355
358 356
358 357
358 359
358 360
358 361
358 362
358 672
359 301
359 355
359 356
359 357
359 358
359 360
359 361
359 362
359 363
360 314
360 356
360 357
360 358
360 359
360 361
360 362
360 363
360 364
360 375
360 376
360 378
360 379
361 357
361 358
361 359
361 360
361 362
361 363
361 364
361 365
361 375
361 379
361 683
362 301
362 358
362 359
362 360
362 361
362 363
362 364
362 365
362 366
363 359
363 360
363 361
363 362
363 364
363 365
363 366
363 371
363 372
363 375
364 360
364 361
364 362
364 363
364 365
364 366
364 371
364 372
364 373
364 375
364 376
365 361
365 362
365 363
365 364
365 366
365 367
365 372
365 690
366 362
366 363
366 364
366 365
366 367
366 368
366 369
366 371
366 372
367 365
367 366
367 368
367 369
367 371
367 372
368 307
368 366
368 367
368 369
368 370
368 371
368 372
369 366
369 367
369 368
369 370
369 371
369 372
369 373
369 710
370 311
370 368
370 369
370 371
370 372
370 373
370 374
371 307
371 310
371 311
371 363
371 364
371 366
371 367
371 368
371 369
371 370
371 372
371 373
371 374
371 375
372 363
372 364
372 365
372 366
372 367
372 368
372 369
372 370
372 371
372 373
372 374
372 375
372 376
372 710
373 364
373 369
373 370
373 371
373 372
373 374
373 375
373 376
373 377
373 710
373 713
374 311
374 314
374 315
374 370
374 371
374 372
374 373
374 375
374 376
374 377
374 378
375 314
375 360
375 361
375 363
375 364
375 371
375 372
375 373
375 374
375 376
375 377
375 378
375 379
376 360
376 364
376 372
376 373
376 374
376 375
376 377
376 378
376 379
376 380
376 710
376 713
376 714
376 717
377 318
377 373
377 374
377 375
377 376
377 378
377 379
377 380
377 381
377 713
378 314
378 315
378 317
378 318
378 360
378 374
378 375
378 376
378 377
378 379
378 380
378 381
378 382
379 357
379 360
379 361
379 375
379 376
379 377
379 378
379 380
379 381
379 382
379 383
379 717
380 376
380 377
380 378
380 379
380 381
380 382
380 383
380 384
380 713
380 716
380 717
380 720
381 318
381 321
381 322
381 377
381 378
381 379
381 380
381 382
381 383
381 384
381 385
381 386
382 318
382 321
382 378
382 379
382 380
382 381
382 383
382 384
382 385
382 386
382 387
383 379
383 380
383 381
383 382
383 384
383 385
383 386
383 717
383 720
383 721
383 724
384 380
384 381
384 382
384 383
384 385
384 386
384 720
385 321
385 322
385 325
385 381
385 382
385 383
385 384
385 386
385 387
386 321
386 322
386 324
386 325
386 381
386 382
386 383
386 384
386 385
386 387
386 388
386 390
386 391
387 321
387 322
387 324
387 325
387 353
387 382
387 385
387 386
387 388
387 389
387 390
387 391
388 325
388 386
388 387
388 389
388 390
388 391
388 392
389 349
389 350
389 387
389 388
389 390
389 391
389 392
389 393
390 350
390 353
390 354
390 386
390 387
390 388
390 389
390 391
390 392
390 393
390 394
391 386
391 387
391 388
391 389
391 390
391 392
391 393
391 394
391 395
392 388
392 389
392 390
392 391
392 393
392 394
392 395
392 396
392 399
393 350
393 389
393 390
393 391
393 392
393 394
393 395
393 396
393 399
393 400
394 390
394 391
394 392
394 393
394 395
394 396
394 399
394 400
394 678
394 679
394 680
395 391
395 392
395 393
395 394
395 396
395 397
395 399
395 678
395 679
395 680
395 724
395 725
396 392
396 393
396 394
396 395
396 397
396 398
396 399
396 677
396 678
396 679
397 395
397 396
397 398
397 399
397 675
397 676
397 677
397 678
397 679
398 396
398 397
398 399
398 400
398 401
398 402
398 673
398 674
398 675
398 676
398 677
398 678
398 679
399 392
399 393
399 394
399 395
399 396
399 397
399 398
399 400
399 401
399 402
399 403
399 673
399 675
399 678
399 679
400 354
400 393
400 394
400 398
400 399
400 401
400 402
400 403
400 404
400 672
400 673
400 674
400 679
401 398
401 399
401 400
401 402
401 403
401 404
401 405
401 673
401 674
401 675
402 398
402 399
402 400
402 401
402 403
402 404
402 405
402 406
402 675
403 351
403 399
403 400
403 401
403 402
403 404
403 405
403 406
403 407
404 400
404 401
404 402
404 403
404 405
404 406
404 407
404 408
405 401
405 402
405 403
405 404
405 406
405 407
405 408
405 409
406 402
406 403
406 404
406 405
406 407
406 408
406 409
406 410
407 403
407 404
407 405
407 406
407 408
407 409
407 410
407 411
408 404
408 405
408 406
408 407
408 409
408 410
408 411
408 412
409 405
409 406
409 407
409 408
409 410
409 411
409 412
409 413
410 406
410 407
410 408
410 409
410 411
410 412
410 413
410 414
411 407
411 408
411 409
411 410
411 412
411 413
411 414
412 408
412 409
412 410
412 411
412 413
412 414
412 415
413 409
413 410
413 411
413 412
413 414
413 415
413 416
414 410
414 411
414 412
414 413
414 415
414 416
415 412
415 413
415 414
415 416
415 417
416 413
416 414
416 415
416 417
416 418
417 415
417 416
417 418
417 419
418 416
418 417
418 419
418 420
419 417
419 418
419 420
419 421
420 418
420 419
420 421
420 422
421 419
421 420
421 422
421 423
422 420
422 421
422 423
422 424
423 421
423 422
423 424
423 425
424 422
424 423
424 425
424 426
425 423
425 424
425 426
425 427
426 424
426 425
426 427
426 428
427 425
427 426
427 428
427 429
428 426
428 427
428 429
428 430
429 427
429 428
429 430
429 431
430 428
430 429
430 431
430 432
431 429
431 430
431 432
431 433
432 430
432 431
432 433
432 434
433 431
433 432
433 434
433 435
434 432
434 433
434 435
434 436
435 433
435 434
435 436
435 437
436 434
436 435
436 437
436 438
437 435
437 436
437 438
437 439
438 436
438 437
438 439
438 440
439 437
439 438
439 440
439 441
440 438
440 439
440 441
440 442
441 439
441 440
441 442
441 443
442 440
442 441
442 443
442 444
443 441
443 442
443 444
443 445
444 442
444 443
444 445
444 446
445 443
445 444
445 446
445 447
446 444
446 445
446 447
446 448
447 445
447 446
447 448
447 449
448 446
448 447
448 449
448 450
449 447
449 448
449 450
449 451
450 448
450 449
450 451
450 452
451 449
451 450
451 452
451 453
452 450
452 451
452 453
452 454
453 451
453 452
453 454
453 455
454 452
454 453
454 455
454 456
455 453
455 454
455 456
455 457
456 454
456 455
456 457
456 458
457 455
457 456
457 458
457 459
458 456
458 457
458 459
458 460
458 620
458 621
459 457
459 458
459 460
459 461
459 620
460 458
460 459
460 461
460 462
461 459
461 460
461 462
461 463
462 460
462 461
462 463
462 464
463 461
463 462
463 464
463 465
464 462
464 463
464 465
464 466
465 463
465 464
465 466
465 467
466 464
466 465
466 467
466 468
467 465
467 466
467 468
467 469
468 466
468 467
468 469
468 470
469 467
469 468
469 470
469 471
470 468
470 469
470 471
470 472
471 469
471 470
471 472
471 473
472 470
472 471
472 473
472 474
473 471
473 472
473 474
473 475
474 472
474 473
474 475
474 476
475 473
475 474
475 476
475 477
476 474
476 475
476 477
476 478
477 475
477 476
477 478
477 479
478 476
478 477
478 479
478 480
479 477
479 478
479 480
479 481
480 478
480 479
480 481
480 482
481 479
481 480
481 482
481 483
482 480
482 481
482 483
482 484
483 481
483 482
483 484
483 485
484 482
484 483
484 485
484 486
485 483
485 484
485 486
485 487
486 484
486 485
486 487
486 488
487 485
487 486
487 488
487 489
488 486
488 487
488 489
488 490
489 487
489 488
489 490
489 491
490 488
490 489
490 491
490 492
491 489
491 490
491 492
491 493
492 490
492 491
492 493
492 494
493 491
493 492
493 494
493 495
494 492
494 493
494 495
494 496
495 493
495 494
495 496
495 497
496 494
496 495
496 497
496 498
497 495
497 496
497 498
497 499
498 496
498 497
498 499
498 500
499 497
499 498
499 500
499 501
500 498
500 499
500 501
500 502
501 499
501 500
501 502
501 503
502 500
502 501
502 503
502 504
503 501
503 502
503 504
503 505
504 502
504 503
504 505
504 506
505 503
505 504
505 506
505 507
506 504
506 505
506 507
506 508
507 505
507 506
507 508
507 509
508 506
508 507
508 509
508 510
509 507
509 508
509 510
509 511
510 508
510 509
510 511
510 512
511 509
511 510
511 512
511 513
512 510
512 511
512 513
512 514
513 511
513 512
513 514
513 515
514 512
514 513
514 515
514 516
515 513
515 514
515 516
515 517
516 514
516 515
516 517
516 518
517 515
517 516
517 518
517 519
518 516
518 517
518 519
518 520
519 517
519 518
519 520
519 521
520 518
520 519
520 521
520 522
521 519
521 520
521 522
521 523
522 520
522 521
522 523
522 524
523 521
523 522
523 524
523 525
524 522
524 523
524 525
524 526
525 523
525 524
525 526
525 527
526 524
526 525
526 527
526 528
527 525
527 526
527 528
527 529
528 526
528 527
528 529
528 530
529 527
529 528
529 530
529 531
530 528
530 529
530 531
530 532
531 529
531 530
531 532
531 533
532 530
532 531
532 533
532 534
533 531
533 532
533 534
533 535
534 532
534 533
534 535
534 536
535 533
535 534
535 536
535 537
536 534
536 535
536 537
536 538
537 535
537 536
537 538
537 539
538 536
538 537
538 539
538 540
539 537
539 538
539 540
539 541
540 538
540 539
540 541
540 542
541 539
541 540
541 542
541 543
542 540
542 541
542 543
542 544
542 545
543 541
543 542
543 544
543 545
543 546
544 542
544 543
544 545
544 546
545 542
545 543
545 544
545 546
545 547
546 543
546 544
546 545
546 547
546 548
546 549
547 545
547 546
547 548
547 549
548 546
548 547
548 549
548 550
549 546
549 547
549 548
549 550
549 551
549 552
550 548
550 549
550 551
550 552
551 549
551 550
551 552
551 553
552 549
552 550
552 551
552 553
552 554
553 551
553 552
553 554
553 555
554 552
554 553
554 555
554 556
555 553
555 554
555 556
555 557
556 554
556 555
556 557
556 558
557 555
557 556
557 558
557 559
558 556
558 557
558 559
558 560
559 557
559 558
559 560
559 561
560 558
560 559
560 561
560 562
561 559
561 560
561 562
561 563
562 560
562 561
562 563
562 564
563 561
563 562
563 564
563 565
564 562
564 563
564 565
564 566
565 563
565 564
565 566
565 567
566 564
566 565
566 567
566 568
567 565
567 566
567 568
567 569
568 566
568 567
568 569
568 570
569 567
569 568
569 570
569 571
570 568
570 569
570 571
570 572
571 569
571 570
571 572
571 573
572 570
572 571
572 573
572 574
573 571
573 572
573 574
573 575
574 572
574 573
574 575
574 576
575 573
575 574
575 576
575 577
576 574
576 575
576 577
576 578
577 575
577 576
577 578
577 579
578 576
578 577
578 579
578 580
579 577
579 578
579 580
579 581
580 578
580 579
580 581
580 582
581 579
581 580
581 582
581 583
582 580
582 581
582 583
582 584
583 581
583 582
583 584
583 585
584 582
584 583
584 585
584 586
585 583
585 584
585 586
585 587
586 584
586 585
586 587
586 588
587 585
587 586
587 588
587 589
588 586
588 587
588 589
588 590
589 587
589 588
589 590
589 591
590 588
590 589
590 591
590 592
591 589
591 590
591 592
591 593
592 590
592 591
592 593
592 594
593 591
593 592
593 594
593 595
594 592
594 593
594 595
594 596
595 593
595 594
595 596
595 597
596 594
596 595
596 597
596 598
597 595
597 596
597 598
597 599
598 596
598 597
598 599
598 600
599 597
599 598
599 600
599 601
600 598
600 599
600 601
600 602
601 599
601 600
601 602
601 603
602 600
602 601
602 603
602 604
603 601
603 602
603 604
603 605
604 602
604 603
604 605
604 606
605 603
605 604
605 606
605 607
606 604
606 605
606 607
606 608
607 605
607 606
607 608
607 609
608 606
608 607
608 609
608 610
609 607
609 608
609 610
609 611
610 608
610 609
610 611
610 612
611 609
611 610
611 612
611 613
612 610
612 611
612 613
612 614
613 611
613 612
613 614
613 615
614 612
614 613
614 615
614 616
615 613
615 614
615 616
615 617
616 614
616 615
616 617
616 618
617 615
617 616
617 618
617 619
618 616
618 617
618 619
618 620
619 617
619 618
619 620
619 621
620 458
620 459
620 618
620 619
620 621
620 622
621 458
621 619
621 620
621 622
621 623
622 620
622 621
622 623
622 624
623 621
623 622
623 624
623 625
624 622
624 623
624 625
624 626
625 623
625 624
625 626
625 627
626 624
626 625
626 627
626 628
627 625
627 626
627 628
627 629
628 626
628 627
628 629
628 630
629 627
629 628
629 630
629 631
630 628
630 629
630 631
630 632
631 629
631 630
631 632
631 633
632 630
632 631
632 633
632 634
633 631
633 632
633 634
633 635
634 632
634 633
634 635
634 636
635 633
635 634
635 636
635 637
636 634
636 635
636 637
636 638
637 635
637 636
637 638
637 639
638 636
638 637
638 639
638 640
639 637
639 638
639 640
639 641
640 638
640 639
640 641
640 642
641 639
641 640
641 642
641 643
642 640
642 641
642 643
642 644
643 641
643 642
643 644
643 645
644 642
644 643
644 645
644 646
645 643
645 644
645 646
645 647
646 644
646 645
646 647
646 648
647 645
647 646
647 648
647 649
648 646
648 647
648 649
648 650
649 647
649 648
649 650
649 651
650 648
650 649
650 651
650 652
651 649
651 650
651 652
651 653
652 650
652 651
652 653
652 654
653 651
653 652
653 654
653 655
653 656
654 652
654 653
654 655
654 656
655 653
655 654
655 656
655 657
656 653
656 654
656 655
656 657
656 658
657 655
657 656
657 658
657 659
658 656
658 657
658 659
658 660
659 657
659 658
659 660
659 661
660 658
660 659
660 661
660 662
661 659
661 660
661 662
661 663
662 660
662 661
662 663
662 664
663 661
663 662
663 664
663 665
663 666
664 662
664 663
664 665
664 666
664 689
664 690
665 663
665 664
665 666
665 667
665 668
665 686
665 689
665 690
666 663
666 664
666 665
666 667
666 668
666 695
666 738
667 665
667 666
667 668
667 669
667 734
667 736
667 737
667 738
668 665
668 666
668 667
668 669
668 670
668 734
668 735
668 736
668 737
669 667
669 668
669 670
669 671
669 682
669 685
669 686
669 733
669 734
669 735
669 736
670 668
670 669
670 671
670 672
670 674
670 682
670 734
670 735
671 669
671 670
671 672
671 673
671 674
671 679
671 682
672 358
672 400
672 670
672 671
672 673
672 674
672 678
672 679
672 680
672 682
672 683
673 398
673 399
673 400
673 401
673 671
673 672
673 674
673 675
673 679
674 398
674 400
674 401
674 670
674 671
674 672
674 673
674 675
674 676
674 677
674 678
674 679
675 397
675 398
675 399
675 401
675 402
675 673
675 674
675 676
675 677
675 678
676 397
676 398
676 674
676 675
676 677
676 678
677 396
677 397
677 398
677 674
677 675
677 676
677 678
677 679
677 681
677 682
678 394
678 395
678 396
678 397
678 398
678 399
678 672
678 674
678 675
678 676
678 677
678 679
678 680
678 681
678 682
679 394
679 395
679 396
679 397
679 398
679 399
679 400
679 671
679 672
679 673
679 674
679 677
679 678
679 680
679 681
679 682
679 683
680 394
680 395
680 672
680 678
680 679
680 681
680 682
680 683
680 684
680 721
680 725
680 728
681 677
681 678
681 679
681 680
681 682
681 683
681 684
681 685
681 725
681 727
681 728
681 729
681 731
682 669
682 670
682 671
682 672
682 677
682 678
682 679
682 680
682 681
682 683
682 684
682 685
682 686
682 728
683 361
683 672
683 679
683 680
683 681
683 682
683 684
683 685
683 686
683 687
684 680
684 681
684 682
684 683
684 685
684 686
684 687
684 688
684 718
684 721
684 728
684 729
684 749
685 669
685 681
685 682
685 683
685 684
685 686
685 687
685 688
685 689
685 728
685 731
685 732
685 733
685 734
685 749
686 665
686 669
686 682
686 683
686 684
686 685
686 687
686 688
686 689
686 690
687 683
687 684
687 685
687 686
687 688
687 689
687 690
687 691
687 692
687 714
687 718
688 684
688 685
688 686
688 687
688 689
688 690
688 691
688 692
688 693
688 714
688 718
688 733
688 749
688 752
689 664
689 665
689 685
689 686
689 687
689 688
689 690
689 691
689 692
689 693
689 694
689 695
689 733
690 365
690 664
690 665
690 686
690 687
690 688
690 689
690 691
690 692
690 693
691 687
691 688
691 689
691 690
691 692
691 693
691 701
691 706
691 710
691 711
691 714
692 687
692 688
692 689
692 690
692 691
692 693
692 694
692 700
692 701
692 711
692 714
692 715
692 752
693 688
693 689
693 690
693 691
693 692
693 694
693 695
693 696
693 699
693 700
693 701
693 749
693 751
693 752
694 689
694 692
694 693
694 695
694 696
694 699
694 700
694 701
695 666
695 689
695 693
695 694
695 696
695 697
695 699
695 733
695 738
695 743
695 746
695 747
696 693
696 694
696 695
696 697
696 698
696 699
696 743
696 745
696 746
696 747
697 695
697 696
697 698
697 699
697 745
697 746
697 747
697 748
697 751
698 696
698 697
698 699
698 700
698 747
698 751
698 754
699 693
699 694
699 695
699 696
699 697
699 698
699 700
699 701
700 692
700 693
700 694
700 698
700 699
700 701
700 702
700 752
700 754
700 755
701 691
701 692
701 693
701 694
701 699
701 700
701 702
701 703
701 705
701 706
702 700
702 701
702 703
702 704
702 705
702 706
703 701
703 702
703 704
703 705
703 706
703 707
703 708
704 702
704 703
704 705
704 706
704 707
705 701
705 702
705 703
705 704
705 706
705 707
706 691
706 701
706 702
706 703
706 704
706 705
706 707
706 708
706 710
706 711
707 703
707 704
707 705
707 706
707 708
707 709
707 710
707 711
708 703
708 706
708 707
708 709
708 710
708 711
708 712
708 760
708 763
709 707
709 708
709 710
709 711
709 712
709 713
710 369
710 372
710 373
710 376
710 691
710 706
710 707
710 708
710 709
710 711
710 712
710 713
710 714
711 691
711 692
711 706
711 707
711 708
711 709
711 710
711 712
711 713
711 714
711 715
711 763
712 708
712 709
712 710
712 711
712 713
712 714
712 715
712 716
712 762
712 763
712 766
713 373
713 376
713 377
713 380
713 709
713 710
713 711
713 712
713 714
713 715
713 716
713 717
714 376
714 687
714 688
714 691
714 692
714 710
714 711
714 712
714 713
714 715
714 716
714 717
714 718
715 692
715 711
715 712
715 713
715 714
715 716
715 717
715 718
715 719
715 752
715 763
715 766
715 767
715 770
716 380
716 712
716 713
716 714
716 715
716 717
716 718
716 719
716 720
716 766
716 767
716 769
716 770
717 376
717 379
717 380
717 383
717 713
717 714
717 715
717 716
717 718
717 719
717 720
717 721
718 684
718 687
718 688
718 714
718 715
718 716
718 717
718 719
718 720
718 721
718 722
718 770
719 715
719 716
719 717
719 718
719 720
719 721
719 722
719 723
719 769
719 770
719 773
719 774
720 380
720 383
720 384
720 716
720 717
720 718
720 719
720 721
720 722
720 723
720 724
720 770
720 773
721 383
721 680
721 684
721 717
721 718
721 719
721 720
721 722
721 723
721 724
721 725
721 726
721 728
722 718
722 719
722 720
722 721
722 723
722 724
722 725
722 726
722 727
722 728
722 729
722 773
722 774
722 777
723 719
723 720
723 721
723 722
723 724
723 725
723 726
723 773
723 774
723 776
723 777
724 383
724 395
724 720
724 721
724 722
724 723
724 725
724 726
724 777
725 395
725 680
725 681
725 721
725 722
725 723
725 724
725 726
725 727
725 728
725 777
726 721
726 722
726 723
726 724
726 725
726 727
726 728
726 729
726 730
726 774
726 777
726 778
727 681
727 722
727 725
727 726
727 728
727 729
727 730
727 731
727 793
728 680
728 681
728 682
728 684
728 685
728 721
728 722
728 725
728 726
728 727
728 729
728 730
728 731
729 681
729 684
729 722
729 726
729 727
729 728
729 730
729 731
729 749
729 750
730 726
730 727
730 728
730 729
730 731
730 732
730 748
730 749
730 750
730 793
730 797
730 799
731 681
731 685
731 727
731 728
731 729
731 730
731 732
731 733
731 748
731 749
731 750
731 797
732 685
732 730
732 731
732 733
732 734
732 735
732 746
732 747
732 748
732 749
732 797
733 669
733 685
733 688
733 689
733 695
733 731
733 732
733 734
733 735
733 746
733 747
733 748
733 749
734 667
734 668
734 669
734 670
734 685
734 732
734 733
734 735
734 736
734 737
734 738
734 747
735 668
735 669
735 670
735 732
735 733
735 734
735 736
735 737
736 667
736 668
736 669
736 734
736 735
736 737
736 738
737 667
737 668
737 734
737 735
737 736
737 738
737 739
737 740
737 746
738 666
738 667
738 695
738 734
738 736
738 737
738 739
738 740
738 742
738 743
738 746
739 737
739 738
739 740
739 741
739 742
739 743
740 737
740 738
740 739
740 741
740 742
740 743
740 744
740 745
741 739
741 740
741 742
741 743
741 744
742 738
742 739
742 740
742 741
742 743
742 744
743 695
743 696
743 738
743 739
743 740
743 741
743 742
743 744
743 745
743 746
744 740
744 741
744 742
744 743
744 745
744 746
745 696
745 697
745 740
745 743
745 744
745 746
745 747
746 695
746 696
746 697
746 732
746 733
746 737
746 738
746 743
746 744
746 745
746 747
746 748
747 695
747 696
747 697
747 698
747 732
747 733
747 734
747 745
747 746
747 748
747 749
747 751
748 697
748 730
748 731
748 732
748 733
748 746
748 747
748 749
748 750
748 751
748 799
749 684
749 685
749 688
749 693
749 729
749 730
749 731
749 732
749 733
749 747
749 748
749 750
749 751
749 752
750 729
750 730
750 731
750 748
750 749
750 751
750 752
750 753
750 801
751 693
751 697
751 698
751 747
751 748
751 749
751 750
751 752
751 753
751 754
752 688
752 692
752 693
752 700
752 715
752 749
752 750
752 751
752 753
752 754
752 755
752 767
753 750
753 751
753 752
753 754
753 755
753 756
753 767
753 771
754 698
754 700
754 751
754 752
754 753
754 755
754 756
754 757
754 758
755 700
755 752
755 753
755 754
755 756
755 757
755 758
755 763
755 764
755 767
756 753
756 754
756 755
756 757
756 758
756 763
756 764
756 765
756 767
756 768
756 809
756 813
757 754
757 755
757 756
757 758
757 759
757 764
758 754
758 755
758 756
758 757
758 759
758 760
758 761
758 763
758 764
759 757
759 758
759 760
759 761
759 763
759 764
760 708
760 758
760 759
760 761
760 762
760 763
760 764
761 758
761 759
761 760
761 762
761 763
761 764
761 765
761 818
761 820
761 821
762 712
762 760
762 761
762 763
762 764
762 765
762 766
762 820
762 821
763 708
763 711
763 712
763 715
763 755
763 756
763 758
763 759
763 760
763 761
763 762
763 764
763 765
763 766
763 767
764 755
764 756
764 757
764 758
764 759
764 760
764 761
764 762
764 763
764 765
764 766
764 767
764 768
764 813
764 821
765 756
765 761
765 762
765 763
765 764
765 766
765 767
765 768
765 769
765 813
765 820
765 821
765 822
765 823
765 824
765 825
766 712
766 715
766 716
766 762
766 763
766 764
766 765
766 767
766 768
766 769
766 770
766 824
767 715
767 716
767 752
767 753
767 755
767 756
767 763
767 764
767 765
767 766
767 768
767 769
767 770
767 771
768 756
768 764
768 765
768 766
768 767
768 769
768 770
768 771
768 772
768 809
768 810
768 813
768 824
768 825
768 828
769 716
769 719
769 765
769 766
769 767
769 768
769 770
769 771
769 772
769 773
769 824
769 825
769 827
769 828
770 715
770 716
770 718
770 719
770 720
770 766
770 767
770 768
770 769
770 771
770 772
770 773
770 774
770 828
771 753
771 767
771 768
771 769
771 770
771 772
771 773
771 774
771 775
771 806
771 807
771 809
771 810
771 828
772 768
772 769
772 770
772 771
772 773
772 774
772 775
772 776
772 806
772 810
772 828
772 829
772 830
772 831
772 832
773 719
773 720
773 722
773 723
773 769
773 770
773 771
773 772
773 774
773 775
773 776
773 777
773 828
773 831
773 832
774 719
774 722
774 723
774 726
774 770
774 771
774 772
774 773
774 775
774 776
774 777
774 778
775 771
775 772
775 773
775 774
775 776
775 777
775 778
775 779
775 803
775 806
775 832
775 836
776 723
776 772
776 773
776 774
776 775
776 777
776 778
776 779
776 780
776 831
776 832
776 835
776 836
777 722
777 723
777 724
777 725
777 726
777 773
777 774
777 775
777 776
777 778
777 779
777 780
777 781
778 726
778 774
778 775
778 776
778 777
778 779
778 780
778 781
778 782
778 784
778 786
779 775
779 776
779 777
779 778
779 780
779 781
779 782
779 783
779 784
779 785
779 786
779 835
779 836
779 839
780 776
780 777
780 778
780 779
780 781
780 782
780 783
780 784
780 835
781 777
781 778
781 779
781 780
781 782
781 783
781 784
782 778
782 779
782 780
782 781
782 783
782 784
782 785
782 786
782 789
783 779
783 780
783 781
783 782
783 784
783 785
783 786
784 778
784 779
784 780
784 781
784 782
784 783
784 785
784 786
784 838
784 839
784 840
785 779
785 782
785 783
785 784
785 786
785 787
785 788
785 789
786 778
786 779
786 782
786 783
786 784
786 785
786 787
786 788
786 789
786 790
786 840
787 785
787 786
787 788
787 789
787 790
787 791
788 785
788 786
788 787
788 789
788 790
788 791
788 792
789 782
789 785
789 786
789 787
789 788
789 790
789 791
789 792
789 793
790 786
790 787
790 788
790 789
790 791
790 792
790 793
790 794
790 802
791 787
791 788
791 789
791 790
791 792
791 793
791 794
791 795
792 788
792 789
792 790
792 791
792 793
792 794
792 795
792 796
793 727
793 730
793 789
793 790
793 791
793 792
793 794
793 795
793 796
793 797
793 798
793 799
794 790
794 791
794 792
794 793
794 795
794 796
794 797
794 798
794 799
794 800
795 791
795 792
795 793
795 794
795 796
795 797
795 798
796 792
796 793
796 794
796 795
796 797
796 798
797 730
797 731
797 732
797 793
797 794
797 795
797 796
797 798
797 799
798 793
798 794
798 795
798 796
798 797
798 799
798 800
799 730
799 748
799 793
799 794
799 797
799 798
799 800
799 801
800 794
800 798
800 799
800 801
800 802
801 750
801 799
801 800
801 802
801 803
801 805
802 790
802 800
802 801
802 803
802 804
802 805
802 806
803 775
803 801
803 802
803 804
803 805
803 806
803 807
804 802
804 803
804 805
804 806
804 807
804 808
804 841
805 801
805 802
805 803
805 804
805 806
805 807
805 808
805 809
806 771
806 772
806 775
806 802
806 803
806 804
806 805
806 807
806 808
806 809
806 810
807 771
807 803
807 804
807 805
807 806
807 808
807 809
807 810
807 811
807 844
807 848
808 804
808 805
808 806
808 807
808 809
808 810
808 811
808 812
809 756
809 768
809 771
809 805
809 806
809 807
809 808
809 810
809 811
809 812
809 813
810 768
810 771
810 772
810 806
810 807
810 808
810 809
810 811
810 812
810 813
810 814
810 825
810 828
810 829
811 807
811 808
811 809
811 810
811 812
811 813
811 814
811 815
811 848
811 851
812 808
812 809
812 810
812 811
812 813
812 814
812 815
812 816
813 756
813 764
813 765
813 768
813 809
813 810
813 811
813 812
813 814
813 815
813 816
813 821
813 822
813 825
814 810
814 811
814 812
814 813
814 815
814 816
814 821
814 822
814 825
814 826
814 851
814 852
814 855
815 811
815 812
815 813
815 814
815 816
815 817
815 822
816 812
816 813
816 814
816 815
816 817
816 818
816 819
816 821
816 822
817 815
817 816
817 818
817 819
817 821
817 822
818 761
818 816
818 817
818 819
818 820
818 821
818 822
819 816
819 817
819 818
819 820
819 821
819 822
819 823
819 858
819 860
819 863
820 761
820 762
820 765
820 818
820 819
820 821
820 822
820 823
820 824
820 863
821 761
821 762
821 764
821 765
821 813
821 814
821 816
821 817
821 818
821 819
821 820
821 822
821 823
821 824
821 825
822 765
822 813
822 814
822 815
822 816
822 817
822 818
822 819
822 820
822 821
822 823
822 824
822 825
822 826
822 855
822 863
823 765
823 819
823 820
823 821
823 822
823 824
823 825
823 826
823 827
823 862
823 863
823 866
824 765
824 766
824 768
824 769
824 820
824 821
824 822
824 823
824 825
824 826
824 827
824 828
825 765
825 768
825 769
825 810
825 813
825 814
825 821
825 822
825 823
825 824
825 826
825 827
825 828
825 829
826 814
826 822
826 823
826 824
826 825
826 827
826 828
826 829
826 830
826 852
826 863
826 866
826 867
826 870
827 769
827 823
827 824
827 825
827 826
827 828
827 829
827 830
827 831
827 866
827 870
828 768
828 769
828 770
828 771
828 772
828 773
828 810
828 824
828 825
828 826
828 827
828 829
828 830
828 831
828 832
829 772
829 810
829 825
829 826
829 827
829 828
829 830
829 831
829 832
829 833
829 848
829 870
830 772
830 826
830 827
830 828
830 829
830 831
830 832
830 833
830 834
830 869
830 870
830 871
830 873
831 772
831 773
831 776
831 827
831 828
831 829
831 830
831 832
831 833
831 834
832 772
832 773
832 775
832 776
832 828
832 829
832 830
832 831
832 833
832 834
832 835
832 836
833 829
833 830
833 831
833 832
833 834
833 835
833 836
833 837
833 845
833 848
833 849
833 874
834 830
834 831
834 832
834 833
834 835
834 836
834 837
834 838
834 845
834 873
834 874
834 875
835 776
835 779
835 780
835 832
835 833
835 834
835 836
835 837
835 838
835 839
836 775
836 776
836 779
836 832
836 833
836 834
836 835
836 837
836 838
836 839
836 840
836 841
836 842
836 844
836 845
837 833
837 834
837 835
837 836
837 838
837 839
837 841
837 842
837 843
837 844
837 845
837 846
837 878
837 879
837 882
838 784
838 834
838 835
838 836
838 837
838 839
838 840
838 842
838 878
839 779
839 784
839 835
839 836
839 837
839 838
839 840
839 841
839 842
840 784
840 786
840 836
840 838
840 839
840 841
840 842
841 804
841 836
841 837
841 839
841 840
841 842
841 843
841 844
841 845
842 836
842 837
842 838
842 839
842 840
842 841
842 843
842 844
842 845
842 846
842 882
843 837
843 841
843 842
843 844
843 845
843 846
843 847
843 882
843 886
843 889
844 807
844 836
844 837
844 841
844 842
844 843
844 845
844 846
844 847
844 848
845 833
845 834
845 836
845 837
845 841
845 842
845 843
845 844
845 846
845 847
845 848
845 849
846 837
846 842
846 843
846 844
846 845
846 847
846 848
846 849
846 850
846 879
846 882
847 843
847 844
847 845
847 846
847 848
847 849
847 850
847 851
847 889
848 807
848 811
848 829
848 833
848 844
848 845
848 846
848 847
848 849
848 850
848 851
848 852
849 833
849 845
849 846
849 847
849 848
849 850
849 851
849 852
849 853
850 846
850 847
850 848
850 849
850 851
850 852
850 853
850 902
851 811
851 814
851 847
851 848
851 849
851 850
851 852
851 853
851 854
852 814
852 826
852 848
852 849
852 850
852 851
852 853
852 854
852 855
852 856
852 867
853 849
853 850
853 851
853 852
853 854
853 855
853 856
853 867
853 906
853 910
854 851
854 852
854 853
854 855
854 856
854 857
854 858
855 814
855 822
855 852
855 853
855 854
855 856
855 857
855 858
855 863
855 864
855 867
856 852
856 853
856 854
856 855
856 857
856 858
856 863
856 864
856 867
856 910
856 914
857 854
857 855
857 856
857 858
857 859
857 864
858 819
858 854
858 855
858 856
858 857
858 859
858 860
858 861
858 863
858 864
859 857
859 858
859 860
859 861
860 819
860 858
860 859
860 861
860 862
860 863
860 864
861 858
861 859
861 860
861 862
861 863
861 864
861 865
861 919
861 922
862 823
862 860
862 861
862 863
862 864
862 865
862 866
863 819
863 820
863 822
863 823
863 826
863 855
863 856
863 858
863 860
863 861
863 862
863 864
863 865
863 866
863 867
864 855
864 856
864 857
864 858
864 860
864 861
864 862
864 863
864 865
864 866
864 867
864 868
864 922
865 861
865 862
865 863
865 864
865 866
865 867
865 868
865 869
865 921
865 922
865 925
865 926
866 823
866 826
866 827
866 862
866 863
866 864
866 865
866 867
866 868
866 869
866 870
867 826
867 852
867 853
867 855
867 856
867 863
867 864
867 865
867 866
867 868
867 869
867 870
867 871
868 864
868 865
868 866
868 867
868 869
868 870
868 871
868 872
868 910
868 911
868 925
868 926
868 929
869 830
869 865
869 866
869 867
869 868
869 870
869 871
869 872
869 873
869 925
869 929
870 826
870 827
870 829
870 830
870 866
870 867
870 868
870 869
870 871
870 872
870 873
870 874
871 830
871 867
871 868
871 869
871 870
871 872
871 873
871 874
871 906
871 929
872 868
872 869
872 870
872 871
872 873
872 874
872 929
872 930
872 932
872 933
873 830
873 834
873 869
873 870
873 871
873 872
873 874
873 875
873 932
873 933
874 833
874 834
874 870
874 871
874 872
874 873
874 875
874 876
874 879
874 933
874 936
875 834
875 873
875 874
875 876
875 877
875 878
875 879
875 933
875 936
875 937
876 874
876 875
876 877
876 878
876 879
876 880
876 903
876 936
876 937
876 938
877 875
877 876
877 878
877 879
877 880
877 881
877 936
877 937
877 938
877 948
877 949
877 951
877 952
878 837
878 838
878 875
878 876
878 877
878 879
878 880
878 881
878 882
878 948
878 949
878 952
879 837
879 846
879 874
879 875
879 876
879 877
879 878
879 880
879 881
879 882
879 883
879 902
879 903
880 876
880 877
880 878
880 879
880 881
880 882
880 883
880 884
880 903
880 938
880 948
881 877
881 878
881 879
881 880
881 882
881 883
881 884
881 885
881 948
881 949
882 837
882 842
882 843
882 846
882 878
882 879
882 880
882 881
882 883
882 884
882 885
882 886
883 879
883 880
883 881
883 882
883 884
883 885
883 886
883 890
883 899
883 900
883 901
884 880
884 881
884 882
884 883
884 885
884 886
885 881
885 882
885 883
885 884
885 886
885 887
886 843
886 882
886 883
886 884
886 885
886 887
886 888
886 889
886 890
887 885
887 886
887 888
887 889
887 890
887 891
888 886
888 887
888 889
888 890
888 891
888 892
889 843
889 847
889 886
889 887
889 888
889 890
889 891
889 892
889 900
890 883
890 886
890 887
890 888
890 889
890 891
890 892
890 896
890 897
890 898
890 899
890 900
891 887
891 888
891 889
891 890
891 892
891 893
891 894
891 895
891 896
891 897
891 898
892 888
892 889
892 890
892 891
892 893
892 894
892 895
892 896
893 891
893 892
893 894
893 895
894 891
894 892
894 893
894 895
894 896
895 891
895 892
895 893
895 894
895 896
895 897
896 890
896 891
896 892
896 894
896 895
896 897
896 898
897 890
897 891
897 895
897 896
897 898
897 899
898 890
898 891
898 896
898 897
898 899
898 900
899 883
899 890
899 897
899 898
899 900
899 901
900 883
900 889
900 890
900 898
900 899
900 901
900 902
901 883
901 899
901 900
901 902
901 903
901 904
901 905
902 850
902 879
902 900
902 901
902 903
902 904
902 905
902 906
903 876
903 879
903 880
903 901
903 902
903 904
903 905
903 906
903 907
903 937
904 901
904 902
904 903
904 905
904 906
904 907
904 908
904 909
905 901
905 902
905 903
905 904
905 906
905 907
905 908
905 909
905 910
906 853
906 871
906 902
906 903
906 904
906 905
906 907
906 908
906 909
906 910
906 911
907 903
907 904
907 905
907 906
907 908
907 909
907 910
907 911
907 912
907 930
908 904
908 905
908 906
908 907
908 909
908 910
908 911
908 912
908 913
908 1007
909 904
909 905
909 906
909 907
909 908
909 910
909 911
909 912
909 913
910 853
910 856
910 868
910 905
910 906
910 907
910 908
910 909
910 911
910 912
910 913
910 914
911 868
911 906
911 907
911 908
911 909
911 910
911 912
911 913
911 914
911 915
911 926
911 927
911 929
911 930
912 907
912 908
912 909
912 910
912 911
912 913
912 914
912 915
912 916
912 926
912 930
912 1007
912 1008
912 1024
913 908
913 909
913 910
913 911
913 912
913 914
913 915
913 916
913 917
914 856
914 910
914 911
914 912
914 913
914 915
914 916
914 917
914 922
914 923
914 926
915 911
915 912
915 913
915 914
915 916
915 917
915 922
915 923
915 924
915 926
915 927
915 1019
915 1020
915 1022
915 1023
915 1024
915 1027
916 912
916 913
916 914
916 915
916 917
916 918
916 923
916 1017
916 1019
916 1020
916 1021
916 1022
916 1023
916 1024
917 913
917 914
917 915
917 916
917 918
917 919
917 920
917 922
917 923
917 1019
917 1020
917 1023
918 916
918 917
918 919
918 920
918 922
918 923
918 1019
919 861
919 917
919 918
919 920
919 921
919 922
919 923
920 917
920 918
920 919
920 921
920 922
920 923
920 924
920 1023
921 865
921 919
921 920
921 922
921 923
921 924
921 925
922 861
922 864
922 865
922 914
922 915
922 917
922 918
922 919
922 920
922 921
922 923
922 924
922 925
922 926
923 914
923 915
923 916
923 917
923 918
923 919
923 920
923 921
923 922
923 924
923 925
923 926
923 927
923 1023
924 915
924 920
924 921
924 922
924 923
924 925
924 926
924 927
924 928
924 1023
924 1026
924 1027
925 865
925 868
925 869
925 921
925 922
925 923
925 924
925 926
925 927
925 928
925 929
926 865
926 868
926 911
926 912
926 914
926 915
926 922
926 923
926 924
926 925
926 927
926 928
926 929
926 930
926 1027
927 911
927 915
927 923
927 924
927 925
927 926
927 928
927 929
927 930
927 931
927 1023
927 1024
927 1026
927 1027
927 1030
928 924
928 925
928 926
928 927
928 929
928 930
928 931
928 932
928 1027
928 1030
929 868
929 869
929 871
929 872
929 911
929 925
929 926
929 927
929 928
929 930
929 931
929 932
929 933
930 872
930 907
930 911
930 912
930 926
930 927
930 928
930 929
930 931
930 932
930 933
930 934
930 1027
931 927
931 928
931 929
931 930
931 932
931 933
931 934
931 1030
931 1031
931 1034
932 872
932 873
932 928
932 929
932 930
932 931
932 933
932 934
932 935
932 936
933 872
933 873
933 874
933 875
933 929
933 930
933 931
933 932
933 934
933 935
933 936
933 937
934 930
934 931
934 932
934 933
934 935
934 936
934 937
934 997
934 1000
934 1001
934 1004
935 932
935 933
935 934
935 936
935 937
935 997
935 1000
936 874
936 875
936 876
936 877
936 932
936 933
936 934
936 935
936 937
936 938
937 875
937 876
937 877
937 903
937 933
937 934
937 935
937 936
937 938
937 939
937 1000
938 876
938 877
938 880
938 936
938 937
938 939
938 940
938 948
938 951
938 1000
939 937
939 938
939 940
939 941
939 942
939 1000
940 938
940 939
940 941
940 942
940 945
940 946
940 947
940 948
941 939
941 940
941 942
941 943
941 946
942 939
942 940
942 941
942 943
942 944
942 945
942 946
942 996
942 999
943 941
943 942
943 944
943 945
943 946
943 995
943 996
943 1350
943 1351
944 942
944 943
944 945
944 946
944 995
944 996
944 1350
944 1351
944 1352
945 940
945 942
945 943
945 944
945 946
945 947
945 948
945 950
945 951
945 996
945 1351
945 1352
946 940
946 941
946 942
946 943
946 944
946 945
946 947
946 948
946 950
946 951
946 1351
946 1352
947 940
947 945
947 946
947 948
947 949
947 950
947 951
948 877
948 878
948 880
948 881
948 938
948 940
948 945
948 946
948 947
948 949
948 950
948 951
948 952
949 877
949 878
949 881
949 947
949 948
949 950
949 951
949 952
949 953
949 1353
950 945
950 946
950 947
950 948
950 949
950 951
950 952
950 953
950 954
950 1352
950 1353
950 1356
951 877
951 938
951 945
951 946
951 947
951 948
951 949
951 950
951 952
951 953
951 954
951 955
952 877
952 878
952 948
952 949
952 950
952 951
952 953
952 954
952 955
952 956
953 949
953 950
953 951
953 952
953 954
953 955
953 956
953 957
953 1353
953 1356
953 1357
954 950
954 951
954 952
954 953
954 955
954 956
954 957
954 958
954 1353
954 1356
954 1357
955 951
955 952
955 953
955 954
955 956
955 957
955 958
955 959
956 952
956 953
956 954
956 955
956 957
956 958
956 959
956 960
957 953
957 954
957 955
957 956
957 958
957 959
957 960
957 961
957 962
957 1356
957 1357
958 954
958 955
958 956
958 957
958 959
958 960
958 961
958 962
959 955
959 956
959 957
959 958
959 960
959 961
959 962
960 956
960 957
960 958
960 959
960 961
960 962
961 957
961 958
961 959
961 960
961 962
961 963
961 1361
962 957
962 958
962 959
962 960
962 961
962 963
962 964
962 1361
963 961
963 962
963 964
963 965
963 1361
963 1364
963 1365
964 962
964 963
964 965
964 966
965 963
965 964
965 966
965 967
965 1368
966 964
966 965
966 967
966 968
967 965
967 966
967 968
967 969
968 966
968 967
968 969
968 970
969 967
969 968
969 970
969 971
969 973
970 968
970 969
970 971
970 972
970 973
971 969
971 970
971 972
971 973
971 974
971 975
972 970
972 971
972 973
972 974
972 975
972 976
973 969
973 970
973 971
973 972
973 974
973 975
973 976
974 971
974 972
974 973
974 975
974 976
975 971
975 972
975 973
975 974
975 976
975 977
976 972
976 973
976 974
976 975
976 977
976 978
976 980
976 981
977 975
977 976
977 978
977 979
977 980
977 981
978 976
978 977
978 979
978 980
978 981
979 977
979 978
979 980
979 981
979 1312
979 1316
979 1321
979 1322
980 976
980 977
980 978
980 979
980 981
980 982
980 1321
980 1322
981 976
981 977
981 978
981 979
981 980
981 982
981 983
982 980
982 981
982 983
982 984
982 986
982 1278
982 1322
982 1323
983 981
983 982
983 984
983 985
983 986
983 1274
983 1275
983 1278
984 982
984 983
984 985
984 986
984 1275
985 983
985 984
985 986
985 987
985 1036
985 1037
985 1038
985 1093
985 1094
985 1097
985 1098
985 1275
986 982
986 983
986 984
986 985
986 987
986 988
986 1038
986 1097
986 1098
986 1100
987 985
987 986
987 988
987 989
987 1038
987 1039
987 1098
987 1101
988 986
988 987
988 989
988 990
988 1101
989 987
989 988
989 990
989 991
990 988
990 989
990 991
990 992
991 989
991 990
991 992
991 993
991 1039
991 1040
992 990
992 991
992 993
992 994
993 991
993 992
993 994
993 995
993 997
993 998
993 1039
993 1040
994 992
994 993
994 995
994 996
994 997
994 998
995 943
995 944
995 993
995 994
995 996
995 997
995 998
995 999
996 942
996 943
996 944
996 945
996 994
996 995
996 997
996 998
996 999
996 1000
997 934
997 935
997 993
997 994
997 995
997 996
997 998
997 999
997 1000
997 1001
997 1043
998 993
998 994
998 995
998 996
998 997
998 999
998 1000
998 1001
998 1002
998 1040
998 1042
998 1043
999 942
999 995
999 996
999 997
999 998
999 1000
999 1001
999 1002
999 1003
999 1043
1000 934
1000 935
1000 937
1000 938
1000 939
1000 996
1000 997
1000 998
1000 999
1000 1001
1000 1002
1000 1003
1000 1004
1000 1043
1001 934
1001 997
1001 998
1001 999
1001 1000
1001 1002
1001 1003
1001 1004
1001 1005
1001 1043
1001 1044
1002 998
1002 999
1002 1000
1002 1001
1002 1003
1002 1004
1002 1005
1002 1006
1002 1042
1002 1043
1002 1044
1002 1045
1003 999
1003 1000
1003 1001
1003 1002
1003 1004
1003 1005
1003 1006
1003 1007
1003 1043
1004 934
1004 1000
1004 1001
1004 1002
1004 1003
1004 1005
1004 1006
1004 1007
1004 1008
1005 1001
1005 1002
1005 1003
1005 1004
1005 1006
1005 1007
1005 1008
1005 1009
1005 1028
1005 1043
1005 1044
1006 1002
1006 1003
1006 1004
1006 1005
1006 1007
1006 1008
1006 1009
1006 1010
1007 908
1007 912
1007 1003
1007 1004
1007 1005
1007 1006
1007 1008
1007 1009
1007 1010
1007 1011
1008 912
1008 1004
1008 1005
1008 1006
1008 1007
1008 1009
1008 1010
1008 1011
1008 1012
1008 1024
1008 1027
1008 1028
1009 1005
1009 1006
1009 1007
1009 1008
1009 1010
1009 1011
1009 1012
1009 1013
1009 1024
1009 1065
1010 1006
1010 1007
1010 1008
1010 1009
1010 1011
1010 1012
1010 1013
1010 1014
1011 1007
1011 1008
1011 1009
1011 1010
1011 1012
1011 1013
1011 1014
1011 1015
1011 1020
1011 1021
1011 1024
1012 1008
1012 1009
1012 1010
1012 1011
1012 1013
1012 1014
1012 1015
1012 1020
1012 1021
1012 1024
1012 1025
1013 1009
1013 1010
1013 1011
1013 1012
1013 1014
1013 1015
1014 1010
1014 1011
1014 1012
1014 1013
1014 1015
1014 1016
1015 1011
1015 1012
1015 1013
1015 1014
1015 1016
1015 1017
1015 1018
1015 1020
1015 1021
1016 1014
1016 1015
1016 1017
1016 1018
1016 1020
1017 916
1017 1015
1017 1016
1017 1018
1017 1019
1017 1020
1017 1021
1018 1015
1018 1016
1018 1017
1018 1019
1018 1020
1018 1021
1018 1022
1019 915
1019 916
1019 917
1019 918
1019 1017
1019 1018
1019 1020
1019 1021
1019 1022
1019 1023
1020 915
1020 916
1020 917
1020 1011
1020 1012
1020 1015
1020 1016
1020 1017
1020 1018
1020 1019
1020 1021
1020 1022
1020 1023
1020 1024
1021 916
1021 1011
1021 1012
1021 1015
1021 1017
1021 1018
1021 1019
1021 1020
1021 1022
1021 1023
1021 1024
1021 1025
1022 915
1022 916
1022 1018
1022 1019
1022 1020
1022 1021
1022 1023
1022 1024
1022 1025
1022 1026
1022 1084
1023 915
1023 916
1023 917
1023 920
1023 923
1023 924
1023 927
1023 1019
1023 1020
1023 1021
1023 1022
1023 1024
1023 1025
1023 1026
1023 1027
1023 1084
1024 912
1024 915
1024 916
1024 927
1024 1008
1024 1009
1024 1011
1024 1012
1024 1020
1024 1021
1024 1022
1024 1023
1024 1025
1024 1026
1024 1027
1024 1028
1025 1012
1025 1021
1025 1022
1025 1023
1025 1024
1025 1026
1025 1027
1025 1028
1025 1029
1025 1084
1025 1087
1025 1088
1026 924
1026 927
1026 1022
1026 1023
1026 1024
1026 1025
1026 1027
1026 1028
1026 1029
1026 1030
1026 1084
1026 1087
1026 1088
1027 915
1027 924
1027 926
1027 927
1027 928
1027 930
1027 1008
1027 1023
1027 1024
1027 1025
1027 1026
1027 1028
1027 1029
1027 1030
1027 1031
1028 1005
1028 1008
1028 1024
1028 1025
1028 1026
1028 1027
1028 1029
1028 1030
1028 1031
1028 1032
1028 1091
1029 1025
1029 1026
1029 1027
1029 1028
1029 1030
1029 1031
1029 1032
1029 1033
1029 1087
1029 1088
1029 1090
1029 1091
1030 927
1030 928
1030 931
1030 1026
1030 1027
1030 1028
1030 1029
1030 1031
1030 1032
1030 1033
1030 1034
1031 931
1031 1027
1031 1028
1031 1029
1031 1030
1031 1032
1031 1033
1031 1034
1031 1035
1031 1036
1032 1028
1032 1029
1032 1030
1032 1031
1032 1033
1032 1034
1032 1035
1032 1036
1032 1037
1032 1091
1032 1094
1033 1029
1033 1030
1033 1031
1033 1032
1033 1034
1033 1035
1033 1036
1034 931
1034 1030
1034 1031
1034 1032
1034 1033
1034 1035
1034 1036
1035 1031
1035 1032
1035 1033
1035 1034
1035 1036
1035 1037
1035 1039
1035 1040
1036 985
1036 1031
1036 1032
1036 1033
1036 1034
1036 1035
1036 1037
1036 1038
1036 1039
1036 1040
1036 1094
1037 985
1037 1032
1037 1035
1037 1036
1037 1038
1037 1039
1037 1040
1037 1041
1037 1044
1037 1046
1037 1094
1037 1095
1037 1098
1038 985
1038 986
1038 987
1038 1036
1038 1037
1038 1039
1038 1040
1038 1041
1038 1094
1038 1097
1038 1098
1038 1099
1039 987
1039 991
1039 993
1039 1035
1039 1036
1039 1037
1039 1038
1039 1040
1039 1041
1040 991
1040 993
1040 998
1040 1035
1040 1036
1040 1037
1040 1038
1040 1039
1040 1041
1040 1042
1040 1043
1040 1044
1041 1037
1041 1038
1041 1039
1041 1040
1041 1042
1041 1043
1041 1044
1041 1045
1041 1046
1041 1047
1041 1098
1042 998
1042 1002
1042 1040
1042 1041
1042 1043
1042 1044
1042 1045
1042 1046
1042 1047
1042 1048
1043 997
1043 998
1043 999
1043 1000
1043 1001
1043 1002
1043 1003
1043 1005
1043 1040
1043 1041
1043 1042
1043 1044
1043 1045
1043 1046
1044 1001
1044 1002
1044 1005
1044 1037
1044 1040
1044 1041
1044 1042
1044 1043
1044 1045
1044 1046
1044 1061
1044 1062
1045 1002
1045 1041
1045 1042
1045 1043
1045 1044
1045 1046
1045 1047
1045 1048
1045 1060
1045 1061
1045 1062
1046 1037
1046 1041
1046 1042
1046 1043
1046 1044
1046 1045
1046 1047
1046 1048
1046 1060
1046 1061
1046 1062
1046 1098
1046 1099
1047 1041
1047 1042
1047 1045
1047 1046
1047 1048
1047 1049
1047 1060
1047 1061
1048 1042
1048 1045
1048 1046
1048 1047
1048 1049
1048 1050
1048 1051
1048 1060
1049 1047
1049 1048
1049 1050
1049 1051
1049 1060
1050 1048
1050 1049
1050 1051
1050 1052
1050 1053
1050 1055
1050 1058
1051 1048
1051 1049
1051 1050
1051 1052
1051 1053
1052 1050
1052 1051
1052 1053
1052 1054
1052 1055
1053 1050
1053 1051
1053 1052
1053 1054
1053 1055
1053 1056
1054 1052
1054 1053
1054 1055
1054 1056
1055 1050
1055 1052
1055 1053
1055 1054
1055 1056
1055 1057
1055 1058
1056 1053
1056 1054
1056 1055
1056 1057
1056 1058
1056 1059
1057 1055
1057 1056
1057 1058
1057 1059
1058 1050
1058 1055
1058 1056
1058 1057
1058 1059
1058 1060
1058 1061
1059 1056
1059 1057
1059 1058
1059 1060
1059 1061
1059 1063
1059 1064
1060 1045
1060 1046
1060 1047
1060 1048
1060 1049
1060 1058
1060 1059
1060 1061
1060 1062
1060 1063
1060 1064
1061 1044
1061 1045
1061 1046
1061 1047
1061 1058
1061 1059
1061 1060
1061 1062
1061 1063
1061 1064
1061 1065
1062 1044
1062 1045
1062 1046
1062 1060
1062 1061
1062 1063
1062 1064
1062 1065
1062 1066
1062 1095
1063 1059
1063 1060
1063 1061
1063 1062
1063 1064
1063 1065
1063 1066
1063 1067
1063 1095
1063 1096
1063 1133
1064 1059
1064 1060
1064 1061
1064 1062
1064 1063
1064 1065
1064 1066
1064 1067
1064 1068
1065 1009
1065 1061
1065 1062
1065 1063
1065 1064
1065 1066
1065 1067
1065 1068
1065 1069
1065 1095
1066 1062
1066 1063
1066 1064
1066 1065
1066 1067
1066 1068
1066 1069
1066 1070
1066 1092
1066 1095
1066 1096
1066 1136
1067 1063
1067 1064
1067 1065
1067 1066
1067 1068
1067 1069
1067 1070
1067 1071
1067 1136
1068 1064
1068 1065
1068 1066
1068 1067
1068 1069
1068 1070
1068 1071
1068 1072
1069 1065
1069 1066
1069 1067
1069 1068
1069 1070
1069 1071
1069 1072
1069 1073
1069 1088
1069 1091
1069 1092
1070 1066
1070 1067
1070 1068
1070 1069
1070 1071
1070 1072
1070 1073
1070 1074
1070 1088
1070 1092
1070 1136
1070 1139
1070 1140
1071 1067
1071 1068
1071 1069
1071 1070
1071 1072
1071 1073
1071 1074
1071 1075
1072 1068
1072 1069
1072 1070
1072 1071
1072 1073
1072 1074
1072 1075
1072 1078
1072 1079
1073 1069
1073 1070
1073 1071
1073 1072
1073 1074
1073 1075
1073 1078
1073 1079
1073 1085
1073 1088
1073 1089
1074 1070
1074 1071
1074 1072
1074 1073
1074 1075
1074 1076
1074 1079
1075 1071
1075 1072
1075 1073
1075 1074
1075 1076
1075 1077
1075 1078
1075 1079
1076 1074
1076 1075
1076 1077
1076 1078
1076 1079
1076 1080
1076 1234
1077 1075
1077 1076
1077 1078
1077 1079
1077 1080
1077 1081
1078 1072
1078 1073
1078 1075
1078 1076
1078 1077
1078 1079
1078 1080
1078 1081
1078 1084
1078 1085
1079 1072
1079 1073
1079 1074
1079 1075
1079 1076
1079 1077
1079 1078
1079 1080
1079 1081
1079 1082
1079 1084
1079 1085
1079 1238
1080 1076
1080 1077
1080 1078
1080 1079
1080 1081
1080 1082
1080 1085
1080 1237
1080 1238
1080 1241
1081 1077
1081 1078
1081 1079
1081 1080
1081 1082
1081 1083
1081 1084
1081 1085
1082 1079
1082 1080
1082 1081
1082 1083
1082 1084
1082 1085
1082 1086
1082 1261
1082 1262
1082 1265
1083 1081
1083 1082
1083 1084
1083 1085
1083 1086
1083 1087
1083 1261
1083 1265
1084 1022
1084 1023
1084 1025
1084 1026
1084 1078
1084 1079
1084 1081
1084 1082
1084 1083
1084 1085
1084 1086
1084 1087
1084 1088
1085 1073
1085 1078
1085 1079
1085 1080
1085 1081
1085 1082
1085 1083
1085 1084
1085 1086
1085 1087
1085 1088
1085 1089
1085 1265
1086 1082
1086 1083
1086 1084
1086 1085
1086 1087
1086 1088
1086 1089
1086 1090
1086 1264
1086 1265
1086 1268
1086 1269
1087 1025
1087 1026
1087 1029
1087 1083
1087 1084
1087 1085
1087 1086
1087 1088
1087 1089
1087 1090
1087 1091
1088 1025
1088 1026
1088 1029
1088 1069
1088 1070
1088 1073
1088 1084
1088 1085
1088 1086
1088 1087
1088 1089
1088 1090
1088 1091
1088 1092
1089 1073
1089 1085
1089 1086
1089 1087
1089 1088
1089 1090
1089 1091
1089 1092
1089 1093
1089 1268
1089 1269
1089 1272
1090 1029
1090 1086
1090 1087
1090 1088
1090 1089
1090 1091
1090 1092
1090 1093
1090 1094
1090 1268
1090 1269
1090 1271
1090 1272
1091 1028
1091 1029
1091 1032
1091 1069
1091 1087
1091 1088
1091 1089
1091 1090
1091 1092
1091 1093
1091 1094
1091 1095
1092 1066
1092 1069
1092 1070
1092 1088
1092 1089
1092 1090
1092 1091
1092 1093
1092 1094
1092 1095
1092 1096
1092 1140
1093 985
1093 1089
1093 1090
1093 1091
1093 1092
1093 1094
1093 1095
1093 1096
1093 1097
1093 1272
1093 1275
1093 1276
1094 985
1094 1032
1094 1036
1094 1037
1094 1038
1094 1090
1094 1091
1094 1092
1094 1093
1094 1095
1094 1096
1094 1097
1094 1098
1095 1037
1095 1062
1095 1063
1095 1065
1095 1066
1095 1091
1095 1092
1095 1093
1095 1094
1095 1096
1095 1097
1095 1098
1095 1099
1096 1063
1096 1066
1096 1092
1096 1093
1096 1094
1096 1095
1096 1097
1096 1098
1096 1099
1096 1100
1096 1133
1096 1137
1097 985
1097 986
1097 1038
1097 1093
1097 1094
1097 1095
1097 1096
1097 1098
1097 1099
1097 1100
1097 1275
1097 1276
1097 1279
1098 985
1098 986
1098 987
1098 1037
1098 1038
1098 1041
1098 1046
1098 1094
1098 1095
1098 1096
1098 1097
1098 1099
1098 1100
1098 1101
1099 1038
1099 1046
1099 1095
1099 1096
1099 1097
1099 1098
1099 1100
1099 1101
1099 1102
1099 1103
1100 986
1100 1096
1100 1097
1100 1098
1100 1099
1100 1101
1100 1102
1100 1103
1100 1104
1100 1279
1101 987
1101 988
1101 1098
1101 1099
1101 1100
1101 1102
1101 1103
1101 1104
1102 1099
1102 1100
1102 1101
1102 1103
1102 1104
1103 1099
1103 1100
1103 1101
1103 1102
1103 1104
1103 1105
1103 1128
1103 1129
1103 1130
1104 1100
1104 1101
1104 1102
1104 1103
1104 1105
1104 1106
1104 1127
1104 1128
1104 1129
1104 1130
1104 1324
1104 1327
1104 1329
1105 1103
1105 1104
1105 1106
1105 1107
1105 1126
1105 1127
1105 1128
1105 1129
1105 1324
1105 1327
1105 1329
1106 1104
1106 1105
1106 1107
1106 1108
1106 1109
1106 1127
1106 1327
1106 1328
1106 1329
1107 1105
1107 1106
1107 1108
1107 1109
1107 1110
1107 1127
1107 1325
1107 1326
1107 1327
1107 1328
1108 1106
1108 1107
1108 1109
1108 1110
1108 1111
1108 1328
1109 1106
1109 1107
1109 1108
1109 1110
1109 1111
1109 1112
1110 1107
1110 1108
1110 1109
1110 1111
1110 1112
1110 1113
1110 1114
1111 1108
1111 1109
1111 1110
1111 1112
1111 1113
1111 1114
1112 1109
1112 1110
1112 1111
1112 1113
1112 1114
1113 1110
1113 1111
1113 1112
1113 1114
1113 1115
1114 1110
1114 1111
1114 1112
1114 1113
1114 1115
1114 1116
1115 1113
1115 1114
1115 1116
1115 1117
1115 1118
1116 1114
1116 1115
1116 1117
1116 1118
1117 1115
1117 1116
1117 1118
1117 1119
1118 1115
1118 1116
1118 1117
1118 1119
1118 1120
1119 1117
1119 1118
1119 1120
1119 1121
1120 1118
1120 1119
1120 1121
1120 1122
1121 1119
1121 1120
1121 1122
1121 1123
1122 1120
1122 1121
1122 1123
1122 1124
1123 1121
1123 1122
1123 1124
1123 1125
1123 1126
1124 1122
1124 1123
1124 1125
1124 1126
1124 1134
1124 1283
1124 1284
1125 1123
1125 1124
1125 1126
1125 1127
1125 1128
1125 1134
1125 1279
1125 1280
1125 1281
1125 1283
1125 1284
1126 1105
1126 1123
1126 1124
1126 1125
1126 1127
1126 1128
1126 1129
1126 1281
1127 1104
1127 1105
1127 1106
1127 1107
1127 1125
1127 1126
1127 1128
1127 1129
1127 1279
1127 1280
1127 1281
1127 1324
1127 1325
1128 1103
1128 1104
1128 1105
1128 1125
1128 1126
1128 1127
1128 1129
1128 1130
1128 1131
1128 1133
1128 1134
1128 1279
1129 1103
1129 1104
1129 1105
1129 1126
1129 1127
1129 1128
1129 1130
1129 1131
1130 1103
1130 1104
1130 1128
1130 1129
1130 1131
1130 1132
1130 1133
1130 1134
1131 1128
1131 1129
1131 1130
1131 1132
1131 1133
1131 1134
1131 1135
1132 1130
1132 1131
1132 1133
1132 1134
1132 1135
1132 1136
1133 1063
1133 1096
1133 1128
1133 1130
1133 1131
1133 1132
1133 1134
1133 1135
1133 1136
1133 1137
1134 1124
1134 1125
1134 1128
1134 1130
1134 1131
1134 1132
1134 1133
1134 1135
1134 1136
1134 1137
1134 1138
1135 1131
1135 1132
1135 1133
1135 1134
1135 1136
1135 1137
1135 1138
1135 1139
1136 1066
1136 1067
1136 1070
1136 1132
1136 1133
1136 1134
1136 1135
1136 1137
1136 1138
1136 1139
1136 1140
1137 1096
1137 1133
1137 1134
1137 1135
1137 1136
1137 1138
1137 1139
1137 1140
1137 1141
1137 1276
1138 1134
1138 1135
1138 1136
1138 1137
1138 1139
1138 1140
1138 1141
1138 1142
1139 1070
1139 1135
1139 1136
1139 1137
1139 1138
1139 1140
1139 1141
1139 1142
1139 1143
1140 1070
1140 1092
1140 1136
1140 1137
1140 1138
1140 1139
1140 1141
1140 1142
1140 1143
1140 1144
1141 1137
1141 1138
1141 1139
1141 1140
1141 1142
1141 1143
1141 1144
1141 1145
1141 1273
1141 1276
1142 1138
1142 1139
1142 1140
1142 1141
1142 1143
1142 1144
1142 1145
1142 1146
1142 1226
1142 1227
1143 1139
1143 1140
1143 1141
1143 1142
1143 1144
1143 1145
1143 1146
1143 1147
1143 1227
1144 1140
1144 1141
1144 1142
1144 1143
1144 1145
1144 1146
1144 1147
1144 1148
1144 1227
1144 1269
1144 1270
1144 1272
1144 1273
1145 1141
1145 1142
1145 1143
1145 1144
1145 1146
1145 1147
1145 1148
1145 1149
1145 1226
1145 1227
1145 1292
1146 1142
1146 1143
1146 1144
1146 1145
1146 1147
1146 1148
1146 1149
1146 1150
1146 1226
1146 1227
1146 1228
1146 1229
1146 1235
1147 1143
1147 1144
1147 1145
1147 1146
1147 1148
1147 1149
1147 1150
1147 1151
1147 1227
1147 1235
1147 1269
1148 1144
1148 1145
1148 1146
1148 1147
1148 1149
1148 1150
1148 1151
1148 1152
1148 1227
1148 1266
1148 1269
1148 1270
1148 1295
1149 1145
1149 1146
1149 1147
1149 1148
1149 1150
1149 1151
1149 1152
1149 1153
1149 1227
1149 1228
1149 1229
1149 1295
1150 1146
1150 1147
1150 1148
1150 1149
1150 1151
1150 1152
1150 1153
1150 1154
1150 1229
1150 1239
1150 1242
1151 1147
1151 1148
1151 1149
1151 1150
1151 1152
1151 1153
1151 1154
1151 1155
1151 1239
1151 1242
1151 1266
1151 1299
1152 1148
1152 1149
1152 1150
1152 1151
1152 1153
1152 1154
1152 1155
1152 1156
1152 1295
1152 1296
1152 1298
1152 1299
1153 1149
1153 1150
1153 1151
1153 1152
1153 1154
1153 1155
1153 1156
1153 1157
1153 1158
1153 1159
1153 1160
1154 1150
1154 1151
1154 1152
1154 1153
1154 1155
1154 1156
1154 1157
1154 1158
1154 1239
1154 1242
1154 1243
1154 1246
1155 1151
1155 1152
1155 1153
1155 1154
1155 1156
1155 1157
1155 1158
1155 1246
1155 1298
1155 1299
1156 1152
1156 1153
1156 1154
1156 1155
1156 1157
1156 1158
1156 1298
1157 1153
1157 1154
1157 1155
1157 1156
1157 1158
1157 1159
1158 1153
1158 1154
1158 1155
1158 1156
1158 1157
1158 1159
1158 1160
1159 1153
1159 1157
1159 1158
1159 1160
1159 1161
1160 1153
1160 1158
1160 1159
1160 1161
1160 1162
1160 1230
1160 1236
1161 1159
1161 1160
1161 1162
1161 1163
1161 1164
1161 1230
1162 1160
1162 1161
1162 1163
1162 1164
1162 1230
1163 1161
1163 1162
1163 1164
1163 1165
1164 1161
1164 1162
1164 1163
1164 1165
1164 1166
1165 1163
1165 1164
1165 1166
1165 1167
1166 1164
1166 1165
1166 1167
1166 1168
1167 1165
1167 1166
1167 1168
1167 1169
1168 1166
1168 1167
1168 1169
1168 1170
1169 1167
1169 1168
1169 1170
1169 1171
1170 1168
1170 1169
1170 1171
1170 1172
1171 1169
1171 1170
1171 1172
1171 1173
1172 1170
1172 1171
1172 1173
1172 1174
1173 1171
1173 1172
1173 1174
1173 1175
1174 1172
1174 1173
1174 1175
1174 1176
1175 1173
1175 1174
1175 1176
1175 1177
1176 1174
1176 1175
1176 1177
1176 1178
1177 1175
1177 1176
1177 1178
1177 1179
1178 1176
1178 1177
1178 1179
1178 1180
1179 1177
1179 1178
1179 1180
1179 1181
1180 1178
1180 1179
1180 1181
1180 1182
1181 1179
1181 1180
1181 1182
1181 1183
1182 1180
1182 1181
1182 1183
1182 1184
1183 1181
1183 1182
1183 1184
1183 1185
1184 1182
1184 1183
1184 1185
1184 1186
1185 1183
1185 1184
1185 1186
1185 1187
1186 1184
1186 1185
1186 1187
1186 1188
1187 1185
1187 1186
1187 1188
1187 1189
1188 1186
1188 1187
1188 1189
1188 1190
1189 1187
1189 1188
1189 1190
1189 1191
1190 1188
1190 1189
1190 1191
1190 1192
1191 1189
1191 1190
1191 1192
1191 1193
1192 1190
1192 1191
1192 1193
1192 1194
1193 1191
1193 1192
1193 1194
1193 1195
1194 1192
1194 1193
1194 1195
1194 1196
1195 1193
1195 1194
1195 1196
1195 1197
1196 1194
1196 1195
1196 1197
1196 1198
1197 1195
1197 1196
1197 1198
1197 1199
1198 1196
1198 1197
1198 1199
1198 1200
1199 1197
1199 1198
1199 1200
1199 1201
1200 1198
1200 1199
1200 1201
1200 1202
1201 1199
1201 1200
1201 1202
1201 1203
1202 1200
1202 1201
1202 1203
1202 1204
1203 1201
1203 1202
1203 1204
1203 1205
1204 1202
1204 1203
1204 1205
1204 1206
1205 1203
1205 1204
1205 1206
1205 1207
1206 1204
1206 1205
1206 1207
1206 1208
1207 1205
1207 1206
1207 1208
1207 1209
1208 1206
1208 1207
1208 1209
1208 1210
1209 1207
1209 1208
1209 1210
1209 1211
1210 1208
1210 1209
1210 1211
1210 1212
1211 1209
1211 1210
1211 1212
1211 1213
1212 1210
1212 1211
1212 1213
1212 1214
1213 1211
1213 1212
1213 1214
1213 1215
1214 1212
1214 1213
1214 1215
1214 1216
1215 1213
1215 1214
1215 1216
1215 1217
1216 1214
1216 1215
1216 1217
1216 1218
1217 1215
1217 1216
1217 1218
1217 1219
1218 1216
1218 1217
1218 1219
1218 1220
1219 1217
1219 1218
1219 1220
1219 1221
1220 1218
1220 1219
1220 1221
1220 1222
1221 1219
1221 1220
1221 1222
1221 1223
1222 1220
1222 1221
1222 1223
1222 1224
1223 1221
1223 1222
1223 1224
1223 1225
1224 1222
1224 1223
1224 1225
1224 1226
1224 1228
1225 1223
1225 1224
1225 1226
1225 1227
1225 1228
1225 1288
1225 1291
1226 1142
1226 1145
1226 1146
1226 1224
1226 1225
1226 1227
1226 1228
1226 1288
1227 1142
1227 1143
1227 1144
1227 1145
1227 1146
1227 1147
1227 1148
1227 1149
1227 1225
1227 1226
1227 1228
1227 1229
1227 1291
1228 1146
1228 1149
1228 1224
1228 1225
1228 1226
1228 1227
1228 1229
1228 1230
1228 1231
1229 1146
1229 1149
1229 1150
1229 1227
1229 1228
1229 1230
1229 1231
1229 1232
1229 1235
1229 1236
1230 1160
1230 1161
1230 1162
1230 1228
1230 1229
1230 1231
1230 1232
1230 1233
1230 1235
1230 1236
1231 1228
1231 1229
1231 1230
1231 1232
1231 1233
1232 1229
1232 1230
1232 1231
1232 1233
1232 1234
1232 1235
1232 1236
1233 1230
1233 1231
1233 1232
1233 1234
1233 1235
1233 1236
1233 1237
1234 1076
1234 1232
1234 1233
1234 1235
1234 1236
1234 1237
1234 1238
1235 1146
1235 1147
1235 1229
1235 1230
1235 1232
1235 1233
1235 1234
1235 1236
1235 1237
1235 1238
1235 1239
1236 1160
1236 1229
1236 1230
1236 1232
1236 1233
1236 1234
1236 1235
1236 1237
1236 1238
1236 1239
1236 1240
1237 1080
1237 1233
1237 1234
1237 1235
1237 1236
1237 1238
1237 1239
1237 1240
1237 1241
1238 1079
1238 1080
1238 1234
1238 1235
1238 1236
1238 1237
1238 1239
1238 1240
1238 1241
1238 1242
1239 1150
1239 1151
1239 1154
1239 1235
1239 1236
1239 1237
1239 1238
1239 1240
1239 1241
1239 1242
1239 1243
1240 1236
1240 1237
1240 1238
1240 1239
1240 1241
1240 1242
1240 1243
1240 1244
1241 1080
1241 1237
1241 1238
1241 1239
1241 1240
1241 1242
1241 1243
1241 1244
1241 1245
1242 1150
1242 1151
1242 1154
1242 1238
1242 1239
1242 1240
1242 1241
1242 1243
1242 1244
1242 1245
1242 1246
1242 1262
1243 1154
1243 1239
1243 1240
1243 1241
1243 1242
1243 1244
1243 1245
1243 1246
1243 1247
1244 1240
1244 1241
1244 1242
1244 1243
1244 1245
1244 1246
1244 1247
1244 1248
1245 1241
1245 1242
1245 1243
1245 1244
1245 1246
1245 1247
1245 1248
1245 1249
1245 1261
1245 1262
1246 1154
1246 1155
1246 1242
1246 1243
1246 1244
1246 1245
1246 1247
1246 1248
1246 1249
1246 1250
1246 1262
1247 1243
1247 1244
1247 1245
1247 1246
1247 1248
1247 1249
1247 1250
1247 1251
1248 1244
1248 1245
1248 1246
1248 1247
1248 1249
1248 1250
1248 1251
1248 1252
1249 1245
1249 1246
1249 1247
1249 1248
1249 1250
1249 1251
1249 1252
1249 1253
1249 1262
1250 151
1250 152
1250 155
1250 156
1250 1246
1250 1247
1250 1248
1250 1249
1250 1251
1250 1252
1250 1253
1251 148
1251 149
1251 151
1251 152
1251 1247
1251 1248
1251 1249
1251 1250
1251 1252
1251 1253
1252 148
1252 151
1252 152
1252 1248
1252 1249
1252 1250
1252 1251
1252 1253
1252 1254
1253 151
1253 155
1253 188
1253 191
1253 1249
1253 1250
1253 1251
1253 1252
1253 1254
1253 1255
1254 191
1254 1252
1254 1253
1254 1255
1254 1256
1254 1257
1255 191
1255 1253
1255 1254
1255 1256
1255 1257
1256 1254
1256 1255
1256 1257
1256 1258
1257 1254
1257 1255
1257 1256
1257 1258
1257 1259
1257 1260
1258 1256
1258 1257
1258 1259
1258 1260
1258 1264
1259 1257
1259 1258
1259 1260
1259 1261
1259 1264
1260 1257
1260 1258
1260 1259
1260 1261
1260 1262
1260 1263
1260 1264
1261 1082
1261 1083
1261 1245
1261 1259
1261 1260
1261 1262
1261 1263
1261 1264
1261 1265
1262 1082
1262 1242
1262 1245
1262 1246
1262 1249
1262 1260
1262 1261
1262 1263
1262 1264
1262 1265
1262 1266
1263 1260
1263 1261
1263 1262
1263 1264
1263 1265
1263 1266
1263 1267
1263 1302
1263 1303
1264 1086
1264 1258
1264 1259
1264 1260
1264 1261
1264 1262
1264 1263
1264 1265
1264 1266
1264 1267
1264 1268
1265 1082
1265 1083
1265 1085
1265 1086
1265 1261
1265 1262
1265 1263
1265 1264
1265 1266
1265 1267
1265 1268
1265 1269
1266 1148
1266 1151
1266 1262
1266 1263
1266 1264
1266 1265
1266 1267
1266 1268
1266 1269
1266 1270
1266 1303
1267 1263
1267 1264
1267 1265
1267 1266
1267 1268
1267 1269
1267 1270
1267 1271
1267 1303
1267 1306
1268 1086
1268 1089
1268 1090
1268 1264
1268 1265
1268 1266
1268 1267
1268 1269
1268 1270
1268 1271
1268 1272
1269 1086
1269 1089
1269 1090
1269 1144
1269 1147
1269 1148
1269 1265
1269 1266
1269 1267
1269 1268
1269 1270
1269 1271
1269 1272
1269 1273
1270 1144
1270 1148
1270 1266
1270 1267
1270 1268
1270 1269
1270 1271
1270 1272
1270 1273
1270 1274
1270 1306
1270 1307
1270 1310
1271 1090
1271 1267
1271 1268
1271 1269
1271 1270
1271 1272
1271 1273
1271 1274
1271 1275
1271 1306
1271 1309
1271 1310
1272 1089
1272 1090
1272 1093
1272 1144
1272 1268
1272 1269
1272 1270
1272 1271
1272 1273
1272 1274
1272 1275
1272 1276
1273 1141
1273 1144
1273 1269
1273 1270
1273 1271
1273 1272
1273 1274
1273 1275
1273 1276
1273 1277
1273 1310
1274 983
1274 1270
1274 1271
1274 1272
1274 1273
1274 1275
1274 1276
1274 1277
1274 1278
1274 1309
1274 1310
1274 1313
1274 1314
1275 983
1275 984
1275 985
1275 1093
1275 1097
1275 1271
1275 1272
1275 1273
1275 1274
1275 1276
1275 1277
1275 1278
1275 1313
1276 1093
1276 1097
1276 1137
1276 1141
1276 1272
1276 1273
1276 1274
1276 1275
1276 1277
1276 1278
1276 1279
1276 1280
1277 1273
1277 1274
1277 1275
1277 1276
1277 1278
1277 1279
1277 1280
1277 1313
1277 1314
1277 1317
1277 1322
1278 982
1278 983
1278 1274
1278 1275
1278 1276
1278 1277
1278 1279
1278 1280
1278 1313
1278 1316
1278 1317
1278 1322
1278 1323
1278 1324
1279 1097
1279 1100
1279 1125
1279 1127
1279 1128
1279 1276
1279 1277
1279 1278
1279 1280
1279 1281
1279 1322
1279 1323
1279 1324
1280 1125
1280 1127
1280 1276
1280 1277
1280 1278
1280 1279
1280 1281
1280 1282
1280 1284
1280 1285
1280 1317
1280 1322
1280 1324
1281 1125
1281 1126
1281 1127
1281 1279
1281 1280
1281 1282
1281 1283
1281 1284
1281 1285
1281 1317
1281 1318
1281 1320
1281 1324
1281 1325
1282 1280
1282 1281
1282 1283
1282 1284
1282 1285
1282 1286
1282 1317
1282 1318
1282 1319
1282 1320
1283 1124
1283 1125
1283 1281
1283 1282
1283 1284
1283 1285
1283 1286
1283 1287
1284 1124
1284 1125
1284 1280
1284 1281
1284 1282
1284 1283
1284 1285
1284 1286
1284 1287
1284 1288
1285 1280
1285 1281
1285 1282
1285 1283
1285 1284
1285 1286
1285 1287
1285 1288
1285 1289
1285 1317
1285 1318
1286 1282
1286 1283
1286 1284
1286 1285
1286 1287
1286 1288
1286 1289
1286 1318
1287 1283
1287 1284
1287 1285
1287 1286
1287 1288
1287 1289
1287 1290
1288 1225
1288 1226
1288 1284
1288 1285
1288 1286
1288 1287
1288 1289
1288 1290
1288 1291
1288 1292
1289 1285
1289 1286
1289 1287
1289 1288
1289 1290
1289 1291
1289 1292
1289 1293
1290 1287
1290 1288
1290 1289
1290 1291
1290 1292
1290 1293
1290 1294
1291 1225
1291 1227
1291 1288
1291 1289
1291 1290
1291 1292
1291 1293
1291 1294
1291 1295
1292 1145
1292 1288
1292 1289
1292 1290
1292 1291
1292 1293
1292 1294
1292 1295
1292 1296
1293 1289
1293 1290
1293 1291
1293 1292
1293 1294
1293 1295
1293 1296
1293 1297
1293 1311
1294 1290
1294 1291
1294 1292
1294 1293
1294 1295
1294 1296
1294 1297
1294 1298
1295 1148
1295 1149
1295 1152
1295 1291
1295 1292
1295 1293
1295 1294
1295 1296
1295 1297
1295 1298
1295 1299
1296 1152
1296 1292
1296 1293
1296 1294
1296 1295
1296 1297
1296 1298
1296 1299
1296 1300
1296 1307
1296 1311
1297 1293
1297 1294
1297 1295
1297 1296
1297 1298
1297 1299
1297 1300
1297 1301
1298 1152
1298 1155
1298 1156
1298 1294
1298 1295
1298 1296
1298 1297
1298 1299
1298 1300
1298 1301
1299 1151
1299 1152
1299 1155
1299 1295
1299 1296
1299 1297
1299 1298
1299 1300
1299 1301
1299 1302
1299 1303
1299 1304
1299 1307
1300 1296
1300 1297
1300 1298
1300 1299
1300 1301
1300 1302
1300 1303
1300 1304
1300 1305
1300 1307
1300 1308
1301 1297
1301 1298
1301 1299
1301 1300
1301 1302
1301 1303
1301 1304
1302 1263
1302 1299
1302 1300
1302 1301
1302 1303
1302 1304
1303 1263
1303 1266
1303 1267
1303 1299
1303 1300
1303 1301
1303 1302
1303 1304
1303 1305
1303 1306
1303 1307
1304 1299
1304 1300
1304 1301
1304 1302
1304 1303
1304 1305
1304 1306
1304 1307
1304 1308
1305 1300
1305 1303
1305 1304
1305 1306
1305 1307
1305 1308
1305 1309
1306 1267
1306 1270
1306 1271
1306 1303
1306 1304
1306 1305
1306 1307
1306 1308
1306 1309
1306 1310
1307 1270
1307 1296
1307 1299
1307 1300
1307 1303
1307 1304
1307 1305
1307 1306
1307 1308
1307 1309
1307 1310
1307 1311
1308 1300
1308 1304
1308 1305
1308 1306
1308 1307
1308 1309
1308 1310
1308 1311
1308 1312
1309 1271
1309 1274
1309 1305
1309 1306
1309 1307
1309 1308
1309 1310
1309 1311
1309 1312
1309 1313
1310 1270
1310 1271
1310 1273
1310 1274
1310 1306
1310 1307
1310 1308
1310 1309
1310 1311
1310 1312
1310 1313
1310 1314
1311 1293
1311 1296
1311 1307
1311 1308
1311 1309
1311 1310
1311 1312
1311 1313
1311 1314
1311 1315
1312 979
1312 1308
1312 1309
1312 1310
1312 1311
1312 1313
1312 1314
1312 1315
1312 1316
1313 1274
1313 1275
1313 1277
1313 1278
1313 1309
1313 1310
1313 1311
1313 1312
1313 1314
1313 1315
1313 1316
1313 1317
1313 1322
1314 1274
1314 1277
1314 1310
1314 1311
1314 1312
1314 1313
1314 1315
1314 1316
1314 1317
1314 1318
1315 1311
1315 1312
1315 1313
1315 1314
1315 1316
1315 1317
1315 1318
1315 1319
1316 979
1316 1278
1316 1312
1316 1313
1316 1314
1316 1315
1316 1317
1316 1318
1316 1319
1316 1320
1316 1321
1316 1322
1317 1277
1317 1278
1317 1280
1317 1281
1317 1282
1317 1285
1317 1313
1317 1314
1317 1315
1317 1316
1317 1318
1317 1319
1317 1320
1317 1321
1317 1322
1317 1325
1318 1281
1318 1282
1318 1285
1318 1286
1318 1314
1318 1315
1318 1316
1318 1317
1318 1319
1318 1320
1318 1321
1319 1282
1319 1315
1319 1316
1319 1317
1319 1318
1319 1320
1319 1321
1319 1322
1320 1281
1320 1282
1320 1316
1320 1317
1320 1318
1320 1319
1320 1321
1320 1322
1320 1325
1320 1326
1321 979
1321 980
1321 1316
1321 1317
1321 1318
1321 1319
1321 1320
1321 1322
1321 1323
1321 1325
1321 1326
1322 979
1322 980
1322 982
1322 1277
1322 1278
1322 1279
1322 1280
1322 1313
1322 1316
1322 1317
1322 1319
1322 1320
1322 1321
1322 1323
1322 1324
1322 1325
1322 1326
1323 982
1323 1278
1323 1279
1323 1321
1323 1322
1323 1324
1323 1325
1323 1326
1323 1327
1324 1104
1324 1105
1324 1127
1324 1278
1324 1279
1324 1280
1324 1281
1324 1322
1324 1323
1324 1325
1324 1326
1324 1327
1325 1107
1325 1127
1325 1281
1325 1317
1325 1320
1325 1321
1325 1322
1325 1323
1325 1324
1325 1326
1325 1327
1326 1107
1326 1320
1326 1321
1326 1322
1326 1323
1326 1324
1326 1325
1326 1327
1326 1328
1327 1104
1327 1105
1327 1106
1327 1107
1327 1323
1327 1324
1327 1325
1327 1326
1327 1328
1327 1329
1328 1106
1328 1107
1328 1108
1328 1326
1328 1327
1328 1329
1328 1330
1329 1104
1329 1105
1329 1106
1329 1327
1329 1328
1329 1330
1329 1331
1330 1328
1330 1329
1330 1331
1330 1332
1330 1333
1331 1329
1331 1330
1331 1332
1331 1333
1332 1330
1332 1331
1332 1333
1332 1334
1333 1330
1333 1331
1333 1332
1333 1334
1333 1335
1333 1336
1333 1337
1334 1332
1334 1333
1334 1335
1334 1336
1334 1337
1334 1338
1335 1333
1335 1334
1335 1336
1335 1337
1335 1338
1336 1333
1336 1334
1336 1335
1336 1337
1336 1338
1336 1339
1337 1333
1337 1334
1337 1335
1337 1336
1337 1338
1337 1339
1337 1340
1338 1334
1338 1335
1338 1336
1338 1337
1338 1339
1338 1340
1338 1341
1338 1342
1339 1336
1339 1337
1339 1338
1339 1340
1339 1341
1339 1342
1339 1343
1340 1337
1340 1338
1340 1339
1340 1341
1340 1342
1340 1343
1341 1338
1341 1339
1341 1340
1341 1342
1341 1343
1342 1338
1342 1339
1342 1340
1342 1341
1342 1343
1342 1344
1342 1345
1343 1339
1343 1340
1343 1341
1343 1342
1343 1344
1343 1345
1344 1342
1344 1343
1344 1345
1344 1346
1345 1342
1345 1343
1345 1344
1345 1346
1345 1347
1346 1344
1346 1345
1346 1347
1346 1348
1346 1349
1347 1345
1347 1346
1347 1348
1347 1349
1348 1346
1348 1347
1348 1349
1348 1350
1349 1346
1349 1347
1349 1348
1349 1350
1349 1351
1350 943
1350 944
1350 1348
1350 1349
1350 1351
1350 1352
1351 943
1351 944
1351 945
1351 946
1351 1349
1351 1350
1351 1352
1351 1353
1351 1354
1351 1355
1351 1356
1352 944
1352 945
1352 946
1352 950
1352 1350
1352 1351
1352 1353
1352 1354
1352 1355
1352 1356
1353 949
1353 950
1353 953
1353 954
1353 1351
1353 1352
1353 1354
1353 1355
1353 1356
1353 1357
1354 1351
1354 1352
1354 1353
1354 1355
1354 1356
1354 1357
1354 1358
1354 1359
1355 1351
1355 1352
1355 1353
1355 1354
1355 1356
1355 1357
1355 1358
1355 1359
1355 1360
1356 950
1356 953
1356 954
1356 957
1356 1351
1356 1352
1356 1353
1356 1354
1356 1355
1356 1357
1356 1358
1356 1359
1356 1360
1356 1361
1357 953
1357 954
1357 957
1357 1353
1357 1354
1357 1355
1357 1356
1357 1358
1357 1359
1357 1360
1357 1361
1358 1354
1358 1355
1358 1356
1358 1357
1358 1359
1358 1360
1358 1361
1358 1362
1359 1354
1359 1355
1359 1356
1359 1357
1359 1358
1359 1360
1359 1361
1359 1362
1359 1363
1360 1355
1360 1356
1360 1357
1360 1358
1360 1359
1360 1361
1360 1362
1360 1363
1360 1364
1361 961
1361 962
1361 963
1361 1356
1361 1357
1361 1358
1361 1359
1361 1360
1361 1362
1361 1363
1361 1364
1361 1365
1362 1358
1362 1359
1362 1360
1362 1361
1362 1363
1362 1364
1362 1365
1362 1366
1363 1359
1363 1360
1363 1361
1363 1362
1363 1364
1363 1365
1363 1366
1363 1367
1364 963
1364 1360
1364 1361
1364 1362
1364 1363
1364 1365
1364 1366
1364 1367
1364 1368
1365 963
1365 1361
1365 1362
1365 1363
1365 1364
1365 1366
1365 1367
1365 1368
1365 1369
1366 1362
1366 1363
1366 1364
1366 1365
1366 1367
1366 1368
1366 1369
1366 1370
1367 1363
1367 1364
1367 1365
1367 1366
1367 1368
1367 1369
1367 1370
1367 1371
1368 965
1368 1364
1368 1365
1368 1366
1368 1367
1368 1369
1368 1370
1368 1371
1368 1372
1369 1365
1369 1366
1369 1367
1369 1368
1369 1370
1369 1371
1369 1372
1369 1373
1370 1366
1370 1367
1370 1368
1370 1369
1370 1371
1370 1372
1370 1373
1370 1374
1371 1367
1371 1368
1371 1369
1371 1370
1371 1372
1371 1373
1371 1374
1371 1375
1372 1368
1372 1369
1372 1370
1372 1371
1372 1373
1372 1374
1372 1375
1372 1376
1373 1369
1373 1370
1373 1371
1373 1372
1373 1374
1373 1375
1373 1376
1373 1377
1374 1370
1374 1371
1374 1372
1374 1373
1374 1375
1374 1376
1374 1377
1374 1378
1375 1371
1375 1372
1375 1373
1375 1374
1375 1376
1375 1377
1375 1378
1375 1379
1376 1372
1376 1373
1376 1374
1376 1375
1376 1377
1376 1378
1376 1379
1376 1380
1377 1373
1377 1374
1377 1375
1377 1376
1377 1378
1377 1379
1377 1380
1377 1381
1378 1374
1378 1375
1378 1376
1378 1377
1378 1379
1378 1380
1378 1381
1378 1382
1379 1375
1379 1376
1379 1377
1379 1378
1379 1380
1379 1381
1379 1382
1379 1383
1380 1376
1380 1377
1380 1378
1380 1379
1380 1381
1380 1382
1380 1383
1380 1384
1381 1377
1381 1378
1381 1379
1381 1380
1381 1382
1381 1383
1381 1384
1382 1378
1382 1379
1382 1380
1382 1381
1382 1383
1382 1384
1383 1379
1383 1380
1383 1381
1383 1382
1383 1384
1383 1385
1384 1380
1384 1381
1384 1382
1384 1383
1384 1385
1384 1386
1385 1383
1385 1384
1385 1386
1385 1387
1386 1384
1386 1385
1386 1387
1386 1388
1387 1385
1387 1386
1387 1388
1387 1389
1387 1391
1388 1386
1388 1387
1388 1389
1388 1390
1388 1391
1388 1392
1389 1387
1389 1388
1389 1390
1389 1391
1389 1392
1389 1393
1390 1388
1390 1389
1390 1391
1390 1392
1390 1393
1390 1394
1391 1387
1391 1388
1391 1389
1391 1390
1391 1392
1391 1393
1391 1394
1391 1395
1392 1388
1392 1389
1392 1390
1392 1391
1392 1393
1392 1394
1392 1395
1392 1396
1393 1389
1393 1390
1393 1391
1393 1392
1393 1394
1393 1395
1393 1396
1393 1397
1394 1390
1394 1391
1394 1392
1394 1393
1394 1395
1394 1396
1394 1397
1394 1398
1395 1391
1395 1392
1395 1393
1395 1394
1395 1396
1395 1397
1395 1398
1395 1399
1396 1392
1396 1393
1396 1394
1396 1395
1396 1397
1396 1398
1396 1399
1397 1393
1397 1394
1397 1395
1397 1396
1397 1398
1397 1399
1398 1394
1398 1395
1398 1396
1398 1397
1398 1399
1399 1395
1399 1396
1399 1397
1399 1398
