0 1
0 2
1 0
1 2
1 3
2 0
2 1
2 3
2 4
2 29
3 1
3 2
3 4
3 5
4 2
4 3
4 5
4 6
4 29
4 30
4 31
5 3
5 4
5 6
5 7
5 31
6 4
6 5
6 7
6 8
6 9
6 10
6 11
6 31
7 5
7 6
7 8
7 9
7 31
8 6
8 7
8 9
8 10
8 11
9 6
9 7
9 8
9 10
9 11
10 6
10 8
10 9
10 11
10 12
10 17
11 6
11 8
11 9
11 10
11 12
11 13
12 10
12 11
12 13
12 14
12 17
13 11
13 12
13 14
13 15
13 17
13 18
14 12
14 13
14 15
14 16
14 17
14 18
15 13
15 14
15 16
15 17
15 18
15 36
16 14
16 15
16 17
16 18
16 34
16 35
16 36
17 10
17 12
17 13
17 14
17 15
17 16
17 18
17 19
17 33
17 34
18 13
18 14
18 15
18 16
18 17
18 19
18 20
18 33
18 34
18 35
19 17
19 18
19 20
19 21
19 31
19 32
19 33
19 34
20 18
20 19
20 21
20 22
20 31
20 32
20 33
20 34
21 19
21 20
21 22
21 23
21 29
21 30
21 31
21 32
22 20
22 21
22 23
22 24
22 29
22 30
22 31
22 32
23 21
23 22
23 24
23 25
23 27
23 28
23 29
23 30
24 22
24 23
24 25
24 26
24 27
24 28
24 29
24 30
25 23
25 24
25 26
25 27
25 28
26 24
26 25
26 27
26 28
27 23
27 24
27 25
27 26
27 28
27 29
28 23
28 24
28 25
28 26
28 27
28 29
28 30
29 2
29 4
29 21
29 22
29 23
29 24
29 27
29 28
29 30
29 31
30 4
30 21
30 22
30 23
30 24
30 28
30 29
30 31
30 32
31 4
31 5
31 6
31 7
31 19
31 20
31 21
31 22
31 29
31 30
31 32
31 33
32 19
32 20
32 21
32 22
32 30
32 31
32 33
32 34
33 17
33 18
33 19
33 20
33 31
33 32
33 34
33 35
34 16
34 17
34 18
34 19
34 20
34 32
34 33
34 35
34 36
35 16
35 18
35 33
35 34
35 36
35 37
36 15
36 16
36 34
36 35
36 37
36 38
36 59
37 35
37 36
37 38
37 39
37 58
37 59
38 36
38 37
38 39
38 40
38 57
38 58
38 59
38 60
39 37
39 38
39 40
39 41
39 57
39 58
39 59
40 38
40 39
40 41
40 42
40 44
40 51
40 56
40 57
40 58
41 39
41 40
41 42
41 43
41 44
41 51
42 40
42 41
42 43
42 44
42 49
42 50
42 51
43 41
43 42
43 44
43 45
43 46
43 47
43 48
43 49
43 50
43 51
44 40
44 41
44 42
44 43
44 45
44 46
44 49
44 50
44 51
44 52
44 80
44 81
45 43
45 44
45 46
45 47
45 48
45 49
45 50
45 51
45 52
45 80
45 81
45 82
45 85
46 43
46 44
46 45
46 47
46 48
46 49
46 80
46 81
47 43
47 45
47 46
47 48
47 49
47 81
47 85
48 43
48 45
48 46
48 47
48 49
48 50
48 82
48 85
49 42
49 43
49 44
49 45
49 46
49 47
49 48
49 50
49 51
50 42
50 43
50 44
50 45
50 48
50 49
50 51
50 52
50 82
51 40
51 41
51 42
51 43
51 44
51 45
51 49
51 50
51 52
51 53
52 44
52 45
52 50
52 51
52 53
52 54
52 55
52 79
52 80
52 81
52 82
53 51
53 52
53 54
53 55
53 82
54 52
54 53
54 55
54 56
54 70
54 71
54 72
54 73
55 52
55 53
55 54
55 56
55 57
55 70
55 71
55 72
55 73
55 79
56 40
56 54
56 55
56 57
56 58
56 63
56 70
56 71
57 38
57 39
57 40
57 55
57 56
57 58
57 59
58 37
58 38
58 39
58 40
58 56
58 57
58 59
58 60
58 62
58 63
59 36
59 37
59 38
59 39
59 57
59 58
59 60
59 61
59 62
59 63
60 38
60 58
60 59
60 61
60 62
60 63
60 64
61 59
61 60
61 62
61 63
61 64
61 65
62 58
62 59
62 60
62 61
62 63
62 64
62 65
62 66
63 56
63 58
63 59
63 60
63 61
63 62
63 64
63 65
63 66
63 71
64 60
64 61
64 62
64 63
64 65
64 66
65 61
65 62
65 63
65 64
65 66
65 67
66 62
66 63
66 64
66 65
66 67
66 68
66 70
66 71
67 65
67 66
67 68
67 69
67 70
67 71
68 66
68 67
68 69
68 70
68 71
68 72
69 67
69 68
69 70
69 71
69 72
69 73
70 54
70 55
70 56
70 66
70 67
70 68
70 69
70 71
70 72
71 54
71 55
71 56
71 63
71 66
71 67
71 68
71 69
71 70
71 72
71 73
71 79
72 54
72 55
72 68
72 69
72 70
72 71
72 73
72 74
72 78
72 79
73 54
73 55
73 69
73 71
73 72
73 74
73 75
73 78
73 79
74 72
74 73
74 75
74 76
74 78
75 73
75 74
75 76
75 77
75 78
76 74
76 75
76 77
76 78
76 86
77 75
77 76
77 78
77 79
77 80
77 81
77 82
77 86
78 72
78 73
78 74
78 75
78 76
78 77
78 79
78 80
78 81
78 82
78 83
79 52
79 55
79 71
79 72
79 73
79 77
79 78
79 80
79 81
80 44
80 45
80 46
80 52
80 77
80 78
80 79
80 81
80 82
81 44
81 45
81 46
81 47
81 52
81 77
81 78
81 79
81 80
81 82
81 83
81 85
81 86
82 45
82 48
82 50
82 52
82 53
82 77
82 78
82 80
82 81
82 83
82 84
82 85
82 86
83 78
83 81
83 82
83 84
83 85
83 86
83 87
84 82
84 83
84 85
84 86
84 87
84 88
85 45
85 47
85 48
85 81
85 82
85 83
85 84
85 86
85 87
85 88
85 89
86 76
86 77
86 81
86 82
86 83
86 84
86 85
86 87
86 88
86 89
86 90
87 83
87 84
87 85
87 86
87 88
87 89
87 90
87 91
88 84
88 85
88 86
88 87
88 89
88 90
88 91
88 92
89 85
89 86
89 87
89 88
89 90
89 91
89 92
89 93
90 86
90 87
90 88
90 89
90 91
90 92
90 93
90 94
91 87
91 88
91 89
91 90
91 92
91 93
91 94
91 95
92 88
92 89
92 90
92 91
92 93
92 94
92 95
92 96
93 89
93 90
93 91
93 92
93 94
93 95
93 96
93 97
94 90
94 91
94 92
94 93
94 95
94 96
94 97
94 98
95 91
95 92
95 93
95 94
95 96
95 97
95 98
95 99
96 92
96 93
96 94
96 95
96 97
96 98
96 99
96 100
97 93
97 94
97 95
97 96
97 98
97 99
97 100
97 101
98 94
98 95
98 96
98 97
98 99
98 100
98 101
98 102
99 95
99 96
99 97
99 98
99 100
99 101
99 102
99 103
100 96
100 97
100 98
100 99
100 101
100 102
100 103
100 104
101 97
101 98
101 99
101 100
101 102
101 103
101 104
101 105
102 98
102 99
102 100
102 101
102 103
102 104
102 105
102 106
103 99
103 100
103 101
103 102
103 104
103 105
103 106
103 107
104 100
104 101
104 102
104 103
104 105
104 106
104 107
104 108
105 101
105 102
105 103
105 104
105 106
105 107
105 108
105 109
106 102
106 103
106 104
106 105
106 107
106 108
106 109
106 110
107 103
107 104
107 105
107 106
107 108
107 109
107 110
107 111
108 104
108 105
108 106
108 107
108 109
108 110
108 111
108 112
109 105
109 106
109 107
109 108
109 110
109 111
109 112
109 113
110 106
110 107
110 108
110 109
110 111
110 112
110 113
110 114
111 107
111 108
111 109
111 110
111 112
111 113
111 114
111 115
112 108
112 109
112 110
112 111
112 113
112 114
112 115
112 116
113 109
113 110
113 111
113 112
113 114
113 115
113 116
114 110
114 111
114 112
114 113
114 115
114 116
115 111
115 112
115 113
115 114
115 116
116 112
116 113
116 114
116 115
