0 1
0 2
1 0
1 2
1 3
2 0
2 1
2 3
2 4
3 1
3 2
3 4
3 5
4 2
4 3
4 5
4 6
5 3
5 4
5 6
5 7
6 4
6 5
6 7
6 8
7 5
7 6
7 8
7 9
8 6
8 7
8 9
8 10
9 7
9 8
9 10
9 11
10 8
10 9
10 11
10 12
11 9
11 10
11 12
11 13
12 10
12 11
12 13
12 14
12 15
13 11
13 12
13 14
13 15
13 16
13 17
14 12
14 13
14 15
14 16
14 17
14 18
14 71
15 12
15 13
15 14
15 16
15 17
15 18
15 148
16 13
16 14
16 15
16 17
16 18
16 19
16 20
17 13
17 14
17 15
17 16
17 18
17 19
17 20
17 21
17 71
18 14
18 15
18 16
18 17
18 19
18 20
18 21
18 22
18 71
18 74
19 16
19 17
19 18
19 20
19 21
19 22
19 23
19 140
20 16
20 17
20 18
20 19
20 21
20 22
20 23
20 24
21 17
21 18
21 19
21 20
21 22
21 23
21 24
21 25
21 70
22 18
22 19
22 20
22 21
22 23
22 24
22 25
22 26
22 136
22 137
22 139
22 140
23 19
23 20
23 21
23 22
23 24
23 25
23 26
23 27
23 140
24 20
24 21
24 22
24 23
24 25
24 26
24 27
24 28
25 21
25 22
25 23
25 24
25 26
25 27
25 28
25 29
25 68
25 136
26 22
26 23
26 24
26 25
26 27
26 28
26 29
26 30
26 31
26 133
26 136
26 137
27 23
27 24
27 25
27 26
27 28
27 29
27 30
28 24
28 25
28 26
28 27
28 29
28 30
29 25
29 26
29 27
29 28
29 30
29 31
29 32
29 133
30 26
30 27
30 28
30 29
30 31
30 32
31 26
31 29
31 30
31 32
31 33
31 133
32 29
32 30
32 31
32 33
32 34
32 129
32 130
32 133
33 31
33 32
33 34
33 35
33 36
33 37
33 39
33 126
33 129
33 130
34 32
34 33
34 35
34 36
34 37
35 33
35 34
35 36
35 37
35 123
35 126
36 33
36 34
36 35
36 37
36 38
37 33
37 34
37 35
37 36
37 38
37 39
38 36
38 37
38 39
38 40
39 33
39 37
39 38
39 40
39 41
39 42
39 43
39 122
39 125
39 126
40 38
40 39
40 41
40 42
40 64
40 129
41 39
41 40
41 42
41 43
41 60
41 63
41 64
42 39
42 40
42 41
42 43
42 44
42 60
43 39
43 41
43 42
43 44
43 45
43 46
43 60
43 121
43 122
43 125
44 42
44 43
44 45
44 46
44 56
44 60
44 121
45 43
45 44
45 46
45 47
45 48
45 121
45 122
46 43
46 44
46 45
46 47
46 48
46 120
46 121
46 122
47 45
47 46
47 48
47 49
47 96
47 118
47 119
47 120
47 121
47 122
48 45
48 46
48 47
48 49
48 50
48 51
48 52
48 53
48 118
48 119
48 120
48 121
49 47
49 48
49 50
49 51
49 52
49 53
49 116
49 117
49 118
49 119
50 48
50 49
50 51
50 52
50 53
50 117
50 118
50 119
51 48
51 49
51 50
51 52
51 53
51 54
51 240
52 48
52 49
52 50
52 51
52 53
52 54
52 55
52 56
52 211
53 48
53 49
53 50
53 51
53 52
53 54
53 55
53 56
53 57
54 51
54 52
54 53
54 55
54 56
54 57
54 58
54 83
54 87
54 214
55 52
55 53
55 54
55 56
55 57
55 58
55 59
55 210
55 211
55 214
56 44
56 52
56 53
56 54
56 55
56 57
56 58
56 59
56 60
56 210
56 211
57 53
57 54
57 55
57 56
57 58
57 59
57 60
57 61
57 79
57 83
57 125
57 128
58 54
58 55
58 56
58 57
58 59
58 60
58 61
58 62
58 79
58 80
58 83
58 181
59 55
59 56
59 57
59 58
59 60
59 61
59 62
59 63
59 210
60 41
60 42
60 43
60 44
60 56
60 57
60 58
60 59
60 61
60 62
60 63
60 64
61 57
61 58
61 59
61 60
61 62
61 63
61 64
61 65
61 75
61 79
62 58
62 59
62 60
62 61
62 63
62 64
62 65
62 66
62 75
62 76
62 79
63 41
63 59
63 60
63 61
63 62
63 64
63 65
63 66
63 67
64 40
64 41
64 60
64 61
64 62
64 63
64 65
64 66
64 67
64 68
65 61
65 62
65 63
65 64
65 66
65 67
65 68
65 69
65 70
65 75
66 62
66 63
66 64
66 65
66 67
66 68
66 69
66 70
66 71
66 72
66 75
67 63
67 64
67 65
67 66
67 68
67 69
67 70
68 25
68 64
68 65
68 66
68 67
68 69
68 70
69 65
69 66
69 67
69 68
69 70
69 71
70 21
70 65
70 66
70 67
70 68
70 69
70 71
70 72
70 74
70 75
71 14
71 17
71 18
71 66
71 69
71 70
71 72
71 73
71 74
71 75
72 66
72 70
72 71
72 73
72 74
72 75
72 76
72 177
73 71
73 72
73 74
73 75
73 76
73 77
73 147
73 148
73 149
73 150
73 177
73 180
74 18
74 70
74 71
74 72
74 73
74 75
74 76
74 77
74 78
74 147
74 148
75 61
75 62
75 65
75 66
75 70
75 71
75 72
75 73
75 74
75 76
75 77
75 78
75 79
76 62
76 72
76 73
76 74
76 75
76 77
76 78
76 79
76 80
76 147
76 177
76 178
76 180
76 181
76 182
77 73
77 74
77 75
77 76
77 78
77 79
77 80
77 81
77 146
77 147
77 180
77 181
77 183
78 74
78 75
78 76
78 77
78 79
78 80
78 81
78 82
78 132
78 135
78 136
78 147
79 57
79 58
79 61
79 62
79 75
79 76
79 77
79 78
79 80
79 81
79 82
79 83
79 132
79 181
80 58
80 76
80 77
80 78
80 79
80 81
80 82
80 83
80 84
80 180
80 181
80 182
80 183
81 77
81 78
81 79
81 80
81 82
81 83
81 84
81 85
81 132
81 135
81 183
82 78
82 79
82 80
82 81
82 83
82 84
82 85
82 86
82 128
82 131
82 132
82 135
83 54
83 57
83 58
83 79
83 80
83 81
83 82
83 84
83 85
83 86
83 87
83 128
83 131
84 80
84 81
84 82
84 83
84 85
84 86
84 87
84 88
85 81
85 82
85 83
85 84
85 86
85 87
85 88
85 89
85 131
86 82
86 83
86 84
86 85
86 87
86 88
86 89
86 127
86 128
86 131
87 54
87 83
87 84
87 85
87 86
87 88
87 89
87 90
87 91
88 84
88 85
88 86
88 87
88 89
88 90
89 85
89 86
89 87
89 88
89 90
89 91
90 87
90 88
90 89
90 91
90 92
90 93
91 87
91 89
91 90
91 92
91 93
91 94
91 95
91 119
92 90
92 91
92 93
92 94
92 95
92 119
93 90
93 91
93 92
93 94
93 95
94 91
94 92
94 93
94 95
94 96
94 119
94 120
94 123
94 124
95 91
95 92
95 93
95 94
95 96
95 97
95 117
95 118
95 119
95 120
96 47
96 94
96 95
96 97
96 98
96 117
96 118
96 119
96 120
97 95
97 96
97 98
97 99
97 118
98 96
98 97
98 99
98 100
98 102
98 103
99 97
99 98
99 100
99 101
99 102
99 103
100 98
100 99
100 101
100 102
100 103
100 104
101 99
101 100
101 102
101 103
101 104
102 98
102 99
102 100
102 101
102 103
102 104
102 105
103 98
103 99
103 100
103 101
103 102
103 104
103 105
103 106
104 100
104 101
104 102
104 103
104 105
104 106
105 102
105 103
105 104
105 106
105 107
106 103
106 104
106 105
106 107
106 108
107 105
107 106
107 108
107 109
108 106
108 107
108 109
108 110
109 107
109 108
109 110
109 111
110 108
110 109
110 111
110 112
111 109
111 110
111 112
111 113
112 110
112 111
112 113
112 114
113 111
113 112
113 114
113 115
114 112
114 113
114 115
114 116
115 113
115 114
115 116
115 117
116 49
116 114
116 115
116 117
116 118
117 49
117 50
117 95
117 96
117 115
117 116
117 118
117 119
118 47
118 48
118 49
118 50
118 95
118 96
118 97
118 116
118 117
118 119
118 120
119 47
119 48
119 49
119 50
119 91
119 92
119 94
119 95
119 96
119 117
119 118
119 120
119 121
119 124
120 46
120 47
120 48
120 94
120 95
120 96
120 118
120 119
120 121
120 122
120 123
120 124
121 43
121 44
121 45
121 46
121 47
121 48
121 119
121 120
121 122
121 123
121 124
121 125
122 39
122 43
122 45
122 46
122 47
122 120
122 121
122 123
122 124
122 125
122 126
123 35
123 94
123 120
123 121
123 122
123 124
123 125
123 126
123 127
124 94
124 119
124 120
124 121
124 122
124 123
124 125
124 126
124 127
124 128
125 39
125 43
125 57
125 121
125 122
125 123
125 124
125 126
125 127
125 128
125 129
126 33
126 35
126 39
126 122
126 123
126 124
126 125
126 127
126 128
126 129
126 130
127 86
127 123
127 124
127 125
127 126
127 128
127 129
127 130
127 131
128 57
128 82
128 83
128 86
128 124
128 125
128 126
128 127
128 129
128 130
128 131
128 132
129 32
129 33
129 40
129 125
129 126
129 127
129 128
129 130
129 131
129 132
129 133
130 32
130 33
130 126
130 127
130 128
130 129
130 131
130 132
130 133
130 134
131 82
131 83
131 85
131 86
131 127
131 128
131 129
131 130
131 132
131 133
131 134
131 135
132 78
132 79
132 81
132 82
132 128
132 129
132 130
132 131
132 133
132 134
132 135
132 136
133 26
133 29
133 31
133 32
133 129
133 130
133 131
133 132
133 134
133 135
133 136
133 137
134 130
134 131
134 132
134 133
134 135
134 136
134 137
134 138
135 78
135 81
135 82
135 131
135 132
135 133
135 134
135 136
135 137
135 138
135 139
136 22
136 25
136 26
136 78
136 132
136 133
136 134
136 135
136 137
136 138
136 139
136 140
137 22
137 26
137 133
137 134
137 135
137 136
137 138
137 139
137 140
137 141
138 134
138 135
138 136
138 137
138 139
138 140
138 141
138 142
139 22
139 135
139 136
139 137
139 138
139 140
139 141
139 142
139 143
139 144
140 19
140 22
140 23
140 136
140 137
140 138
140 139
140 141
140 142
140 143
141 137
141 138
141 139
141 140
141 142
141 143
142 138
142 139
142 140
142 141
142 143
142 144
143 139
143 140
143 141
143 142
143 144
143 145
143 147
143 148
144 139
144 142
144 143
144 145
144 146
144 147
144 148
145 143
145 144
145 146
145 147
145 148
145 149
146 77
146 144
146 145
146 147
146 148
146 149
146 180
147 73
147 74
147 76
147 77
147 78
147 143
147 144
147 145
147 146
147 148
147 149
147 180
148 15
148 73
148 74
148 143
148 144
148 145
148 146
148 147
148 149
148 150
149 73
149 145
149 146
149 147
149 148
149 150
149 151
150 73
150 148
150 149
150 151
150 152
151 149
151 150
151 152
151 153
151 177
151 189
152 150
152 151
152 153
152 154
153 151
153 152
153 154
153 155
153 176
154 152
154 153
154 155
154 156
154 176
154 410
154 411
154 412
155 153
155 154
155 156
155 157
155 385
155 386
155 410
155 411
155 412
155 414
156 154
156 155
156 157
156 158
156 174
156 385
156 386
156 408
156 409
156 410
156 411
157 155
157 156
157 158
157 159
157 385
157 386
157 387
157 388
157 389
157 408
157 409
157 410
158 156
158 157
158 159
158 160
158 387
158 388
158 389
158 390
158 406
158 407
158 408
158 409
159 157
159 158
159 160
159 161
159 387
159 389
159 390
159 393
159 405
159 406
159 407
159 408
160 158
160 159
160 161
160 162
160 170
160 393
160 404
160 405
160 406
160 407
161 159
161 160
161 162
161 163
161 168
161 404
161 405
161 406
162 160
162 161
162 163
162 164
162 165
162 166
162 167
162 168
162 169
162 403
162 404
162 405
163 161
163 162
163 164
163 165
163 397
163 402
163 403
163 404
163 405
164 162
164 163
164 165
164 166
164 402
164 403
164 404
165 162
165 163
165 164
165 166
165 167
165 168
165 402
165 403
165 404
166 162
166 164
166 165
166 167
166 168
167 162
167 165
167 166
167 168
167 169
168 161
168 162
168 165
168 166
168 167
168 169
168 170
168 202
168 404
169 162
169 167
169 168
169 170
169 171
169 197
169 198
169 199
169 201
169 202
169 205
169 404
170 160
170 168
170 169
170 171
170 172
170 195
170 196
170 197
170 198
170 202
170 205
170 358
170 404
170 405
170 406
171 169
171 170
171 172
171 173
171 195
171 196
171 197
171 198
171 205
171 206
171 209
171 406
172 170
172 171
172 173
172 174
172 193
172 194
172 195
172 196
172 209
172 406
173 171
173 172
173 174
173 175
173 192
173 193
173 194
173 195
173 209
174 156
174 172
174 173
174 175
174 176
174 192
174 193
174 194
175 173
175 174
175 176
175 177
175 178
175 191
175 192
175 193
176 153
176 154
176 174
176 175
176 177
176 178
176 190
176 191
176 192
176 193
177 72
177 73
177 76
177 151
177 175
177 176
177 178
177 179
177 180
177 181
177 190
177 191
178 76
178 175
178 176
178 177
178 179
178 180
178 181
178 182
178 190
178 191
178 192
179 177
179 178
179 180
179 181
179 182
179 183
179 184
179 185
179 189
179 190
179 191
180 73
180 76
180 77
180 80
180 146
180 147
180 177
180 178
180 179
180 181
180 182
180 183
180 184
181 58
181 76
181 77
181 79
181 80
181 177
181 178
181 179
181 180
181 182
181 183
182 76
182 80
182 178
182 179
182 180
182 181
182 183
182 184
182 214
182 217
183 77
183 80
183 81
183 179
183 180
183 181
183 182
183 184
183 185
184 179
184 180
184 182
184 183
184 185
184 186
185 179
185 183
185 184
185 186
185 187
186 184
186 185
186 187
186 188
186 189
187 185
187 186
187 188
187 189
188 186
188 187
188 189
188 190
188 223
188 262
188 263
189 151
189 179
189 186
189 187
189 188
189 190
189 191
189 262
189 263
190 176
190 177
190 178
190 179
190 188
190 189
190 191
190 192
190 260
190 261
190 262
190 263
191 175
191 176
191 177
191 178
191 179
191 189
191 190
191 192
191 193
191 260
191 261
191 262
192 173
192 174
192 175
192 176
192 178
192 190
192 191
192 193
192 194
192 213
192 258
192 259
192 260
192 261
193 172
193 173
193 174
193 175
193 176
193 191
193 192
193 194
193 195
193 258
193 259
193 260
194 172
194 173
194 174
194 192
194 193
194 195
194 196
194 209
194 256
194 257
194 258
194 259
194 356
195 170
195 171
195 172
195 173
195 193
195 194
195 196
195 197
195 209
195 256
195 257
195 258
195 274
195 356
195 357
195 358
195 406
195 408
196 170
196 171
196 172
196 194
196 195
196 197
196 198
196 205
196 208
196 209
196 254
196 255
196 256
196 257
196 274
196 358
197 169
197 170
197 171
197 195
197 196
197 198
197 199
197 205
197 254
197 255
197 256
197 274
197 358
198 169
198 170
198 171
198 196
198 197
198 199
198 200
198 201
198 202
198 203
198 204
198 205
198 252
198 253
198 254
198 255
199 169
199 197
199 198
199 200
199 201
199 202
199 252
199 253
199 254
200 198
200 199
200 201
200 202
200 251
200 252
200 253
201 169
201 198
201 199
201 200
201 202
201 203
201 204
201 251
201 252
201 253
202 168
202 169
202 170
202 198
202 199
202 200
202 201
202 203
202 204
202 205
202 206
202 252
202 253
202 254
203 198
203 201
203 202
203 204
203 205
203 206
203 207
203 250
203 252
203 253
204 198
204 201
204 202
204 203
204 205
204 206
204 207
204 208
204 241
204 252
204 253
204 254
204 327
204 328
205 169
205 170
205 171
205 196
205 197
205 198
205 202
205 203
205 204
205 206
205 207
205 208
205 209
205 253
205 254
205 255
205 256
206 171
206 202
206 203
206 204
206 205
206 207
206 208
206 209
206 210
207 203
207 204
207 205
207 206
207 208
207 209
207 210
207 211
207 241
208 196
208 204
208 205
208 206
208 207
208 209
208 210
208 211
208 212
208 237
208 254
208 256
208 327
209 171
209 172
209 173
209 194
209 195
209 196
209 205
209 206
209 207
209 208
209 210
209 211
209 212
209 213
210 55
210 56
210 59
210 206
210 207
210 208
210 209
210 211
210 212
210 213
210 214
211 52
211 55
211 56
211 207
211 208
211 209
211 210
211 212
211 213
211 214
211 215
211 237
212 208
212 209
212 210
212 211
212 213
212 214
212 215
212 216
212 230
212 233
212 234
212 237
213 192
213 209
213 210
213 211
213 212
213 214
213 215
213 216
213 217
213 233
214 54
214 55
214 182
214 210
214 211
214 212
214 213
214 215
214 216
214 217
214 218
215 211
215 212
215 213
215 214
215 216
215 217
215 218
215 219
215 233
215 234
215 236
215 237
216 212
216 213
216 214
216 215
216 217
216 218
216 219
216 222
216 229
216 230
216 232
216 233
217 182
217 213
217 214
217 215
217 216
217 218
217 219
217 222
218 214
218 215
218 216
218 217
218 219
218 220
218 222
219 215
219 216
219 217
219 218
219 220
219 221
219 222
219 229
219 232
219 233
220 218
220 219
220 221
220 222
220 223
220 229
221 219
221 220
221 222
221 223
221 224
221 225
221 226
221 228
221 229
222 216
222 217
222 218
222 219
222 220
222 221
222 223
222 224
222 225
222 226
222 227
222 228
222 229
222 230
223 188
223 220
223 221
223 222
223 224
223 225
223 226
224 221
224 222
224 223
224 225
224 226
225 221
225 222
225 223
225 224
225 226
225 227
225 228
225 229
226 221
226 222
226 223
226 224
226 225
226 227
226 228
226 229
226 230
226 267
227 222
227 225
227 226
227 228
227 229
227 230
227 231
227 267
227 268
227 269
227 342
227 343
227 344
228 221
228 222
228 225
228 226
228 227
228 229
228 230
228 231
228 232
228 342
229 216
229 219
229 220
229 221
229 222
229 225
229 226
229 227
229 228
229 230
229 231
229 232
229 233
230 212
230 216
230 222
230 226
230 227
230 228
230 229
230 231
230 232
230 233
230 234
230 268
230 269
230 342
231 227
231 228
231 229
231 230
231 232
231 233
231 234
231 235
231 269
231 339
231 340
231 341
231 342
232 216
232 219
232 228
232 229
232 230
232 231
232 233
232 234
232 235
232 236
233 212
233 213
233 215
233 216
233 219
233 229
233 230
233 231
233 232
233 234
233 235
233 236
233 237
234 212
234 215
234 230
234 231
234 232
234 233
234 235
234 236
234 237
234 238
234 327
234 338
234 339
234 340
235 231
235 232
235 233
235 234
235 236
235 237
235 238
235 239
235 338
235 339
235 340
236 215
236 232
236 233
236 234
236 235
236 237
236 238
236 239
236 240
237 208
237 211
237 212
237 215
237 233
237 234
237 235
237 236
237 238
237 239
237 240
237 241
237 327
238 234
238 235
238 236
238 237
238 239
238 240
238 241
238 242
238 327
238 328
238 338
239 235
239 236
239 237
239 238
239 240
239 241
239 242
239 243
240 51
240 236
240 237
240 238
240 239
240 241
240 242
240 243
240 244
241 204
241 207
241 237
241 238
241 239
241 240
241 242
241 243
241 244
241 245
241 327
241 328
242 238
242 239
242 240
242 241
242 243
242 244
242 245
242 246
242 328
242 330
243 239
243 240
243 241
243 242
243 244
243 245
243 246
243 247
244 240
244 241
244 242
244 243
244 245
244 246
244 247
244 248
244 250
245 241
245 242
245 243
245 244
245 246
245 247
245 248
245 249
245 250
245 251
245 328
245 330
246 242
246 243
246 244
246 245
246 247
246 248
246 249
246 250
246 330
247 243
247 244
247 245
247 246
247 248
247 249
247 250
248 244
248 245
248 246
248 247
248 249
248 250
249 245
249 246
249 247
249 248
249 250
249 251
250 203
250 244
250 245
250 246
250 247
250 248
250 249
250 251
250 252
251 200
251 201
251 245
251 249
251 250
251 252
251 253
251 328
251 329
251 330
251 331
252 198
252 199
252 200
252 201
252 202
252 203
252 204
252 250
252 251
252 253
252 254
252 328
252 329
253 198
253 199
253 200
253 201
253 202
253 203
253 204
253 205
253 251
253 252
253 254
253 255
253 326
253 327
253 328
253 329
254 196
254 197
254 198
254 199
254 202
254 204
254 205
254 208
254 252
254 253
254 255
254 256
254 272
254 326
254 327
254 328
254 329
255 196
255 197
255 198
255 205
255 253
255 254
255 256
255 257
255 270
255 271
255 272
255 273
255 274
255 323
255 325
255 326
255 327
256 194
256 195
256 196
256 197
256 205
256 208
256 254
256 255
256 257
256 258
256 270
256 271
256 272
256 273
256 274
256 326
256 327
257 194
257 195
257 196
257 255
257 256
257 258
257 259
257 268
257 269
257 270
257 271
257 274
257 275
257 276
257 356
258 192
258 193
258 194
258 195
258 256
258 257
258 259
258 260
258 268
258 269
258 270
258 276
258 356
259 192
259 193
259 194
259 257
259 258
259 260
259 261
259 266
259 267
259 268
259 269
260 190
260 191
260 192
260 193
260 258
260 259
260 261
260 262
260 266
260 267
260 268
261 190
261 191
261 192
261 259
261 260
261 262
261 263
261 264
261 265
261 266
261 267
262 188
262 189
262 190
262 191
262 260
262 261
262 263
262 264
262 265
262 266
262 267
263 188
263 189
263 190
263 261
263 262
263 264
263 265
264 261
264 262
264 263
264 265
264 266
264 346
264 347
264 348
265 261
265 262
265 263
265 264
265 266
265 267
265 344
265 345
265 346
265 347
266 259
266 260
266 261
266 262
266 264
266 265
266 267
266 268
266 344
266 345
266 346
266 347
267 226
267 227
267 259
267 260
267 261
267 262
267 265
267 266
267 268
267 269
267 342
267 343
267 344
267 345
268 227
268 230
268 257
268 258
268 259
268 260
268 266
268 267
268 269
268 270
268 276
268 287
268 342
268 343
268 344
269 227
269 230
269 231
269 257
269 258
269 259
269 267
269 268
269 270
269 271
269 340
269 341
269 342
269 343
270 255
270 256
270 257
270 258
270 268
270 269
270 271
270 272
270 274
270 275
270 340
270 341
270 342
271 255
271 256
271 257
271 269
271 270
271 272
271 273
271 274
271 290
271 291
271 325
271 326
271 327
271 338
271 339
271 340
271 341
272 254
272 255
272 256
272 270
272 271
272 273
272 274
272 290
272 291
272 292
272 323
272 324
272 325
272 326
273 255
273 256
273 271
273 272
273 274
273 275
273 290
273 291
273 292
273 323
273 358
273 359
274 195
274 196
274 197
274 255
274 256
274 257
274 270
274 271
274 272
274 273
274 275
274 276
274 290
274 356
274 357
274 358
274 359
275 257
275 270
275 273
275 274
275 276
275 277
275 288
275 289
275 290
275 356
275 357
275 358
275 359
275 362
276 257
276 258
276 268
276 274
276 275
276 277
276 278
276 287
276 288
276 354
276 355
276 356
276 357
277 275
277 276
277 278
277 279
277 284
277 285
277 286
277 287
277 288
277 354
277 355
277 356
277 367
278 276
278 277
278 279
278 280
278 284
278 285
278 286
278 287
278 351
278 352
278 353
278 354
278 355
279 277
279 278
279 280
279 281
279 282
279 283
279 284
279 285
279 351
279 352
279 353
279 354
279 355
279 371
280 278
280 279
280 281
280 282
280 283
280 284
280 285
280 350
280 351
280 352
280 353
281 279
281 280
281 282
281 283
281 350
281 351
281 352
282 279
282 280
282 281
282 283
282 284
282 352
282 371
283 279
283 280
283 281
283 282
283 284
283 285
283 368
283 371
284 277
284 278
284 279
284 280
284 282
284 283
284 285
284 286
284 367
284 368
284 371
285 277
285 278
285 279
285 280
285 283
285 284
285 286
285 287
286 277
286 278
286 284
286 285
286 287
286 288
287 268
287 276
287 277
287 278
287 285
287 286
287 288
287 289
287 343
288 275
288 276
288 277
288 286
288 287
288 289
288 290
288 342
288 343
289 275
289 287
289 288
289 290
289 291
290 271
290 272
290 273
290 274
290 275
290 288
290 289
290 291
290 292
291 271
291 272
291 273
291 289
291 290
291 292
291 293
291 295
291 298
291 323
291 324
291 325
292 272
292 273
292 290
292 291
292 293
292 294
292 295
292 298
292 315
292 322
292 323
292 324
292 325
293 291
293 292
293 294
293 295
293 296
293 298
293 299
293 309
293 315
293 316
293 317
293 322
293 323
293 324
294 292
294 293
294 295
294 296
294 298
294 299
294 309
294 315
295 291
295 292
295 293
295 294
295 296
295 297
295 298
295 299
296 293
296 294
296 295
296 297
296 298
296 299
296 300
297 295
297 296
297 298
297 299
297 300
297 301
298 291
298 292
298 293
298 294
298 295
298 296
298 297
298 299
298 300
298 301
298 302
298 324
299 293
299 294
299 295
299 296
299 297
299 298
299 300
299 301
299 302
299 303
299 308
299 309
300 296
300 297
300 298
300 299
300 301
300 302
300 303
300 304
301 297
301 298
301 299
301 300
301 302
301 303
301 304
301 305
301 335
302 298
302 299
302 300
302 301
302 303
302 304
302 305
302 306
302 307
302 308
302 309
302 317
302 324
302 335
302 336
303 299
303 300
303 301
303 302
303 304
303 305
303 306
303 307
303 308
303 309
304 300
304 301
304 302
304 303
304 305
304 306
304 307
305 301
305 302
305 303
305 304
305 306
305 307
305 334
305 335
306 302
306 303
306 304
306 305
306 307
306 308
307 302
307 303
307 304
307 305
307 306
307 308
307 309
307 317
307 318
307 335
308 299
308 302
308 303
308 306
308 307
308 309
308 310
308 317
308 318
308 319
309 293
309 294
309 299
309 302
309 303
309 307
309 308
309 310
309 311
309 315
309 316
309 317
309 318
309 319
310 308
310 309
310 311
310 312
310 315
310 316
310 317
310 318
310 319
311 309
311 310
311 312
311 313
311 314
311 315
311 316
311 319
312 310
312 311
312 313
312 314
312 315
312 316
312 319
313 311
313 312
313 314
313 315
314 311
314 312
314 313
314 315
314 316
314 322
315 292
315 293
315 294
315 309
315 310
315 311
315 312
315 313
315 314
315 316
315 317
315 319
315 322
316 293
316 309
316 310
316 311
316 312
316 314
316 315
316 317
316 318
316 319
316 320
316 321
316 322
316 323
317 293
317 302
317 307
317 308
317 309
317 310
317 315
317 316
317 318
317 319
317 320
317 321
317 322
317 323
317 324
317 335
317 336
318 307
318 308
318 309
318 310
318 316
318 317
318 319
318 320
318 321
319 308
319 309
319 310
319 311
319 312
319 315
319 316
319 317
319 318
319 320
319 321
320 316
320 317
320 318
320 319
320 321
320 322
321 316
321 317
321 318
321 319
321 320
321 322
321 323
321 324
322 292
322 293
322 314
322 315
322 316
322 317
322 320
322 321
322 323
322 324
323 255
323 272
323 273
323 291
323 292
323 293
323 316
323 317
323 321
323 322
323 324
323 325
323 326
323 336
324 272
324 291
324 292
324 293
324 298
324 302
324 317
324 321
324 322
324 323
324 325
324 326
324 335
324 336
324 337
325 255
325 271
325 272
325 291
325 292
325 323
325 324
325 326
325 327
325 336
325 337
325 338
325 339
325 340
326 253
326 254
326 255
326 256
326 271
326 272
326 323
326 324
326 325
326 327
326 328
326 329
326 336
326 337
326 338
327 204
327 208
327 234
327 237
327 238
327 241
327 253
327 254
327 255
327 256
327 271
327 325
327 326
327 328
327 329
327 337
327 338
328 204
328 238
328 241
328 242
328 245
328 251
328 252
328 253
328 254
328 326
328 327
328 329
328 330
328 338
329 251
329 252
329 253
329 254
329 326
329 327
329 328
329 330
329 331
329 332
329 333
329 336
330 242
330 245
330 246
330 251
330 328
330 329
330 331
330 332
330 333
331 251
331 329
331 330
331 332
331 333
332 329
332 330
332 331
332 333
332 334
332 335
332 336
333 329
333 330
333 331
333 332
333 334
333 335
333 336
333 337
334 305
334 332
334 333
334 335
334 336
334 337
335 301
335 302
335 305
335 307
335 317
335 324
335 332
335 333
335 334
335 336
335 337
336 302
336 317
336 323
336 324
336 325
336 326
336 329
336 332
336 333
336 334
336 335
336 337
336 338
337 324
337 325
337 326
337 327
337 333
337 334
337 335
337 336
337 338
337 339
338 234
338 235
338 238
338 271
338 325
338 326
338 327
338 328
338 336
338 337
338 339
338 340
339 231
339 234
339 235
339 271
339 325
339 337
339 338
339 340
339 341
340 231
340 234
340 235
340 269
340 270
340 271
340 325
340 338
340 339
340 341
340 342
341 231
341 269
341 270
341 271
341 339
341 340
341 342
341 343
342 227
342 228
342 230
342 231
342 267
342 268
342 269
342 270
342 288
342 340
342 341
342 343
342 344
343 227
343 267
343 268
343 269
343 287
343 288
343 341
343 342
343 344
343 345
344 227
344 265
344 266
344 267
344 268
344 342
344 343
344 345
344 346
345 265
345 266
345 267
345 343
345 344
345 346
345 347
346 264
346 265
346 266
346 344
346 345
346 347
346 348
347 264
347 265
347 266
347 345
347 346
347 348
347 349
347 350
347 351
348 264
348 346
348 347
348 349
348 350
348 351
349 347
349 348
349 350
349 351
349 412
349 413
350 280
350 281
350 347
350 348
350 349
350 351
350 352
350 413
351 278
351 279
351 280
351 281
351 347
351 348
351 349
351 350
351 352
351 353
351 412
351 413
352 278
352 279
352 280
352 281
352 282
352 350
352 351
352 353
352 354
352 411
352 412
352 413
352 415
352 418
353 278
353 279
353 280
353 351
353 352
353 354
353 355
353 409
353 410
353 411
353 412
353 413
354 276
354 277
354 278
354 279
354 352
354 353
354 355
354 356
354 409
354 410
354 411
354 412
355 276
355 277
355 278
355 279
355 353
355 354
355 356
355 357
355 407
355 408
355 409
355 410
356 194
356 195
356 257
356 258
356 274
356 275
356 276
356 277
356 354
356 355
356 357
356 358
356 407
356 408
356 409
357 195
357 274
357 275
357 276
357 355
357 356
357 358
357 359
357 360
357 361
357 362
357 405
357 406
357 407
357 408
358 170
358 195
358 196
358 197
358 273
358 274
358 275
358 356
358 357
358 359
358 360
358 361
358 362
358 404
358 405
358 406
358 407
359 273
359 274
359 275
359 357
359 358
359 360
359 361
359 362
359 363
359 403
359 405
360 357
360 358
360 359
360 361
360 362
360 363
360 364
360 396
360 401
360 402
360 403
360 404
360 405
360 406
361 357
361 358
361 359
361 360
361 362
361 363
361 364
361 365
361 393
361 396
361 401
361 405
361 406
361 407
362 275
362 357
362 358
362 359
362 360
362 361
362 363
362 364
362 365
362 366
362 367
363 359
363 360
363 361
363 362
363 364
363 365
363 366
363 401
364 360
364 361
364 362
364 363
364 365
364 366
364 396
364 399
364 400
364 401
365 361
365 362
365 363
365 364
365 366
365 367
365 369
365 370
365 395
365 396
365 399
366 362
366 363
366 364
366 365
366 367
366 368
366 369
366 370
367 277
367 284
367 362
367 365
367 366
367 368
367 369
367 370
367 371
368 283
368 284
368 366
368 367
368 369
368 370
368 371
368 372
369 365
369 366
369 367
369 368
369 370
369 371
369 372
369 373
370 365
370 366
370 367
370 368
370 369
370 371
370 372
370 373
370 374
370 392
371 279
371 282
371 283
371 284
371 367
371 368
371 369
371 370
371 372
371 373
371 374
371 375
372 368
372 369
372 370
372 371
372 373
372 374
372 375
372 376
373 369
373 370
373 371
373 372
373 374
373 375
373 376
373 377
373 391
373 392
374 370
374 371
374 372
374 373
374 375
374 376
374 377
374 378
374 388
374 392
375 371
375 372
375 373
375 374
375 376
375 377
375 378
375 379
375 418
375 419
376 372
376 373
376 374
376 375
376 377
376 378
376 379
376 380
377 373
377 374
377 375
377 376
377 378
377 379
377 380
377 381
377 385
377 388
377 391
378 374
378 375
378 376
378 377
378 379
378 380
378 381
378 382
378 383
378 384
378 385
378 388
378 415
378 416
378 419
379 375
379 376
379 377
379 378
379 380
379 381
379 382
379 383
379 419
380 376
380 377
380 378
380 379
380 381
380 382
380 383
381 377
381 378
381 379
381 380
381 382
381 383
381 384
381 385
382 378
382 379
382 380
382 381
382 383
382 384
382 416
383 378
383 379
383 380
383 381
383 382
383 384
383 385
383 415
383 416
383 417
383 418
383 419
384 378
384 381
384 382
384 383
384 385
384 386
384 415
384 416
385 155
385 156
385 157
385 377
385 378
385 381
385 383
385 384
385 386
385 387
385 388
385 411
385 415
385 416
386 155
386 156
386 157
386 384
386 385
386 387
386 388
387 157
387 158
387 159
387 385
387 386
387 388
387 389
387 390
387 391
388 157
388 158
388 374
388 377
388 378
388 385
388 386
388 387
388 389
388 390
388 391
388 392
388 409
389 157
389 158
389 159
389 387
389 388
389 390
389 391
389 392
389 393
389 407
389 408
389 409
390 158
390 159
390 387
390 388
390 389
390 391
390 392
390 393
390 394
391 373
391 377
391 387
391 388
391 389
391 390
391 392
391 393
391 394
391 395
392 370
392 373
392 374
392 388
392 389
392 390
392 391
392 393
392 394
392 395
392 396
392 407
393 159
393 160
393 361
393 389
393 390
393 391
393 392
393 394
393 395
393 396
393 397
393 405
393 406
393 407
394 390
394 391
394 392
394 393
394 395
394 396
394 397
394 398
395 365
395 391
395 392
395 393
395 394
395 396
395 397
395 398
395 399
396 360
396 361
396 364
396 365
396 392
396 393
396 394
396 395
396 397
396 398
396 399
396 400
396 401
397 163
397 393
397 394
397 395
397 396
397 398
397 399
397 400
397 401
397 402
398 394
398 395
398 396
398 397
398 399
398 400
398 401
399 364
399 365
399 395
399 396
399 397
399 398
399 400
399 401
400 364
400 396
400 397
400 398
400 399
400 401
400 402
401 360
401 361
401 363
401 364
401 396
401 397
401 398
401 399
401 400
401 402
401 403
402 163
402 164
402 165
402 360
402 397
402 400
402 401
402 403
402 404
403 162
403 163
403 164
403 165
403 359
403 360
403 401
403 402
403 404
403 405
404 160
404 161
404 162
404 163
404 164
404 165
404 168
404 169
404 170
404 358
404 360
404 402
404 403
404 405
404 406
405 159
405 160
405 161
405 162
405 163
405 170
405 357
405 358
405 359
405 360
405 361
405 393
405 403
405 404
405 406
405 407
406 158
406 159
406 160
406 161
406 170
406 171
406 172
406 195
406 357
406 358
406 360
406 361
406 393
406 404
406 405
406 407
406 408
407 158
407 159
407 160
407 355
407 356
407 357
407 358
407 361
407 389
407 392
407 393
407 405
407 406
407 408
407 409
408 156
408 157
408 158
408 159
408 195
408 355
408 356
408 357
408 389
408 406
408 407
408 409
408 410
409 156
409 157
409 158
409 353
409 354
409 355
409 356
409 388
409 389
409 407
409 408
409 410
409 411
410 154
410 155
410 156
410 157
410 353
410 354
410 355
410 408
410 409
410 411
410 412
411 154
411 155
411 156
411 352
411 353
411 354
411 385
411 409
411 410
411 412
411 413
411 414
411 415
412 154
412 155
412 349
412 351
412 352
412 353
412 354
412 410
412 411
412 413
412 414
413 349
413 350
413 351
413 352
413 353
413 411
413 412
413 414
413 415
413 417
413 418
414 155
414 411
414 412
414 413
414 415
414 416
414 417
414 418
415 352
415 378
415 383
415 384
415 385
415 411
415 413
415 414
415 416
415 417
415 418
415 419
416 378
416 382
416 383
416 384
416 385
416 414
416 415
416 417
416 418
416 419
416 420
417 383
417 413
417 414
417 415
417 416
417 418
417 419
417 420
417 421
418 352
418 375
418 383
418 413
418 414
418 415
418 416
418 417
418 419
418 420
418 421
418 422
419 375
419 378
419 379
419 383
419 415
419 416
419 417
419 418
419 420
419 421
419 422
419 423
420 416
420 417
420 418
420 419
420 421
420 422
420 423
420 424
421 417
421 418
421 419
421 420
421 422
421 423
421 424
422 418
422 419
422 420
422 421
422 423
422 424
422 425
423 419
423 420
423 421
423 422
423 424
423 425
423 426
424 420
424 421
424 422
424 423
424 425
424 426
424 427
425 422
425 423
425 424
425 426
425 427
426 423
426 424
426 425
426 427
426 428
427 424
427 425
427 426
427 428
427 429
428 426
428 427
428 429
428 430
428 431
429 427
429 428
429 430
429 431
430 428
430 429
430 431
430 432
431 428
431 429
431 430
431 432
431 433
432 430
432 431
432 433
432 434
433 431
433 432
433 434
433 435
434 432
434 433
434 435
434 436
435 433
435 434
435 436
435 437
436 434
436 435
436 437
436 438
437 435
437 436
437 438
437 439
438 436
438 437
438 439
438 440
439 437
439 438
439 440
439 441
440 438
440 439
440 441
440 442
441 439
441 440
441 442
441 443
442 440
442 441
442 443
442 444
443 441
443 442
443 444
443 445
444 442
444 443
444 445
444 446
445 443
445 444
445 446
445 447
446 444
446 445
446 447
446 448
447 445
447 446
447 448
447 449
448 446
448 447
448 449
448 450
449 447
449 448
449 450
449 451
450 448
450 449
450 451
450 452
451 449
451 450
451 452
451 453
452 450
452 451
452 453
453 451
453 452
