0 1
0 2
0 3
0 65
0 67
1 0
1 2
1 3
1 65
1 66
1 67
2 0
2 1
2 3
2 4
2 60
2 61
2 62
2 67
3 0
3 1
3 2
3 4
3 5
3 6
3 58
3 59
3 60
3 61
3 62
4 2
4 3
4 5
4 6
4 58
4 59
4 60
4 61
4 131
4 133
4 134
5 3
5 4
5 6
5 7
5 58
5 59
5 60
5 130
5 131
5 133
6 3
6 4
6 5
6 7
6 8
6 56
6 57
6 58
6 59
7 5
7 6
7 8
7 9
7 31
7 32
7 33
7 56
7 57
7 58
8 6
8 7
8 9
8 10
8 31
8 32
8 33
8 54
8 55
8 56
8 57
9 7
9 8
9 10
9 11
9 29
9 30
9 31
9 32
9 38
9 54
9 55
9 56
9 57
10 8
10 9
10 11
10 12
10 29
10 30
10 31
10 32
10 52
10 53
10 54
10 55
11 9
11 10
11 12
11 13
11 14
11 27
11 28
11 29
11 30
11 50
11 51
11 52
11 53
11 54
12 10
12 11
12 13
12 14
12 27
12 28
12 29
12 30
12 51
12 52
13 11
13 12
13 14
13 15
13 16
13 27
13 28
13 29
13 51
14 11
14 12
14 13
14 15
14 16
14 25
14 26
14 27
14 28
14 51
15 13
15 14
15 16
15 17
15 18
15 19
15 25
15 26
15 27
15 28
16 13
16 14
16 15
16 17
16 18
16 19
16 26
17 15
17 16
17 18
17 19
18 15
18 16
18 17
18 19
18 20
19 15
19 16
19 17
19 18
19 20
19 21
19 22
19 25
20 18
20 19
20 21
20 22
20 24
20 25
21 19
21 20
21 22
21 23
21 24
21 25
22 19
22 20
22 21
22 23
22 24
22 25
23 21
23 22
23 24
23 25
23 43
23 44
23 45
24 20
24 21
24 22
24 23
24 25
24 26
24 41
24 42
24 43
24 44
24 45
25 14
25 15
25 19
25 20
25 21
25 22
25 23
25 24
25 26
25 27
25 41
25 42
25 43
25 44
26 14
26 15
26 16
26 24
26 25
26 27
26 28
26 39
26 40
26 41
26 42
27 11
27 12
27 13
27 14
27 15
27 25
27 26
27 28
27 29
27 38
27 39
27 40
27 41
27 42
28 11
28 12
28 13
28 14
28 15
28 26
28 27
28 29
28 30
28 37
28 38
28 39
28 40
29 9
29 10
29 11
29 12
29 13
29 27
29 28
29 30
29 31
29 37
29 38
29 39
29 40
30 9
30 10
30 11
30 12
30 28
30 29
30 31
30 32
30 35
30 36
30 37
30 38
31 7
31 8
31 9
31 10
31 29
31 30
31 32
31 33
31 34
31 35
31 36
31 37
31 38
32 7
32 8
32 9
32 10
32 30
32 31
32 33
32 34
32 35
33 7
33 8
33 31
33 32
33 34
33 35
34 31
34 32
34 33
34 35
34 36
34 126
34 127
35 30
35 31
35 32
35 33
35 34
35 36
35 37
35 126
36 30
36 31
36 34
36 35
36 37
36 38
36 124
36 125
36 126
36 127
37 28
37 29
37 30
37 31
37 35
37 36
37 38
37 39
37 123
37 124
37 125
37 126
38 9
38 27
38 28
38 29
38 30
38 31
38 36
38 37
38 39
38 40
38 122
38 123
38 124
38 125
39 26
39 27
39 28
39 29
39 37
39 38
39 40
39 41
39 121
39 122
39 123
39 124
40 26
40 27
40 28
40 29
40 38
40 39
40 41
40 42
40 120
40 121
40 122
40 123
41 24
41 25
41 26
41 27
41 39
41 40
41 42
41 43
41 120
41 121
41 122
42 24
42 25
42 26
42 27
42 40
42 41
42 43
42 44
42 47
42 120
43 23
43 24
43 25
43 41
43 42
43 44
43 45
43 46
43 47
43 48
44 23
44 24
44 25
44 42
44 43
44 45
44 46
44 47
44 48
44 49
45 23
45 24
45 43
45 44
45 46
45 47
45 48
46 43
46 44
46 45
46 47
46 48
47 42
47 43
47 44
47 45
47 46
47 48
47 49
47 88
47 89
48 43
48 44
48 45
48 46
48 47
48 49
48 50
49 44
49 47
49 48
49 50
49 51
49 53
50 11
50 48
50 49
50 51
50 52
50 53
51 11
51 12
51 13
51 14
51 49
51 50
51 52
51 53
52 10
52 11
52 12
52 50
52 51
52 53
52 54
53 10
53 11
53 49
53 50
53 51
53 52
53 54
53 55
53 146
53 147
54 8
54 9
54 10
54 11
54 52
54 53
54 55
54 56
54 146
54 147
54 148
55 8
55 9
55 10
55 53
55 54
55 56
55 57
55 144
55 145
55 146
55 147
56 6
56 7
56 8
56 9
56 54
56 55
56 57
56 58
56 144
56 145
56 146
56 147
57 6
57 7
57 8
57 9
57 55
57 56
57 58
57 59
57 142
57 143
57 144
57 145
58 3
58 4
58 5
58 6
58 7
58 56
58 57
58 59
58 60
58 142
58 143
58 144
59 3
59 4
59 5
59 6
59 57
59 58
59 60
59 61
59 140
59 141
59 142
59 143
60 2
60 3
60 4
60 5
60 58
60 59
60 61
60 62
60 63
60 140
60 141
60 142
60 143
61 2
61 3
61 4
61 59
61 60
61 62
61 63
61 69
61 70
61 138
61 139
61 140
61 141
62 2
62 3
62 60
62 61
62 63
62 64
62 65
62 67
62 68
62 69
62 70
62 140
62 141
63 60
63 61
63 62
63 64
63 65
63 67
63 70
63 82
63 83
63 84
63 141
64 62
64 63
64 65
64 66
64 67
64 68
64 69
64 70
64 80
64 81
64 82
64 83
65 0
65 1
65 62
65 63
65 64
65 66
65 67
65 68
65 81
65 82
65 83
66 1
66 64
66 65
66 67
66 68
67 0
67 1
67 2
67 62
67 63
67 64
67 65
67 66
67 68
67 69
68 62
68 64
68 65
68 66
68 67
68 69
68 70
69 61
69 62
69 64
69 67
69 68
69 70
69 71
70 61
70 62
70 63
70 64
70 68
70 69
70 71
70 72
70 73
71 69
71 70
71 72
71 73
72 70
72 71
72 73
72 74
73 70
73 71
73 72
73 74
73 75
74 72
74 73
74 75
74 76
75 73
75 74
75 76
75 77
75 78
76 74
76 75
76 77
76 78
77 75
77 76
77 78
77 79
78 75
78 76
78 77
78 79
78 80
79 77
79 78
79 80
79 81
80 64
80 78
80 79
80 81
80 82
81 64
81 65
81 79
81 80
81 82
81 83
81 85
82 63
82 64
82 65
82 80
82 81
82 83
82 84
82 85
83 63
83 64
83 65
83 81
83 82
83 84
83 85
83 86
83 87
84 63
84 82
84 83
84 85
84 86
84 87
84 88
84 89
84 90
84 143
85 81
85 82
85 83
85 84
85 86
85 87
85 88
86 83
86 84
86 85
86 87
86 88
86 145
87 83
87 84
87 85
87 86
87 88
87 89
87 90
87 143
87 144
87 145
88 47
88 84
88 85
88 86
88 87
88 89
88 90
88 143
88 144
88 145
88 146
89 47
89 84
89 87
89 88
89 90
89 91
89 143
89 144
89 145
90 84
90 87
90 88
90 89
90 91
90 92
90 141
90 142
90 143
90 144
91 89
91 90
91 92
91 93
91 117
91 141
91 142
91 143
92 90
92 91
92 93
92 94
92 117
92 118
92 139
92 140
92 141
92 142
93 91
93 92
93 94
93 95
93 115
93 116
93 117
93 118
93 139
93 140
93 141
93 142
94 92
94 93
94 95
94 96
94 115
94 116
94 117
94 137
94 138
94 139
94 140
95 93
95 94
95 96
95 97
95 98
95 113
95 114
95 115
95 116
95 134
95 135
95 136
95 137
95 138
95 139
95 140
96 94
96 95
96 97
96 98
96 114
96 115
96 116
96 136
96 137
96 138
97 95
97 96
97 98
97 99
97 113
97 114
97 115
97 136
98 95
98 96
98 97
98 99
98 100
98 111
98 112
98 113
98 114
98 134
98 135
98 136
99 97
99 98
99 100
99 101
99 111
99 112
99 113
100 98
100 99
100 101
100 102
100 108
100 109
100 110
100 111
100 112
101 99
101 100
101 102
101 103
101 104
101 107
101 108
101 109
101 110
101 111
102 100
102 101
102 103
102 104
102 105
102 108
103 101
103 102
103 104
103 105
103 107
103 108
104 101
104 102
104 103
104 105
104 106
104 107
104 108
105 102
105 103
105 104
105 106
105 107
105 108
106 104
106 105
106 107
106 108
106 109
107 101
107 103
107 104
107 105
107 106
107 108
107 109
107 110
108 100
108 101
108 102
108 103
108 104
108 105
108 106
108 107
108 109
108 110
108 111
109 100
109 101
109 106
109 107
109 108
109 110
109 111
109 127
109 128
109 129
110 100
110 101
110 107
110 108
110 109
110 111
110 112
110 125
110 126
110 127
110 128
111 98
111 99
111 100
111 101
111 108
111 109
111 110
111 112
111 113
111 125
111 126
111 127
111 128
111 131
112 98
112 99
112 100
112 110
112 111
112 113
112 114
112 123
112 124
112 125
112 126
113 95
113 97
113 98
113 99
113 111
113 112
113 114
113 115
113 123
113 124
113 125
113 131
113 134
114 95
114 96
114 97
114 98
114 112
114 113
114 115
114 116
114 121
114 122
114 123
114 124
115 93
115 94
115 95
115 96
115 97
115 113
115 114
115 116
115 117
115 121
115 122
115 123
116 93
116 94
116 95
116 96
116 114
116 115
116 117
116 118
116 119
116 120
116 121
116 122
117 91
117 92
117 93
117 94
117 115
117 116
117 118
117 119
117 120
117 121
117 122
118 92
118 93
118 116
118 117
118 119
118 120
119 116
119 117
119 118
119 120
119 121
120 40
120 41
120 42
120 116
120 117
120 118
120 119
120 121
120 122
121 39
121 40
121 41
121 114
121 115
121 116
121 117
121 119
121 120
121 122
121 123
122 38
122 39
122 40
122 41
122 114
122 115
122 116
122 117
122 120
122 121
122 123
122 124
123 37
123 38
123 39
123 40
123 112
123 113
123 114
123 115
123 121
123 122
123 124
123 125
124 36
124 37
124 38
124 39
124 112
124 113
124 114
124 122
124 123
124 125
124 126
125 36
125 37
125 38
125 110
125 111
125 112
125 113
125 123
125 124
125 126
125 127
126 34
126 35
126 36
126 37
126 110
126 111
126 112
126 124
126 125
126 127
126 128
126 130
126 131
127 34
127 36
127 109
127 110
127 111
127 125
127 126
127 128
127 129
127 130
127 131
128 109
128 110
128 111
128 126
128 127
128 129
128 130
128 131
128 132
129 109
129 127
129 128
129 130
129 131
129 132
130 5
130 126
130 127
130 128
130 129
130 131
130 132
130 133
131 4
131 5
131 111
131 113
131 126
131 127
131 128
131 129
131 130
131 132
131 133
131 134
132 128
132 129
132 130
132 131
132 133
132 134
132 135
133 4
133 5
133 130
133 131
133 132
133 134
133 135
134 4
134 95
134 98
134 113
134 131
134 132
134 133
134 135
134 136
134 138
135 95
135 98
135 132
135 133
135 134
135 136
135 137
135 138
136 95
136 96
136 97
136 98
136 134
136 135
136 137
136 138
137 94
137 95
137 96
137 135
137 136
137 138
137 139
138 61
138 94
138 95
138 96
138 134
138 135
138 136
138 137
138 139
138 140
139 61
139 92
139 93
139 94
139 95
139 137
139 138
139 140
139 141
140 59
140 60
140 61
140 62
140 92
140 93
140 94
140 95
140 138
140 139
140 141
140 142
141 59
141 60
141 61
141 62
141 63
141 90
141 91
141 92
141 93
141 139
141 140
141 142
141 143
142 57
142 58
142 59
142 60
142 90
142 91
142 92
142 93
142 140
142 141
142 143
142 144
143 57
143 58
143 59
143 60
143 84
143 87
143 88
143 89
143 90
143 91
143 141
143 142
143 144
143 145
144 55
144 56
144 57
144 58
144 87
144 88
144 89
144 90
144 142
144 143
144 145
144 146
145 55
145 56
145 57
145 86
145 87
145 88
145 89
145 143
145 144
145 146
145 147
146 53
146 54
146 55
146 56
146 88
146 144
146 145
146 147
146 148
147 53
147 54
147 55
147 56
147 145
147 146
147 148
147 149
148 54
148 146
148 147
148 149
149 147
149 148
