0 1
0 2
1 0
1 2
1 3
2 0
2 1
2 3
2 4
3 1
3 2
3 4
3 5
3 26
3 27
4 2
4 3
4 5
4 6
4 26
4 27
5 3
5 4
5 6
5 7
5 24
5 25
5 26
5 27
6 4
6 5
6 7
6 8
6 24
6 25
6 26
7 5
7 6
7 8
7 9
7 21
7 22
7 23
7 24
7 25
8 6
8 7
8 9
8 10
8 21
8 22
8 23
8 24
8 25
8 64
8 67
8 68
9 7
9 8
9 10
9 11
9 15
9 21
9 22
9 23
9 64
9 67
10 8
10 9
10 11
10 12
10 13
10 15
10 63
10 64
10 67
11 9
11 10
11 12
11 13
11 14
11 15
11 40
12 10
12 11
12 13
12 14
12 40
12 41
12 60
12 63
12 64
13 10
13 11
13 12
13 14
13 15
13 39
13 40
13 60
13 61
13 63
13 64
14 11
14 12
14 13
14 15
14 16
14 22
14 38
14 39
14 40
14 41
14 43
14 60
15 9
15 10
15 11
15 13
15 14
15 16
15 17
15 22
15 40
16 14
16 15
16 17
16 18
16 19
16 20
16 21
16 22
17 15
17 16
17 18
17 19
17 20
18 16
18 17
18 19
18 20
19 16
19 17
19 18
19 20
19 21
20 16
20 17
20 18
20 19
20 21
20 22
20 33
21 7
21 8
21 9
21 16
21 19
21 20
21 22
21 23
21 24
21 33
22 7
22 8
22 9
22 14
22 15
22 16
22 20
22 21
22 23
22 24
22 32
22 33
22 64
23 7
23 8
23 9
23 21
23 22
23 24
23 25
23 30
23 31
23 32
23 33
23 64
24 5
24 6
24 7
24 8
24 21
24 22
24 23
24 25
24 26
24 30
24 31
24 32
25 5
25 6
25 7
25 8
25 23
25 24
25 26
25 27
25 28
25 29
25 30
25 31
25 68
26 3
26 4
26 5
26 6
26 24
26 25
26 27
26 28
26 29
26 30
27 3
27 4
27 5
27 25
27 26
27 28
27 29
28 25
28 26
28 27
28 29
28 30
28 127
28 128
28 129
29 25
29 26
29 27
29 28
29 30
29 31
29 125
29 126
29 127
29 128
30 23
30 24
30 25
30 26
30 28
30 29
30 31
30 32
30 125
30 126
30 127
30 128
31 23
31 24
31 25
31 29
31 30
31 32
31 33
31 124
31 125
31 126
32 22
32 23
32 24
32 30
32 31
32 33
32 34
32 61
32 64
32 123
32 124
32 125
32 126
33 20
33 21
33 22
33 23
33 31
33 32
33 34
33 35
33 122
33 123
33 124
34 32
34 33
34 35
34 36
34 121
34 122
34 123
34 124
35 33
35 34
35 36
35 37
35 38
35 57
35 58
35 60
35 61
35 121
35 122
35 123
36 34
36 35
36 37
36 38
36 45
36 53
36 54
36 56
36 57
36 115
36 118
36 119
36 120
36 121
36 122
37 35
37 36
37 38
37 39
37 45
37 46
37 52
37 53
37 54
37 55
37 56
37 57
37 118
37 119
37 120
37 121
38 14
38 35
38 36
38 37
38 39
38 40
38 43
38 44
38 45
38 46
38 53
38 56
38 57
39 13
39 14
39 37
39 38
39 40
39 41
39 42
39 43
39 44
39 45
39 46
39 56
40 11
40 12
40 13
40 14
40 15
40 38
40 39
40 41
40 42
40 43
40 44
40 60
41 12
41 14
41 39
41 40
41 42
41 43
42 39
42 40
42 41
42 43
42 44
43 14
43 38
43 39
43 40
43 41
43 42
43 44
43 45
44 38
44 39
44 40
44 42
44 43
44 45
44 46
45 36
45 37
45 38
45 39
45 43
45 44
45 46
45 47
45 53
45 116
45 118
46 37
46 38
46 39
46 44
46 45
46 47
46 48
46 49
46 52
46 53
46 56
47 45
47 46
47 48
47 49
47 52
47 53
48 46
48 47
48 49
48 50
48 51
48 52
48 53
49 46
49 47
49 48
49 50
49 51
49 52
49 53
49 119
50 48
50 49
50 51
50 52
50 53
50 54
50 87
50 90
50 91
50 119
50 120
51 48
51 49
51 50
51 52
51 53
51 54
51 55
51 90
51 91
51 94
52 37
52 46
52 47
52 48
52 49
52 50
52 51
52 53
52 54
52 55
52 56
53 36
53 37
53 38
53 45
53 46
53 47
53 48
53 49
53 50
53 51
53 52
53 54
53 55
53 56
53 57
53 118
53 119
53 120
54 36
54 37
54 50
54 51
54 52
54 53
54 55
54 56
54 57
54 58
54 91
54 94
54 95
54 120
54 121
55 37
55 51
55 52
55 53
55 54
55 56
55 57
55 58
55 59
55 94
55 95
56 36
56 37
56 38
56 39
56 46
56 52
56 53
56 54
56 55
56 57
56 58
56 59
56 60
57 35
57 36
57 37
57 38
57 53
57 54
57 55
57 56
57 58
57 59
57 60
57 61
57 120
57 121
57 122
58 35
58 54
58 55
58 56
58 57
58 59
58 60
58 61
58 62
58 95
58 98
58 122
59 55
59 56
59 57
59 58
59 60
59 61
59 62
59 63
60 12
60 13
60 14
60 35
60 40
60 56
60 57
60 58
60 59
60 61
60 62
60 63
60 64
61 13
61 32
61 35
61 57
61 58
61 59
61 60
61 62
61 63
61 64
61 65
62 58
62 59
62 60
62 61
62 63
62 64
62 65
62 66
62 71
62 72
63 10
63 12
63 13
63 59
63 60
63 61
63 62
63 64
63 65
63 66
63 67
64 8
64 9
64 10
64 12
64 13
64 22
64 23
64 32
64 60
64 61
64 62
64 63
64 65
64 66
64 67
64 68
65 61
65 62
65 63
65 64
65 66
65 67
65 68
65 69
65 70
65 71
65 72
66 62
66 63
66 64
66 65
66 67
66 68
66 69
66 70
66 71
67 8
67 9
67 10
67 63
67 64
67 65
67 66
67 68
67 69
67 70
68 8
68 25
68 64
68 65
68 66
68 67
68 69
68 70
68 128
69 65
69 66
69 67
69 68
69 70
69 71
69 128
70 65
70 66
70 67
70 68
70 69
70 71
70 72
70 73
70 74
70 128
70 129
71 62
71 65
71 66
71 69
71 70
71 72
71 73
71 74
71 75
72 62
72 65
72 70
72 71
72 73
72 74
72 75
72 98
72 99
73 70
73 71
73 72
73 74
73 75
73 99
73 101
73 102
74 70
74 71
74 72
74 73
74 75
74 76
74 126
74 127
74 128
74 129
74 130
74 131
75 71
75 72
75 73
75 74
75 76
75 77
75 78
75 104
75 124
75 125
75 126
75 127
76 74
76 75
76 77
76 78
76 103
76 104
76 105
76 124
76 125
76 126
76 127
77 75
77 76
77 78
77 79
77 104
77 105
77 106
77 124
77 125
77 126
78 75
78 76
78 77
78 79
78 80
78 104
78 105
78 106
78 107
78 122
78 123
78 124
78 125
79 77
79 78
79 80
79 81
79 106
79 107
79 108
79 122
79 123
79 124
80 78
80 79
80 81
80 82
80 106
80 107
80 108
80 109
80 120
80 121
80 122
80 123
81 79
81 80
81 82
81 83
81 108
81 109
81 110
81 111
81 120
81 121
81 122
82 80
82 81
82 83
82 84
82 85
82 87
82 88
82 108
82 109
82 110
82 111
82 114
82 119
82 120
82 121
83 81
83 82
83 84
83 85
83 110
83 111
83 112
83 113
83 114
83 118
83 119
83 120
84 82
84 83
84 85
84 86
84 87
84 88
84 110
84 111
84 119
85 82
85 83
85 84
85 86
85 87
85 88
85 109
85 110
86 84
86 85
86 87
86 88
86 89
87 50
87 82
87 84
87 85
87 86
87 88
87 89
87 90
87 91
88 82
88 84
88 85
88 86
88 87
88 89
88 90
88 91
88 92
89 86
89 87
89 88
89 90
89 91
89 92
89 93
90 50
90 51
90 87
90 88
90 89
90 91
90 92
90 93
90 94
91 50
91 51
91 54
91 87
91 88
91 89
91 90
91 92
91 93
91 94
91 95
92 88
92 89
92 90
92 91
92 93
92 94
92 95
92 96
93 89
93 90
93 91
93 92
93 94
93 95
93 96
93 97
94 51
94 54
94 55
94 90
94 91
94 92
94 93
94 95
94 96
94 97
94 98
95 54
95 55
95 58
95 91
95 92
95 93
95 94
95 96
95 97
95 98
95 99
96 92
96 93
96 94
96 95
96 97
96 98
96 99
96 100
97 93
97 94
97 95
97 96
97 98
97 99
97 100
98 58
98 72
98 94
98 95
98 96
98 97
98 99
98 100
99 72
99 73
99 95
99 96
99 97
99 98
99 100
99 101
99 102
99 103
100 96
100 97
100 98
100 99
100 101
100 102
100 103
101 73
101 99
101 100
101 102
101 103
102 73
102 99
102 100
102 101
102 103
102 104
102 133
103 76
103 99
103 100
103 101
103 102
103 104
103 105
104 75
104 76
104 77
104 78
104 102
104 103
104 105
104 106
105 76
105 77
105 78
105 103
105 104
105 106
105 107
106 77
106 78
106 79
106 80
106 104
106 105
106 107
106 108
107 78
107 79
107 80
107 105
107 106
107 108
107 109
108 79
108 80
108 81
108 82
108 106
108 107
108 109
108 110
109 80
109 81
109 82
109 85
109 107
109 108
109 110
109 111
110 81
110 82
110 83
110 84
110 85
110 108
110 109
110 111
110 112
111 81
111 82
111 83
111 84
111 109
111 110
111 112
111 113
111 114
112 83
112 110
112 111
112 113
112 114
113 83
113 111
113 112
113 114
113 115
113 117
113 118
114 82
114 83
114 111
114 112
114 113
114 115
114 116
114 117
114 118
114 119
114 120
114 121
115 36
115 113
115 114
115 116
115 117
115 118
116 45
116 114
116 115
116 117
116 118
117 113
117 114
117 115
117 116
117 118
117 119
118 36
118 37
118 45
118 53
118 83
118 113
118 114
118 115
118 116
118 117
118 119
118 120
118 121
119 36
119 37
119 49
119 50
119 53
119 82
119 83
119 84
119 114
119 117
119 118
119 120
119 121
120 36
120 37
120 50
120 53
120 54
120 57
120 80
120 81
120 82
120 83
120 114
120 118
120 119
120 121
120 122
121 34
121 35
121 36
121 37
121 54
121 57
121 80
121 81
121 82
121 114
121 118
121 119
121 120
121 122
121 123
122 33
122 34
122 35
122 36
122 57
122 58
122 78
122 79
122 80
122 81
122 120
122 121
122 123
122 124
123 32
123 33
123 34
123 35
123 78
123 79
123 80
123 121
123 122
123 124
123 125
124 31
124 32
124 33
124 34
124 75
124 76
124 77
124 78
124 79
124 122
124 123
124 125
124 126
125 29
125 30
125 31
125 32
125 75
125 76
125 77
125 78
125 123
125 124
125 126
125 127
126 29
126 30
126 31
126 32
126 74
126 75
126 76
126 77
126 124
126 125
126 127
126 128
127 28
127 29
127 30
127 74
127 75
127 76
127 125
127 126
127 128
127 129
127 131
128 28
128 29
128 30
128 68
128 69
128 70
128 74
128 126
128 127
128 129
128 130
129 28
129 70
129 74
129 127
129 128
129 130
129 131
130 74
130 128
130 129
130 131
130 132
131 74
131 127
131 129
131 130
131 132
131 133
132 130
132 131
132 133
132 134
133 102
133 131
133 132
133 134
133 135
134 132
134 133
134 135
134 136
135 133
135 134
135 136
136 134
136 135
