0 1
0 2
0 3
0 4
1 0
1 2
1 3
1 4
1 5
2 0
2 1
2 3
2 4
2 5
2 6
3 0
3 1
3 2
3 4
3 5
3 6
3 7
4 0
4 1
4 2
4 3
4 5
4 6
4 7
4 8
5 1
5 2
5 3
5 4
5 6
5 7
5 8
5 9
6 2
6 3
6 4
6 5
6 7
6 8
6 9
6 10
7 3
7 4
7 5
7 6
7 8
7 9
7 10
7 11
8 4
8 5
8 6
8 7
8 9
8 10
8 11
9 5
9 6
9 7
9 8
9 10
9 11
9 12
9 13
10 6
10 7
10 8
10 9
10 11
10 12
10 13
11 7
11 8
11 9
11 10
11 12
11 13
12 9
12 10
12 11
12 13
12 14
13 9
13 10
13 11
13 12
13 14
13 15
13 16
13 17
13 18
14 12
14 13
14 15
14 16
14 17
14 18
15 13
15 14
15 16
15 17
15 18
15 19
16 13
16 14
16 15
16 17
16 18
16 19
16 20
17 13
17 14
17 15
17 16
17 18
17 19
17 20
17 21
18 13
18 14
18 15
18 16
18 17
18 19
18 20
18 21
18 22
19 15
19 16
19 17
19 18
19 20
19 21
19 22
19 23
20 16
20 17
20 18
20 19
20 21
20 22
20 23
20 24
21 17
21 18
21 19
21 20
21 22
21 23
21 24
21 25
22 18
22 19
22 20
22 21
22 23
22 24
22 25
22 26
23 19
23 20
23 21
23 22
23 24
23 25
23 26
23 27
24 20
24 21
24 22
24 23
24 25
24 26
24 27
24 28
25 21
25 22
25 23
25 24
25 26
25 27
25 28
25 29
26 22
26 23
26 24
26 25
26 27
26 28
26 29
26 30
27 23
27 24
27 25
27 26
27 28
27 29
27 30
27 31
28 24
28 25
28 26
28 27
28 29
28 30
28 31
28 32
29 25
29 26
29 27
29 28
29 30
29 31
29 32
29 33
30 26
30 27
30 28
30 29
30 31
30 32
30 33
30 34
31 27
31 28
31 29
31 30
31 32
31 33
31 34
31 35
32 28
32 29
32 30
32 31
32 33
32 34
32 35
32 36
33 29
33 30
33 31
33 32
33 34
33 35
33 36
33 37
34 30
34 31
34 32
34 33
34 35
34 36
34 37
34 38
34 39
35 31
35 32
35 33
35 34
35 36
35 37
35 38
35 39
36 32
36 33
36 34
36 35
36 37
36 38
36 39
36 40
37 33
37 34
37 35
37 36
37 38
37 39
37 40
38 34
38 35
38 36
38 37
38 39
38 40
38 41
39 34
39 35
39 36
39 37
39 38
39 40
39 41
40 36
40 37
40 38
40 39
40 41
40 42
41 38
41 39
41 40
41 42
41 43
42 40
42 41
42 43
42 44
43 41
43 42
43 44
43 45
44 42
44 43
44 45
44 46
45 43
45 44
45 46
45 47
46 44
46 45
46 47
46 48
47 45
47 46
47 48
47 49
47 50
48 46
48 47
48 49
48 50
49 47
49 48
49 50
49 51
50 47
50 48
50 49
50 51
50 52
51 49
51 50
51 52
51 53
52 50
52 51
52 53
52 54
53 51
53 52
53 54
53 55
54 52
54 53
54 55
54 56
55 53
55 54
55 56
55 57
56 54
56 55
56 57
56 58
57 55
57 56
57 58
57 59
58 56
58 57
58 59
58 60
59 57
59 58
59 60
59 61
60 58
60 59
60 61
60 62
61 59
61 60
61 62
61 63
62 60
62 61
62 63
62 64
63 61
63 62
63 64
63 65
63 66
63 202
64 62
64 63
64 65
64 66
64 202
65 63
65 64
65 66
65 67
66 63
66 64
66 65
66 67
66 68
66 69
67 65
67 66
67 68
67 69
68 66
68 67
68 69
68 70
68 71
69 66
69 67
69 68
69 70
69 71
69 72
70 68
70 69
70 71
70 72
70 73
71 68
71 69
71 70
71 72
71 73
72 69
72 70
72 71
72 73
72 74
72 75
73 70
73 71
73 72
73 74
73 75
73 76
74 72
74 73
74 75
74 76
75 72
75 73
75 74
75 76
75 77
75 78
76 73
76 74
76 75
76 77
76 78
76 79
77 75
77 76
77 78
77 79
78 75
78 76
78 77
78 79
78 80
78 81
79 76
79 77
79 78
79 80
79 81
79 129
79 130
79 161
80 78
80 79
80 81
80 82
80 129
80 130
80 131
80 132
80 133
80 161
81 78
81 79
81 80
81 82
81 83
81 129
81 130
81 131
81 132
81 133
82 80
82 81
82 83
82 84
82 108
82 109
82 131
82 132
82 133
82 304
82 305
83 81
83 82
83 84
83 85
83 108
83 109
83 110
83 111
83 131
83 132
83 133
83 134
84 82
84 83
84 85
84 86
84 108
84 109
84 110
84 111
84 132
84 133
84 134
84 135
84 136
85 83
85 84
85 86
85 87
85 110
85 111
85 112
85 113
85 132
85 134
85 135
85 136
86 84
86 85
86 87
86 88
86 96
86 110
86 111
86 112
86 113
86 135
86 136
86 137
86 138
87 85
87 86
87 88
87 89
87 96
87 112
87 113
87 114
87 115
87 135
87 136
87 137
87 138
88 86
88 87
88 89
88 90
88 91
88 93
88 96
88 112
88 113
88 114
88 115
88 137
88 138
88 139
89 87
89 88
89 90
89 91
89 93
89 96
89 114
89 115
89 138
89 139
90 88
90 89
90 91
90 92
90 93
90 96
90 114
91 88
91 89
91 90
91 92
91 93
91 96
91 97
91 112
91 114
92 90
92 91
92 93
92 94
92 96
92 97
93 88
93 89
93 90
93 91
93 92
93 94
93 95
93 96
93 97
94 92
94 93
94 95
94 96
94 97
94 98
95 93
95 94
95 96
95 97
95 98
95 99
95 138
95 283
95 284
96 86
96 87
96 88
96 89
96 90
96 91
96 92
96 93
96 94
96 95
96 97
96 98
96 99
96 100
96 138
97 91
97 92
97 93
97 94
97 95
97 96
97 98
97 99
97 100
97 101
98 94
98 95
98 96
98 97
98 99
98 100
98 101
98 102
98 284
99 95
99 96
99 97
99 98
99 100
99 101
99 102
99 103
99 284
100 96
100 97
100 98
100 99
100 101
100 102
100 103
100 104
100 110
101 97
101 98
101 99
101 100
101 102
101 103
101 104
101 105
101 467
102 98
102 99
102 100
102 101
102 103
102 104
102 105
102 106
102 519
103 99
103 100
103 101
103 102
103 104
103 105
103 106
103 107
103 108
103 109
103 110
104 100
104 101
104 102
104 103
104 105
104 106
104 107
104 108
104 109
104 467
104 468
105 101
105 102
105 103
105 104
105 106
105 107
105 108
105 467
105 468
105 519
105 520
106 102
106 103
106 104
106 105
106 107
106 108
106 307
106 519
106 520
107 103
107 104
107 105
107 106
107 108
107 109
108 82
108 83
108 84
108 103
108 104
108 105
108 106
108 107
108 109
108 110
108 305
109 82
109 83
109 84
109 103
109 104
109 107
109 108
109 110
109 111
110 83
110 84
110 85
110 86
110 100
110 103
110 108
110 109
110 111
110 112
111 83
111 84
111 85
111 86
111 109
111 110
111 112
111 113
112 85
112 86
112 87
112 88
112 91
112 110
112 111
112 113
112 114
113 85
113 86
113 87
113 88
113 111
113 112
113 114
113 115
114 87
114 88
114 89
114 90
114 91
114 112
114 113
114 115
114 116
115 87
115 88
115 89
115 113
115 114
115 116
115 117
115 137
115 142
116 114
116 115
116 117
116 118
116 119
116 120
116 121
116 142
116 146
117 115
117 116
117 118
117 119
117 142
117 145
117 146
117 147
118 116
118 117
118 119
118 120
118 146
118 147
119 116
119 117
119 118
119 120
119 121
120 116
120 118
120 119
120 121
120 122
120 150
121 116
121 119
121 120
121 122
121 123
121 124
121 150
122 120
122 121
122 123
122 124
123 121
123 122
123 124
123 125
123 126
124 121
124 122
124 123
124 125
124 126
124 130
124 131
124 132
124 157
125 123
125 124
125 126
125 127
125 128
125 129
125 130
125 131
126 123
126 124
126 125
126 127
126 128
126 129
126 130
126 131
127 125
127 126
127 128
127 129
128 125
128 126
128 127
128 129
128 130
129 79
129 80
129 81
129 125
129 126
129 127
129 128
129 130
129 131
130 79
130 80
130 81
130 124
130 125
130 126
130 128
130 129
130 131
130 132
130 133
130 157
130 161
131 80
131 81
131 82
131 83
131 124
131 125
131 126
131 129
131 130
131 132
131 133
132 80
132 81
132 82
132 83
132 84
132 85
132 124
132 130
132 131
132 133
132 134
132 135
132 163
133 80
133 81
133 82
133 83
133 84
133 130
133 131
133 132
133 134
133 135
133 163
133 164
133 301
134 83
134 84
134 85
134 132
134 133
134 135
134 136
134 163
134 164
134 165
134 166
134 297
134 300
134 301
135 84
135 85
135 86
135 87
135 132
135 133
135 134
135 136
135 137
135 163
135 164
135 165
135 166
136 84
136 85
136 86
136 87
136 134
136 135
136 137
136 138
136 165
136 166
136 167
137 86
137 87
137 88
137 115
137 135
137 136
137 138
137 139
137 140
137 142
137 143
137 165
137 166
137 167
137 168
138 86
138 87
138 88
138 89
138 95
138 96
138 136
138 137
138 139
138 140
138 167
138 168
138 169
139 88
139 89
139 137
139 138
139 140
139 141
139 142
139 143
139 167
139 168
139 169
139 170
140 137
140 138
140 139
140 141
140 142
140 143
140 144
140 167
140 168
140 169
141 139
141 140
141 142
141 143
141 144
141 145
141 169
142 115
142 116
142 117
142 137
142 139
142 140
142 141
142 143
142 144
142 145
142 146
143 137
143 139
143 140
143 141
143 142
143 144
143 145
143 146
143 151
144 140
144 141
144 142
144 143
144 145
144 146
144 181
144 182
144 183
145 117
145 141
145 142
145 143
145 144
145 146
145 147
146 116
146 117
146 118
146 142
146 143
146 144
146 145
146 147
146 148
146 150
146 151
147 117
147 118
147 145
147 146
147 148
147 149
147 150
147 151
148 146
148 147
148 149
148 150
148 151
148 152
149 147
149 148
149 150
149 151
149 152
149 153
150 120
150 121
150 146
150 147
150 148
150 149
150 151
150 152
150 153
150 154
151 143
151 146
151 147
151 148
151 149
151 150
151 152
151 153
151 154
151 155
152 148
152 149
152 150
152 151
152 153
152 154
152 155
152 156
153 149
153 150
153 151
153 152
153 154
153 155
153 156
153 157
154 150
154 151
154 152
154 153
154 155
154 156
154 157
154 158
155 151
155 152
155 153
155 154
155 156
155 157
155 158
155 159
155 275
156 152
156 153
156 154
156 155
156 157
156 158
156 159
156 160
157 124
157 130
157 153
157 154
157 155
157 156
157 158
157 159
157 160
157 161
157 162
157 163
158 154
158 155
158 156
158 157
158 159
158 160
158 161
158 162
158 163
158 164
158 275
159 155
159 156
159 157
159 158
159 160
159 161
159 162
159 163
159 274
159 275
160 156
160 157
160 158
160 159
160 161
160 162
161 79
161 80
161 130
161 157
161 158
161 159
161 160
161 162
161 163
162 157
162 158
162 159
162 160
162 161
162 163
162 164
162 275
163 132
163 133
163 134
163 135
163 157
163 158
163 159
163 161
163 162
163 164
163 165
163 275
163 276
163 300
163 301
164 133
164 134
164 135
164 158
164 162
164 163
164 165
164 166
164 275
164 276
164 277
164 300
164 301
165 134
165 135
165 136
165 137
165 163
165 164
165 166
165 167
165 275
165 276
165 277
165 278
165 300
166 134
166 135
166 136
166 137
166 164
166 165
166 167
166 168
166 277
166 278
166 279
166 280
166 296
166 297
167 136
167 137
167 138
167 139
167 140
167 165
167 166
167 168
167 169
167 277
167 278
167 279
167 280
168 137
168 138
168 139
168 140
168 166
168 167
168 169
168 170
168 279
168 280
168 281
168 282
168 283
169 138
169 139
169 140
169 141
169 167
169 168
169 170
169 171
169 225
169 279
169 280
169 281
169 282
169 283
170 139
170 168
170 169
170 171
170 172
170 223
170 224
170 225
170 281
170 282
170 283
171 169
171 170
171 172
171 173
171 174
171 175
171 190
171 191
171 223
171 224
171 225
171 281
171 282
172 170
172 171
172 173
172 174
172 175
172 191
172 223
173 171
173 172
173 174
173 175
173 191
174 171
174 172
174 173
174 175
174 176
175 171
175 172
175 173
175 174
175 176
175 177
175 190
175 191
176 174
176 175
176 177
176 178
176 179
176 189
176 190
177 175
177 176
177 178
177 179
177 188
177 189
177 190
177 191
178 176
178 177
178 179
178 180
178 187
178 188
178 189
178 190
179 176
179 177
179 178
179 180
179 181
179 187
179 188
179 189
180 178
180 179
180 181
180 182
180 184
180 185
180 186
180 187
180 188
181 144
181 179
181 180
181 182
181 183
181 184
181 185
181 186
181 187
181 188
182 144
182 180
182 181
182 183
182 184
183 144
183 181
183 182
183 184
183 185
184 180
184 181
184 182
184 183
184 185
184 186
185 180
185 181
185 183
185 184
185 186
185 187
185 229
185 230
185 231
186 180
186 181
186 184
186 185
186 187
186 188
186 227
186 228
186 229
186 230
186 231
187 178
187 179
187 180
187 181
187 185
187 186
187 188
187 189
187 227
187 228
187 229
188 177
188 178
188 179
188 180
188 181
188 186
188 187
188 189
188 190
188 225
188 226
188 227
188 228
189 176
189 177
189 178
189 179
189 187
189 188
189 190
189 191
189 192
189 225
189 226
189 227
189 228
190 171
190 175
190 176
190 177
190 178
190 188
190 189
190 191
190 192
190 223
190 224
190 225
190 226
191 171
191 172
191 173
191 175
191 177
191 189
191 190
191 192
191 193
191 222
191 223
191 224
191 225
192 189
192 190
192 191
192 193
192 194
192 222
192 223
192 224
192 225
192 226
192 242
192 243
193 191
193 192
193 194
193 195
193 218
193 219
193 221
193 222
193 223
193 224
193 242
193 243
193 244
194 192
194 193
194 195
194 196
194 218
194 219
194 222
194 224
194 240
194 241
194 242
194 243
195 193
195 194
195 196
195 197
195 216
195 217
195 218
195 219
195 240
195 241
195 242
195 243
196 194
196 195
196 197
196 198
196 214
196 215
196 216
196 217
196 218
196 219
196 240
196 241
197 195
197 196
197 198
197 199
197 214
197 215
197 216
197 219
197 238
197 239
197 240
197 241
198 196
198 197
198 199
198 200
198 211
198 212
198 213
198 214
198 215
198 238
198 239
198 240
199 197
199 198
199 200
199 201
199 211
199 212
199 214
199 237
199 238
199 239
200 198
200 199
200 201
200 202
200 203
200 211
200 236
200 237
200 238
200 239
201 199
201 200
201 202
201 203
201 206
201 210
201 211
202 63
202 64
202 200
202 201
202 203
202 204
203 200
203 201
203 202
203 204
203 205
203 206
203 235
203 236
203 237
204 202
204 203
204 205
204 206
204 207
205 203
205 204
205 206
205 207
205 237
205 267
205 295
205 296
205 299
206 201
206 203
206 204
206 205
206 207
206 208
206 209
206 210
206 211
206 292
206 295
207 204
207 205
207 206
207 208
207 209
207 210
207 295
207 298
207 299
207 554
208 206
208 207
208 209
208 210
208 291
208 294
208 295
208 309
208 553
208 554
208 555
209 206
209 207
209 208
209 210
209 211
209 291
209 292
209 295
209 552
209 553
209 554
210 201
210 206
210 207
210 208
210 209
210 211
210 212
210 551
210 552
210 553
210 554
211 198
211 199
211 200
211 201
211 206
211 209
211 210
211 212
211 213
211 552
211 553
212 198
212 199
212 210
212 211
212 213
212 214
212 551
212 552
213 198
213 211
213 212
213 214
213 215
213 551
214 196
214 197
214 198
214 199
214 212
214 213
214 215
214 216
215 196
215 197
215 198
215 213
215 214
215 216
215 217
216 195
216 196
216 197
216 214
216 215
216 217
216 218
217 195
217 196
217 215
217 216
217 218
217 219
218 193
218 194
218 195
218 196
218 216
218 217
218 219
218 220
218 243
219 193
219 194
219 195
219 196
219 197
219 217
219 218
219 220
219 221
219 286
220 218
220 219
220 221
220 222
220 285
220 286
221 193
221 219
221 220
221 222
221 223
221 224
222 191
222 192
222 193
222 194
222 220
222 221
222 223
222 224
223 170
223 171
223 172
223 190
223 191
223 192
223 193
223 221
223 222
223 224
223 225
223 282
224 170
224 171
224 190
224 191
224 192
224 193
224 194
224 221
224 222
224 223
224 225
224 226
224 264
224 281
224 282
225 169
225 170
225 171
225 188
225 189
225 190
225 191
225 192
225 223
225 224
225 226
225 227
225 264
225 281
225 282
226 188
226 189
226 190
226 192
226 224
226 225
226 227
226 228
226 262
226 263
226 264
226 265
226 281
227 186
227 187
227 188
227 189
227 225
227 226
227 228
227 229
227 262
227 263
227 264
227 265
227 266
227 281
228 186
228 187
228 188
228 189
228 226
228 227
228 229
228 230
228 262
228 263
229 185
229 186
229 187
229 227
229 228
229 230
229 231
229 232
229 234
230 185
230 186
230 228
230 229
230 231
230 232
231 185
231 186
231 229
231 230
231 232
231 233
231 234
232 229
232 230
232 231
232 233
232 234
232 235
232 271
233 231
233 232
233 234
233 235
233 267
233 268
233 269
233 270
233 271
233 272
234 229
234 231
234 232
234 233
234 235
234 236
234 266
234 267
234 268
234 269
235 203
235 232
235 233
235 234
235 236
235 237
235 266
235 267
235 268
235 269
236 200
236 203
236 234
236 235
236 237
236 238
236 239
236 263
236 264
236 265
236 266
236 267
237 199
237 200
237 203
237 205
237 235
237 236
237 238
237 239
237 263
237 264
237 265
237 266
237 267
238 197
238 198
238 199
238 200
238 236
238 237
238 239
238 240
238 263
238 264
238 265
238 266
239 197
239 198
239 199
239 200
239 236
239 237
239 238
239 240
239 241
239 261
239 262
239 263
239 264
239 265
240 194
240 195
240 196
240 197
240 198
240 238
240 239
240 241
240 242
240 261
240 262
240 263
240 264
241 194
241 195
241 196
241 197
241 239
241 240
241 242
241 243
241 259
241 260
241 261
241 262
242 192
242 193
242 194
242 195
242 240
242 241
242 243
242 244
242 245
242 259
242 260
242 261
242 262
243 192
243 193
243 194
243 195
243 218
243 241
243 242
243 244
243 245
244 193
244 242
244 243
244 245
244 246
244 247
245 242
245 243
245 244
245 246
245 247
245 259
246 244
246 245
246 247
246 248
246 249
247 244
247 245
247 246
247 248
247 249
247 250
247 251
247 260
248 246
248 247
248 249
248 250
248 251
249 246
249 247
249 248
249 250
249 251
249 252
250 247
250 248
250 249
250 251
250 252
251 247
251 248
251 249
251 250
251 252
251 253
252 249
252 250
252 251
252 253
252 254
252 255
253 251
253 252
253 254
253 255
253 256
254 252
254 253
254 255
254 256
255 252
255 253
255 254
255 256
255 257
255 258
255 260
256 253
256 254
256 255
256 257
256 258
257 255
257 256
257 258
257 259
258 255
258 256
258 257
258 259
258 260
258 261
259 241
259 242
259 245
259 257
259 258
259 260
259 261
260 241
260 242
260 247
260 255
260 258
260 259
260 261
260 262
261 239
261 240
261 241
261 242
261 258
261 259
261 260
261 262
261 263
262 226
262 227
262 228
262 239
262 240
262 241
262 242
262 260
262 261
262 263
262 264
263 226
263 227
263 228
263 236
263 237
263 238
263 239
263 240
263 261
263 262
263 264
263 265
263 266
264 224
264 225
264 226
264 227
264 236
264 237
264 238
264 239
264 240
264 262
264 263
264 265
264 266
264 280
264 281
264 282
265 226
265 227
265 236
265 237
265 238
265 239
265 263
265 264
265 266
265 267
265 278
265 279
265 280
265 281
266 227
266 234
266 235
266 236
266 237
266 238
266 263
266 264
266 265
266 267
266 268
266 278
266 279
266 280
267 205
267 233
267 234
267 235
267 236
267 237
267 265
267 266
267 268
267 269
267 276
267 277
267 278
267 279
268 233
268 234
268 235
268 266
268 267
268 269
268 270
268 271
268 275
268 276
268 277
268 278
268 279
269 233
269 234
269 235
269 267
269 268
269 270
269 271
269 275
269 276
269 277
270 233
270 268
270 269
270 271
270 272
270 273
270 274
270 275
270 276
270 277
271 232
271 233
271 268
271 269
271 270
271 272
271 273
271 274
271 275
272 233
272 270
272 271
272 273
272 274
272 275
273 270
273 271
273 272
273 274
273 275
274 159
274 270
274 271
274 272
274 273
274 275
274 276
275 155
275 158
275 159
275 162
275 163
275 164
275 165
275 268
275 269
275 270
275 271
275 272
275 273
275 274
275 276
275 277
276 163
276 164
276 165
276 267
276 268
276 269
276 270
276 274
276 275
276 277
276 278
276 300
277 164
277 165
277 166
277 167
277 267
277 268
277 269
277 270
277 275
277 276
277 278
277 279
277 300
278 165
278 166
278 167
278 265
278 266
278 267
278 268
278 276
278 277
278 279
278 280
278 296
279 166
279 167
279 168
279 169
279 265
279 266
279 267
279 268
279 277
279 278
279 280
279 281
280 166
280 167
280 168
280 169
280 264
280 265
280 266
280 278
280 279
280 281
280 282
280 283
280 289
281 168
281 169
281 170
281 171
281 224
281 225
281 226
281 227
281 264
281 265
281 279
281 280
281 282
281 283
282 168
282 169
282 170
282 171
282 223
282 224
282 225
282 264
282 280
282 281
282 283
282 284
283 95
283 168
283 169
283 170
283 280
283 281
283 282
283 284
283 285
283 286
283 289
284 95
284 98
284 99
284 282
284 283
284 285
284 286
284 287
284 289
284 290
285 220
285 283
285 284
285 286
285 287
285 289
285 290
286 219
286 220
286 283
286 284
286 285
286 287
286 288
286 289
286 290
287 284
287 285
287 286
287 288
287 289
287 290
287 291
287 510
287 511
288 286
288 287
288 289
288 290
288 291
288 292
288 510
289 280
289 283
289 284
289 285
289 286
289 287
289 288
289 290
289 291
289 292
289 293
290 284
290 285
290 286
290 287
290 288
290 289
290 291
290 292
290 293
290 294
291 208
291 209
291 287
291 288
291 289
291 290
291 292
291 293
291 294
291 295
292 206
292 209
292 288
292 289
292 290
292 291
292 293
292 294
292 295
292 296
293 289
293 290
293 291
293 292
293 294
293 295
293 296
293 297
294 208
294 290
294 291
294 292
294 293
294 295
294 296
294 297
294 298
294 306
295 205
295 206
295 207
295 208
295 209
295 291
295 292
295 293
295 294
295 296
295 297
295 298
295 299
296 166
296 205
296 278
296 292
296 293
296 294
296 295
296 297
296 298
296 299
296 300
297 134
297 166
297 293
297 294
297 295
297 296
297 298
297 299
297 300
297 301
297 303
297 305
297 306
298 207
298 294
298 295
298 296
298 297
298 299
298 300
298 301
298 302
298 303
298 304
298 305
298 306
299 205
299 207
299 295
299 296
299 297
299 298
299 300
299 301
299 302
299 303
300 134
300 163
300 164
300 165
300 276
300 277
300 296
300 297
300 298
300 299
300 301
300 302
300 303
301 133
301 134
301 163
301 164
301 297
301 298
301 299
301 300
301 302
301 303
301 304
301 305
302 298
302 299
302 300
302 301
302 303
302 304
302 305
303 297
303 298
303 299
303 300
303 301
303 302
303 304
303 305
303 306
304 82
304 298
304 301
304 302
304 303
304 305
304 306
305 82
305 108
305 297
305 298
305 301
305 302
305 303
305 304
305 306
305 307
306 294
306 297
306 298
306 303
306 304
306 305
306 307
306 308
307 106
307 305
307 306
307 308
307 309
307 519
307 521
308 306
308 307
308 309
308 310
308 311
308 521
309 208
309 307
309 308
309 310
309 311
309 554
309 555
309 556
310 308
310 309
310 311
310 312
310 521
310 555
310 556
310 557
310 558
311 308
311 309
311 310
311 312
311 313
311 517
311 520
311 521
311 522
311 523
311 555
311 556
311 557
311 558
312 310
312 311
312 313
312 314
312 521
312 522
312 523
312 557
312 558
312 559
312 560
312 565
313 311
313 312
313 314
313 315
313 522
313 523
313 524
313 525
313 557
313 558
313 559
313 560
314 312
314 313
314 315
314 316
314 352
314 353
314 354
314 523
314 524
314 525
314 559
314 560
314 562
315 313
315 314
315 316
315 317
315 352
315 353
315 354
315 524
315 525
315 526
315 527
316 314
316 315
316 317
316 318
316 353
316 354
316 355
316 356
316 524
316 525
316 526
316 527
316 528
317 315
317 316
317 318
317 319
317 320
317 353
317 354
317 355
317 356
317 526
317 527
317 528
317 529
318 316
318 317
318 319
318 320
318 355
318 356
318 357
318 388
318 526
318 527
318 528
318 529
319 317
319 318
319 320
319 321
319 322
319 323
319 356
319 357
319 358
319 388
319 392
319 528
319 529
320 317
320 318
320 319
320 321
320 322
320 323
320 355
320 356
320 357
320 358
320 528
320 529
321 319
321 320
321 322
321 323
321 328
321 357
321 358
321 359
321 360
321 361
321 362
321 363
321 364
321 373
321 529
322 319
322 320
322 321
322 323
322 324
322 357
322 358
322 361
322 362
322 392
322 529
323 319
323 320
323 321
323 322
323 324
323 325
323 327
323 328
323 529
323 530
324 322
324 323
324 325
324 326
324 327
324 328
324 365
325 323
325 324
325 326
325 327
325 328
325 364
325 365
325 366
325 369
326 324
326 325
326 327
326 328
326 365
326 366
327 323
327 324
327 325
327 326
327 328
327 329
327 492
327 530
327 533
327 534
328 321
328 323
328 324
328 325
328 326
328 327
328 329
328 330
328 365
328 369
328 529
328 530
328 532
328 533
328 534
329 327
329 328
329 330
329 331
329 332
329 333
329 334
329 369
329 372
329 373
329 529
329 530
329 532
329 533
329 534
330 328
330 329
330 331
330 332
330 333
330 334
330 368
330 369
330 370
330 371
330 372
330 373
330 533
331 329
331 330
331 332
331 333
331 334
331 335
331 368
331 369
331 371
331 372
331 375
332 329
332 330
332 331
332 333
332 334
332 335
332 336
332 372
333 329
333 330
333 331
333 332
333 334
333 335
333 336
333 337
333 372
333 532
333 533
333 534
333 536
334 329
334 330
334 331
334 332
334 333
334 335
334 336
334 337
334 338
334 372
334 375
334 376
335 331
335 332
335 333
335 334
335 336
335 337
335 338
335 339
336 332
336 333
336 334
336 335
336 337
336 338
336 339
336 340
337 333
337 334
337 335
337 336
337 338
337 339
337 340
337 341
337 532
337 539
338 334
338 335
338 336
338 337
338 339
338 340
338 341
338 342
338 382
339 335
339 336
339 337
339 338
339 340
339 341
339 342
339 343
340 336
340 337
340 338
340 339
340 341
340 342
340 343
340 344
340 539
340 543
341 337
341 338
341 339
341 340
341 342
341 343
341 344
341 345
341 351
341 352
341 353
342 338
342 339
342 340
342 341
342 343
342 344
342 345
342 346
342 351
343 339
343 340
343 341
343 342
343 344
343 345
343 346
343 347
344 340
344 341
344 342
344 343
344 345
344 346
344 347
344 348
344 349
344 351
344 543
344 546
345 341
345 342
345 343
345 344
345 346
345 347
345 348
345 349
345 350
345 351
345 352
346 342
346 343
346 344
346 345
346 347
346 348
346 349
347 343
347 344
347 345
347 346
347 348
347 349
347 546
347 550
347 557
348 344
348 345
348 346
348 347
348 349
348 350
348 351
348 556
348 557
348 558
348 559
349 344
349 345
349 346
349 347
349 348
349 350
349 351
349 557
349 558
349 559
350 345
350 348
350 349
350 351
350 352
350 558
350 559
351 341
351 342
351 344
351 345
351 348
351 349
351 350
351 352
351 353
351 558
351 559
352 314
352 315
352 341
352 345
352 350
352 351
352 353
352 354
352 382
352 383
352 384
352 559
353 314
353 315
353 316
353 317
353 341
353 351
353 352
353 354
353 355
353 383
353 384
354 314
354 315
354 316
354 317
354 352
354 353
354 355
354 356
354 383
354 384
354 385
354 386
355 316
355 317
355 318
355 320
355 353
355 354
355 356
355 357
355 383
355 384
355 385
355 386
356 316
356 317
356 318
356 319
356 320
356 354
356 355
356 357
356 358
356 385
356 386
356 387
356 388
356 427
356 428
357 318
357 319
357 320
357 321
357 322
357 355
357 356
357 358
357 359
357 385
357 386
357 387
357 388
357 389
358 319
358 320
358 321
358 322
358 356
358 357
358 359
358 360
358 361
358 362
358 387
358 388
358 389
358 390
358 391
358 392
358 411
359 321
359 357
359 358
359 360
359 361
359 362
359 390
359 391
359 411
359 414
359 415
360 321
360 358
360 359
360 361
360 362
360 390
360 391
360 411
361 321
361 322
361 358
361 359
361 360
361 362
361 363
361 364
361 391
362 321
362 322
362 358
362 359
362 360
362 361
362 363
362 364
362 370
362 373
363 321
363 361
363 362
363 364
363 365
363 369
363 370
363 373
364 321
364 325
364 361
364 362
364 363
364 365
364 366
364 370
365 324
365 325
365 326
365 328
365 363
365 364
365 366
365 367
365 368
365 369
365 370
366 325
366 326
366 364
366 365
366 367
366 368
366 369
366 370
367 365
367 366
367 368
367 369
367 370
367 371
368 330
368 331
368 365
368 366
368 367
368 369
368 370
368 371
368 372
369 325
369 328
369 329
369 330
369 331
369 363
369 365
369 366
369 367
369 368
369 370
369 371
369 372
369 373
370 330
370 362
370 363
370 364
370 365
370 366
370 367
370 368
370 369
370 371
370 372
370 373
370 374
371 330
371 331
371 367
371 368
371 369
371 370
371 372
371 373
371 374
371 375
372 329
372 330
372 331
372 332
372 333
372 334
372 368
372 369
372 370
372 371
372 373
372 374
372 375
372 376
373 321
373 329
373 330
373 362
373 363
373 369
373 370
373 371
373 372
373 374
373 375
373 376
373 377
374 370
374 371
374 372
374 373
374 375
374 376
374 377
374 378
375 331
375 334
375 371
375 372
375 373
375 374
375 376
375 377
375 378
375 379
376 334
376 372
376 373
376 374
376 375
376 377
376 378
376 379
376 380
377 373
377 374
377 375
377 376
377 378
377 379
377 380
377 418
377 420
378 374
378 375
378 376
378 377
378 379
378 380
379 375
379 376
379 377
379 378
379 380
379 381
379 382
379 383
380 376
380 377
380 378
380 379
380 381
380 382
380 383
380 384
380 419
380 420
381 379
381 380
381 382
381 383
381 384
381 420
382 338
382 352
382 379
382 380
382 381
382 383
382 384
383 352
383 353
383 354
383 355
383 379
383 380
383 381
383 382
383 384
383 385
384 352
384 353
384 354
384 355
384 380
384 381
384 382
384 383
384 385
384 386
384 421
384 424
385 354
385 355
385 356
385 357
385 383
385 384
385 386
385 387
385 420
385 421
385 422
385 424
386 354
386 355
386 356
386 357
386 384
386 385
386 387
386 388
386 422
386 424
386 426
386 427
386 428
387 356
387 357
387 358
387 385
387 386
387 388
387 389
387 390
387 411
387 412
387 426
387 427
387 428
388 318
388 319
388 356
388 357
388 358
388 386
388 387
388 389
388 390
388 392
388 427
388 428
388 429
388 430
389 357
389 358
389 387
389 388
389 390
389 391
389 392
389 393
389 407
389 408
389 411
389 429
389 430
390 358
390 359
390 360
390 387
390 388
390 389
390 391
390 392
390 393
390 407
390 408
390 410
390 411
391 358
391 359
391 360
391 361
391 389
391 390
391 392
391 393
391 407
392 319
392 322
392 358
392 388
392 389
392 390
392 391
392 393
392 394
392 430
393 389
393 390
393 391
393 392
393 394
393 395
393 397
393 430
394 392
394 393
394 395
394 396
394 397
394 398
394 429
394 430
394 431
394 432
394 433
394 434
395 393
395 394
395 396
395 397
395 398
395 404
395 429
395 430
395 433
395 434
395 439
395 442
396 394
396 395
396 397
396 398
396 399
396 433
396 434
396 439
396 593
396 594
396 595
397 393
397 394
397 395
397 396
397 398
397 399
397 595
398 394
398 395
398 396
398 397
398 399
398 400
398 401
398 403
398 404
399 396
399 397
399 398
399 400
399 401
400 398
400 399
400 401
400 402
400 403
400 404
400 441
401 398
401 399
401 400
401 402
401 403
401 404
401 405
401 441
401 442
401 444
401 445
402 400
402 401
402 403
402 404
402 405
402 406
402 445
403 398
403 400
403 401
403 402
403 404
403 405
403 406
403 407
404 395
404 398
404 400
404 401
404 402
404 403
404 405
404 406
404 407
404 408
404 441
404 442
404 445
405 401
405 402
405 403
405 404
405 406
405 407
405 408
405 409
405 445
405 446
405 448
405 449
406 402
406 403
406 404
406 405
406 407
406 408
406 409
406 410
407 389
407 390
407 391
407 403
407 404
407 405
407 406
407 408
407 409
407 410
407 411
408 389
408 390
408 404
408 405
408 406
408 407
408 409
408 410
408 411
408 412
408 445
408 446
408 449
409 405
409 406
409 407
409 408
409 410
409 411
409 412
409 413
409 449
410 390
410 406
410 407
410 408
410 409
410 411
410 412
410 413
410 414
411 358
411 359
411 360
411 387
411 389
411 390
411 407
411 408
411 409
411 410
411 412
411 413
411 414
411 415
412 387
412 408
412 409
412 410
412 411
412 413
412 414
412 415
412 416
412 422
412 449
412 450
413 409
413 410
413 411
413 412
413 414
413 415
413 416
413 417
414 359
414 410
414 411
414 412
414 413
414 415
414 416
414 417
414 418
415 359
415 411
415 412
415 413
415 414
415 416
415 417
415 418
415 419
415 420
415 421
415 422
416 412
416 413
416 414
416 415
416 417
416 418
416 419
416 420
416 421
416 422
417 413
417 414
417 415
417 416
417 418
417 419
417 420
418 377
418 414
418 415
418 416
418 417
418 419
418 420
419 380
419 415
419 416
419 417
419 418
419 420
419 421
420 377
420 380
420 381
420 385
420 415
420 416
420 417
420 418
420 419
420 421
420 422
421 384
421 385
421 415
421 416
421 419
421 420
421 422
421 423
421 424
422 385
422 386
422 412
422 415
422 416
422 420
422 421
422 423
422 424
422 425
422 450
423 421
423 422
423 424
423 425
423 450
423 451
424 384
424 385
424 386
424 421
424 422
424 423
424 425
424 426
424 452
424 562
424 563
425 422
425 423
425 424
425 426
425 427
425 450
425 451
425 452
425 453
425 454
425 562
425 563
426 386
426 387
426 424
426 425
426 427
426 428
426 452
426 453
426 454
426 455
426 562
426 563
427 356
427 386
427 387
427 388
427 425
427 426
427 428
427 429
427 452
427 454
427 455
427 456
428 356
428 386
428 387
428 388
428 426
428 427
428 429
428 430
428 432
428 455
428 456
428 457
429 388
429 389
429 394
429 395
429 427
429 428
429 430
429 431
429 432
429 433
429 434
429 435
430 388
430 389
430 392
430 393
430 394
430 395
430 428
430 429
430 431
430 432
430 433
431 394
431 429
431 430
431 432
431 433
432 394
432 428
432 429
432 430
432 431
432 433
432 434
432 435
432 436
432 456
432 457
432 458
432 459
433 394
433 395
433 396
433 429
433 430
433 431
433 432
433 434
433 435
433 436
433 437
433 439
433 593
433 594
434 394
434 395
434 396
434 429
434 432
434 433
434 435
434 436
434 437
434 438
434 439
434 440
434 442
434 593
434 594
435 429
435 432
435 433
435 434
435 436
435 437
435 438
435 439
435 442
435 455
435 456
435 457
435 479
436 432
436 433
436 434
436 435
436 437
436 438
436 439
436 457
436 459
436 460
436 461
436 590
437 433
437 434
437 435
437 436
437 438
437 439
437 459
437 460
437 584
437 590
437 593
437 594
438 434
438 435
438 436
438 437
438 439
438 440
438 653
438 654
439 395
439 396
439 433
439 434
439 435
439 436
439 437
439 438
439 440
439 441
439 442
439 443
439 594
439 595
440 434
440 438
440 439
440 441
440 442
440 443
440 444
440 655
441 400
441 401
441 404
441 439
441 440
441 442
441 443
441 444
441 445
442 395
442 401
442 404
442 434
442 435
442 439
442 440
442 441
442 443
442 444
442 445
442 446
443 439
443 440
443 441
443 442
443 444
443 445
443 446
443 447
443 475
443 477
444 401
444 440
444 441
444 442
444 443
444 445
444 446
444 447
444 448
445 401
445 402
445 404
445 405
445 408
445 441
445 442
445 443
445 444
445 446
445 447
445 448
445 449
445 450
446 405
446 408
446 442
446 443
446 444
446 445
446 447
446 448
446 449
446 450
446 451
446 452
447 443
447 444
447 445
447 446
447 448
447 449
447 450
447 451
447 452
447 453
448 405
448 444
448 445
448 446
448 447
448 449
448 450
448 451
449 405
449 408
449 409
449 412
449 445
449 446
449 447
449 448
449 450
449 451
450 412
450 422
450 423
450 425
450 445
450 446
450 447
450 448
450 449
450 451
450 452
451 423
451 425
451 446
451 447
451 448
451 449
451 450
451 452
451 453
452 424
452 425
452 426
452 427
452 446
452 447
452 450
452 451
452 453
452 454
452 455
452 477
453 425
453 426
453 447
453 451
453 452
453 454
453 455
453 476
453 477
453 478
453 563
454 425
454 426
454 427
454 452
454 453
454 455
454 456
454 477
454 478
454 479
454 480
454 562
454 563
454 566
455 426
455 427
455 428
455 435
455 452
455 453
455 454
455 456
455 457
455 477
455 478
455 479
455 480
456 427
456 428
456 432
456 435
456 454
456 455
456 457
456 458
456 479
456 480
456 481
456 482
457 428
457 432
457 435
457 436
457 455
457 456
457 458
457 459
457 460
457 479
457 480
457 481
457 482
458 432
458 456
458 457
458 459
458 460
458 462
458 463
458 466
458 469
458 481
458 482
458 483
458 484
459 432
459 436
459 437
459 457
459 458
459 460
459 461
459 462
459 463
459 469
459 590
460 436
460 437
460 457
460 458
460 459
460 461
460 462
460 463
460 469
460 470
460 471
460 481
461 436
461 459
461 460
461 462
461 463
461 468
461 469
461 470
461 580
461 581
461 582
462 458
462 459
462 460
462 461
462 463
462 464
462 465
462 466
462 468
462 469
462 587
463 458
463 459
463 460
463 461
463 462
463 464
463 465
463 466
463 469
464 462
464 463
464 465
464 466
464 467
464 468
464 469
465 462
465 463
465 464
465 466
465 467
465 468
465 469
466 458
466 462
466 463
466 464
466 465
466 467
466 468
466 469
466 483
467 101
467 104
467 105
467 464
467 465
467 466
467 468
467 469
468 104
468 105
468 461
468 462
468 464
468 465
468 466
468 467
468 469
468 470
469 458
469 459
469 460
469 461
469 462
469 463
469 464
469 465
469 466
469 467
469 468
469 470
469 471
469 481
469 482
470 460
470 461
470 468
470 469
470 471
470 472
470 480
470 481
470 576
471 460
471 469
471 470
471 472
471 473
471 478
471 479
471 480
471 481
471 569
471 570
471 576
471 577
471 579
472 470
472 471
472 473
472 474
472 478
472 479
472 480
472 576
472 577
472 578
472 579
473 471
473 472
473 474
473 475
473 476
473 477
473 478
473 479
473 577
473 578
473 579
474 472
474 473
474 475
474 476
474 477
474 478
474 479
474 579
474 651
474 652
474 653
475 443
475 473
475 474
475 476
475 477
475 651
475 652
476 453
476 473
476 474
476 475
476 477
476 478
477 443
477 452
477 453
477 454
477 455
477 473
477 474
477 475
477 476
477 478
477 479
478 453
478 454
478 455
478 471
478 472
478 473
478 474
478 476
478 477
478 479
478 480
478 566
479 435
479 454
479 455
479 456
479 457
479 471
479 472
479 473
479 474
479 477
479 478
479 480
479 481
479 566
480 454
480 455
480 456
480 457
480 470
480 471
480 472
480 478
480 479
480 481
480 482
480 566
480 569
481 456
481 457
481 458
481 460
481 469
481 470
481 471
481 479
481 480
481 482
481 483
481 523
481 524
482 456
482 457
482 458
482 469
482 480
482 481
482 483
482 484
482 523
482 524
482 525
482 526
483 458
483 466
483 481
483 482
483 484
483 485
483 523
483 524
483 525
483 526
484 458
484 482
484 483
484 485
484 486
484 487
484 525
484 526
484 527
485 483
485 484
485 486
485 487
485 513
485 525
485 526
485 527
486 484
486 485
486 487
486 488
486 504
486 507
486 513
487 484
487 485
487 486
487 488
487 489
487 491
487 527
487 531
487 537
487 538
488 486
488 487
488 489
488 490
488 491
488 527
488 528
488 531
489 487
489 488
489 490
489 491
489 492
489 527
489 528
489 529
489 530
489 531
490 488
490 489
490 491
490 492
490 530
491 487
491 488
491 489
491 490
491 492
491 493
491 496
491 497
491 498
491 530
491 531
491 537
492 327
492 489
492 490
492 491
492 493
492 494
492 496
492 497
492 530
492 531
492 533
492 534
492 535
492 536
492 537
493 491
493 492
493 494
493 495
493 496
493 497
493 534
493 535
493 537
494 492
494 493
494 495
494 496
494 497
494 500
494 501
494 535
494 537
495 493
495 494
495 496
495 497
495 500
495 501
496 491
496 492
496 493
496 494
496 495
496 497
496 498
496 500
496 501
497 491
497 492
497 493
497 494
497 495
497 496
497 498
497 499
497 500
497 501
497 503
497 504
498 491
498 496
498 497
498 499
498 500
498 501
498 503
499 497
499 498
499 500
499 501
499 502
499 503
500 494
500 495
500 496
500 497
500 498
500 499
500 501
500 502
500 503
500 504
501 494
501 495
501 496
501 497
501 498
501 499
501 500
501 502
501 503
501 504
501 505
502 499
502 500
502 501
502 503
502 504
502 505
502 506
503 497
503 498
503 499
503 500
503 501
503 502
503 504
503 505
503 506
503 507
504 486
504 497
504 500
504 501
504 502
504 503
504 505
504 506
504 507
504 508
504 541
505 501
505 502
505 503
505 504
505 506
505 507
505 508
505 509
506 502
506 503
506 504
506 505
506 507
506 508
506 509
506 510
506 511
507 486
507 503
507 504
507 505
507 506
507 508
507 509
507 510
507 511
507 512
507 513
507 514
508 504
508 505
508 506
508 507
508 509
508 510
508 511
508 512
508 513
508 514
508 541
508 544
508 545
508 548
509 505
509 506
509 507
509 508
509 510
509 511
509 514
509 544
509 545
509 548
510 287
510 288
510 506
510 507
510 508
510 509
510 511
510 512
510 513
510 514
510 515
510 548
511 287
511 506
511 507
511 508
511 509
511 510
511 512
511 513
511 514
511 515
512 507
512 508
512 510
512 511
512 513
512 514
512 515
512 516
513 485
513 486
513 507
513 508
513 510
513 511
513 512
513 514
513 515
513 516
513 517
513 545
514 507
514 508
514 509
514 510
514 511
514 512
514 513
514 515
514 516
514 517
514 518
514 545
514 549
515 510
515 511
515 512
515 513
515 514
515 516
515 517
515 518
515 519
516 512
516 513
516 514
516 515
516 517
516 518
516 519
516 520
516 523
517 311
517 513
517 514
517 515
517 516
517 518
517 519
517 520
517 521
517 522
517 523
518 514
518 515
518 516
518 517
518 519
518 520
518 521
519 102
519 105
519 106
519 307
519 515
519 516
519 517
519 518
519 520
519 521
520 105
520 106
520 311
520 516
520 517
520 518
520 519
520 521
520 522
520 523
521 307
521 308
521 310
521 311
521 312
521 517
521 518
521 519
521 520
521 522
521 523
522 311
522 312
522 313
522 517
522 520
522 521
522 523
522 524
522 565
522 569
523 311
523 312
523 313
523 314
523 481
523 482
523 483
523 516
523 517
523 520
523 521
523 522
523 524
523 525
524 313
524 314
524 315
524 316
524 481
524 482
524 483
524 522
524 523
524 525
524 526
525 313
525 314
525 315
525 316
525 482
525 483
525 484
525 485
525 523
525 524
525 526
525 527
526 315
526 316
526 317
526 318
526 482
526 483
526 484
526 485
526 524
526 525
526 527
526 528
527 315
527 316
527 317
527 318
527 484
527 485
527 487
527 488
527 489
527 525
527 526
527 528
527 529
527 531
527 538
528 316
528 317
528 318
528 319
528 320
528 488
528 489
528 526
528 527
528 529
528 530
528 531
528 532
529 317
529 318
529 319
529 320
529 321
529 322
529 323
529 328
529 329
529 489
529 527
529 528
529 530
529 531
529 532
529 533
530 323
530 327
530 328
530 329
530 489
530 490
530 491
530 492
530 528
530 529
530 531
530 532
530 533
530 534
531 487
531 488
531 489
531 491
531 492
531 527
531 528
531 529
531 530
531 532
531 533
531 534
531 535
531 536
531 537
531 538
532 328
532 329
532 333
532 337
532 528
532 529
532 530
532 531
532 533
532 534
532 535
532 536
532 537
532 538
532 539
533 327
533 328
533 329
533 330
533 333
533 492
533 529
533 530
533 531
533 532
533 534
533 535
533 536
534 327
534 328
534 329
534 333
534 492
534 493
534 530
534 531
534 532
534 533
534 535
534 536
535 492
535 493
535 494
535 531
535 532
535 533
535 534
535 536
535 537
536 333
536 492
536 531
536 532
536 533
536 534
536 535
536 537
536 538
536 539
536 540
537 487
537 491
537 492
537 493
537 494
537 531
537 532
537 535
537 536
537 538
537 539
537 540
537 541
538 487
538 527
538 531
538 532
538 536
538 537
538 539
538 540
538 541
538 542
539 337
539 340
539 532
539 536
539 537
539 538
539 540
539 541
539 542
539 543
540 536
540 537
540 538
540 539
540 541
540 542
540 543
540 544
541 504
541 508
541 537
541 538
541 539
541 540
541 542
541 543
541 544
541 545
542 538
542 539
542 540
542 541
542 543
542 544
542 545
542 546
543 340
543 344
543 539
543 540
543 541
543 542
543 544
543 545
543 546
543 547
544 508
544 509
544 540
544 541
544 542
544 543
544 545
544 546
544 547
544 548
545 508
545 509
545 513
545 514
545 541
545 542
545 543
545 544
545 546
545 547
545 548
545 549
546 344
546 347
546 542
546 543
546 544
546 545
546 547
546 548
546 549
546 550
547 543
547 544
547 545
547 546
547 548
547 549
547 550
547 551
548 508
548 509
548 510
548 544
548 545
548 546
548 547
548 549
548 550
548 551
548 552
549 514
549 545
549 546
549 547
549 548
549 550
549 551
549 552
549 553
549 555
550 347
550 546
550 547
550 548
550 549
550 551
550 552
550 553
550 554
550 555
551 210
551 212
551 213
551 547
551 548
551 549
551 550
551 552
551 553
552 209
552 210
552 211
552 212
552 548
552 549
552 550
552 551
552 553
552 554
553 208
553 209
553 210
553 211
553 549
553 550
553 551
553 552
553 554
553 555
554 207
554 208
554 209
554 210
554 309
554 550
554 552
554 553
554 555
554 556
555 208
555 309
555 310
555 311
555 549
555 550
555 553
555 554
555 556
555 557
556 309
556 310
556 311
556 348
556 554
556 555
556 557
556 558
557 310
557 311
557 312
557 313
557 347
557 348
557 349
557 555
557 556
557 558
557 559
558 310
558 311
558 312
558 313
558 348
558 349
558 350
558 351
558 556
558 557
558 559
558 560
559 312
559 313
559 314
559 348
559 349
559 350
559 351
559 352
559 557
559 558
559 560
559 561
559 565
560 312
560 313
560 314
560 558
560 559
560 561
560 562
560 564
560 565
561 559
561 560
561 562
561 563
561 564
561 565
562 314
562 424
562 425
562 426
562 454
562 560
562 561
562 563
562 564
562 565
562 566
563 424
563 425
563 426
563 453
563 454
563 561
563 562
563 564
563 565
563 566
563 567
564 560
564 561
564 562
564 563
564 565
564 566
564 567
564 568
565 312
565 522
565 559
565 560
565 561
565 562
565 563
565 564
565 566
565 567
565 568
565 569
566 454
566 478
566 479
566 480
566 562
566 563
566 564
566 565
566 567
566 568
566 569
566 570
567 563
567 564
567 565
567 566
567 568
567 569
567 570
567 571
568 564
568 565
568 566
568 567
568 569
568 570
568 571
568 572
569 471
569 480
569 522
569 565
569 566
569 567
569 568
569 570
569 571
569 572
569 573
570 471
570 566
570 567
570 568
570 569
570 571
570 572
570 573
570 574
570 575
570 576
570 577
571 567
571 568
571 569
571 570
571 572
571 573
571 574
572 568
572 569
572 570
572 571
572 573
572 574
573 569
573 570
573 571
573 572
573 574
573 575
573 576
573 577
574 570
574 571
574 572
574 573
574 575
574 576
574 577
575 570
575 573
575 574
575 576
575 577
575 578
576 470
576 471
576 472
576 570
576 573
576 574
576 575
576 577
576 578
576 579
577 471
577 472
577 473
577 570
577 573
577 574
577 575
577 576
577 578
577 579
578 472
578 473
578 575
578 576
578 577
578 579
578 580
578 651
579 471
579 472
579 473
579 474
579 576
579 577
579 578
579 580
579 581
579 651
580 461
580 578
580 579
580 581
580 582
580 688
580 691
580 692
581 461
581 579
581 580
581 582
581 583
581 653
581 654
581 688
581 691
581 692
582 461
582 580
582 581
582 583
582 584
582 691
582 692
582 693
583 581
583 582
583 584
583 585
583 586
583 587
583 600
583 691
583 692
583 693
583 694
584 437
584 582
584 583
584 585
584 586
584 587
584 588
584 590
584 591
584 594
584 600
584 692
585 583
585 584
585 586
585 587
585 588
585 590
585 591
585 600
586 583
586 584
586 585
586 587
586 588
586 591
587 462
587 583
587 584
587 585
587 586
587 588
587 589
587 590
587 591
588 584
588 585
588 586
588 587
588 589
588 590
588 591
588 592
589 587
589 588
589 590
589 591
589 592
589 593
590 436
590 437
590 459
590 584
590 585
590 587
590 588
590 589
590 591
590 592
590 593
590 594
591 584
591 585
591 586
591 587
591 588
591 589
591 590
591 592
591 593
591 594
592 588
592 589
592 590
592 591
592 593
592 594
593 396
593 433
593 434
593 437
593 589
593 590
593 591
593 592
593 594
593 595
594 396
594 433
594 434
594 437
594 439
594 584
594 590
594 591
594 592
594 593
594 595
594 596
594 598
595 396
595 397
595 439
595 593
595 594
595 596
595 597
595 598
596 594
596 595
596 597
596 598
596 599
597 595
597 596
597 598
597 599
598 594
598 595
598 596
598 597
598 599
598 600
598 602
599 596
599 597
599 598
599 600
599 601
599 602
599 603
600 583
600 584
600 585
600 598
600 599
600 601
600 602
600 603
601 599
601 600
601 602
601 603
601 664
601 670
602 598
602 599
602 600
602 601
602 603
602 604
602 658
602 661
602 662
602 663
602 664
602 672
603 599
603 600
603 601
603 602
603 604
603 605
603 658
603 661
603 672
603 693
604 602
604 603
604 605
604 606
604 607
604 661
604 671
604 672
604 673
604 674
604 693
604 696
605 603
605 604
605 606
605 607
605 671
605 672
605 673
605 693
605 695
605 696
605 697
606 604
606 605
606 607
606 608
606 672
606 673
606 674
606 696
606 697
606 698
606 699
607 604
607 605
607 606
607 608
607 609
607 673
607 674
607 675
607 676
607 696
607 697
607 698
607 699
608 606
608 607
608 609
608 610
608 616
608 620
608 673
608 674
608 675
608 676
608 677
608 698
608 699
608 700
609 607
609 608
609 610
609 611
609 675
609 676
609 677
609 678
609 679
609 680
609 698
609 699
609 700
610 608
610 609
610 611
610 612
610 613
610 614
610 616
610 675
610 676
610 677
610 678
610 679
610 680
610 699
610 700
610 701
611 609
611 610
611 612
611 613
611 614
611 616
611 677
611 678
611 679
611 680
611 681
611 700
611 701
611 702
611 753
612 610
612 611
612 613
612 614
612 615
612 616
612 677
612 678
612 708
612 712
613 610
613 611
613 612
613 614
613 615
613 616
613 708
613 711
613 712
614 610
614 611
614 612
614 613
614 615
614 616
614 701
614 702
614 703
614 708
614 777
615 612
615 613
615 614
615 616
615 617
615 618
615 619
615 701
615 777
615 780
615 781
616 608
616 610
616 611
616 612
616 613
616 614
616 615
616 617
616 618
616 619
616 620
616 675
616 677
616 701
617 615
617 616
617 618
617 619
617 620
617 621
617 640
617 675
618 615
618 616
618 617
618 619
618 620
618 621
618 622
618 828
619 615
619 616
619 617
619 618
619 620
619 621
619 622
619 623
619 780
620 608
620 616
620 617
620 618
620 619
620 621
620 622
620 623
620 624
620 631
620 674
620 675
621 617
621 618
621 619
621 620
621 622
621 623
621 624
621 625
622 618
622 619
622 620
622 621
622 623
622 624
622 625
622 626
622 788
622 818
623 619
623 620
623 621
623 622
623 624
623 625
623 626
623 629
623 788
624 620
624 621
624 622
624 623
624 625
624 626
624 627
624 629
624 630
624 631
625 621
625 622
625 623
625 624
625 626
625 627
625 629
626 622
626 623
626 624
626 625
626 627
626 628
626 629
626 630
626 801
627 624
627 625
627 626
627 628
627 629
627 630
628 626
628 627
628 629
628 630
628 669
628 670
628 671
628 797
628 799
629 623
629 624
629 625
629 626
629 627
629 628
629 630
629 631
629 670
629 671
629 672
629 673
630 624
630 626
630 627
630 628
630 629
630 631
630 632
630 670
630 671
630 672
630 673
631 620
631 624
631 629
631 630
631 632
631 633
631 661
631 672
631 673
631 674
632 630
632 631
632 633
632 634
632 640
632 642
632 660
632 661
632 662
632 672
632 673
632 674
633 631
633 632
633 634
633 635
633 640
633 660
633 661
633 662
634 632
634 633
634 635
634 636
634 638
634 639
634 640
634 641
634 642
634 660
635 633
635 634
635 636
635 637
635 638
635 639
635 640
635 641
635 642
636 634
636 635
636 637
636 638
636 639
637 635
637 636
637 638
637 639
638 634
638 635
638 636
638 637
638 639
638 640
638 641
638 642
638 643
639 634
639 635
639 636
639 637
639 638
639 640
639 641
639 642
640 617
640 632
640 633
640 634
640 635
640 638
640 639
640 641
640 642
640 675
641 634
641 635
641 638
641 639
641 640
641 642
641 643
641 674
641 675
641 676
641 677
642 632
642 634
642 635
642 638
642 639
642 640
642 641
642 643
642 644
642 657
642 660
642 674
642 675
642 676
643 638
643 641
643 642
643 644
643 645
643 646
643 647
643 649
643 676
643 678
643 679
644 642
644 643
644 645
644 646
644 647
644 648
644 649
644 650
644 657
645 643
645 644
645 646
645 647
645 649
645 650
645 679
645 684
645 685
645 686
645 688
645 689
646 643
646 644
646 645
646 647
646 648
646 649
646 650
646 678
646 679
646 682
646 683
646 684
646 685
647 643
647 644
647 645
647 646
647 648
647 649
647 650
648 644
648 646
648 647
648 649
648 650
648 651
648 652
649 643
649 644
649 645
649 646
649 647
649 648
649 650
649 651
649 652
649 653
650 644
650 645
650 646
650 647
650 648
650 649
650 651
650 652
650 653
651 474
651 475
651 578
651 579
651 648
651 649
651 650
651 652
651 653
652 474
652 475
652 648
652 649
652 650
652 651
652 653
652 654
652 655
652 656
652 657
653 438
653 474
653 581
653 649
653 650
653 651
653 652
653 654
653 655
653 656
653 657
654 438
654 581
654 652
654 653
654 655
654 656
654 657
654 658
655 440
655 652
655 653
655 654
655 656
655 657
655 658
655 659
656 652
656 653
656 654
656 655
656 657
656 658
656 659
656 660
657 642
657 644
657 652
657 653
657 654
657 655
657 656
657 658
657 659
657 660
657 661
658 602
658 603
658 654
658 655
658 656
658 657
658 659
658 660
658 661
659 655
659 656
659 657
659 658
659 660
659 661
659 662
660 632
660 633
660 634
660 642
660 656
660 657
660 658
660 659
660 661
660 662
661 602
661 603
661 604
661 631
661 632
661 633
661 657
661 658
661 659
661 660
661 662
661 663
661 672
662 602
662 632
662 633
662 659
662 660
662 661
662 663
662 664
663 602
663 661
663 662
663 664
663 665
664 601
664 602
664 662
664 663
664 665
664 666
664 667
664 670
665 663
665 664
665 666
665 667
665 668
665 670
666 664
666 665
666 667
666 668
667 664
667 665
667 666
667 668
667 669
667 670
668 665
668 666
668 667
668 669
668 670
669 628
669 667
669 668
669 670
669 671
670 601
670 628
670 629
670 630
670 664
670 665
670 667
670 668
670 669
670 671
670 672
671 604
671 605
671 628
671 629
671 630
671 669
671 670
671 672
671 673
672 602
672 603
672 604
672 605
672 606
672 629
672 630
672 631
672 632
672 661
672 670
672 671
672 673
672 674
673 604
673 605
673 606
673 607
673 608
673 629
673 630
673 631
673 632
673 671
673 672
673 674
673 675
674 604
674 606
674 607
674 608
674 620
674 631
674 632
674 641
674 642
674 672
674 673
674 675
674 676
675 607
675 608
675 609
675 610
675 616
675 617
675 620
675 640
675 641
675 642
675 673
675 674
675 676
675 677
676 607
676 608
676 609
676 610
676 641
676 642
676 643
676 674
676 675
676 677
676 678
676 679
677 608
677 609
677 610
677 611
677 612
677 616
677 641
677 675
677 676
677 678
677 679
677 680
678 609
678 610
678 611
678 612
678 643
678 646
678 676
678 677
678 679
678 680
678 681
678 682
679 609
679 610
679 611
679 643
679 645
679 646
679 676
679 677
679 678
679 680
679 681
679 682
679 685
679 686
680 609
680 610
680 611
680 677
680 678
680 679
680 681
680 682
680 685
680 700
680 753
680 759
680 760
680 763
681 611
681 678
681 679
681 680
681 682
681 683
681 753
681 759
682 646
682 678
682 679
682 680
682 681
682 683
682 684
682 685
682 686
683 646
683 681
683 682
683 684
683 685
683 686
683 762
684 645
684 646
684 682
684 683
684 685
684 686
684 687
684 688
685 645
685 646
685 679
685 680
685 682
685 683
685 684
685 686
685 687
685 688
685 689
686 645
686 679
686 682
686 683
686 684
686 685
686 687
686 688
686 689
686 690
686 762
686 763
686 765
686 766
686 767
687 684
687 685
687 686
687 688
687 689
687 690
687 691
687 766
688 580
688 581
688 645
688 684
688 685
688 686
688 687
688 689
688 690
688 691
688 692
689 645
689 685
689 686
689 687
689 688
689 690
689 691
689 692
689 693
689 694
690 686
690 687
690 688
690 689
690 691
690 692
690 693
690 694
690 695
690 696
690 766
690 767
691 580
691 581
691 582
691 583
691 687
691 688
691 689
691 690
691 692
691 693
691 694
692 580
692 581
692 582
692 583
692 584
692 688
692 689
692 690
692 691
692 693
692 694
693 582
693 583
693 603
693 604
693 605
693 689
693 690
693 691
693 692
693 694
693 695
693 696
694 583
694 689
694 690
694 691
694 692
694 693
694 695
694 696
694 767
695 605
695 690
695 693
695 694
695 696
695 697
695 771
696 604
696 605
696 606
696 607
696 690
696 693
696 694
696 695
696 697
696 698
696 771
697 605
697 606
697 607
697 695
697 696
697 698
697 699
697 771
697 772
697 773
697 795
698 606
698 607
698 608
698 609
698 696
698 697
698 699
698 700
698 771
698 772
698 773
699 606
699 607
699 608
699 609
699 610
699 697
699 698
699 700
699 701
699 772
699 773
699 774
699 775
700 608
700 609
700 610
700 611
700 680
700 698
700 699
700 701
700 702
700 772
700 773
700 774
700 775
701 610
701 611
701 614
701 615
701 616
701 699
701 700
701 702
701 703
701 774
701 775
701 776
701 777
702 611
702 614
702 700
702 701
702 703
702 704
702 705
702 756
702 774
702 775
702 776
702 777
702 778
702 870
703 614
703 701
703 702
703 704
703 705
703 707
703 708
703 776
703 777
703 778
703 872
704 702
704 703
704 705
704 706
704 707
704 708
704 872
704 873
705 702
705 703
705 704
705 706
705 707
705 708
705 709
705 751
705 754
705 755
705 851
706 704
706 705
706 707
706 708
706 709
706 710
706 754
706 844
706 847
706 848
706 851
707 703
707 704
707 705
707 706
707 708
707 709
707 710
707 711
707 839
708 612
708 613
708 614
708 703
708 704
708 705
708 706
708 707
708 709
708 710
708 711
708 712
708 750
708 754
709 705
709 706
709 707
709 708
709 710
709 711
709 712
709 713
709 749
709 750
709 751
709 754
710 706
710 707
710 708
710 709
710 711
710 712
710 713
710 714
710 729
710 750
710 839
711 613
711 707
711 708
711 709
711 710
711 712
711 713
711 714
711 715
712 612
712 613
712 708
712 709
712 710
712 711
712 713
712 714
712 715
712 716
712 749
712 750
713 709
713 710
713 711
713 712
713 714
713 715
713 716
713 717
713 724
713 729
713 746
713 750
714 710
714 711
714 712
714 713
714 715
714 716
714 717
714 718
714 724
714 836
715 711
715 712
715 713
715 714
715 716
715 717
715 718
715 719
716 712
716 713
716 714
716 715
716 717
716 718
716 719
716 720
716 721
716 724
717 713
717 714
717 715
717 716
717 718
717 719
717 720
717 721
717 722
717 724
717 725
718 714
718 715
718 716
718 717
718 719
718 720
718 721
719 715
719 716
719 717
719 718
719 720
719 721
720 716
720 717
720 718
720 719
720 721
720 722
720 724
720 725
721 716
721 717
721 718
721 719
721 720
721 722
721 723
721 724
721 725
722 717
722 720
722 721
722 723
722 724
722 725
722 726
723 721
723 722
723 724
723 725
723 726
723 727
723 742
723 743
723 746
724 713
724 714
724 716
724 717
724 720
724 721
724 722
724 723
724 725
724 726
724 727
724 728
724 729
724 732
724 746
725 717
725 720
725 721
725 722
725 723
725 724
725 726
725 727
725 728
726 722
726 723
726 724
726 725
726 727
726 728
727 723
727 724
727 725
727 726
727 728
727 729
727 731
727 732
728 724
728 725
728 726
728 727
728 729
728 730
728 731
728 732
729 710
729 713
729 724
729 727
729 728
729 730
729 731
729 732
729 733
729 843
730 728
730 729
730 731
730 732
730 733
730 734
730 842
730 843
731 727
731 728
731 729
731 730
731 732
731 733
731 734
731 735
732 724
732 727
732 728
732 729
732 730
732 731
732 733
732 734
732 735
732 743
732 744
732 746
732 747
733 729
733 730
733 731
733 732
733 734
733 735
733 747
733 750
733 751
733 843
734 730
734 731
734 732
734 733
734 735
734 736
734 747
735 731
735 732
735 733
735 734
735 736
735 737
735 738
735 739
735 743
735 744
735 747
736 734
736 735
736 737
736 738
736 739
736 744
737 735
737 736
737 738
737 739
738 735
738 736
738 737
738 739
738 740
739 735
739 736
739 737
739 738
739 740
739 741
739 743
739 744
740 738
740 739
740 741
740 742
740 743
740 744
741 739
741 740
741 742
741 743
741 744
741 745
742 723
742 740
742 741
742 743
742 744
742 745
742 746
743 723
743 732
743 735
743 739
743 740
743 741
743 742
743 744
743 745
743 746
743 747
744 732
744 735
744 736
744 739
744 740
744 741
744 742
744 743
744 745
744 746
744 747
744 748
745 741
745 742
745 743
745 744
745 746
745 747
745 748
745 749
746 713
746 723
746 724
746 732
746 742
746 743
746 744
746 745
746 747
746 748
746 749
746 750
747 732
747 733
747 734
747 735
747 743
747 744
747 745
747 746
747 748
747 749
747 750
747 751
748 744
748 745
748 746
748 747
748 749
748 750
748 751
748 752
749 709
749 712
749 745
749 746
749 747
749 748
749 750
749 751
749 752
749 753
750 708
750 709
750 710
750 712
750 713
750 733
750 746
750 747
750 748
750 749
750 751
750 752
750 753
750 754
751 705
751 709
751 733
751 747
751 748
751 749
751 750
751 752
751 753
751 754
751 755
752 748
752 749
752 750
752 751
752 753
752 754
752 755
753 611
753 680
753 681
753 749
753 750
753 751
753 752
753 754
753 755
753 756
753 759
754 705
754 706
754 708
754 709
754 750
754 751
754 752
754 753
754 755
754 756
755 705
755 751
755 752
755 753
755 754
755 756
755 757
755 758
755 759
755 851
755 854
756 702
756 753
756 754
756 755
756 757
756 758
756 759
756 760
756 854
756 855
756 858
757 755
757 756
757 758
757 759
757 760
757 761
757 854
757 855
757 857
757 858
757 861
758 755
758 756
758 757
758 759
758 760
758 761
758 762
759 680
759 681
759 753
759 755
759 756
759 757
759 758
759 760
759 761
759 762
759 763
760 680
760 756
760 757
760 758
760 759
760 761
760 762
760 763
760 764
761 757
761 758
761 759
761 760
761 762
761 763
761 764
761 765
762 683
762 686
762 758
762 759
762 760
762 761
762 763
762 764
762 765
762 766
763 680
763 686
763 759
763 760
763 761
763 762
763 764
763 765
763 766
763 767
764 760
764 761
764 762
764 763
764 765
764 766
764 767
764 768
764 769
764 772
765 686
765 761
765 762
765 763
765 764
765 766
765 767
765 768
766 686
766 687
766 690
766 762
766 763
766 764
766 765
766 767
766 768
767 686
767 690
767 694
767 763
767 764
767 765
767 766
767 768
767 769
767 771
767 772
768 764
768 765
768 766
768 767
768 769
768 770
768 771
768 772
769 764
769 767
769 768
769 770
769 771
769 772
769 865
769 866
770 768
770 769
770 771
770 772
770 773
770 865
771 695
771 696
771 697
771 698
771 767
771 768
771 769
771 770
771 772
771 773
772 697
772 698
772 699
772 700
772 764
772 767
772 768
772 769
772 770
772 771
772 773
772 774
773 697
773 698
773 699
773 700
773 770
773 771
773 772
773 774
773 775
773 794
773 867
774 699
774 700
774 701
774 702
774 772
774 773
774 775
774 776
774 867
774 868
775 699
775 700
775 701
775 702
775 773
775 774
775 776
775 777
775 780
775 787
775 870
776 701
776 702
776 703
776 774
776 775
776 777
776 778
776 779
776 780
776 787
776 869
776 870
776 871
776 872
777 614
777 615
777 701
777 702
777 703
777 775
777 776
777 778
777 779
777 780
777 781
777 870
778 702
778 703
778 776
778 777
778 779
778 780
778 781
778 782
778 870
778 871
778 872
779 776
779 777
779 778
779 780
779 781
779 782
779 783
779 784
779 786
779 787
779 871
780 615
780 619
780 775
780 776
780 777
780 778
780 779
780 781
780 782
780 783
780 784
780 785
780 786
780 787
781 615
781 777
781 778
781 779
781 780
781 782
781 783
781 784
781 815
781 816
782 778
782 779
782 780
782 781
782 783
782 784
782 815
782 816
783 779
783 780
783 781
783 782
783 784
783 785
783 786
783 787
784 779
784 780
784 781
784 782
784 783
784 785
784 786
784 787
784 788
784 803
784 816
785 780
785 783
785 784
785 786
785 787
785 788
785 789
785 802
785 803
785 804
785 807
786 779
786 780
786 783
786 784
786 785
786 787
786 788
786 789
786 790
786 803
787 775
787 776
787 779
787 780
787 783
787 784
787 785
787 786
787 788
787 789
787 790
787 791
788 622
788 623
788 784
788 785
788 786
788 787
788 789
788 790
788 791
788 792
788 803
789 785
789 786
789 787
789 788
789 790
789 791
789 792
789 793
789 800
789 801
789 802
789 803
790 786
790 787
790 788
790 789
790 791
790 792
790 793
790 794
791 787
791 788
791 789
791 790
791 792
791 793
791 794
791 795
792 788
792 789
792 790
792 791
792 793
792 794
792 795
792 796
792 797
792 800
793 789
793 790
793 791
793 792
793 794
793 795
793 796
793 797
794 773
794 790
794 791
794 792
794 793
794 795
794 796
795 697
795 791
795 792
795 793
795 794
795 796
795 797
796 792
796 793
796 794
796 795
796 797
796 798
797 628
797 792
797 793
797 795
797 796
797 798
797 799
797 800
798 796
798 797
798 799
798 800
799 628
799 797
799 798
799 800
799 801
800 789
800 792
800 797
800 798
800 799
800 801
800 802
801 626
801 789
801 799
801 800
801 802
801 803
802 785
802 789
802 800
802 801
802 803
802 804
802 805
802 806
803 784
803 785
803 786
803 788
803 789
803 801
803 802
803 804
803 805
803 806
803 807
804 785
804 802
804 803
804 805
804 806
804 807
804 808
805 802
805 803
805 804
805 806
805 807
805 808
805 819
806 802
806 803
806 804
806 805
806 807
806 808
806 818
806 819
806 820
807 785
807 803
807 804
807 805
807 806
807 808
807 809
807 816
807 817
807 818
807 819
808 804
808 805
808 806
808 807
808 809
808 810
808 816
808 817
808 818
808 819
808 825
809 807
809 808
809 810
809 811
809 814
809 815
809 816
809 817
810 808
810 809
810 811
810 812
810 813
810 814
810 815
810 816
810 817
810 825
810 827
811 809
811 810
811 812
811 813
811 814
811 815
812 810
812 811
812 813
812 814
813 810
813 811
813 812
813 814
813 815
813 827
813 833
814 809
814 810
814 811
814 812
814 813
814 815
814 816
814 833
815 781
815 782
815 809
815 810
815 811
815 813
815 814
815 816
815 817
815 827
815 833
816 781
816 782
816 784
816 807
816 808
816 809
816 810
816 814
816 815
816 817
816 818
816 827
817 807
817 808
817 809
817 810
817 815
817 816
817 818
817 819
817 825
817 826
817 827
817 828
818 622
818 806
818 807
818 808
818 816
818 817
818 819
818 820
818 825
818 826
818 827
819 805
819 806
819 807
819 808
819 817
819 818
819 820
819 821
819 823
819 824
819 825
819 826
820 806
820 818
820 819
820 821
820 822
820 823
820 824
820 825
820 826
821 819
821 820
821 822
821 823
821 824
822 820
822 821
822 823
822 824
823 819
823 820
823 821
823 822
823 824
823 825
824 819
824 820
824 821
824 822
824 823
824 825
824 826
825 808
825 810
825 817
825 818
825 819
825 820
825 823
825 824
825 826
825 827
826 817
826 818
826 819
826 820
826 824
826 825
826 827
826 828
827 810
827 813
827 815
827 816
827 817
827 818
827 825
827 826
827 828
827 829
828 618
828 817
828 826
828 827
828 829
828 830
828 831
828 832
828 833
829 827
829 828
829 830
829 831
829 832
830 828
830 829
830 831
830 832
830 833
830 834
831 828
831 829
831 830
831 832
831 833
831 834
832 828
832 829
832 830
832 831
832 833
832 834
833 813
833 814
833 815
833 828
833 830
833 831
833 832
833 834
833 835
834 830
834 831
834 832
834 833
834 835
834 836
835 833
835 834
835 836
835 837
836 714
836 834
836 835
836 837
836 838
837 835
837 836
837 838
837 839
838 836
838 837
838 839
838 840
839 707
839 710
839 837
839 838
839 840
839 841
839 843
839 844
840 838
840 839
840 841
840 842
840 843
840 844
841 839
841 840
841 842
841 843
841 844
841 845
842 730
842 840
842 841
842 843
842 844
842 845
842 846
843 729
843 730
843 733
843 839
843 840
843 841
843 842
843 844
843 845
843 846
843 847
844 706
844 839
844 840
844 841
844 842
844 843
844 845
844 846
844 847
844 848
845 841
845 842
845 843
845 844
845 846
845 847
845 848
845 849
846 842
846 843
846 844
846 845
846 847
846 848
846 849
846 850
847 706
847 843
847 844
847 845
847 846
847 848
847 849
847 850
847 851
848 706
848 844
848 845
848 846
848 847
848 849
848 850
848 851
848 852
848 876
849 845
849 846
849 847
849 848
849 850
849 851
849 852
850 846
850 847
850 848
850 849
850 851
850 852
850 853
851 705
851 706
851 755
851 847
851 848
851 849
851 850
851 852
851 853
851 854
851 855
852 848
852 849
852 850
852 851
852 853
852 854
852 855
852 856
852 877
852 880
853 850
853 851
853 852
853 854
853 855
853 856
853 857
854 755
854 756
854 757
854 851
854 852
854 853
854 855
854 856
854 857
854 858
855 756
855 757
855 851
855 852
855 853
855 854
855 856
855 857
855 858
855 859
855 873
855 877
856 852
856 853
856 854
856 855
856 857
856 858
856 859
856 860
856 877
857 757
857 853
857 854
857 855
857 856
857 858
857 859
857 860
857 861
858 756
858 757
858 854
858 855
858 856
858 857
858 859
858 860
858 861
858 862
859 855
859 856
859 857
859 858
859 860
859 861
859 862
859 863
859 869
859 873
860 856
860 857
860 858
860 859
860 861
860 862
860 863
860 864
861 757
861 857
861 858
861 859
861 860
861 862
861 863
861 864
861 865
862 858
862 859
862 860
862 861
862 863
862 864
862 865
862 866
862 867
862 868
862 869
863 859
863 860
863 861
863 862
863 864
863 865
863 866
863 867
863 868
863 869
864 860
864 861
864 862
864 863
864 865
864 866
864 867
865 769
865 770
865 861
865 862
865 863
865 864
865 866
865 867
866 769
866 862
866 863
866 864
866 865
866 867
866 868
867 773
867 774
867 862
867 863
867 864
867 865
867 866
867 868
867 869
868 774
868 862
868 863
868 866
868 867
868 869
868 870
869 776
869 859
869 862
869 863
869 867
869 868
869 870
869 871
869 873
869 874
870 702
870 775
870 776
870 777
870 778
870 868
870 869
870 871
870 872
870 873
870 874
871 776
871 778
871 779
871 869
871 870
871 872
871 873
871 874
871 875
872 703
872 704
872 776
872 778
872 870
872 871
872 873
872 874
872 875
872 876
873 704
873 855
873 859
873 869
873 870
873 871
873 872
873 874
873 875
873 876
873 877
874 869
874 870
874 871
874 872
874 873
874 875
874 876
874 877
874 878
875 871
875 872
875 873
875 874
875 876
875 877
875 878
875 879
876 848
876 872
876 873
876 874
876 875
876 877
876 878
876 879
876 880
877 852
877 855
877 856
877 873
877 874
877 875
877 876
877 878
877 879
877 880
877 881
878 874
878 875
878 876
878 877
878 879
878 880
878 881
879 875
879 876
879 877
879 878
879 880
879 881
880 852
880 876
880 877
880 878
880 879
880 881
881 877
881 878
881 879
881 880
