0 1
0 2
1 0
1 2
1 3
2 0
2 1
2 3
2 4
2 80
2 81
2 82
2 83
2 84
3 1
3 2
3 4
3 5
3 81
3 82
3 83
3 84
4 2
4 3
4 5
4 6
4 83
4 84
4 85
4 86
5 3
5 4
5 6
5 7
5 59
5 83
5 84
5 85
5 86
6 4
6 5
6 7
6 8
6 85
6 86
6 87
6 88
6 282
6 283
7 5
7 6
7 8
7 9
7 85
7 86
7 87
7 88
7 110
7 111
7 212
7 214
7 215
7 282
8 6
8 7
8 9
8 10
8 87
8 88
8 89
8 90
8 108
8 109
8 110
8 111
8 282
9 7
9 8
9 10
9 11
9 87
9 88
9 89
9 90
9 109
9 110
9 111
9 112
9 113
10 8
10 9
10 11
10 12
10 89
10 90
10 91
10 92
10 105
10 106
10 109
10 110
10 111
10 112
10 113
11 9
11 10
11 12
11 13
11 19
11 23
11 89
11 90
11 91
11 92
11 112
11 113
11 114
11 115
12 10
12 11
12 13
12 14
12 19
12 91
12 92
12 93
12 94
12 112
12 113
12 114
12 115
12 126
12 129
13 11
13 12
13 14
13 15
13 17
13 19
13 92
13 94
13 114
13 115
13 116
13 125
13 126
13 129
14 12
14 13
14 15
14 16
14 17
14 94
14 95
14 115
14 116
14 123
14 124
14 125
14 126
15 13
15 14
15 16
15 17
15 18
15 46
15 93
15 94
15 95
15 125
16 14
16 15
16 17
16 18
16 19
16 94
16 117
17 13
17 14
17 15
17 16
17 18
17 19
17 115
17 116
17 117
17 145
17 146
18 15
18 16
18 17
18 19
18 20
18 21
18 22
18 115
18 117
18 145
18 146
18 185
19 11
19 12
19 13
19 16
19 17
19 18
19 20
19 21
19 22
19 23
19 91
19 92
19 115
20 18
20 19
20 21
20 22
20 23
20 24
20 35
20 36
20 91
21 18
21 19
21 20
21 22
21 23
21 24
21 25
21 35
21 185
21 186
22 18
22 19
22 20
22 21
22 23
22 24
22 25
22 26
22 185
22 186
23 11
23 19
23 20
23 21
23 22
23 24
23 25
23 26
23 27
23 53
23 89
23 91
24 20
24 21
24 22
24 23
24 25
24 26
24 27
24 35
24 53
25 21
25 22
25 23
25 24
25 26
25 27
25 185
25 186
25 198
25 201
26 22
26 23
26 24
26 25
26 27
26 28
26 54
26 55
26 201
26 205
27 23
27 24
27 25
27 26
27 28
27 29
27 30
27 53
27 54
27 55
27 89
28 26
28 27
28 29
28 30
28 53
28 54
28 55
28 56
29 27
29 28
29 30
29 31
29 53
29 54
29 55
30 27
30 28
30 29
30 31
30 32
30 34
30 52
30 53
30 54
31 29
31 30
31 32
31 33
31 34
31 51
31 52
31 53
31 54
31 272
32 30
32 31
32 33
32 34
32 51
32 52
32 53
32 229
33 31
33 32
33 34
33 35
33 36
33 37
33 38
33 49
33 50
33 51
33 52
34 30
34 31
34 32
34 33
34 35
34 36
34 37
34 50
34 51
34 52
34 53
34 91
35 20
35 21
35 24
35 33
35 34
35 36
35 37
35 51
36 20
36 33
36 34
36 35
36 37
36 38
36 39
36 41
36 42
36 46
36 47
36 48
36 51
37 33
37 34
37 35
37 36
37 38
37 39
37 41
37 42
38 33
38 36
38 37
38 39
38 40
38 41
38 42
39 36
39 37
39 38
39 40
39 41
39 42
39 43
40 38
40 39
40 41
40 42
40 43
40 44
40 48
41 36
41 37
41 38
41 39
41 40
41 42
41 43
41 44
41 45
41 46
41 47
41 48
42 36
42 37
42 38
42 39
42 40
42 41
42 43
42 44
42 45
42 46
43 39
43 40
43 41
43 42
43 44
43 45
44 40
44 41
44 42
44 43
44 45
44 46
45 41
45 42
45 43
45 44
45 46
45 47
46 15
46 36
46 41
46 42
46 44
46 45
46 47
46 48
46 93
46 94
46 95
47 36
47 41
47 45
47 46
47 48
47 49
47 50
47 51
47 92
47 93
47 94
47 95
48 36
48 40
48 41
48 46
48 47
48 49
48 50
48 93
48 98
49 33
49 47
49 48
49 50
49 51
49 92
49 93
49 101
50 33
50 34
50 47
50 48
50 49
50 51
50 52
50 90
50 91
50 92
50 93
50 101
50 102
50 105
50 228
51 31
51 32
51 33
51 34
51 35
51 36
51 47
51 49
51 50
51 52
51 53
51 89
51 90
51 91
51 92
52 30
52 31
52 32
52 33
52 34
52 50
52 51
52 53
52 54
52 88
52 89
52 90
52 91
53 23
53 24
53 27
53 28
53 29
53 30
53 31
53 32
53 34
53 51
53 52
53 54
53 55
53 88
53 89
53 90
53 91
54 26
54 27
54 28
54 29
54 30
54 31
54 52
54 53
54 55
54 56
54 86
54 87
54 88
54 89
55 26
55 27
55 28
55 29
55 53
55 54
55 56
55 57
55 86
55 87
55 88
56 28
56 54
56 55
56 57
56 58
56 84
56 85
56 86
56 87
57 55
57 56
57 58
57 59
57 84
57 85
57 86
57 87
57 209
58 56
58 57
58 59
58 60
58 82
58 83
58 84
58 85
59 5
59 57
59 58
59 60
59 61
59 63
59 64
59 82
59 83
59 84
59 85
60 58
60 59
60 61
60 62
60 63
60 64
60 85
60 209
61 59
61 60
61 62
61 63
61 64
61 65
62 60
62 61
62 63
62 64
62 65
62 66
63 59
63 60
63 61
63 62
63 64
63 65
63 66
63 67
63 213
63 214
64 59
64 60
64 61
64 62
64 63
64 65
64 66
64 67
64 70
65 61
65 62
65 63
65 64
65 66
65 67
65 68
65 70
65 71
66 62
66 63
66 64
66 65
66 67
66 68
66 70
66 71
66 214
67 63
67 64
67 65
67 66
67 68
67 69
67 70
67 71
67 214
68 65
68 66
68 67
68 69
68 70
68 71
68 72
69 67
69 68
69 70
69 71
69 72
69 73
69 74
70 64
70 65
70 66
70 67
70 68
70 69
70 71
70 72
70 73
70 74
71 65
71 66
71 67
71 68
71 69
71 70
71 72
71 73
71 74
72 68
72 69
72 70
72 71
72 73
72 74
73 69
73 70
73 71
73 72
73 74
73 75
73 76
74 69
74 70
74 71
74 72
74 73
74 75
74 76
75 73
75 74
75 76
75 77
76 73
76 74
76 75
76 77
76 78
77 75
77 76
77 78
77 79
78 76
78 77
78 79
78 80
78 81
78 82
79 77
79 78
79 80
79 81
80 2
80 78
80 79
80 81
80 82
81 2
81 3
81 78
81 79
81 80
81 82
81 83
82 2
82 3
82 58
82 59
82 78
82 80
82 81
82 83
82 84
83 2
83 3
83 4
83 5
83 58
83 59
83 81
83 82
83 84
83 85
84 2
84 3
84 4
84 5
84 56
84 57
84 58
84 59
84 82
84 83
84 85
84 86
85 4
85 5
85 6
85 7
85 56
85 57
85 58
85 59
85 60
85 83
85 84
85 86
85 87
86 4
86 5
86 6
86 7
86 54
86 55
86 56
86 57
86 84
86 85
86 87
86 88
87 6
87 7
87 8
87 9
87 54
87 55
87 56
87 57
87 85
87 86
87 88
87 89
88 6
88 7
88 8
88 9
88 52
88 53
88 54
88 55
88 86
88 87
88 89
88 90
89 8
89 9
89 10
89 11
89 23
89 27
89 51
89 52
89 53
89 54
89 87
89 88
89 90
89 91
90 8
90 9
90 10
90 11
90 50
90 51
90 52
90 53
90 88
90 89
90 91
90 92
90 105
90 109
91 10
91 11
91 12
91 19
91 20
91 23
91 34
91 50
91 51
91 52
91 53
91 89
91 90
91 92
91 93
92 10
92 11
92 12
92 13
92 19
92 47
92 49
92 50
92 51
92 90
92 91
92 93
92 94
92 101
92 102
92 105
93 12
93 15
93 46
93 47
93 48
93 49
93 50
93 91
93 92
93 94
93 95
93 98
93 99
93 101
93 102
94 12
94 13
94 14
94 15
94 16
94 46
94 47
94 92
94 93
94 95
94 96
94 98
94 125
95 14
95 15
95 46
95 47
95 93
95 94
95 96
95 97
95 98
95 99
95 125
96 94
96 95
96 97
96 98
96 99
96 125
96 436
97 95
97 96
97 98
97 99
97 100
97 432
97 436
98 48
98 93
98 94
98 95
98 96
98 97
98 99
98 100
98 101
98 102
99 93
99 95
99 96
99 97
99 98
99 100
99 101
99 102
99 103
100 97
100 98
100 99
100 101
100 102
100 103
100 104
100 337
100 340
100 342
101 49
101 50
101 92
101 93
101 98
101 99
101 100
101 102
101 103
101 104
101 105
101 340
102 50
102 92
102 93
102 98
102 99
102 100
102 101
102 103
102 104
102 105
102 106
102 129
103 99
103 100
103 101
103 102
103 104
103 105
103 106
103 107
103 132
103 337
103 339
103 340
104 100
104 101
104 102
104 103
104 105
104 106
104 107
104 108
104 339
104 340
105 10
105 50
105 90
105 92
105 101
105 102
105 103
105 104
105 106
105 107
105 108
105 109
106 10
106 102
106 103
106 104
106 105
106 107
106 108
106 109
106 132
106 133
106 136
106 137
107 103
107 104
107 105
107 106
107 108
107 109
107 136
107 245
107 339
108 8
108 104
108 105
108 106
108 107
108 109
108 110
108 243
108 245
108 282
109 8
109 9
109 10
109 90
109 105
109 106
109 107
109 108
109 110
109 111
109 112
109 136
109 137
110 7
110 8
110 9
110 10
110 108
110 109
110 111
110 112
110 137
110 138
110 139
110 215
111 7
111 8
111 9
111 10
111 109
111 110
111 112
111 113
111 137
111 138
111 139
111 140
111 141
111 212
112 9
112 10
112 11
112 12
112 109
112 110
112 111
112 113
112 114
112 133
112 137
112 139
112 140
112 141
113 9
113 10
113 11
113 12
113 111
113 112
113 114
113 115
113 140
113 141
113 142
113 143
114 11
114 12
114 13
114 112
114 113
114 115
114 116
114 126
114 129
114 130
114 140
114 141
114 142
114 143
115 11
115 12
115 13
115 14
115 17
115 18
115 19
115 113
115 114
115 116
115 117
115 142
115 143
115 144
115 145
116 13
116 14
116 17
116 114
116 115
116 117
116 118
116 120
116 121
116 122
116 126
116 142
116 143
116 144
116 145
117 16
117 17
117 18
117 115
117 116
117 118
117 119
117 120
117 121
117 122
117 144
117 145
117 146
118 116
118 117
118 119
118 120
118 121
118 144
118 145
118 146
118 147
118 159
118 162
119 117
119 118
119 120
119 121
119 146
119 147
119 149
119 150
120 116
120 117
120 118
120 119
120 121
120 122
120 123
121 116
121 117
121 118
121 119
121 120
121 122
121 123
121 162
122 116
122 117
122 120
122 121
122 123
122 124
122 126
122 127
123 14
123 120
123 121
123 122
123 124
123 125
123 126
123 127
124 14
124 122
124 123
124 125
124 126
124 127
124 128
124 439
124 440
124 441
125 13
125 14
125 15
125 94
125 95
125 96
125 123
125 124
125 126
125 127
125 128
125 129
126 12
126 13
126 14
126 114
126 116
126 122
126 123
126 124
126 125
126 127
126 128
126 129
126 130
127 122
127 123
127 124
127 125
127 126
127 128
127 129
127 130
127 131
127 441
128 124
128 125
128 126
128 127
128 129
128 130
128 131
128 132
128 441
128 442
128 443
129 12
129 13
129 102
129 114
129 125
129 126
129 127
129 128
129 130
129 131
129 132
129 133
130 114
130 126
130 127
130 128
130 129
130 131
130 132
130 133
130 134
131 127
131 128
131 129
131 130
131 132
131 133
131 134
131 135
131 321
132 103
132 106
132 128
132 129
132 130
132 131
132 133
132 134
132 135
132 136
132 137
133 106
133 112
133 129
133 130
133 131
133 132
133 134
133 135
133 136
133 137
133 138
133 140
134 130
134 131
134 132
134 133
134 135
134 136
134 137
134 138
134 173
134 174
134 175
135 131
135 132
135 133
135 134
135 136
135 137
135 446
136 106
136 107
136 109
136 132
136 133
136 134
136 135
136 137
136 138
137 106
137 109
137 110
137 111
137 112
137 132
137 133
137 134
137 135
137 136
137 138
137 139
137 140
138 110
138 111
138 133
138 134
138 136
138 137
138 139
138 140
139 110
139 111
139 112
139 137
139 138
139 140
139 141
139 175
139 178
139 211
140 111
140 112
140 113
140 114
140 133
140 137
140 138
140 139
140 141
140 142
140 175
140 178
140 179
141 111
141 112
141 113
141 114
141 139
141 140
141 142
141 143
141 178
141 179
141 180
141 181
141 208
142 113
142 114
142 115
142 116
142 140
142 141
142 143
142 144
142 178
142 179
142 180
142 181
143 113
143 114
143 115
143 116
143 141
143 142
143 144
143 145
143 180
143 181
143 182
143 183
144 115
144 116
144 117
144 118
144 142
144 143
144 145
144 146
144 147
144 159
144 180
144 181
144 182
144 183
145 17
145 18
145 115
145 116
145 117
145 118
145 143
145 144
145 146
145 147
145 182
145 183
145 184
145 185
146 17
146 18
146 117
146 118
146 119
146 144
146 145
146 147
146 148
146 149
146 150
146 183
146 184
146 185
146 186
146 187
147 118
147 119
147 144
147 145
147 146
147 148
147 149
147 150
147 155
147 159
147 182
147 183
147 184
148 146
148 147
148 149
148 150
148 151
148 152
148 184
148 187
148 188
149 119
149 146
149 147
149 148
149 150
149 151
149 188
150 119
150 146
150 147
150 148
150 149
150 151
150 152
150 154
150 155
150 158
151 148
151 149
151 150
151 152
151 153
151 154
151 155
152 148
152 150
152 151
152 153
152 154
152 155
152 156
153 151
153 152
153 154
153 155
153 156
154 150
154 151
154 152
154 153
154 155
154 156
154 157
154 158
155 147
155 150
155 151
155 152
155 153
155 154
155 156
155 157
155 158
155 159
156 152
156 153
156 154
156 155
156 157
156 158
156 159
156 160
157 154
157 155
157 156
157 158
157 159
157 160
157 161
158 150
158 154
158 155
158 156
158 157
158 159
158 160
158 161
158 162
159 118
159 144
159 147
159 155
159 156
159 157
159 158
159 160
159 161
159 162
159 163
159 182
160 156
160 157
160 158
160 159
160 161
160 162
160 163
160 164
161 157
161 158
161 159
161 160
161 162
161 163
161 164
161 165
162 118
162 121
162 158
162 159
162 160
162 161
162 163
162 164
162 165
162 166
163 159
163 160
163 161
163 162
163 164
163 165
163 166
163 167
163 180
164 160
164 161
164 162
164 163
164 165
164 166
164 167
164 168
165 161
165 162
165 163
165 164
165 166
165 167
165 168
165 169
166 162
166 163
166 164
166 165
166 167
166 168
166 169
166 170
167 163
167 164
167 165
167 166
167 168
167 169
167 170
167 171
167 176
167 177
167 178
168 164
168 165
168 166
168 167
168 169
168 170
168 171
168 172
169 165
169 166
169 167
169 168
169 170
169 171
169 172
169 173
170 166
170 167
170 168
170 169
170 171
170 172
170 173
170 174
170 175
170 176
170 177
170 178
171 167
171 168
171 169
171 170
171 172
171 173
171 174
171 175
171 176
171 177
172 168
172 169
172 170
172 171
172 173
172 174
172 176
173 134
173 169
173 170
173 171
173 172
173 174
173 175
173 176
174 134
174 170
174 171
174 172
174 173
174 175
174 176
175 134
175 139
175 140
175 170
175 171
175 173
175 174
175 176
175 177
175 178
176 167
176 170
176 171
176 172
176 173
176 174
176 175
176 177
176 178
177 167
177 170
177 171
177 175
177 176
177 178
177 179
178 139
178 140
178 141
178 142
178 167
178 170
178 175
178 176
178 177
178 179
178 180
179 140
179 141
179 142
179 177
179 178
179 180
179 181
180 141
180 142
180 143
180 144
180 163
180 178
180 179
180 181
180 182
181 141
181 142
181 143
181 144
181 179
181 180
181 182
181 183
181 200
181 204
182 143
182 144
182 145
182 147
182 159
182 180
182 181
182 183
182 184
182 200
183 143
183 144
183 145
183 146
183 147
183 181
183 182
183 184
183 185
183 198
183 199
183 200
183 201
183 204
184 145
184 146
184 147
184 148
184 182
184 183
184 185
184 186
184 187
184 198
184 199
184 200
184 201
185 18
185 21
185 22
185 25
185 145
185 146
185 183
185 184
185 186
185 187
185 198
185 199
185 200
185 201
186 21
186 22
186 25
186 146
186 184
186 185
186 187
186 188
186 189
186 190
186 192
186 196
186 197
186 198
187 146
187 148
187 184
187 185
187 186
187 188
187 189
187 192
187 196
187 197
187 198
187 199
188 148
188 149
188 186
188 187
188 189
188 190
188 191
188 192
188 196
189 186
189 187
189 188
189 190
189 191
189 192
190 186
190 188
190 189
190 191
190 192
191 188
191 189
191 190
191 192
191 193
192 186
192 187
192 188
192 189
192 190
192 191
192 193
192 194
192 196
193 191
193 192
193 194
193 195
193 196
194 192
194 193
194 195
194 196
194 197
195 193
195 194
195 196
195 197
196 186
196 187
196 188
196 192
196 193
196 194
196 195
196 197
196 198
197 186
197 187
197 194
197 195
197 196
197 198
197 199
198 25
198 183
198 184
198 185
198 186
198 187
198 196
198 197
198 199
198 200
198 201
199 183
199 184
199 185
199 187
199 197
199 198
199 200
199 201
200 181
200 182
200 183
200 184
200 185
200 198
200 199
200 201
200 202
200 203
200 204
201 25
201 26
201 183
201 184
201 185
201 198
201 199
201 200
201 202
201 203
201 204
201 205
202 200
202 201
202 203
202 204
202 205
202 206
203 200
203 201
203 202
203 204
203 205
203 206
203 207
204 181
204 183
204 200
204 201
204 202
204 203
204 205
204 206
204 207
204 208
205 26
205 201
205 202
205 203
205 204
205 206
205 207
205 208
205 209
206 202
206 203
206 204
206 205
206 207
206 208
206 209
206 210
207 203
207 204
207 205
207 206
207 208
207 209
207 210
207 211
208 141
208 204
208 205
208 206
208 207
208 209
208 210
208 211
208 212
209 57
209 60
209 205
209 206
209 207
209 208
209 210
209 211
209 212
210 206
210 207
210 208
210 209
210 211
210 212
211 139
211 207
211 208
211 209
211 210
211 212
211 213
212 7
212 111
212 208
212 209
212 210
212 211
212 213
212 214
213 63
213 211
213 212
213 214
213 215
214 7
214 63
214 66
214 67
214 212
214 213
214 215
214 216
215 7
215 110
215 213
215 214
215 216
215 217
216 214
216 215
216 217
216 218
217 215
217 216
217 218
217 219
217 280
217 281
217 282
218 216
218 217
218 219
218 220
218 221
218 246
218 247
218 281
219 217
219 218
219 220
219 221
219 246
219 247
219 248
219 280
219 281
220 218
220 219
220 221
220 222
220 246
220 247
220 248
221 218
221 219
221 220
221 222
221 223
221 246
221 247
221 248
222 220
222 221
222 223
222 224
222 246
222 247
222 248
222 303
222 304
222 307
223 221
223 222
223 224
223 225
223 244
223 245
223 246
223 247
223 248
223 249
223 303
223 304
224 222
224 223
224 225
224 226
224 244
224 245
224 246
224 247
224 301
224 302
224 303
224 304
225 223
225 224
225 226
225 227
225 242
225 243
225 244
225 245
225 246
225 301
225 302
225 303
226 224
226 225
226 227
226 228
226 242
226 243
226 244
226 245
226 299
226 300
226 301
226 302
226 340
227 225
227 226
227 228
227 229
227 230
227 240
227 241
227 242
227 243
227 298
227 299
227 300
227 301
227 302
228 50
228 226
228 227
228 229
228 230
228 240
228 241
228 242
228 298
228 299
228 300
229 32
229 227
229 228
229 230
229 231
229 240
229 241
229 242
229 297
229 298
229 299
230 227
230 228
230 229
230 231
230 232
230 238
230 239
230 240
230 241
230 294
230 295
230 297
230 298
230 299
231 229
231 230
231 232
231 233
231 238
231 239
231 240
231 294
232 230
232 231
232 233
232 234
232 236
232 237
232 238
232 239
232 291
232 292
232 293
232 294
233 231
233 232
233 234
233 235
233 236
233 237
233 238
233 239
234 232
234 233
234 235
234 236
234 237
235 233
235 234
235 236
235 237
236 232
236 233
236 234
236 235
236 237
236 238
236 288
236 290
236 291
237 232
237 233
237 234
237 235
237 236
237 238
237 239
237 288
237 289
237 290
237 291
237 292
238 230
238 231
238 232
238 233
238 236
238 237
238 239
238 240
238 288
238 289
238 290
238 291
238 292
238 293
238 294
239 230
239 231
239 232
239 233
239 237
239 238
239 240
239 241
239 286
239 287
239 288
239 289
240 227
240 228
240 229
240 230
240 231
240 238
240 239
240 241
240 242
240 286
240 287
240 288
241 227
241 228
241 229
241 230
241 239
241 240
241 242
241 243
241 284
241 285
241 286
241 287
242 225
242 226
242 227
242 228
242 229
242 240
242 241
242 243
242 244
242 284
242 285
242 286
243 108
243 225
243 226
243 227
243 241
243 242
243 244
243 245
243 281
243 282
243 283
243 284
243 285
244 223
244 224
244 225
244 226
244 242
244 243
244 245
244 246
244 247
244 248
244 280
244 281
244 282
244 283
244 284
244 285
245 107
245 108
245 223
245 224
245 225
245 226
245 243
245 244
245 246
245 247
245 281
245 282
246 218
246 219
246 220
246 221
246 222
246 223
246 224
246 225
246 244
246 245
246 247
246 248
246 280
246 281
246 282
247 218
247 219
247 220
247 221
247 222
247 223
247 224
247 244
247 245
247 246
247 248
247 249
247 280
247 281
248 219
248 220
248 221
248 222
248 223
248 244
248 246
248 247
248 249
248 250
248 278
248 279
248 280
248 281
249 223
249 247
249 248
249 250
249 251
249 253
249 278
249 279
249 280
250 248
250 249
250 251
250 252
250 253
250 277
250 278
250 279
251 249
251 250
251 252
251 253
251 266
251 267
251 268
251 269
251 277
251 278
252 250
252 251
252 253
252 254
252 265
252 266
252 267
252 268
253 249
253 250
253 251
253 252
253 254
253 255
253 265
253 266
254 252
254 253
254 255
254 256
254 263
254 264
254 265
254 266
254 304
254 305
255 253
255 254
255 256
255 257
255 263
255 264
255 265
255 266
255 302
255 303
255 304
255 305
256 254
256 255
256 257
256 258
256 261
256 262
256 263
256 264
256 302
256 303
256 304
256 305
256 306
257 255
257 256
257 258
257 259
257 260
257 261
257 262
257 263
257 264
257 301
257 302
257 303
258 256
258 257
258 259
258 260
258 261
258 262
258 301
258 302
258 303
258 308
258 420
259 257
259 258
259 260
259 261
259 297
259 300
259 301
260 257
260 258
260 259
260 261
260 262
260 296
260 297
261 256
261 257
261 258
261 259
261 260
261 262
261 263
262 256
262 257
262 258
262 260
262 261
262 263
262 264
263 254
263 255
263 256
263 257
263 261
263 262
263 264
263 265
263 305
264 254
264 255
264 256
264 257
264 262
264 263
264 265
264 266
264 289
264 290
265 252
265 253
265 254
265 255
265 263
265 264
265 266
265 267
265 289
265 290
266 251
266 252
266 253
266 254
266 255
266 264
266 265
266 267
266 268
266 269
266 287
266 288
266 289
266 290
267 251
267 252
267 265
267 266
267 268
267 269
267 287
267 288
267 289
267 290
268 251
268 252
268 266
268 267
268 269
268 270
268 275
268 276
268 277
268 287
268 288
268 289
269 251
269 266
269 267
269 268
269 270
269 271
269 275
269 276
269 277
269 278
269 285
269 286
269 287
269 288
270 268
270 269
270 271
270 272
270 273
270 274
270 275
270 276
270 285
270 286
270 287
271 269
271 270
271 272
271 273
271 274
271 275
271 276
271 284
271 285
271 286
272 31
272 270
272 271
272 273
272 274
272 285
273 270
273 271
273 272
273 274
273 275
274 270
274 271
274 272
274 273
274 275
274 276
275 268
275 269
275 270
275 271
275 273
275 274
275 276
275 277
276 268
276 269
276 270
276 271
276 274
276 275
276 277
276 278
276 279
277 250
277 251
277 268
277 269
277 275
277 276
277 278
277 279
278 248
278 249
278 250
278 251
278 269
278 276
278 277
278 279
278 280
279 248
279 249
279 250
279 276
279 277
279 278
279 280
279 281
279 283
279 285
280 217
280 219
280 244
280 246
280 247
280 248
280 249
280 278
280 279
280 281
280 282
280 283
281 217
281 218
281 219
281 243
281 244
281 245
281 246
281 247
281 248
281 279
281 280
281 282
281 283
282 6
282 7
282 8
282 108
282 217
282 243
282 244
282 245
282 246
282 280
282 281
282 283
282 284
283 6
283 243
283 244
283 279
283 280
283 281
283 282
283 284
283 285
284 241
284 242
284 243
284 244
284 271
284 282
284 283
284 285
284 286
285 241
285 242
285 243
285 244
285 269
285 270
285 271
285 272
285 279
285 283
285 284
285 286
285 287
286 239
286 240
286 241
286 242
286 269
286 270
286 271
286 284
286 285
286 287
286 288
287 239
287 240
287 241
287 266
287 267
287 268
287 269
287 270
287 285
287 286
287 288
287 289
288 236
288 237
288 238
288 239
288 240
288 266
288 267
288 268
288 269
288 286
288 287
288 289
288 290
289 237
289 238
289 239
289 264
289 265
289 266
289 267
289 268
289 287
289 288
289 290
289 291
290 236
290 237
290 238
290 264
290 265
290 266
290 267
290 288
290 289
290 291
290 292
291 232
291 236
291 237
291 238
291 289
291 290
291 292
291 293
292 232
292 237
292 238
292 290
292 291
292 293
292 294
293 232
293 238
293 291
293 292
293 294
293 295
293 296
293 297
294 230
294 231
294 232
294 238
294 292
294 293
294 295
294 296
294 297
294 298
295 230
295 293
295 294
295 296
295 297
295 298
296 260
296 293
296 294
296 295
296 297
296 298
297 229
297 230
297 259
297 260
297 293
297 294
297 295
297 296
297 298
297 299
297 300
298 227
298 228
298 229
298 230
298 294
298 295
298 296
298 297
298 299
298 300
299 226
299 227
299 228
299 229
299 230
299 297
299 298
299 300
299 301
299 340
300 226
300 227
300 228
300 259
300 297
300 298
300 299
300 301
300 302
300 340
300 341
301 224
301 225
301 226
301 227
301 257
301 258
301 259
301 299
301 300
301 302
301 303
301 340
302 224
302 225
302 226
302 227
302 255
302 256
302 257
302 258
302 300
302 301
302 303
302 304
303 222
303 223
303 224
303 225
303 255
303 256
303 257
303 258
303 301
303 302
303 304
303 305
303 307
303 308
304 222
304 223
304 224
304 254
304 255
304 256
304 302
304 303
304 305
304 306
304 307
304 308
305 254
305 255
305 256
305 263
305 303
305 304
305 306
305 307
305 308
306 256
306 304
306 305
306 307
306 308
306 309
307 222
307 303
307 304
307 305
307 306
307 308
307 309
307 422
308 258
308 303
308 304
308 305
308 306
308 307
308 309
308 310
308 420
308 421
308 422
309 306
309 307
309 308
309 310
309 311
309 420
309 421
309 422
309 454
310 308
310 309
310 311
310 312
310 418
310 419
310 420
310 421
310 454
311 309
311 310
311 312
311 313
311 314
311 418
311 419
311 420
311 421
311 452
311 453
311 454
311 455
312 310
312 311
312 313
312 314
312 414
312 415
312 416
312 417
312 418
312 419
312 452
312 453
312 454
312 455
312 456
313 311
313 312
313 314
313 315
313 412
313 413
313 414
313 415
313 418
313 452
313 453
313 454
313 458
314 311
314 312
314 313
314 315
314 316
314 412
314 413
314 414
314 449
314 450
314 451
314 452
314 453
315 313
315 314
315 316
315 317
315 410
315 411
315 412
315 413
315 449
315 450
315 451
315 452
316 314
316 315
316 317
316 318
316 410
316 411
316 412
316 413
316 427
316 447
316 448
316 449
316 450
316 451
317 315
317 316
317 318
317 319
317 363
317 408
317 409
317 410
317 411
317 446
317 447
317 448
317 449
317 450
318 316
318 317
318 319
318 320
318 408
318 409
318 410
318 411
318 445
318 446
318 447
318 448
319 317
319 318
319 320
319 321
319 408
319 409
319 445
319 446
319 447
320 318
320 319
320 321
320 322
320 324
320 378
320 380
320 444
320 445
320 446
321 131
321 319
321 320
321 322
321 323
321 324
321 443
321 444
321 445
321 446
322 320
322 321
322 323
322 324
322 325
322 382
323 321
323 322
323 324
323 325
323 440
323 441
324 320
324 321
324 322
324 323
324 325
324 326
324 440
324 441
324 442
324 443
324 444
324 445
325 322
325 323
325 324
325 326
325 327
325 440
325 441
325 444
326 324
326 325
326 327
326 328
327 325
327 326
327 328
327 329
327 377
327 378
328 326
328 327
328 329
328 330
328 332
328 377
328 378
328 444
329 327
329 328
329 330
329 331
329 332
329 347
329 348
329 349
329 376
329 377
329 378
330 328
330 329
330 331
330 332
330 346
330 347
330 348
330 349
330 375
330 376
330 377
330 378
331 329
331 330
331 332
331 333
331 346
331 347
331 348
332 328
332 329
332 330
332 331
332 333
332 334
332 346
332 347
333 331
333 332
333 334
333 335
333 344
333 345
333 346
333 347
334 332
334 333
334 335
334 336
334 344
334 345
334 346
334 347
334 429
334 430
334 431
335 333
335 334
335 336
335 337
335 342
335 343
335 344
335 345
335 429
335 430
335 431
335 432
336 334
336 335
336 337
336 338
336 342
336 343
336 344
336 345
336 427
336 428
336 429
336 430
337 100
337 103
337 335
337 336
337 338
337 339
337 340
337 341
337 342
337 343
337 427
337 428
337 429
337 430
338 336
338 337
338 339
338 340
338 341
338 342
338 419
338 421
338 425
338 426
338 427
338 428
339 103
339 104
339 107
339 337
339 338
339 340
339 341
339 421
339 425
339 426
339 427
340 100
340 101
340 103
340 104
340 226
340 299
340 300
340 301
340 337
340 338
340 339
340 341
340 342
341 300
341 337
341 338
341 339
341 340
341 342
341 343
341 419
341 420
342 100
342 335
342 336
342 337
342 338
342 340
342 341
342 343
342 344
343 335
343 336
343 337
343 341
343 342
343 344
343 345
343 415
343 416
343 417
343 419
344 333
344 334
344 335
344 336
344 342
344 343
344 345
344 346
344 415
344 416
344 417
345 333
345 334
345 335
345 336
345 343
345 344
345 346
345 347
345 413
345 414
345 415
345 416
346 330
346 331
346 332
346 333
346 334
346 344
346 345
346 347
346 348
346 413
346 414
346 415
346 416
347 329
347 330
347 331
347 332
347 333
347 334
347 345
347 346
347 348
347 349
347 411
347 412
347 413
347 414
348 329
348 330
348 331
348 346
348 347
348 349
348 350
348 374
348 375
348 376
348 411
348 412
348 413
349 329
349 330
349 347
349 348
349 350
349 351
349 374
349 375
349 376
349 377
349 378
349 409
349 410
349 411
349 412
350 348
350 349
350 351
350 352
350 372
350 373
350 374
350 375
350 378
350 409
350 410
350 411
350 468
351 349
351 350
351 352
351 353
351 372
351 373
351 374
351 375
351 406
351 408
351 409
351 410
352 350
352 351
352 353
352 354
352 355
352 356
352 357
352 371
352 372
352 373
352 406
352 408
352 409
353 351
353 352
353 354
353 355
353 356
353 357
353 371
353 372
353 373
354 352
354 353
354 355
354 356
354 357
354 404
354 406
355 352
355 353
355 354
355 356
355 357
355 358
356 352
356 353
356 354
356 355
356 357
356 358
356 359
356 406
357 352
357 353
357 354
357 355
357 356
357 358
357 359
357 404
357 405
357 406
357 407
357 408
358 355
358 356
358 357
358 359
358 360
358 406
358 407
359 356
359 357
359 358
359 360
359 361
359 407
359 408
360 358
360 359
360 361
360 362
360 407
360 408
361 359
361 360
361 362
361 363
361 407
361 408
362 360
362 361
362 363
362 364
362 365
362 366
363 317
363 361
363 362
363 364
363 365
363 448
364 362
364 363
364 365
364 366
364 424
364 448
364 450
365 362
365 363
365 364
365 366
365 367
365 450
366 362
366 364
366 365
366 367
366 368
366 450
367 365
367 366
367 368
367 369
367 370
368 366
368 367
368 369
368 370
368 371
368 465
368 466
368 467
369 367
369 368
369 370
369 371
369 467
370 367
370 368
370 369
370 371
370 372
370 467
371 352
371 353
371 368
371 369
371 370
371 372
371 373
371 466
371 467
371 468
371 469
372 350
372 351
372 352
372 353
372 370
372 371
372 373
372 374
372 467
372 468
372 469
373 350
373 351
373 352
373 353
373 371
373 372
373 374
373 375
373 468
373 469
373 470
373 471
374 348
374 349
374 350
374 351
374 372
374 373
374 375
374 376
374 468
374 469
374 470
374 584
375 330
375 348
375 349
375 350
375 351
375 373
375 374
375 376
375 377
375 378
375 379
375 470
376 329
376 330
376 348
376 349
376 374
376 375
376 377
376 378
377 327
377 328
377 329
377 330
377 349
377 375
377 376
377 378
377 379
378 320
378 327
378 328
378 329
378 330
378 349
378 350
378 375
378 376
378 377
378 379
378 380
378 409
379 375
379 377
379 378
379 380
379 381
379 405
379 406
380 320
380 378
380 379
380 381
380 382
380 383
380 405
381 379
381 380
381 382
381 383
381 384
381 403
381 404
381 405
382 322
382 380
382 381
382 383
382 384
382 385
383 380
383 381
383 382
383 384
383 385
383 403
384 381
384 382
384 383
384 385
384 386
385 382
385 383
385 384
385 386
385 387
385 388
386 384
386 385
386 387
386 388
387 385
387 386
387 388
387 389
388 385
388 386
388 387
388 389
388 390
389 387
389 388
389 390
389 391
390 388
390 389
390 391
390 392
391 389
391 390
391 392
391 393
392 390
392 391
392 393
392 394
393 391
393 392
393 394
393 395
394 392
394 393
394 395
394 396
394 397
395 393
395 394
395 396
395 397
396 394
396 395
396 397
396 398
397 394
397 395
397 396
397 398
397 399
397 400
398 396
398 397
398 399
398 400
399 397
399 398
399 400
399 401
400 397
400 398
400 399
400 401
400 402
400 403
401 399
401 400
401 402
401 403
401 404
402 400
402 401
402 403
402 404
403 381
403 383
403 400
403 401
403 402
403 404
403 405
404 354
404 357
404 381
404 401
404 402
404 403
404 405
404 406
405 357
405 379
405 380
405 381
405 403
405 404
405 406
405 407
406 351
406 352
406 354
406 356
406 357
406 358
406 379
406 404
406 405
406 407
406 408
406 409
407 357
407 358
407 359
407 360
407 361
407 405
407 406
407 408
407 409
408 317
408 318
408 319
408 351
408 352
408 357
408 359
408 360
408 361
408 406
408 407
408 409
408 410
409 317
409 318
409 319
409 349
409 350
409 351
409 352
409 378
409 406
409 407
409 408
409 410
409 411
410 315
410 316
410 317
410 318
410 349
410 350
410 351
410 408
410 409
410 411
410 412
411 315
411 316
411 317
411 318
411 347
411 348
411 349
411 350
411 409
411 410
411 412
411 413
412 313
412 314
412 315
412 316
412 347
412 348
412 349
412 410
412 411
412 413
412 414
413 313
413 314
413 315
413 316
413 345
413 346
413 347
413 348
413 411
413 412
413 414
413 415
414 312
414 313
414 314
414 345
414 346
414 347
414 412
414 413
414 415
414 416
415 312
415 313
415 343
415 344
415 345
415 346
415 413
415 414
415 416
415 417
415 418
415 419
416 312
416 343
416 344
416 345
416 346
416 414
416 415
416 417
416 418
417 312
417 343
417 344
417 415
417 416
417 418
417 419
418 310
418 311
418 312
418 313
418 415
418 416
418 417
418 419
418 420
419 310
419 311
419 312
419 338
419 341
419 343
419 415
419 417
419 418
419 420
419 421
420 258
420 308
420 309
420 310
420 311
420 341
420 418
420 419
420 421
420 422
421 308
421 309
421 310
421 311
421 338
421 339
421 419
421 420
421 422
421 423
421 425
422 307
422 308
422 309
422 420
422 421
422 423
422 424
422 425
423 421
423 422
423 424
423 425
423 449
423 450
423 451
423 452
424 364
424 422
424 423
424 425
424 426
424 448
424 449
424 450
424 451
425 338
425 339
425 421
425 422
425 423
425 424
425 426
425 427
425 448
425 449
425 450
426 338
426 339
426 424
426 425
426 427
426 428
426 446
426 447
426 448
426 449
427 316
427 336
427 337
427 338
427 339
427 425
427 426
427 428
427 429
427 446
427 447
427 448
427 449
428 336
428 337
428 338
428 426
428 427
428 429
428 430
428 443
428 444
428 445
428 446
428 447
429 334
429 335
429 336
429 337
429 427
429 428
429 430
429 431
429 443
429 444
429 445
429 446
430 334
430 335
430 336
430 337
430 428
430 429
430 431
430 432
430 442
430 443
430 444
430 445
431 334
431 335
431 429
431 430
431 432
431 433
431 434
431 442
431 443
431 444
432 97
432 335
432 430
432 431
432 433
432 434
432 435
432 442
433 431
433 432
433 434
433 435
434 431
434 432
434 433
434 435
434 436
434 438
434 442
435 432
435 433
435 434
435 436
435 437
435 438
436 96
436 97
436 434
436 435
436 437
436 438
436 439
437 435
437 436
437 438
437 439
438 434
438 435
438 436
438 437
438 439
438 440
439 124
439 436
439 437
439 438
439 440
439 441
440 124
440 323
440 324
440 325
440 438
440 439
440 441
440 442
441 124
441 127
441 128
441 323
441 324
441 325
441 439
441 440
441 442
441 443
441 444
442 128
442 324
442 430
442 431
442 432
442 434
442 440
442 441
442 443
442 444
443 128
443 321
443 324
443 428
443 429
443 430
443 431
443 441
443 442
443 444
443 445
444 320
444 321
444 324
444 325
444 328
444 428
444 429
444 430
444 431
444 441
444 442
444 443
444 445
444 446
445 318
445 319
445 320
445 321
445 324
445 428
445 429
445 430
445 443
445 444
445 446
445 447
446 135
446 317
446 318
446 319
446 320
446 321
446 426
446 427
446 428
446 429
446 444
446 445
446 447
446 448
447 316
447 317
447 318
447 319
447 426
447 427
447 428
447 445
447 446
447 448
447 449
448 316
448 317
448 318
448 363
448 364
448 424
448 425
448 426
448 427
448 446
448 447
448 449
448 450
449 314
449 315
449 316
449 317
449 423
449 424
449 425
449 426
449 427
449 447
449 448
449 450
449 451
449 452
450 314
450 315
450 316
450 317
450 364
450 365
450 366
450 423
450 424
450 425
450 448
450 449
450 451
450 452
451 314
451 315
451 316
451 423
451 424
451 449
451 450
451 452
451 453
452 311
452 312
452 313
452 314
452 315
452 423
452 449
452 450
452 451
452 453
452 454
453 311
453 312
453 313
453 314
453 451
453 452
453 454
453 455
453 456
453 458
453 462
454 309
454 310
454 311
454 312
454 313
454 452
454 453
454 455
454 456
454 458
455 311
455 312
455 453
455 454
455 456
455 457
455 458
455 461
456 312
456 453
456 454
456 455
456 457
456 458
457 455
457 456
457 458
457 459
457 460
457 461
458 313
458 453
458 454
458 455
458 456
458 457
458 459
458 460
458 461
458 462
458 463
459 457
459 458
459 460
459 461
459 462
459 463
459 464
459 585
460 457
460 458
460 459
460 461
460 462
460 463
460 464
461 455
461 457
461 458
461 459
461 460
461 462
461 463
461 464
462 453
462 458
462 459
462 460
462 461
462 463
462 464
462 465
462 466
463 458
463 459
463 460
463 461
463 462
463 464
463 465
463 466
463 585
464 459
464 460
464 461
464 462
464 463
464 465
464 466
464 467
464 585
464 586
464 587
465 368
465 462
465 463
465 464
465 466
465 467
466 368
466 371
466 462
466 463
466 464
466 465
466 467
466 468
466 585
467 368
467 369
467 370
467 371
467 372
467 464
467 465
467 466
467 468
467 469
467 583
467 584
467 585
468 350
468 371
468 372
468 373
468 374
468 466
468 467
468 469
468 470
468 583
468 584
468 585
469 371
469 372
469 373
469 374
469 467
469 468
469 470
469 471
469 581
469 582
469 583
469 584
470 373
470 374
470 375
470 468
470 469
470 471
470 472
470 581
470 582
470 583
470 584
471 373
471 469
471 470
471 472
471 473
471 579
471 580
471 581
471 582
472 470
472 471
472 473
472 474
472 579
472 580
472 581
472 582
473 471
473 472
473 474
473 475
473 577
473 578
473 579
473 580
474 472
474 473
474 475
474 476
474 492
474 577
474 578
474 579
475 473
475 474
475 476
475 477
475 491
475 492
475 575
475 576
475 577
475 578
476 474
476 475
476 477
476 478
476 489
476 490
476 491
476 492
476 493
476 575
476 576
476 577
477 475
477 476
477 478
477 479
477 489
477 490
477 491
477 492
477 573
477 574
477 575
477 576
478 476
478 477
478 479
478 480
478 481
478 487
478 488
478 489
478 490
478 543
478 573
478 574
478 575
478 576
479 477
479 478
479 480
479 481
479 487
479 488
479 489
479 490
479 543
480 478
480 479
480 481
480 482
480 487
480 488
480 489
480 543
480 544
480 545
481 478
481 479
481 480
481 482
481 483
481 484
481 486
481 487
481 488
481 540
481 543
481 544
482 480
482 481
482 483
482 484
482 485
482 486
482 487
482 488
483 481
483 482
483 484
483 485
483 486
483 487
484 481
484 482
484 483
484 485
484 486
484 534
484 535
484 540
485 482
485 483
485 484
485 486
485 487
485 530
485 531
485 532
485 533
485 534
485 535
486 481
486 482
486 483
486 484
486 485
486 487
486 488
486 528
486 529
486 530
486 531
486 534
487 478
487 479
487 480
487 481
487 482
487 483
487 485
487 486
487 488
487 489
487 528
487 529
487 530
487 531
488 478
488 479
488 480
488 481
488 482
488 486
488 487
488 489
488 490
488 521
488 526
488 527
488 528
488 529
489 476
489 477
489 478
489 479
489 480
489 487
489 488
489 490
489 491
489 492
489 526
489 527
489 528
489 529
489 576
490 476
490 477
490 478
490 479
490 488
490 489
490 491
490 492
490 493
490 525
490 526
490 527
491 475
491 476
491 477
491 489
491 490
491 492
491 493
491 494
491 525
491 526
492 474
492 475
492 476
492 477
492 489
492 490
492 491
492 493
492 494
492 525
492 576
493 476
493 490
493 491
493 492
493 494
493 495
493 497
493 499
493 525
493 526
494 491
494 492
494 493
494 495
494 496
494 497
494 525
495 493
495 494
495 496
495 497
495 523
495 524
495 525
496 494
496 495
496 497
496 498
496 525
497 493
497 494
497 495
497 496
497 498
497 499
497 525
498 496
498 497
498 499
498 500
498 501
499 493
499 497
499 498
499 500
499 501
499 502
499 503
499 519
499 520
499 525
499 527
500 498
500 499
500 501
500 502
500 503
500 519
500 520
501 498
501 499
501 500
501 502
501 503
501 590
501 591
502 499
502 500
502 501
502 503
502 504
502 505
502 517
502 591
503 499
503 500
503 501
503 502
503 504
503 505
503 516
503 517
503 518
503 519
504 502
504 503
504 505
504 506
504 516
504 517
504 518
505 502
505 503
505 504
505 506
505 507
505 516
505 517
505 578
505 593
506 504
506 505
506 507
506 508
506 514
506 515
506 516
506 517
506 578
506 593
507 505
507 506
507 508
507 509
507 514
507 515
507 516
507 517
507 576
507 577
507 578
507 579
508 506
508 507
508 509
508 510
508 512
508 513
508 514
508 515
508 576
508 577
508 578
509 507
509 508
509 510
509 511
509 512
509 513
509 514
509 515
509 574
509 575
509 576
509 577
510 508
510 509
510 511
510 512
510 513
510 574
510 575
510 576
510 577
511 509
511 510
511 512
511 513
511 536
511 538
511 539
511 574
512 508
512 509
512 510
512 511
512 513
512 514
513 508
513 509
513 510
513 511
513 512
513 514
513 515
513 531
513 533
513 534
513 535
513 536
514 506
514 507
514 508
514 509
514 512
514 513
514 515
514 516
514 531
514 532
514 533
515 506
515 507
515 508
515 509
515 513
515 514
515 516
515 517
515 529
515 530
515 531
515 532
516 503
516 504
516 505
516 506
516 507
516 514
516 515
516 517
516 518
516 529
516 530
516 531
517 502
517 503
517 504
517 505
517 506
517 507
517 515
517 516
517 518
517 519
517 527
517 528
517 529
517 530
518 503
518 504
518 516
518 517
518 519
518 520
518 527
518 528
518 529
518 530
519 499
519 500
519 503
519 517
519 518
519 520
519 521
519 527
519 528
519 529
520 499
520 500
520 518
520 519
520 521
520 522
520 525
520 526
520 527
520 528
521 488
521 519
521 520
521 522
521 523
521 524
521 525
521 526
521 527
521 528
522 520
522 521
522 523
522 524
522 525
522 526
522 527
523 495
523 521
523 522
523 524
523 525
523 526
524 495
524 521
524 522
524 523
524 525
524 526
525 490
525 491
525 492
525 493
525 494
525 495
525 496
525 497
525 499
525 520
525 521
525 522
525 523
525 524
525 526
525 527
526 488
526 489
526 490
526 491
526 493
526 520
526 521
526 522
526 523
526 524
526 525
526 527
526 528
527 488
527 489
527 490
527 499
527 517
527 518
527 519
527 520
527 521
527 522
527 525
527 526
527 528
527 529
528 486
528 487
528 488
528 489
528 517
528 518
528 519
528 520
528 521
528 526
528 527
528 529
528 530
529 486
529 487
529 488
529 489
529 515
529 516
529 517
529 518
529 519
529 527
529 528
529 530
529 531
530 485
530 486
530 487
530 515
530 516
530 517
530 518
530 528
530 529
530 531
530 532
531 485
531 486
531 487
531 513
531 514
531 515
531 516
531 529
531 530
531 532
531 533
531 534
531 535
532 485
532 514
532 515
532 530
532 531
532 533
532 534
533 485
533 513
533 514
533 531
533 532
533 534
533 535
534 484
534 485
534 486
534 513
534 531
534 532
534 533
534 535
534 536
535 484
535 485
535 513
535 531
535 533
535 534
535 536
535 537
535 539
535 540
536 511
536 513
536 534
536 535
536 537
536 538
536 539
536 540
537 535
537 536
537 538
537 539
537 540
537 541
538 511
538 536
538 537
538 539
538 540
538 541
538 542
539 511
539 535
539 536
539 537
539 538
539 540
539 541
539 542
539 543
539 574
540 481
540 484
540 535
540 536
540 537
540 538
540 539
540 541
540 542
540 543
540 544
541 537
541 538
541 539
541 540
541 542
541 543
541 544
542 538
542 539
542 540
542 541
542 543
542 544
542 545
542 572
542 573
542 574
543 478
543 479
543 480
543 481
543 539
543 540
543 541
543 542
543 544
543 545
543 573
543 574
544 480
544 481
544 540
544 541
544 542
544 543
544 545
544 546
545 480
545 542
545 543
545 544
545 546
545 547
545 548
546 544
546 545
546 547
546 548
547 545
547 546
547 548
547 549
547 550
548 545
548 546
548 547
548 549
548 550
549 547
549 548
549 550
549 551
550 547
550 548
550 549
550 551
550 552
550 553
551 549
551 550
551 552
551 553
552 550
552 551
552 553
552 554
553 550
553 551
553 552
553 554
553 555
553 556
554 552
554 553
554 555
554 556
555 553
555 554
555 556
555 557
556 553
556 554
556 555
556 557
556 558
557 555
557 556
557 558
557 559
558 556
558 557
558 559
558 560
559 557
559 558
559 560
559 561
560 558
560 559
560 561
560 562
561 559
561 560
561 562
561 563
562 560
562 561
562 563
562 564
563 561
563 562
563 564
563 565
564 562
564 563
564 565
564 566
565 563
565 564
565 566
565 567
566 564
566 565
566 567
566 568
567 565
567 566
567 568
567 569
568 566
568 567
568 569
568 570
568 571
569 567
569 568
569 570
569 571
570 568
570 569
570 571
570 572
571 568
571 569
571 570
571 572
571 573
572 542
572 570
572 571
572 573
572 574
573 477
573 478
573 542
573 543
573 571
573 572
573 574
573 575
574 477
574 478
574 509
574 510
574 511
574 539
574 542
574 543
574 572
574 573
574 575
574 576
575 475
575 476
575 477
575 478
575 509
575 510
575 573
575 574
575 576
575 577
576 475
576 476
576 477
576 478
576 489
576 492
576 507
576 508
576 509
576 510
576 574
576 575
576 577
576 578
577 473
577 474
577 475
577 476
577 507
577 508
577 509
577 510
577 575
577 576
577 578
577 579
578 473
578 474
578 475
578 505
578 506
578 507
578 508
578 576
578 577
578 579
578 580
579 471
579 472
579 473
579 474
579 507
579 577
579 578
579 580
579 581
579 593
580 471
580 472
580 473
580 578
580 579
580 581
580 582
580 591
580 592
580 593
580 594
581 469
581 470
581 471
581 472
581 579
581 580
581 582
581 583
581 591
581 592
581 593
581 594
582 469
582 470
582 471
582 472
582 580
582 581
582 583
582 584
582 589
582 590
582 591
582 592
583 467
583 468
583 469
583 470
583 581
583 582
583 584
583 585
583 586
583 589
583 590
583 591
584 374
584 467
584 468
584 469
584 470
584 582
584 583
584 585
584 586
584 589
585 459
585 463
585 464
585 466
585 467
585 468
585 583
585 584
585 586
585 587
586 464
586 583
586 584
586 585
586 587
586 588
586 589
586 590
587 464
587 585
587 586
587 588
587 589
588 586
588 587
588 589
588 590
589 582
589 583
589 584
589 586
589 587
589 588
589 590
589 591
590 501
590 582
590 583
590 586
590 588
590 589
590 591
590 592
591 501
591 502
591 580
591 581
591 582
591 583
591 589
591 590
591 592
591 593
592 580
592 581
592 582
592 590
592 591
592 593
592 594
593 505
593 506
593 579
593 580
593 581
593 591
593 592
593 594
593 595
594 580
594 581
594 592
594 593
594 595
595 593
595 594
