0 1
0 2
1 0
1 2
1 3
2 0
2 1
2 3
2 4
3 1
3 2
3 4
3 5
4 2
4 3
4 5
4 6
5 3
5 4
5 6
5 7
5 11
6 4
6 5
6 7
6 8
6 9
6 10
6 11
7 5
7 6
7 8
7 9
7 10
7 11
7 159
7 160
7 245
8 6
8 7
8 9
8 10
8 11
8 12
8 155
8 156
8 157
9 6
9 7
9 8
9 10
9 11
9 12
9 13
9 361
10 6
10 7
10 8
10 9
10 11
10 12
10 13
10 14
10 361
11 5
11 6
11 7
11 8
11 9
11 10
11 12
11 13
11 14
11 15
12 8
12 9
12 10
12 11
12 13
12 14
12 15
12 16
13 9
13 10
13 11
13 12
13 14
13 15
13 16
13 17
13 104
14 10
14 11
14 12
14 13
14 15
14 16
14 17
14 18
15 11
15 12
15 13
15 14
15 16
15 17
15 18
15 19
16 12
16 13
16 14
16 15
16 17
16 18
16 19
16 20
17 13
17 14
17 15
17 16
17 18
17 19
17 20
17 21
18 14
18 15
18 16
18 17
18 19
18 20
18 21
18 22
19 15
19 16
19 17
19 18
19 20
19 21
19 22
19 23
20 16
20 17
20 18
20 19
20 21
20 22
20 23
21 17
21 18
21 19
21 20
21 22
21 23
21 24
22 18
22 19
22 20
22 21
22 23
22 24
23 19
23 20
23 21
23 22
23 24
23 25
24 21
24 22
24 23
24 25
24 26
25 23
25 24
25 26
25 27
26 24
26 25
26 27
26 28
27 25
27 26
27 28
27 29
28 26
28 27
28 29
28 30
29 27
29 28
29 30
29 31
30 28
30 29
30 31
30 32
31 29
31 30
31 32
31 33
31 34
32 30
32 31
32 33
32 34
32 36
32 37
33 31
33 32
33 34
33 35
33 36
33 37
34 31
34 32
34 33
34 35
34 36
34 37
34 38
34 99
35 33
35 34
35 36
35 37
35 38
35 39
35 95
36 32
36 33
36 34
36 35
36 37
36 38
36 39
36 40
37 32
37 33
37 34
37 35
37 36
37 38
37 39
37 40
37 41
38 34
38 35
38 36
38 37
38 39
38 40
38 41
38 42
38 95
38 98
38 99
39 35
39 36
39 37
39 38
39 40
39 41
39 42
39 43
39 91
40 36
40 37
40 38
40 39
40 41
40 42
40 43
40 44
41 37
41 38
41 39
41 40
41 42
41 43
41 44
41 45
42 38
42 39
42 40
42 41
42 43
42 44
42 45
42 46
42 53
42 91
42 94
43 39
43 40
43 41
43 42
43 44
43 45
43 46
43 47
43 49
44 40
44 41
44 42
44 43
44 45
44 46
44 47
45 41
45 42
45 43
45 44
45 46
45 47
45 53
45 57
45 58
46 42
46 43
46 44
46 45
46 47
46 48
46 49
46 50
46 51
46 52
46 53
47 43
47 44
47 45
47 46
47 48
47 49
47 50
48 46
48 47
48 49
48 50
49 43
49 46
49 47
49 48
49 50
49 51
49 52
50 46
50 47
50 48
50 49
50 51
50 52
51 46
51 49
51 50
51 52
51 53
51 90
51 91
52 46
52 49
52 50
52 51
52 53
52 54
52 88
52 89
52 90
52 91
53 42
53 45
53 46
53 51
53 52
53 54
53 55
53 57
53 58
53 88
53 89
53 90
54 52
54 53
54 55
54 56
54 57
54 58
54 87
54 88
54 89
55 53
55 54
55 56
55 57
55 58
55 59
55 78
55 82
55 87
55 88
55 89
56 54
56 55
56 57
56 58
56 59
56 60
57 45
57 53
57 54
57 55
57 56
57 58
57 59
57 60
57 61
58 45
58 53
58 54
58 55
58 56
58 57
58 59
58 60
58 61
58 62
58 78
58 89
59 55
59 56
59 57
59 58
59 60
59 61
59 62
59 63
59 74
59 78
60 56
60 57
60 58
60 59
60 61
60 62
60 63
60 64
61 57
61 58
61 59
61 60
61 62
61 63
61 64
61 65
62 58
62 59
62 60
62 61
62 63
62 64
62 65
62 66
62 69
62 74
63 59
63 60
63 61
63 62
63 64
63 65
63 66
63 67
63 69
64 60
64 61
64 62
64 63
64 65
64 66
64 67
65 61
65 62
65 63
65 64
65 66
65 67
66 62
66 63
66 64
66 65
66 67
66 68
66 69
67 63
67 64
67 65
67 66
67 68
67 69
68 66
68 67
68 69
68 70
69 62
69 63
69 66
69 67
69 68
69 70
69 71
69 73
69 74
70 68
70 69
70 71
70 72
70 73
70 74
71 69
71 70
71 72
71 73
71 74
71 75
72 70
72 71
72 73
72 74
72 75
72 76
73 69
73 70
73 71
73 72
73 74
73 75
73 76
73 77
74 59
74 62
74 69
74 70
74 71
74 72
74 73
74 75
74 76
74 77
74 78
75 71
75 72
75 73
75 74
75 76
75 77
75 78
75 79
76 72
76 73
76 74
76 75
76 77
76 78
76 79
76 80
77 73
77 74
77 75
77 76
77 78
77 79
77 80
77 81
77 97
78 55
78 58
78 59
78 74
78 75
78 76
78 77
78 79
78 80
78 81
78 82
79 75
79 76
79 77
79 78
79 80
79 81
79 82
79 83
79 85
80 76
80 77
80 78
80 79
80 81
80 82
80 83
80 97
81 77
81 78
81 79
81 80
81 82
81 83
81 89
81 93
81 94
81 97
82 55
82 78
82 79
82 80
82 81
82 83
82 84
82 85
82 86
82 87
82 88
82 89
82 93
83 79
83 80
83 81
83 82
83 84
83 85
83 89
83 93
84 82
84 83
84 85
84 86
84 87
85 79
85 82
85 83
85 84
85 86
85 87
85 88
86 82
86 84
86 85
86 87
86 88
87 54
87 55
87 82
87 84
87 85
87 86
87 88
87 89
88 52
88 53
88 54
88 55
88 82
88 85
88 86
88 87
88 89
88 90
89 52
89 53
89 54
89 55
89 58
89 81
89 82
89 83
89 87
89 88
89 90
89 91
89 93
89 94
90 51
90 52
90 53
90 88
90 89
90 91
90 92
90 93
90 94
91 39
91 42
91 51
91 52
91 89
91 90
91 92
91 93
91 94
91 95
92 90
92 91
92 93
92 94
92 95
92 96
93 81
93 82
93 83
93 89
93 90
93 91
93 92
93 94
93 95
93 96
93 97
94 42
94 81
94 89
94 90
94 91
94 92
94 93
94 95
94 96
94 97
94 98
95 35
95 38
95 91
95 92
95 93
95 94
95 96
95 97
95 98
95 99
96 92
96 93
96 94
96 95
96 97
96 98
96 99
96 100
96 101
96 102
97 77
97 80
97 81
97 93
97 94
97 95
97 96
97 98
97 99
97 100
97 101
97 102
98 38
98 94
98 95
98 96
98 97
98 99
98 100
98 101
99 34
99 38
99 95
99 96
99 97
99 98
99 100
99 101
99 102
100 96
100 97
100 98
100 99
100 101
100 102
101 96
101 97
101 98
101 99
101 100
101 102
101 103
102 96
102 97
102 99
102 100
102 101
102 103
102 104
102 105
102 106
102 107
103 101
103 102
103 104
103 105
103 106
103 107
103 361
103 362
104 13
104 102
104 103
104 105
104 106
104 107
104 108
104 361
104 362
105 102
105 103
105 104
105 106
105 107
105 108
105 109
105 148
105 151
105 361
106 102
106 103
106 104
106 105
106 107
106 108
106 109
106 110
107 102
107 103
107 104
107 105
107 106
107 108
107 109
107 110
107 111
108 104
108 105
108 106
108 107
108 109
108 110
108 111
108 112
109 105
109 106
109 107
109 108
109 110
109 111
109 112
109 113
110 106
110 107
110 108
110 109
110 111
110 112
110 113
110 114
111 107
111 108
111 109
111 110
111 112
111 113
111 114
112 108
112 109
112 110
112 111
112 113
112 114
112 115
112 117
113 109
113 110
113 111
113 112
113 114
113 115
113 116
113 117
114 110
114 111
114 112
114 113
114 115
114 116
115 112
115 113
115 114
115 116
115 117
116 113
116 114
116 115
116 117
116 118
116 119
117 112
117 113
117 115
117 116
117 118
117 119
118 116
118 117
118 119
118 120
118 121
119 116
119 117
119 118
119 120
119 121
119 122
120 118
120 119
120 121
120 122
120 123
120 124
121 118
121 119
121 120
121 122
121 123
121 124
122 119
122 120
122 121
122 123
122 124
122 125
122 136
122 150
123 120
123 121
123 122
123 124
123 125
124 120
124 121
124 122
124 123
124 125
124 126
124 127
124 128
125 122
125 123
125 124
125 126
125 127
125 128
126 124
126 125
126 127
126 128
127 124
127 125
127 126
127 128
127 129
128 124
128 125
128 126
128 127
128 129
128 130
128 132
128 133
129 127
129 128
129 130
129 131
129 132
129 133
130 128
130 129
130 131
130 132
130 133
130 134
131 129
131 130
131 132
131 133
131 134
131 135
132 128
132 129
132 130
132 131
132 133
132 134
132 135
132 136
132 153
133 128
133 129
133 130
133 131
133 132
133 134
133 135
133 136
133 137
134 130
134 131
134 132
134 133
134 135
134 136
134 137
134 138
135 131
135 132
135 133
135 134
135 136
135 137
135 138
135 139
135 153
135 156
136 122
136 132
136 133
136 134
136 135
136 137
136 138
136 139
136 140
136 149
136 153
137 133
137 134
137 135
137 136
137 138
137 139
137 140
137 141
138 134
138 135
138 136
138 137
138 139
138 140
138 141
138 142
138 239
138 242
138 243
139 135
139 136
139 137
139 138
139 140
139 141
139 142
139 143
139 149
139 152
139 153
139 243
140 136
140 137
140 138
140 139
140 141
140 142
140 143
140 144
140 149
140 298
140 299
140 300
141 137
141 138
141 139
141 140
141 142
141 143
141 239
141 298
141 300
141 303
142 138
142 139
142 140
142 141
142 143
142 144
142 239
142 240
142 243
142 287
143 139
143 140
143 141
143 142
143 144
143 145
143 146
143 148
143 149
143 298
144 140
144 142
144 143
144 145
144 146
144 148
144 149
144 291
144 294
144 297
144 298
144 299
145 143
145 144
145 146
145 147
145 148
145 149
145 297
145 298
146 143
146 144
146 145
146 147
146 148
146 149
146 150
146 297
147 145
147 146
147 148
147 149
147 150
147 151
148 105
148 143
148 144
148 145
148 146
148 147
148 149
148 150
148 151
148 152
149 136
149 139
149 140
149 143
149 144
149 145
149 146
149 147
149 148
149 150
149 151
149 152
149 153
150 122
150 146
150 147
150 148
150 149
150 151
150 152
150 153
150 154
151 105
151 147
151 148
151 149
151 150
151 152
151 153
151 154
151 155
152 139
152 148
152 149
152 150
152 151
152 153
152 154
152 155
152 156
152 243
153 132
153 135
153 136
153 139
153 149
153 150
153 151
153 152
153 154
153 155
153 156
154 150
154 151
154 152
154 153
154 155
154 156
155 8
155 151
155 152
155 153
155 154
155 156
155 157
156 8
156 135
156 152
156 153
156 154
156 155
156 157
156 158
156 159
157 8
157 155
157 156
157 158
157 159
157 160
158 156
158 157
158 159
158 160
158 161
159 7
159 156
159 157
159 158
159 160
159 161
160 7
160 157
160 158
160 159
160 161
160 162
160 163
161 158
161 159
161 160
161 162
161 163
161 242
162 160
162 161
162 163
162 164
162 165
162 166
162 238
162 241
162 242
162 245
162 246
163 160
163 161
163 162
163 164
163 165
163 166
163 167
163 246
164 162
164 163
164 165
164 166
164 167
164 168
164 241
164 246
164 250
165 162
165 163
165 164
165 166
165 167
165 168
165 169
165 233
165 234
165 237
165 238
165 241
165 250
166 162
166 163
166 164
166 165
166 167
166 168
166 169
166 170
166 234
166 238
167 163
167 164
167 165
167 166
167 168
167 169
167 170
167 171
168 164
168 165
168 166
168 167
168 169
168 170
168 171
168 172
169 165
169 166
169 167
169 168
169 170
169 171
169 172
169 173
169 230
169 233
169 234
170 166
170 167
170 168
170 169
170 171
170 172
170 173
170 174
171 167
171 168
171 169
171 170
171 172
171 173
171 174
171 175
171 218
172 168
172 169
172 170
172 171
172 173
172 174
172 175
172 176
172 217
172 218
172 219
172 220
172 226
173 169
173 170
173 171
173 172
173 174
173 175
173 176
173 177
173 218
173 226
174 170
174 171
174 172
174 173
174 175
174 176
174 177
174 178
175 171
175 172
175 173
175 174
175 176
175 177
175 178
175 179
175 218
175 219
176 172
176 173
176 174
176 175
176 177
176 178
176 179
176 180
176 186
176 218
176 219
176 220
176 226
177 173
177 174
177 175
177 176
177 178
177 179
177 180
177 181
177 186
178 174
178 175
178 176
178 177
178 179
178 180
178 181
178 182
179 175
179 176
179 177
179 178
179 180
179 181
179 182
179 183
179 186
179 195
180 176
180 177
180 178
180 179
180 181
180 182
180 183
180 184
180 185
180 186
180 189
181 177
181 178
181 179
181 180
181 182
181 183
181 184
181 185
181 186
182 178
182 179
182 180
182 181
182 183
182 184
183 179
183 180
183 181
183 182
183 184
183 185
183 189
183 192
183 194
183 195
184 180
184 181
184 182
184 183
184 185
184 186
185 180
185 181
185 183
185 184
185 186
185 187
185 188
185 189
186 176
186 177
186 179
186 180
186 181
186 184
186 185
186 187
186 188
186 189
186 221
186 222
186 223
187 185
187 186
187 188
187 189
187 221
187 222
187 223
188 185
188 186
188 187
188 189
188 190
188 191
188 192
188 221
188 222
189 180
189 183
189 185
189 186
189 187
189 188
189 190
189 191
189 192
189 195
189 220
189 221
189 222
190 188
190 189
190 191
190 192
190 193
190 195
190 196
190 221
190 334
190 336
191 188
191 189
191 190
191 192
191 193
191 195
191 196
191 330
191 334
192 183
192 188
192 189
192 190
192 191
192 193
192 194
192 195
192 196
193 190
193 191
193 192
193 194
193 195
193 196
193 197
193 403
194 183
194 192
194 193
194 195
194 196
194 197
194 198
195 179
195 183
195 189
195 190
195 191
195 192
195 193
195 194
195 196
195 197
195 198
196 190
196 191
196 192
196 193
196 194
196 195
196 197
196 198
196 201
196 403
197 193
197 194
197 195
197 196
197 198
197 199
197 201
197 403
198 194
198 195
198 196
198 197
198 199
198 200
198 201
199 197
199 198
199 200
199 201
199 212
200 198
200 199
200 201
200 202
200 211
200 212
200 215
200 216
200 218
200 219
201 196
201 197
201 198
201 199
201 200
201 202
201 203
201 212
201 215
201 216
201 219
201 272
201 273
201 274
202 200
202 201
202 203
202 204
202 206
202 207
202 212
202 213
202 215
202 216
202 261
202 272
202 273
202 274
203 201
203 202
203 204
203 205
203 206
203 207
203 212
203 270
203 271
203 272
203 273
203 402
204 202
204 203
204 205
204 206
204 207
204 265
204 269
204 270
204 271
204 272
204 399
205 203
205 204
205 206
205 207
205 399
205 400
205 401
205 402
206 202
206 203
206 204
206 205
206 207
206 208
206 209
206 402
207 202
207 203
207 204
207 205
207 206
207 208
207 209
207 210
207 212
207 388
208 206
208 207
208 209
208 210
209 206
209 207
209 208
209 210
209 211
209 212
210 207
210 208
210 209
210 211
210 212
210 213
210 214
211 200
211 209
211 210
211 212
211 213
211 214
211 215
212 199
212 200
212 201
212 202
212 203
212 207
212 209
212 210
212 211
212 213
212 214
212 215
212 216
213 202
213 210
213 211
213 212
213 214
213 215
213 216
213 257
213 258
213 261
213 262
214 210
214 211
214 212
214 213
214 215
214 216
214 217
214 254
214 257
214 258
214 261
215 200
215 201
215 202
215 211
215 212
215 213
215 214
215 216
215 217
215 218
215 219
216 200
216 201
216 202
216 212
216 213
216 214
216 215
216 217
216 218
216 219
216 273
216 274
216 275
216 276
217 172
217 214
217 215
217 216
217 218
217 219
217 220
217 257
217 274
217 275
217 276
217 277
218 171
218 172
218 173
218 175
218 176
218 200
218 215
218 216
218 217
218 219
218 220
218 274
218 275
218 276
219 172
219 175
219 176
219 200
219 201
219 215
219 216
219 217
219 218
219 220
219 221
219 274
219 275
219 276
220 172
220 176
220 189
220 217
220 218
220 219
220 221
220 222
220 223
220 225
220 226
220 274
220 275
220 276
221 186
221 187
221 188
221 189
221 190
221 219
221 220
221 222
221 223
221 225
221 226
221 274
221 275
222 186
222 187
222 188
222 189
222 220
222 221
222 223
222 224
222 225
222 226
223 186
223 187
223 220
223 221
223 222
223 224
223 225
223 226
223 227
224 222
224 223
224 225
224 226
224 227
224 228
225 220
225 221
225 222
225 223
225 224
225 226
225 227
225 228
225 229
225 275
225 317
226 172
226 173
226 176
226 220
226 221
226 222
226 223
226 224
226 225
226 227
226 228
226 229
226 230
226 275
227 223
227 224
227 225
227 226
227 228
227 229
227 230
227 231
228 224
228 225
228 226
228 227
228 229
228 230
228 231
228 232
228 313
228 317
229 225
229 226
229 227
229 228
229 230
229 231
229 232
229 233
229 275
229 276
229 277
229 280
230 169
230 226
230 227
230 228
230 229
230 231
230 232
230 233
230 234
231 227
231 228
231 229
231 230
231 232
231 233
231 234
231 235
232 228
232 229
232 230
232 231
232 233
232 234
232 235
232 236
232 237
232 280
232 284
232 310
232 313
233 165
233 169
233 229
233 230
233 231
233 232
233 234
233 235
233 236
233 237
233 238
233 280
233 283
234 165
234 166
234 169
234 230
234 231
234 232
234 233
234 235
234 236
234 237
234 238
234 239
235 231
235 232
235 233
235 234
235 236
235 237
235 238
235 239
236 232
236 233
236 234
236 235
236 237
236 238
236 239
236 240
236 283
236 284
236 287
237 165
237 232
237 233
237 234
237 235
237 236
237 238
237 239
237 240
237 241
237 249
237 280
237 283
237 284
238 162
238 165
238 166
238 233
238 234
238 235
238 236
238 237
238 239
238 240
238 241
238 242
239 138
239 141
239 142
239 234
239 235
239 236
239 237
239 238
239 240
239 241
239 242
239 243
240 142
240 236
240 237
240 238
240 239
240 241
240 242
240 243
240 244
240 245
240 249
241 162
241 164
241 165
241 237
241 238
241 239
241 240
241 242
241 243
241 244
241 245
241 246
241 248
241 249
242 138
242 161
242 162
242 238
242 239
242 240
242 241
242 243
242 244
242 245
242 246
243 138
243 139
243 142
243 152
243 239
243 240
243 241
243 242
243 244
243 245
243 360
244 240
244 241
244 242
244 243
244 245
244 246
244 248
244 249
244 357
244 360
245 7
245 162
245 240
245 241
245 242
245 243
245 244
245 246
245 247
245 248
245 249
246 162
246 163
246 164
246 241
246 242
246 244
246 245
246 247
246 248
246 249
246 250
247 245
247 246
247 248
247 249
247 250
247 251
248 241
248 244
248 245
248 246
248 247
248 249
248 250
248 251
248 252
248 356
249 237
249 240
249 241
249 244
249 245
249 246
249 247
249 248
249 250
249 251
249 252
249 253
249 283
249 356
250 164
250 165
250 246
250 247
250 248
250 249
250 251
250 252
250 253
250 254
251 247
251 248
251 249
251 250
251 252
251 253
251 254
251 255
252 248
252 249
252 250
252 251
252 253
252 254
252 255
252 256
252 279
252 282
252 283
252 348
252 349
252 352
252 353
252 356
253 249
253 250
253 251
253 252
253 254
253 255
253 256
253 257
253 278
253 279
253 280
253 282
253 283
254 214
254 250
254 251
254 252
254 253
254 255
254 256
254 257
254 258
254 279
255 251
255 252
255 253
255 254
255 256
255 257
255 258
255 259
255 279
255 345
255 348
256 252
256 253
256 254
256 255
256 257
256 258
256 259
256 260
256 278
256 279
256 280
256 281
256 282
256 344
256 345
256 346
256 347
256 348
256 349
257 213
257 214
257 217
257 253
257 254
257 255
257 256
257 258
257 259
257 260
257 261
257 276
257 277
257 278
257 279
257 341
257 344
257 345
258 213
258 214
258 254
258 255
258 256
258 257
258 259
258 260
258 261
258 262
258 278
259 255
259 256
259 257
259 258
259 260
259 261
259 262
259 263
259 278
259 341
259 344
259 345
259 348
259 381
260 256
260 257
260 258
260 259
260 261
260 262
260 263
260 264
260 278
260 279
260 340
260 341
260 342
260 343
260 344
260 345
261 202
261 213
261 214
261 257
261 258
261 259
261 260
261 262
261 263
261 264
261 265
261 273
261 278
261 341
261 344
262 213
262 258
262 259
262 260
262 261
262 263
262 264
262 265
262 266
262 341
262 344
262 381
262 384
263 259
263 260
263 261
263 262
263 264
263 265
263 266
263 267
263 268
263 340
263 341
263 343
263 344
263 384
264 260
264 261
264 262
264 263
264 265
264 266
264 267
264 268
264 269
264 271
264 273
264 338
264 340
264 341
265 204
265 261
265 262
265 263
265 264
265 266
265 267
265 268
265 269
265 384
265 388
266 262
266 263
266 264
266 265
266 267
266 268
266 269
266 384
266 387
266 388
267 263
267 264
267 265
267 266
267 268
267 269
267 340
268 263
268 264
268 265
268 266
268 267
268 269
268 270
268 271
268 338
268 340
269 204
269 264
269 265
269 266
269 267
269 268
269 270
269 271
270 203
270 204
270 268
270 269
270 271
270 272
270 335
270 399
271 203
271 204
271 264
271 268
271 269
271 270
271 272
271 273
271 335
271 336
271 337
271 338
272 201
272 202
272 203
272 204
272 270
272 271
272 273
272 274
272 335
272 336
272 337
272 338
273 201
273 202
273 203
273 216
273 261
273 264
273 271
273 272
273 274
273 275
273 337
273 338
273 341
274 201
274 202
274 216
274 217
274 218
274 219
274 220
274 221
274 272
274 273
274 275
274 276
274 337
275 216
275 217
275 218
275 219
275 220
275 221
275 225
275 226
275 229
275 273
275 274
275 276
275 277
275 278
276 216
276 217
276 218
276 219
276 220
276 229
276 257
276 274
276 275
276 277
276 278
276 279
276 280
277 217
277 229
277 257
277 275
277 276
277 278
277 279
277 280
277 281
277 341
277 342
277 345
278 253
278 256
278 257
278 258
278 259
278 260
278 261
278 275
278 276
278 277
278 279
278 280
278 281
278 282
278 341
278 342
278 343
278 344
278 345
278 346
279 252
279 253
279 254
279 255
279 256
279 257
279 260
279 276
279 277
279 278
279 280
279 281
279 282
279 283
279 345
280 229
280 232
280 233
280 237
280 253
280 256
280 276
280 277
280 278
280 279
280 281
280 282
280 283
280 284
280 345
281 256
281 277
281 278
281 279
281 280
281 282
281 283
281 284
281 285
281 314
281 342
281 343
281 345
281 346
281 349
282 252
282 253
282 256
282 278
282 279
282 280
282 281
282 283
282 284
282 285
282 286
282 345
282 346
282 347
282 348
282 349
282 350
282 353
283 233
283 236
283 237
283 249
283 252
283 253
283 279
283 280
283 281
283 282
283 284
283 285
283 286
283 287
283 349
283 353
284 232
284 236
284 237
284 280
284 281
284 282
284 283
284 285
284 286
284 287
284 288
284 310
284 349
285 281
285 282
285 283
285 284
285 286
285 287
285 288
285 289
285 346
285 349
285 350
285 353
286 282
286 283
286 284
286 285
286 287
286 288
286 289
286 290
286 346
286 348
286 349
286 350
286 351
286 353
286 354
286 357
287 142
287 236
287 283
287 284
287 285
287 286
287 288
287 289
287 290
287 291
287 349
287 353
287 354
287 357
288 284
288 285
288 286
288 287
288 289
288 290
288 291
288 292
288 307
289 285
289 286
289 287
289 288
289 290
289 291
289 292
289 293
289 350
289 354
290 286
290 287
290 288
290 289
290 291
290 292
290 293
290 294
290 354
290 357
290 358
291 144
291 287
291 288
291 289
291 290
291 292
291 293
291 294
291 295
291 298
291 303
292 288
292 289
292 290
292 291
292 293
292 294
292 295
293 289
293 290
293 291
293 292
293 294
293 295
294 144
294 290
294 291
294 292
294 293
294 295
294 296
294 297
294 298
295 291
295 292
295 293
295 294
295 296
295 297
295 298
296 294
296 295
296 297
296 298
296 299
297 144
297 145
297 146
297 294
297 295
297 296
297 298
297 299
298 140
298 141
298 143
298 144
298 145
298 291
298 294
298 295
298 296
298 297
298 299
298 300
298 303
299 140
299 144
299 296
299 297
299 298
299 300
299 301
299 303
300 140
300 141
300 298
300 299
300 301
300 302
300 303
301 299
301 300
301 302
301 303
301 304
302 300
302 301
302 303
302 304
302 305
302 306
303 141
303 291
303 298
303 299
303 300
303 301
303 302
303 304
303 305
303 306
303 307
304 301
304 302
304 303
304 305
304 306
304 307
304 308
305 302
305 303
305 304
305 306
305 307
305 308
305 309
306 302
306 303
306 304
306 305
306 307
306 308
306 309
306 310
307 288
307 303
307 304
307 305
307 306
307 308
307 309
307 310
307 311
308 304
308 305
308 306
308 307
308 309
308 310
308 311
308 312
309 305
309 306
309 307
309 308
309 310
309 311
309 312
309 313
310 232
310 284
310 306
310 307
310 308
310 309
310 311
310 312
310 313
310 314
311 307
311 308
311 309
311 310
311 312
311 313
311 314
311 315
312 308
312 309
312 310
312 311
312 313
312 314
312 315
312 316
313 228
313 232
313 309
313 310
313 311
313 312
313 314
313 315
313 316
313 317
314 281
314 310
314 311
314 312
314 313
314 315
314 316
314 317
314 318
315 311
315 312
315 313
315 314
315 316
315 317
315 318
315 319
316 312
316 313
316 314
316 315
316 317
316 318
316 319
316 320
317 225
317 228
317 313
317 314
317 315
317 316
317 318
317 319
317 320
317 321
318 314
318 315
318 316
318 317
318 319
318 320
318 321
318 322
318 339
318 342
319 315
319 316
319 317
319 318
319 320
319 321
319 322
319 323
320 316
320 317
320 318
320 319
320 321
320 322
320 323
320 324
321 317
321 318
321 319
321 320
321 322
321 323
321 324
321 325
321 336
321 337
321 338
321 339
322 318
322 319
322 320
322 321
322 323
322 324
322 325
322 326
322 338
322 339
323 319
323 320
323 321
323 322
323 324
323 325
323 326
323 327
324 320
324 321
324 322
324 323
324 325
324 326
324 327
324 328
324 329
324 336
325 321
325 322
325 323
325 324
325 326
325 327
325 328
325 335
325 336
325 337
325 338
325 339
326 322
326 323
326 324
326 325
326 327
326 328
327 323
327 324
327 325
327 326
327 328
327 329
328 324
328 325
328 326
328 327
328 329
328 330
328 331
328 333
328 334
328 335
328 336
329 324
329 327
329 328
329 330
329 331
329 333
330 191
330 328
330 329
330 331
330 332
330 333
330 334
331 328
331 329
331 330
331 332
331 333
331 334
332 330
332 331
332 333
332 334
333 328
333 329
333 330
333 331
333 332
333 334
333 335
334 190
334 191
334 328
334 330
334 331
334 332
334 333
334 335
334 336
335 270
335 271
335 272
335 325
335 328
335 333
335 334
335 336
335 337
336 190
336 271
336 272
336 321
336 324
336 325
336 328
336 334
336 335
336 337
336 338
337 271
337 272
337 273
337 274
337 321
337 325
337 335
337 336
337 338
337 339
338 264
338 268
338 271
338 272
338 273
338 321
338 322
338 325
338 336
338 337
338 339
338 340
338 341
339 318
339 321
339 322
339 325
339 337
339 338
339 340
339 341
339 342
339 343
340 260
340 263
340 264
340 267
340 268
340 338
340 339
340 341
340 342
340 343
340 344
341 257
341 259
341 260
341 261
341 262
341 263
341 264
341 273
341 277
341 278
341 338
341 339
341 340
341 342
341 343
341 344
341 345
342 260
342 277
342 278
342 281
342 318
342 339
342 340
342 341
342 343
342 344
342 345
342 346
343 260
343 263
343 278
343 281
343 339
343 340
343 341
343 342
343 344
343 345
343 346
343 347
344 256
344 257
344 259
344 260
344 261
344 262
344 263
344 278
344 340
344 341
344 342
344 343
344 345
344 346
344 347
344 348
345 255
345 256
345 257
345 259
345 260
345 277
345 278
345 279
345 280
345 281
345 282
345 341
345 342
345 343
345 344
345 346
345 347
345 348
345 349
346 256
346 278
346 281
346 282
346 285
346 286
346 342
346 343
346 344
346 345
346 347
346 348
346 349
346 350
347 256
347 282
347 343
347 344
347 345
347 346
347 348
347 349
347 350
347 351
348 252
348 255
348 256
348 259
348 282
348 286
348 344
348 345
348 346
348 347
348 349
348 350
348 351
348 352
348 353
349 252
349 256
349 281
349 282
349 283
349 284
349 285
349 286
349 287
349 345
349 346
349 347
349 348
349 350
349 351
349 352
349 353
349 354
350 282
350 285
350 286
350 289
350 346
350 347
350 348
350 349
350 351
350 352
350 353
350 354
351 286
351 347
351 348
351 349
351 350
351 352
351 353
351 354
351 355
351 373
352 252
352 348
352 349
352 350
352 351
352 353
352 354
352 355
352 356
352 370
352 373
352 374
353 252
353 282
353 283
353 285
353 286
353 287
353 348
353 349
353 350
353 351
353 352
353 354
353 355
353 356
353 357
354 286
354 287
354 289
354 290
354 349
354 350
354 351
354 352
354 353
354 355
354 356
354 357
354 358
355 351
355 352
355 353
355 354
355 356
355 357
355 358
355 359
355 364
355 369
355 370
356 248
356 249
356 252
356 352
356 353
356 354
356 355
356 357
356 358
356 359
356 360
356 364
357 244
357 286
357 287
357 290
357 353
357 354
357 355
357 356
357 358
357 359
357 360
358 290
358 354
358 355
358 356
358 357
358 359
358 360
359 355
359 356
359 357
359 358
359 360
359 361
359 362
359 363
359 364
360 243
360 244
360 356
360 357
360 358
360 359
360 361
360 362
361 9
361 10
361 103
361 104
361 105
361 359
361 360
361 362
361 363
362 103
362 104
362 359
362 360
362 361
362 363
362 364
362 366
363 359
363 361
363 362
363 364
363 365
363 366
363 367
364 355
364 356
364 359
364 362
364 363
364 365
364 366
364 367
364 370
365 363
365 364
365 366
365 367
365 368
365 370
365 371
366 362
366 363
366 364
366 365
366 367
366 368
366 370
367 363
367 364
367 365
367 366
367 368
367 369
367 370
367 371
368 365
368 366
368 367
368 369
368 370
368 371
368 372
369 355
369 367
369 368
369 370
369 371
369 372
369 373
370 352
370 355
370 364
370 365
370 366
370 367
370 368
370 369
370 371
370 372
370 373
370 374
371 365
371 367
371 368
371 369
371 370
371 372
371 373
371 374
371 375
372 368
372 369
372 370
372 371
372 373
372 374
372 375
372 376
373 351
373 352
373 369
373 370
373 371
373 372
373 374
373 375
373 376
373 377
374 352
374 370
374 371
374 372
374 373
374 375
374 376
374 377
374 378
375 371
375 372
375 373
375 374
375 376
375 377
375 378
375 379
376 372
376 373
376 374
376 375
376 377
376 378
376 379
376 380
377 373
377 374
377 375
377 376
377 378
377 379
377 380
377 381
378 374
378 375
378 376
378 377
378 379
378 380
378 381
378 382
379 375
379 376
379 377
379 378
379 380
379 381
379 382
379 383
380 376
380 377
380 378
380 379
380 381
380 382
380 383
380 384
381 259
381 262
381 377
381 378
381 379
381 380
381 382
381 383
381 384
381 385
382 378
382 379
382 380
382 381
382 383
382 384
382 385
382 386
383 379
383 380
383 381
383 382
383 384
383 385
383 386
383 387
384 262
384 263
384 265
384 266
384 380
384 381
384 382
384 383
384 385
384 386
384 387
384 388
385 381
385 382
385 383
385 384
385 386
385 387
385 388
385 389
386 382
386 383
386 384
386 385
386 387
386 388
386 389
386 390
386 391
387 266
387 383
387 384
387 385
387 386
387 388
387 389
387 390
387 391
388 207
388 265
388 266
388 384
388 385
388 386
388 387
388 389
388 390
388 391
388 392
389 385
389 386
389 387
389 388
389 390
389 391
389 392
390 386
390 387
390 388
390 389
390 391
390 392
390 393
390 394
391 386
391 387
391 388
391 389
391 390
391 392
391 393
391 394
391 395
391 397
392 388
392 389
392 390
392 391
392 393
392 394
392 395
392 396
392 397
392 398
393 390
393 391
393 392
393 394
393 395
393 396
393 397
394 390
394 391
394 392
394 393
394 395
394 396
394 397
395 391
395 392
395 393
395 394
395 396
395 397
396 392
396 393
396 394
396 395
396 397
396 398
397 391
397 392
397 393
397 394
397 395
397 396
397 398
397 399
398 392
398 396
398 397
398 399
398 400
399 204
399 205
399 270
399 397
399 398
399 400
399 401
400 205
400 398
400 399
400 401
400 402
401 205
401 399
401 400
401 402
401 403
402 203
402 205
402 206
402 400
402 401
402 403
403 193
403 196
403 197
403 401
403 402
