0 1
0 2
1 0
1 2
1 3
1 4
2 0
2 1
2 3
2 4
2 5
2 6
3 1
3 2
3 4
3 5
3 6
3 7
4 1
4 2
4 3
4 5
4 6
4 7
4 8
5 2
5 3
5 4
5 6
5 7
5 8
6 2
6 3
6 4
6 5
6 7
6 8
7 3
7 4
7 5
7 6
7 8
7 9
7 122
8 4
8 5
8 6
8 7
8 9
8 10
9 7
9 8
9 10
9 11
9 124
10 8
10 9
10 11
10 12
10 14
11 9
11 10
11 12
11 13
11 14
12 10
12 11
12 13
12 14
12 15
13 11
13 12
13 14
13 15
13 16
14 10
14 11
14 12
14 13
14 15
14 16
15 12
15 13
15 14
15 16
15 17
15 18
15 19
16 13
16 14
16 15
16 17
16 18
16 19
17 15
17 16
17 18
17 19
17 20
18 15
18 16
18 17
18 19
18 20
18 21
19 15
19 16
19 17
19 18
19 20
19 21
19 22
20 17
20 18
20 19
20 21
20 22
21 18
21 19
21 20
21 22
21 23
22 19
22 20
22 21
22 23
22 24
23 21
23 22
23 24
23 25
24 22
24 23
24 25
24 26
24 27
25 23
25 24
25 26
25 27
26 24
26 25
26 27
26 28
27 24
27 25
27 26
27 28
27 29
27 131
28 26
28 27
28 29
28 30
29 27
29 28
29 30
29 31
30 28
30 29
30 31
30 32
31 29
31 30
31 32
31 33
32 30
32 31
32 33
32 34
33 31
33 32
33 34
33 35
33 129
34 32
34 33
34 35
34 36
35 33
35 34
35 36
35 37
36 34
36 35
36 37
36 38
36 127
37 35
37 36
37 38
37 39
37 126
38 36
38 37
38 39
38 40
38 41
38 124
38 125
38 126
39 37
39 38
39 40
39 41
39 42
39 124
40 38
40 39
40 41
40 42
40 43
41 38
41 39
41 40
41 42
41 43
42 39
42 40
42 41
42 43
42 44
42 45
42 123
43 40
43 41
43 42
43 44
43 45
44 42
44 43
44 45
44 46
45 42
45 43
45 44
45 46
45 47
45 48
46 44
46 45
46 47
46 48
46 49
47 45
47 46
47 48
47 49
47 50
48 45
48 46
48 47
48 49
48 50
48 51
49 46
49 47
49 48
49 50
49 51
50 47
50 48
50 49
50 51
50 52
50 53
51 48
51 49
51 50
51 52
51 53
51 54
51 118
51 119
52 50
52 51
52 53
52 54
53 50
53 51
53 52
53 54
53 55
54 51
54 52
54 53
54 55
54 56
55 53
55 54
55 56
55 57
56 54
56 55
56 57
56 58
56 59
56 60
56 61
56 113
57 55
57 56
57 58
57 59
57 113
57 114
57 115
57 117
58 56
58 57
58 59
58 60
58 112
58 113
58 114
58 115
59 56
59 57
59 58
59 60
59 61
59 112
59 113
60 56
60 58
60 59
60 61
60 62
60 110
60 111
60 112
60 113
61 56
61 59
61 60
61 62
61 63
61 110
61 111
61 112
61 113
62 60
62 61
62 63
62 64
62 108
62 109
62 110
62 111
63 61
63 62
63 64
63 65
63 108
63 109
63 110
64 62
64 63
64 65
64 66
64 106
64 107
64 108
64 109
65 63
65 64
65 66
65 67
65 106
65 107
65 108
65 109
66 64
66 65
66 67
66 68
66 104
66 105
66 106
66 107
67 65
67 66
67 68
67 69
67 104
67 105
67 106
67 107
68 66
68 67
68 69
68 70
68 102
68 103
68 104
68 105
69 67
69 68
69 70
69 71
69 102
69 103
69 104
69 105
70 68
70 69
70 71
70 72
70 100
70 101
70 102
70 103
71 69
71 70
71 72
71 73
71 100
71 101
71 102
71 103
72 70
72 71
72 73
72 74
72 100
72 101
73 71
73 72
73 74
73 75
73 98
73 99
73 100
73 101
74 72
74 73
74 75
74 76
74 77
75 73
75 74
75 76
75 77
75 78
76 74
76 75
76 77
76 78
76 79
77 74
77 75
77 76
77 78
77 79
77 80
78 75
78 76
78 77
78 79
78 80
78 81
79 76
79 77
79 78
79 80
79 81
80 77
80 78
80 79
80 81
80 82
81 78
81 79
81 80
81 82
81 83
81 84
82 80
82 81
82 83
82 84
83 81
83 82
83 84
83 85
84 81
84 82
84 83
84 85
84 86
85 83
85 84
85 86
85 87
86 84
86 85
86 87
86 88
87 85
87 86
87 88
87 89
88 86
88 87
88 89
88 90
89 87
89 88
89 90
89 91
90 88
90 89
90 91
90 92
91 89
91 90
91 92
91 93
92 90
92 91
92 93
92 94
93 91
93 92
93 94
93 95
93 96
94 92
94 93
94 95
94 96
95 93
95 94
95 96
95 97
95 98
96 93
96 94
96 95
96 97
96 98
97 95
97 96
97 98
97 99
98 73
98 95
98 96
98 97
98 99
98 100
99 73
99 97
99 98
99 100
99 101
100 70
100 71
100 72
100 73
100 98
100 99
100 101
100 102
101 70
101 71
101 72
101 73
101 99
101 100
101 102
101 103
102 68
102 69
102 70
102 71
102 100
102 101
102 103
102 104
103 68
103 69
103 70
103 71
103 101
103 102
103 104
103 105
103 130
104 66
104 67
104 68
104 69
104 102
104 103
104 105
104 106
104 130
105 66
105 67
105 68
105 69
105 103
105 104
105 106
105 107
105 127
105 128
105 129
105 130
106 64
106 65
106 66
106 67
106 104
106 105
106 107
106 108
106 127
106 128
106 129
106 130
107 64
107 65
107 66
107 67
107 105
107 106
107 108
107 109
107 125
107 126
107 127
107 128
108 62
108 63
108 64
108 65
108 106
108 107
108 109
108 110
108 124
108 125
108 126
108 127
108 128
109 62
109 63
109 64
109 65
109 107
109 108
109 110
109 111
109 123
109 124
109 125
109 126
110 60
110 61
110 62
110 63
110 108
110 109
110 111
110 112
110 121
110 122
110 123
110 124
111 60
111 61
111 62
111 109
111 110
111 112
111 113
111 119
111 120
111 121
111 122
111 123
112 58
112 59
112 60
112 61
112 110
112 111
112 113
112 114
112 119
112 120
112 121
112 122
113 56
113 57
113 58
113 59
113 60
113 61
113 111
113 112
113 114
113 115
113 117
113 118
113 119
113 120
114 57
114 58
114 112
114 113
114 115
114 116
114 117
114 118
114 119
114 120
115 57
115 58
115 113
115 114
115 116
115 117
115 118
116 114
116 115
116 117
116 118
117 57
117 113
117 114
117 115
117 116
117 118
117 119
118 51
118 113
118 114
118 115
118 116
118 117
118 119
118 120
119 51
119 111
119 112
119 113
119 114
119 117
119 118
119 120
119 121
120 111
120 112
120 113
120 114
120 118
120 119
120 121
120 122
121 110
121 111
121 112
121 119
121 120
121 122
121 123
122 7
122 110
122 111
122 112
122 120
122 121
122 123
122 124
123 42
123 109
123 110
123 111
123 121
123 122
123 124
123 125
124 9
124 38
124 39
124 108
124 109
124 110
124 122
124 123
124 125
124 126
125 38
125 107
125 108
125 109
125 123
125 124
125 126
125 127
126 37
126 38
126 107
126 108
126 109
126 124
126 125
126 127
126 128
127 36
127 105
127 106
127 107
127 108
127 125
127 126
127 128
127 129
128 105
128 106
128 107
128 108
128 126
128 127
128 129
128 130
128 131
129 33
129 105
129 106
129 127
129 128
129 130
129 131
129 132
130 103
130 104
130 105
130 106
130 128
130 129
130 131
130 132
130 133
131 27
131 128
131 129
131 130
131 132
131 133
132 129
132 130
132 131
132 133
132 134
132 135
133 130
133 131
133 132
133 134
133 135
134 132
134 133
134 135
134 136
134 137
135 132
135 133
135 134
135 136
135 137
136 134
136 135
136 137
136 138
137 134
137 135
137 136
137 138
138 136
138 137
