0 1
0 2
1 0
1 2
1 3
2 0
2 1
2 3
2 4
3 1
3 2
3 4
3 5
4 2
4 3
4 5
4 6
5 3
5 4
5 6
5 7
5 9
5 10
6 4
6 5
6 7
6 8
6 9
6 10
7 5
7 6
7 8
7 9
7 10
7 11
8 6
8 7
8 9
8 10
8 11
8 12
9 5
9 6
9 7
9 8
9 10
9 11
9 12
9 13
10 5
10 6
10 7
10 8
10 9
10 11
10 12
10 13
10 14
11 7
11 8
11 9
11 10
11 12
11 13
11 14
11 15
12 8
12 9
12 10
12 11
12 13
12 14
12 15
13 9
13 10
13 11
13 12
13 14
13 15
14 10
14 11
14 12
14 13
14 15
14 16
14 17
14 18
14 19
14 33
14 74
15 11
15 12
15 13
15 14
15 16
15 17
15 32
15 33
15 34
15 35
16 14
16 15
16 17
16 18
16 32
16 33
16 34
16 35
17 14
17 15
17 16
17 18
17 19
17 32
17 33
17 74
18 14
18 16
18 17
18 19
18 20
18 30
18 31
18 32
18 33
18 74
18 75
19 14
19 17
19 18
19 20
19 21
19 30
19 31
19 32
19 33
19 72
19 73
19 74
19 75
20 18
20 19
20 21
20 22
20 28
20 29
20 30
20 31
20 72
20 73
20 74
20 75
21 19
21 20
21 22
21 23
21 28
21 29
21 30
21 69
21 70
21 71
21 72
21 73
22 20
22 21
22 23
22 24
22 26
22 27
22 28
22 29
22 69
22 70
22 71
22 72
23 21
23 22
23 24
23 25
23 26
23 27
23 28
23 29
23 68
23 69
23 70
23 71
24 22
24 23
24 25
24 26
24 27
24 68
24 69
24 70
25 23
25 24
25 26
25 27
26 22
26 23
26 24
26 25
26 27
26 28
26 51
26 52
27 22
27 23
27 24
27 25
27 26
27 28
27 29
27 49
27 50
27 51
27 52
28 20
28 21
28 22
28 23
28 26
28 27
28 29
28 30
28 49
28 50
28 51
28 53
29 20
29 21
29 22
29 23
29 27
29 28
29 30
29 31
29 47
29 48
29 49
29 50
30 18
30 19
30 20
30 21
30 28
30 29
30 31
30 32
30 46
30 47
30 48
30 49
30 50
31 18
31 19
31 20
31 29
31 30
31 32
31 33
31 44
31 45
31 46
31 47
31 48
32 15
32 16
32 17
32 18
32 19
32 30
32 31
32 33
32 34
32 44
32 45
32 46
32 47
33 14
33 15
33 16
33 17
33 18
33 19
33 31
33 32
33 34
33 35
33 36
33 42
33 43
33 44
33 45
34 15
34 16
34 32
34 33
34 35
34 36
34 42
34 43
34 44
34 45
35 15
35 16
35 33
35 34
35 36
35 37
35 42
35 43
35 44
36 33
36 34
36 35
36 37
36 38
36 40
36 41
36 42
36 43
37 35
37 36
37 38
37 39
37 40
37 41
37 42
38 36
38 37
38 39
38 40
38 41
39 37
39 38
39 40
39 41
39 66
39 67
40 36
40 37
40 38
40 39
40 41
40 42
40 65
40 66
40 67
40 69
41 36
41 37
41 38
41 39
41 40
41 42
41 43
41 63
41 64
41 65
41 66
41 67
42 33
42 34
42 35
42 36
42 37
42 40
42 41
42 43
42 44
42 63
42 64
42 65
42 66
43 33
43 34
43 35
43 36
43 41
43 42
43 44
43 45
43 61
43 62
43 63
43 64
44 31
44 32
44 33
44 34
44 35
44 42
44 43
44 45
44 46
44 47
44 60
44 61
44 62
44 63
44 64
45 31
45 32
45 33
45 34
45 43
45 44
45 46
45 47
45 60
45 61
45 62
46 30
46 31
46 32
46 44
46 45
46 47
46 48
46 58
46 59
46 60
46 61
47 29
47 30
47 31
47 32
47 44
47 45
47 46
47 48
47 49
47 58
47 59
47 60
47 61
47 62
48 29
48 30
48 31
48 46
48 47
48 49
48 50
48 55
48 56
48 57
48 58
48 59
48 60
49 27
49 28
49 29
49 30
49 47
49 48
49 50
49 51
49 55
49 56
49 57
49 58
49 59
50 27
50 28
50 29
50 30
50 48
50 49
50 51
50 52
50 53
50 54
50 55
50 56
50 57
51 26
51 27
51 28
51 49
51 50
51 52
51 53
51 54
51 55
51 56
52 26
52 27
52 50
52 51
52 53
52 54
53 28
53 50
53 51
53 52
53 54
53 55
54 50
54 51
54 52
54 53
54 55
54 56
55 48
55 49
55 50
55 51
55 53
55 54
55 56
55 57
56 48
56 49
56 50
56 51
56 54
56 55
56 57
56 58
57 48
57 49
57 50
57 55
57 56
57 58
57 59
58 46
58 47
58 48
58 49
58 56
58 57
58 59
58 60
59 46
59 47
59 48
59 49
59 57
59 58
59 60
59 61
59 62
60 44
60 45
60 46
60 47
60 48
60 58
60 59
60 61
60 62
61 43
61 44
61 45
61 46
61 47
61 59
61 60
61 62
61 63
62 43
62 44
62 45
62 47
62 59
62 60
62 61
62 63
62 64
63 41
63 42
63 43
63 44
63 61
63 62
63 64
63 65
64 41
64 42
64 43
64 44
64 62
64 63
64 65
64 66
64 68
64 69
65 40
65 41
65 42
65 63
65 64
65 66
65 67
65 68
65 69
66 39
66 40
66 41
66 42
66 64
66 65
66 67
66 68
66 69
67 39
67 40
67 41
67 65
67 66
67 68
67 69
68 23
68 24
68 64
68 65
68 66
68 67
68 69
68 70
69 21
69 22
69 23
69 24
69 40
69 64
69 65
69 66
69 67
69 68
69 70
69 71
69 72
70 21
70 22
70 23
70 24
70 68
70 69
70 71
70 72
71 21
71 22
71 23
71 69
71 70
71 72
71 73
72 19
72 20
72 21
72 22
72 69
72 70
72 71
72 73
72 74
73 19
73 20
73 21
73 71
73 72
73 74
73 75
74 14
74 17
74 18
74 19
74 20
74 72
74 73
74 75
74 76
75 18
75 19
75 20
75 73
75 74
75 76
75 77
76 74
76 75
76 77
76 78
77 75
77 76
77 78
77 79
78 76
78 77
78 79
79 77
79 78
