0 1
0 2
1 0
1 2
1 3
2 0
2 1
2 3
2 4
3 1
3 2
3 4
3 5
4 2
4 3
4 5
4 6
5 3
5 4
5 6
5 7
6 4
6 5
6 7
6 8
7 5
7 6
7 8
7 9
8 6
8 7
8 9
8 10
8 11
9 7
9 8
9 10
9 11
9 12
9 13
10 8
10 9
10 11
10 12
10 13
10 14
11 8
11 9
11 10
11 12
11 13
11 14
11 15
12 9
12 10
12 11
12 13
12 14
12 15
12 16
13 9
13 10
13 11
13 12
13 14
13 15
13 16
13 17
14 10
14 11
14 12
14 13
14 15
14 16
14 17
14 18
15 11
15 12
15 13
15 14
15 16
15 17
15 18
15 19
16 12
16 13
16 14
16 15
16 17
16 18
16 19
16 20
16 280
17 13
17 14
17 15
17 16
17 18
17 19
17 20
17 21
18 14
18 15
18 16
18 17
18 19
18 20
18 21
18 22
19 15
19 16
19 17
19 18
19 20
19 21
19 22
19 23
20 16
20 17
20 18
20 19
20 21
20 22
20 23
20 24
20 448
21 17
21 18
21 19
21 20
21 22
21 23
21 24
21 25
22 18
22 19
22 20
22 21
22 23
22 24
22 25
22 26
23 19
23 20
23 21
23 22
23 24
23 25
23 26
23 297
23 451
24 20
24 21
24 22
24 23
24 25
24 26
24 451
25 21
25 22
25 23
25 24
25 26
25 27
25 28
26 22
26 23
26 24
26 25
26 27
26 28
27 25
27 26
27 28
27 29
28 25
28 26
28 27
28 29
28 30
29 27
29 28
29 30
29 31
30 28
30 29
30 31
30 32
31 29
31 30
31 32
31 33
32 30
32 31
32 33
32 34
33 31
33 32
33 34
33 35
34 32
34 33
34 35
34 36
35 33
35 34
35 36
35 37
36 34
36 35
36 37
36 38
37 35
37 36
37 38
37 39
38 36
38 37
38 39
38 40
39 37
39 38
39 40
39 41
40 38
40 39
40 41
40 42
41 39
41 40
41 42
41 43
42 40
42 41
42 43
42 44
43 41
43 42
43 44
43 45
44 42
44 43
44 45
44 46
45 43
45 44
45 46
45 47
46 44
46 45
46 47
46 48
47 45
47 46
47 48
47 49
48 46
48 47
48 49
48 50
49 47
49 48
49 50
49 51
50 48
50 49
50 51
50 52
51 49
51 50
51 52
51 53
52 50
52 51
52 53
52 54
53 51
53 52
53 54
53 55
54 52
54 53
54 55
54 56
55 53
55 54
55 56
55 57
56 54
56 55
56 57
56 58
57 55
57 56
57 58
57 59
58 56
58 57
58 59
58 60
59 57
59 58
59 60
59 61
60 58
60 59
60 61
60 62
61 59
61 60
61 62
61 63
62 60
62 61
62 63
62 64
63 61
63 62
63 64
63 65
64 62
64 63
64 65
64 66
65 63
65 64
65 66
65 67
66 64
66 65
66 67
66 68
67 65
67 66
67 68
67 69
68 66
68 67
68 69
68 70
69 67
69 68
69 70
69 71
70 68
70 69
70 71
70 72
71 69
71 70
71 72
71 73
72 70
72 71
72 73
72 74
73 71
73 72
73 74
73 75
74 72
74 73
74 75
74 76
75 73
75 74
75 76
75 77
76 74
76 75
76 77
76 78
77 75
77 76
77 78
77 79
78 76
78 77
78 79
78 80
79 77
79 78
79 80
79 81
80 78
80 79
80 81
80 82
81 79
81 80
81 82
81 83
82 80
82 81
82 83
82 84
83 81
83 82
83 84
83 85
84 82
84 83
84 85
84 86
85 83
85 84
85 86
85 87
86 84
86 85
86 87
86 88
87 85
87 86
87 88
87 89
88 86
88 87
88 89
88 90
89 87
89 88
89 90
89 91
90 88
90 89
90 91
90 92
91 89
91 90
91 92
91 93
92 90
92 91
92 93
92 94
93 91
93 92
93 94
93 95
94 92
94 93
94 95
94 96
95 93
95 94
95 96
95 97
96 94
96 95
96 97
96 98
97 95
97 96
97 98
97 99
98 96
98 97
98 99
98 100
99 97
99 98
99 100
99 101
100 98
100 99
100 101
100 102
101 99
101 100
101 102
101 103
102 100
102 101
102 103
102 104
103 101
103 102
103 104
103 105
104 102
104 103
104 105
104 106
105 103
105 104
105 106
105 107
106 104
106 105
106 107
106 108
107 105
107 106
107 108
107 109
108 106
108 107
108 109
108 110
109 107
109 108
109 110
109 111
110 108
110 109
110 111
110 112
110 113
111 109
111 110
111 112
111 113
111 114
112 110
112 111
112 113
112 114
113 110
113 111
113 112
113 114
113 115
113 116
114 111
114 112
114 113
114 115
114 116
114 117
115 113
115 114
115 116
115 117
115 118
116 113
116 114
116 115
116 117
116 118
116 119
117 114
117 115
117 116
117 118
117 119
117 120
118 115
118 116
118 117
118 119
118 120
119 116
119 117
119 118
119 120
119 121
119 122
120 117
120 118
120 119
120 121
120 122
121 119
121 120
121 122
121 123
122 119
122 120
122 121
122 123
122 124
123 121
123 122
123 124
123 125
124 122
124 123
124 125
124 126
124 133
124 134
125 123
125 124
125 126
125 127
125 133
125 134
125 136
125 142
126 124
126 125
126 127
126 128
126 131
126 132
126 133
126 134
126 142
126 143
126 144
127 125
127 126
127 128
127 129
127 130
127 131
127 132
127 133
127 134
127 142
127 143
127 144
128 126
128 127
128 129
128 130
128 131
128 141
128 142
128 143
128 190
129 127
129 128
129 130
129 131
129 143
129 147
129 171
129 172
129 183
129 186
129 187
129 190
130 127
130 128
130 129
130 131
130 132
130 147
130 171
130 172
130 173
130 176
131 126
131 127
131 128
131 129
131 130
131 132
131 133
131 172
131 173
132 126
132 127
132 130
132 131
132 133
132 134
132 143
132 144
132 172
132 173
133 124
133 125
133 126
133 127
133 131
133 132
133 134
133 135
133 143
133 144
134 124
134 125
134 126
134 127
134 132
134 133
134 135
134 136
134 137
134 142
134 143
134 144
134 145
135 133
135 134
135 136
135 137
135 142
135 143
135 144
135 145
136 125
136 134
136 135
136 137
136 138
136 142
136 143
136 144
137 134
137 135
137 136
137 138
137 139
137 140
137 141
137 142
137 143
138 136
138 137
138 139
138 140
138 141
138 142
138 143
138 148
138 192
139 137
139 138
139 140
139 141
139 148
139 192
139 193
139 194
139 196
139 197
139 209
140 137
140 138
140 139
140 141
140 142
140 191
140 192
140 193
140 196
140 209
140 211
141 128
141 137
141 138
141 139
141 140
141 142
141 143
141 190
141 191
141 192
142 125
142 126
142 127
142 128
142 134
142 135
142 136
142 137
142 138
142 140
142 141
142 143
142 144
143 126
143 127
143 128
143 129
143 132
143 133
143 134
143 135
143 136
143 137
143 138
143 141
143 142
143 144
143 145
143 147
143 148
144 126
144 127
144 132
144 133
144 134
144 135
144 136
144 142
144 143
144 145
144 146
144 147
144 148
145 134
145 135
145 143
145 144
145 146
145 147
145 148
145 149
146 144
146 145
146 147
146 148
146 149
146 150
147 129
147 130
147 143
147 144
147 145
147 146
147 148
147 149
147 150
147 151
147 187
148 138
148 139
148 143
148 144
148 145
148 146
148 147
148 149
148 150
148 151
148 152
149 145
149 146
149 147
149 148
149 150
149 151
149 152
149 153
150 146
150 147
150 148
150 149
150 151
150 152
150 153
150 154
151 147
151 148
151 149
151 150
151 152
151 153
151 154
151 155
151 184
151 187
152 148
152 149
152 150
152 151
152 153
152 154
152 155
152 156
152 197
153 149
153 150
153 151
153 152
153 154
153 155
153 156
153 157
153 159
154 150
154 151
154 152
154 153
154 155
154 156
154 157
154 158
154 159
154 160
154 184
155 151
155 152
155 153
155 154
155 156
155 157
155 158
155 159
155 194
155 197
156 152
156 153
156 154
156 155
156 157
156 158
156 159
156 197
156 198
156 199
157 153
157 154
157 155
157 156
157 158
157 159
158 154
158 155
158 156
158 157
158 159
158 160
159 153
159 154
159 155
159 156
159 157
159 158
159 160
159 161
160 154
160 158
160 159
160 161
160 162
160 181
161 159
161 160
161 162
161 163
161 180
161 181
162 160
162 161
162 163
162 164
162 180
162 181
163 161
163 162
163 164
163 165
163 166
163 167
163 179
163 180
163 181
163 182
164 162
164 163
164 165
164 166
164 167
164 179
165 163
165 164
165 166
165 167
165 168
165 169
166 163
166 164
166 165
166 167
166 168
166 169
167 163
167 164
167 165
167 166
167 168
167 169
167 181
167 182
168 165
168 166
168 167
168 169
168 170
168 182
169 165
169 166
169 167
169 168
169 170
169 171
169 179
169 182
170 168
170 169
170 171
170 172
170 175
170 176
170 182
171 129
171 130
171 169
171 170
171 172
171 173
171 175
171 176
171 182
171 183
171 186
172 129
172 130
172 131
172 132
172 170
172 171
172 173
172 174
172 175
172 176
173 130
173 131
173 132
173 171
173 172
173 174
173 175
173 176
174 172
174 173
174 175
174 176
174 177
175 170
175 171
175 172
175 173
175 174
175 176
175 177
175 178
175 179
176 130
176 170
176 171
176 172
176 173
176 174
176 175
176 177
176 178
176 179
176 180
176 183
177 174
177 175
177 176
177 178
177 179
177 180
178 175
178 176
178 177
178 179
178 180
179 163
179 164
179 169
179 175
179 176
179 177
179 178
179 180
179 181
179 182
179 183
180 161
180 162
180 163
180 176
180 177
180 178
180 179
180 181
180 182
180 183
180 184
181 160
181 161
181 162
181 163
181 167
181 179
181 180
181 182
181 183
181 184
181 185
182 163
182 167
182 168
182 169
182 170
182 171
182 179
182 180
182 181
182 183
182 184
182 185
182 186
183 129
183 171
183 176
183 179
183 180
183 181
183 182
183 184
183 185
183 186
183 187
184 151
184 154
184 180
184 181
184 182
184 183
184 185
184 186
184 187
184 188
185 181
185 182
185 183
185 184
185 186
185 187
185 188
185 189
186 129
186 171
186 182
186 183
186 184
186 185
186 187
186 188
186 189
186 190
187 129
187 147
187 151
187 183
187 184
187 185
187 186
187 188
187 189
187 190
187 191
187 192
188 184
188 185
188 186
188 187
188 189
188 190
188 191
188 192
188 193
189 185
189 186
189 187
189 188
189 190
189 191
189 192
190 128
190 129
190 141
190 186
190 187
190 188
190 189
190 191
190 192
191 140
191 141
191 187
191 188
191 189
191 190
191 192
191 193
192 138
192 139
192 140
192 141
192 187
192 188
192 189
192 190
192 191
192 193
192 194
192 196
193 139
193 140
193 188
193 191
193 192
193 194
193 195
193 196
193 197
194 139
194 155
194 192
194 193
194 195
194 196
194 197
195 193
195 194
195 196
195 197
195 198
196 139
196 140
196 192
196 193
196 194
196 195
196 197
196 198
196 207
197 139
197 152
197 155
197 156
197 193
197 194
197 195
197 196
197 198
197 199
198 156
198 195
198 196
198 197
198 199
198 200
198 201
199 156
199 197
199 198
199 200
199 201
200 198
200 199
200 201
200 202
201 198
201 199
201 200
201 202
201 203
202 200
202 201
202 203
202 204
203 201
203 202
203 204
203 205
204 202
204 203
204 205
204 206
205 203
205 204
205 206
205 207
206 204
206 205
206 207
206 208
207 196
207 205
207 206
207 208
207 209
208 206
208 207
208 209
208 210
209 139
209 140
209 207
209 208
209 210
209 211
210 208
210 209
210 211
210 212
211 140
211 209
211 210
211 212
211 213
212 210
212 211
212 213
212 214
213 211
213 212
213 214
213 215
214 212
214 213
214 215
214 216
215 213
215 214
215 216
215 217
215 218
216 214
216 215
216 217
216 218
217 215
217 216
217 218
217 219
218 215
218 216
218 217
218 219
218 220
219 217
219 218
219 220
219 221
220 218
220 219
220 221
220 222
221 219
221 220
221 222
221 223
222 220
222 221
222 223
222 224
223 221
223 222
223 224
223 225
224 222
224 223
224 225
224 226
225 223
225 224
225 226
225 227
226 224
226 225
226 227
226 228
227 225
227 226
227 228
227 229
227 230
228 226
228 227
228 229
228 230
229 227
229 228
229 230
229 231
230 227
230 228
230 229
230 231
230 232
230 233
231 229
231 230
231 232
231 233
231 404
231 405
232 230
232 231
232 233
232 234
232 401
232 404
232 405
233 230
233 231
233 232
233 234
233 235
233 238
233 401
234 232
234 233
234 235
234 236
234 237
234 238
234 397
234 400
234 401
235 233
235 234
235 236
235 237
235 238
235 239
236 234
236 235
236 237
236 238
236 239
236 240
236 286
236 394
236 397
237 234
237 235
237 236
237 238
237 239
237 240
237 241
237 363
237 366
237 367
237 397
237 398
237 401
238 233
238 234
238 235
238 236
238 237
238 239
238 240
238 241
238 242
238 363
239 235
239 236
239 237
239 238
239 240
239 241
239 242
239 243
239 285
239 286
240 236
240 237
240 238
240 239
240 241
240 242
240 243
240 244
240 284
240 285
240 363
240 366
240 367
240 370
241 237
241 238
241 239
241 240
241 242
241 243
241 244
241 362
241 363
241 366
242 238
242 239
242 240
242 241
242 243
242 244
243 239
243 240
243 241
243 242
243 244
243 245
243 281
243 284
243 285
244 240
244 241
244 242
244 243
244 245
244 246
244 281
244 366
245 243
245 244
245 246
245 247
245 277
245 278
245 281
246 244
246 245
246 247
246 248
247 245
247 246
247 248
247 249
247 326
247 327
248 246
248 247
248 249
248 250
248 270
248 273
248 274
248 326
248 327
249 247
249 248
249 250
249 251
249 270
249 326
249 327
249 328
249 329
250 248
250 249
250 251
250 252
250 266
250 267
250 269
250 270
250 325
250 326
250 327
250 328
250 329
251 249
251 250
251 252
251 253
251 266
251 328
251 329
252 250
252 251
252 253
252 254
252 262
252 266
252 329
253 251
253 252
253 254
253 255
253 256
254 252
254 253
254 255
254 256
254 257
255 253
255 254
255 256
255 257
256 253
256 254
256 255
256 257
256 258
256 262
257 254
257 255
257 256
257 258
257 259
257 262
258 256
258 257
258 259
258 260
258 262
258 263
259 257
259 258
259 260
259 261
259 262
259 263
259 338
259 339
260 258
260 259
260 261
260 262
260 263
260 264
260 338
260 339
260 340
261 259
261 260
261 262
261 263
261 264
261 265
261 339
261 442
261 443
262 252
262 256
262 257
262 258
262 259
262 260
262 261
262 263
262 264
262 265
262 266
263 258
263 259
263 260
263 261
263 262
263 264
263 265
263 266
263 267
263 339
264 260
264 261
264 262
264 263
264 265
264 266
264 267
264 268
264 339
264 443
265 261
265 262
265 263
265 264
265 266
265 267
265 268
265 269
265 443
265 444
265 445
266 250
266 251
266 252
266 262
266 263
266 264
266 265
266 267
266 268
266 269
266 270
267 250
267 263
267 264
267 265
267 266
267 268
267 269
267 270
267 271
267 325
268 264
268 265
268 266
268 267
268 269
268 270
268 271
268 272
268 444
268 445
268 446
268 449
269 250
269 265
269 266
269 267
269 268
269 270
269 271
269 272
269 273
269 445
269 446
270 248
270 249
270 250
270 266
270 267
270 268
270 269
270 271
270 272
270 273
270 274
271 267
271 268
271 269
271 270
271 272
271 273
271 274
271 275
271 308
271 449
272 268
272 269
272 270
272 271
272 273
272 274
272 275
272 276
272 446
272 448
272 449
273 248
273 269
273 270
273 271
273 272
273 274
273 275
273 276
273 277
274 248
274 270
274 271
274 272
274 273
274 275
274 276
274 277
274 278
274 308
275 271
275 272
275 273
275 274
275 276
275 277
275 278
275 279
275 304
275 308
275 448
275 449
276 272
276 273
276 274
276 275
276 277
276 278
276 279
276 280
277 245
277 273
277 274
277 275
277 276
277 278
277 279
277 280
277 281
278 245
278 274
278 275
278 276
278 277
278 279
278 280
278 281
278 282
278 304
278 307
279 275
279 276
279 277
279 278
279 280
279 281
279 282
279 283
279 300
280 16
280 276
280 277
280 278
280 279
280 281
280 282
280 283
280 284
281 243
281 244
281 245
281 277
281 278
281 279
281 280
281 282
281 283
281 284
281 285
282 278
282 279
282 280
282 281
282 283
282 284
282 285
282 288
282 289
282 370
283 279
283 280
283 281
283 282
283 284
283 285
283 286
283 288
283 289
284 240
284 243
284 280
284 281
284 282
284 283
284 285
284 286
284 288
284 289
285 239
285 240
285 243
285 281
285 282
285 283
285 284
285 286
285 287
285 288
285 289
285 370
286 236
286 239
286 283
286 284
286 285
286 287
286 288
286 289
286 390
287 285
287 286
287 288
287 289
287 290
287 291
287 390
288 282
288 283
288 284
288 285
288 286
288 287
288 289
288 290
288 291
288 296
288 390
289 282
289 283
289 284
289 285
289 286
289 287
289 288
289 290
289 291
289 292
289 296
290 287
290 288
290 289
290 291
290 292
291 287
291 288
291 289
291 290
291 292
291 293
291 295
291 296
291 383
291 386
291 387
292 289
292 290
292 291
292 293
292 294
292 295
292 296
292 382
292 383
293 291
293 292
293 294
293 295
293 296
293 297
294 292
294 293
294 295
294 296
294 297
294 298
294 381
294 382
295 291
295 292
295 293
295 294
295 296
295 297
295 298
295 299
295 380
295 381
295 382
295 383
295 387
296 288
296 289
296 291
296 292
296 293
296 294
296 295
296 297
296 298
296 299
296 300
297 23
297 293
297 294
297 295
297 296
297 298
297 299
297 300
297 301
298 294
298 295
298 296
298 297
298 299
298 300
298 301
298 302
298 376
298 378
298 380
298 381
299 295
299 296
299 297
299 298
299 300
299 301
299 302
299 303
299 373
299 374
299 375
299 376
299 378
300 279
300 296
300 297
300 298
300 299
300 301
300 302
300 303
300 304
300 373
301 297
301 298
301 299
301 300
301 302
301 303
301 304
301 452
301 455
301 456
302 298
302 299
302 300
302 301
302 303
302 304
302 373
302 376
302 377
302 378
302 456
303 299
303 300
303 301
303 302
303 304
303 305
303 306
303 307
303 372
303 373
303 375
303 376
304 275
304 278
304 300
304 301
304 302
304 303
304 305
304 306
304 307
304 308
304 373
304 452
305 303
305 304
305 306
305 307
305 308
305 309
305 427
305 430
305 431
306 303
306 304
306 305
306 307
306 308
306 309
306 310
306 372
306 423
306 424
306 426
306 427
307 278
307 303
307 304
307 305
307 306
307 308
307 309
307 310
307 311
307 369
307 372
307 373
308 271
308 274
308 275
308 304
308 305
308 306
308 307
308 309
308 310
308 311
308 312
309 305
309 306
309 307
309 308
309 310
309 311
309 312
309 313
309 348
309 423
309 427
310 306
310 307
310 308
310 309
310 311
310 312
310 313
310 314
310 365
310 369
310 423
311 307
311 308
311 309
311 310
311 312
311 313
311 314
311 315
312 308
312 309
312 310
312 311
312 313
312 314
312 315
312 316
312 323
312 324
312 325
312 326
313 309
313 310
313 311
313 312
313 314
313 315
313 316
313 317
313 323
313 324
313 348
313 349
313 351
313 352
314 310
314 311
314 312
314 313
314 315
314 316
314 317
314 352
314 365
315 311
315 312
315 313
315 314
315 316
315 317
315 318
315 323
315 324
315 325
315 326
316 312
316 313
316 314
316 315
316 317
316 318
316 319
316 320
316 322
316 323
316 324
316 352
317 313
317 314
317 315
317 316
317 318
317 319
317 320
317 352
317 353
317 355
317 356
318 315
318 316
318 317
318 319
318 320
319 316
319 317
319 318
319 320
319 321
319 322
319 323
320 316
320 317
320 318
320 319
320 321
320 322
321 319
321 320
321 322
321 323
321 332
321 333
321 349
322 316
322 319
322 320
322 321
322 323
322 324
322 330
322 331
322 332
322 333
322 349
323 312
323 313
323 315
323 316
323 319
323 321
323 322
323 324
323 325
323 330
323 331
323 332
323 345
323 348
323 349
324 312
324 313
324 315
324 316
324 322
324 323
324 325
324 326
324 327
324 329
324 330
324 331
325 250
325 267
325 312
325 315
325 323
325 324
325 326
325 327
325 329
325 330
325 331
326 247
326 248
326 249
326 250
326 312
326 315
326 324
326 325
326 327
326 328
326 329
326 330
327 247
327 248
327 249
327 250
327 324
327 325
327 326
327 328
327 329
327 330
328 249
328 250
328 251
328 326
328 327
328 329
328 330
329 249
329 250
329 251
329 252
329 324
329 325
329 326
329 327
329 328
329 330
329 331
330 322
330 323
330 324
330 325
330 326
330 327
330 328
330 329
330 331
330 332
331 322
331 323
331 324
331 325
331 329
331 330
331 332
331 333
331 334
331 335
331 336
332 321
332 322
332 323
332 330
332 331
332 333
332 334
332 335
332 336
333 321
333 322
333 331
333 332
333 334
333 335
333 336
333 337
333 342
333 345
334 331
334 332
334 333
334 335
334 336
334 337
334 338
335 331
335 332
335 333
335 334
335 336
335 337
335 338
335 339
336 331
336 332
336 333
336 334
336 335
336 337
336 338
336 339
336 340
336 341
336 342
336 345
337 333
337 334
337 335
337 336
337 338
337 339
337 340
337 341
337 342
338 259
338 260
338 334
338 335
338 336
338 337
338 339
338 340
338 341
339 259
339 260
339 261
339 263
339 264
339 335
339 336
339 337
339 338
339 340
339 341
339 342
340 260
340 336
340 337
340 338
340 339
340 341
340 342
340 343
341 336
341 337
341 338
341 339
341 340
341 342
341 343
341 344
341 345
342 333
342 336
342 337
342 339
342 340
342 341
342 343
342 344
342 345
342 346
343 340
343 341
343 342
343 344
343 345
343 346
343 347
344 341
344 342
344 343
344 345
344 346
344 347
344 348
344 426
344 429
344 430
345 323
345 333
345 336
345 341
345 342
345 343
345 344
345 346
345 347
345 348
345 349
346 342
346 343
346 344
346 345
346 347
346 348
346 349
346 350
347 343
347 344
347 345
347 346
347 348
347 349
347 350
347 351
347 426
348 309
348 313
348 323
348 344
348 345
348 346
348 347
348 349
348 350
348 351
348 352
348 426
349 313
349 321
349 322
349 323
349 345
349 346
349 347
349 348
349 350
349 351
349 352
349 353
350 346
350 347
350 348
350 349
350 351
350 352
350 353
350 354
351 313
351 347
351 348
351 349
351 350
351 352
351 353
351 354
351 355
351 419
351 422
351 423
352 313
352 314
352 316
352 317
352 348
352 349
352 350
352 351
352 353
352 354
352 355
352 356
353 317
353 349
353 350
353 351
353 352
353 354
353 355
353 356
353 357
354 350
354 351
354 352
354 353
354 355
354 356
354 357
354 358
355 317
355 351
355 352
355 353
355 354
355 356
355 357
355 358
355 359
355 360
356 317
356 352
356 353
356 354
356 355
356 357
356 358
356 359
356 360
357 353
357 354
357 355
357 356
357 358
357 359
357 360
358 354
358 355
358 356
358 357
358 359
358 360
359 355
359 356
359 357
359 358
359 360
359 361
360 355
360 356
360 357
360 358
360 359
360 361
360 362
360 364
360 365
361 359
361 360
361 362
361 363
361 364
361 365
362 241
362 360
362 361
362 363
362 364
362 365
362 366
363 237
363 238
363 240
363 241
363 361
363 362
363 364
363 365
363 366
363 367
364 360
364 361
364 362
364 363
364 365
364 366
364 367
364 368
364 398
365 310
365 314
365 360
365 361
365 362
365 363
365 364
365 366
365 367
365 368
365 369
366 237
366 240
366 241
366 244
366 362
366 363
366 364
366 365
366 367
366 368
366 369
366 370
367 237
367 240
367 363
367 364
367 365
367 366
367 368
367 369
367 370
367 371
367 394
367 397
367 398
368 364
368 365
368 366
368 367
368 369
368 370
368 371
368 372
368 416
368 417
369 307
369 310
369 365
369 366
369 367
369 368
369 370
369 371
369 372
369 373
370 240
370 282
370 285
370 366
370 367
370 368
370 369
370 371
370 372
370 373
370 374
370 394
371 367
371 368
371 369
371 370
371 372
371 373
371 374
371 375
371 391
371 394
371 395
372 303
372 306
372 307
372 368
372 369
372 370
372 371
372 373
372 374
372 375
372 376
372 420
373 299
373 300
373 302
373 303
373 304
373 307
373 369
373 370
373 371
373 372
373 374
373 375
373 376
374 299
374 370
374 371
374 372
374 373
374 375
374 376
374 387
374 390
374 391
375 299
375 303
375 371
375 372
375 373
375 374
375 376
375 377
375 391
376 298
376 299
376 302
376 303
376 372
376 373
376 374
376 375
376 377
376 378
377 302
377 375
377 376
377 378
377 379
378 298
378 299
378 302
378 376
378 377
378 379
378 380
378 381
379 377
379 378
379 380
379 381
380 295
380 298
380 378
380 379
380 381
380 382
381 294
381 295
381 298
381 378
381 379
381 380
381 382
381 383
381 384
382 292
382 294
382 295
382 380
382 381
382 383
382 384
383 291
383 292
383 295
383 381
383 382
383 384
383 385
383 386
383 387
384 381
384 382
384 383
384 385
384 386
384 387
384 388
385 383
385 384
385 386
385 387
385 388
385 389
386 291
386 383
386 384
386 385
386 387
386 388
386 389
386 390
387 291
387 295
387 374
387 383
387 384
387 385
387 386
387 388
387 389
387 390
387 391
388 384
388 385
388 386
388 387
388 389
388 390
388 391
388 392
389 385
389 386
389 387
389 388
389 390
389 391
389 392
389 393
390 286
390 287
390 288
390 374
390 386
390 387
390 388
390 389
390 391
390 392
390 393
390 394
391 371
391 374
391 375
391 387
391 388
391 389
391 390
391 392
391 393
391 394
391 395
392 388
392 389
392 390
392 391
392 393
392 394
392 395
392 396
393 389
393 390
393 391
393 392
393 394
393 395
393 396
393 397
394 236
394 367
394 370
394 371
394 390
394 391
394 392
394 393
394 395
394 396
394 397
394 398
395 371
395 391
395 392
395 393
395 394
395 396
395 397
395 398
395 399
396 392
396 393
396 394
396 395
396 397
396 398
396 399
396 400
397 234
397 236
397 237
397 367
397 393
397 394
397 395
397 396
397 398
397 399
397 400
397 401
398 237
398 364
398 367
398 394
398 395
398 396
398 397
398 399
398 400
398 401
398 402
398 413
399 395
399 396
399 397
399 398
399 400
399 401
399 402
399 403
399 413
400 234
400 396
400 397
400 398
400 399
400 401
400 402
400 403
400 404
401 232
401 233
401 234
401 237
401 397
401 398
401 399
401 400
401 402
401 403
401 404
401 405
402 398
402 399
402 400
402 401
402 403
402 404
402 405
402 406
402 407
402 410
402 412
402 413
403 399
403 400
403 401
403 402
403 404
403 405
403 406
403 407
403 410
404 231
404 232
404 400
404 401
404 402
404 403
404 405
404 406
404 407
405 231
405 232
405 401
405 402
405 403
405 404
405 406
405 407
406 402
406 403
406 404
406 405
406 407
406 408
406 409
406 410
406 412
407 402
407 403
407 404
407 405
407 406
407 408
407 409
407 410
408 406
408 407
408 409
408 410
409 406
409 407
409 408
409 410
409 411
409 412
410 402
410 403
410 406
410 407
410 408
410 409
410 411
410 412
410 413
411 409
411 410
411 412
411 413
411 414
411 415
412 402
412 406
412 409
412 410
412 411
412 413
412 414
412 415
412 416
413 398
413 399
413 402
413 410
413 411
413 412
413 414
413 415
413 416
413 417
414 411
414 412
414 413
414 415
414 416
414 417
414 418
415 411
415 412
415 413
415 414
415 416
415 417
415 418
415 419
416 368
416 412
416 413
416 414
416 415
416 417
416 418
416 419
416 420
417 368
417 413
417 414
417 415
417 416
417 418
417 419
417 420
418 414
418 415
418 416
418 417
418 419
418 420
418 421
419 351
419 415
419 416
419 417
419 418
419 420
419 421
419 422
419 423
420 372
420 416
420 417
420 418
420 419
420 421
420 422
420 423
420 424
421 418
421 419
421 420
421 422
421 423
421 424
421 425
422 351
422 419
422 420
422 421
422 423
422 424
422 425
422 426
423 306
423 309
423 310
423 351
423 419
423 420
423 421
423 422
423 424
423 425
423 426
423 427
424 306
424 420
424 421
424 422
424 423
424 425
424 426
424 427
424 428
425 421
425 422
425 423
425 424
425 426
425 427
425 428
425 429
426 306
426 344
426 347
426 348
426 422
426 423
426 424
426 425
426 427
426 428
426 429
426 430
427 305
427 306
427 309
427 423
427 424
427 425
427 426
427 428
427 429
427 430
427 431
428 424
428 425
428 426
428 427
428 429
428 430
428 431
428 432
429 344
429 425
429 426
429 427
429 428
429 430
429 431
429 432
429 433
430 305
430 344
430 426
430 427
430 428
430 429
430 431
430 432
430 433
430 434
431 305
431 427
431 428
431 429
431 430
431 432
431 433
431 434
431 435
431 453
431 456
432 428
432 429
432 430
432 431
432 433
432 434
432 435
432 436
433 429
433 430
433 431
433 432
433 434
433 435
433 436
433 437
434 430
434 431
434 432
434 433
434 435
434 436
434 437
434 438
434 453
435 431
435 432
435 433
435 434
435 436
435 437
435 438
435 439
435 453
436 432
436 433
436 434
436 435
436 437
436 438
436 439
436 440
437 433
437 434
437 435
437 436
437 438
437 439
437 440
437 441
437 442
437 443
438 434
438 435
438 436
438 437
438 439
438 440
438 441
438 442
438 443
438 445
439 435
439 436
439 437
439 438
439 440
439 441
440 436
440 437
440 438
440 439
440 441
440 442
440 443
441 437
441 438
441 439
441 440
441 442
441 443
441 444
442 261
442 437
442 438
442 440
442 441
442 443
442 444
443 261
443 264
443 265
443 437
443 438
443 440
443 441
443 442
443 444
443 445
444 265
444 268
444 441
444 442
444 443
444 445
444 446
445 265
445 268
445 269
445 438
445 443
445 444
445 446
445 447
445 449
445 450
446 268
446 269
446 272
446 444
446 445
446 447
446 448
446 449
446 450
447 445
447 446
447 448
447 449
447 450
447 451
448 20
448 272
448 275
448 446
448 447
448 449
448 450
448 451
448 452
449 268
449 271
449 272
449 275
449 445
449 446
449 447
449 448
449 450
449 451
449 452
449 453
450 445
450 446
450 447
450 448
450 449
450 451
450 452
450 453
450 454
451 23
451 24
451 447
451 448
451 449
451 450
451 452
451 453
451 454
451 455
452 301
452 304
452 448
452 449
452 450
452 451
452 453
452 454
452 455
452 456
453 431
453 434
453 435
453 449
453 450
453 451
453 452
453 454
453 455
453 456
453 457
454 450
454 451
454 452
454 453
454 455
454 456
454 457
455 301
455 451
455 452
455 453
455 454
455 456
455 457
456 301
456 302
456 431
456 452
456 453
456 454
456 455
456 457
457 453
457 454
457 455
457 456
