0 1
0 2
1 0
1 2
1 3
2 0
2 1
2 3
2 4
2 19
3 1
3 2
3 4
3 5
3 19
4 2
4 3
4 5
4 6
4 18
5 3
5 4
5 6
5 7
5 16
5 17
5 18
5 19
6 4
6 5
6 7
6 8
6 16
6 17
6 18
6 132
6 133
7 5
7 6
7 8
7 9
7 14
7 15
7 16
7 17
7 132
8 6
8 7
8 9
8 10
8 14
8 15
8 16
8 17
8 129
8 132
9 7
9 8
9 10
9 11
9 12
9 13
9 14
9 15
10 8
10 9
10 11
10 12
10 13
10 14
10 115
11 9
11 10
11 12
11 13
12 9
12 10
12 11
12 13
12 14
12 88
12 92
12 93
13 9
13 10
13 11
13 12
13 14
13 15
13 84
13 88
13 93
13 94
13 95
14 7
14 8
14 9
14 10
14 12
14 13
14 15
14 16
14 93
14 94
14 95
14 96
15 7
15 8
15 9
15 13
15 14
15 16
15 17
15 95
15 96
15 97
15 98
15 111
16 5
16 6
16 7
16 8
16 14
16 15
16 17
16 18
16 36
16 38
16 95
16 96
16 97
16 98
17 5
17 6
17 7
17 8
17 15
17 16
17 18
17 19
17 97
17 98
17 99
17 103
17 107
17 108
18 4
18 5
18 6
18 16
18 17
18 19
18 20
18 97
18 98
18 99
18 100
18 102
18 103
19 2
19 3
19 5
19 17
19 18
19 20
19 21
19 99
19 100
19 101
19 102
19 103
20 18
20 19
20 21
20 22
20 48
20 99
20 100
20 101
20 102
20 103
21 19
21 20
21 22
21 23
21 25
21 26
21 29
21 49
22 20
22 21
22 23
22 24
22 25
22 26
22 48
22 49
23 21
23 22
23 24
23 25
23 26
23 49
23 50
24 22
24 23
24 25
24 26
24 27
25 21
25 22
25 23
25 24
25 26
25 27
25 28
25 29
26 21
26 22
26 23
26 24
26 25
26 27
26 28
26 29
26 30
26 53
26 54
27 24
27 25
27 26
27 28
27 29
27 30
27 31
27 53
27 54
28 25
28 26
28 27
28 29
28 30
28 31
28 32
29 21
29 25
29 26
29 27
29 28
29 30
29 31
29 32
29 33
30 26
30 27
30 28
30 29
30 31
30 32
30 33
30 34
30 54
30 57
31 27
31 28
31 29
31 30
31 32
31 33
31 34
31 35
32 28
32 29
32 30
32 31
32 33
32 34
32 35
32 36
33 29
33 30
33 31
33 32
33 34
33 35
33 36
33 37
33 38
33 97
34 30
34 31
34 32
34 33
34 35
34 36
34 37
34 38
34 39
35 31
35 32
35 33
35 34
35 36
35 37
35 38
36 16
36 32
36 33
36 34
36 35
36 37
36 38
36 95
37 33
37 34
37 35
37 36
37 38
37 39
37 94
37 95
38 16
38 33
38 34
38 35
38 36
38 37
38 39
38 40
38 41
38 59
38 94
38 95
38 96
38 97
39 34
39 37
39 38
39 40
39 41
39 58
39 59
39 60
39 94
39 95
39 96
39 97
40 38
40 39
40 41
40 42
40 59
40 60
40 61
40 62
40 95
40 96
40 97
41 38
41 39
41 40
41 42
41 43
41 59
41 60
41 61
41 62
41 96
41 97
41 98
41 99
42 40
42 41
42 43
42 44
42 61
42 62
42 63
42 64
42 96
42 97
42 98
42 99
43 41
43 42
43 44
43 45
43 46
43 47
43 61
43 62
43 63
43 64
43 65
43 98
43 99
43 100
44 42
44 43
44 45
44 46
44 63
44 64
44 65
44 66
44 98
44 99
44 100
44 106
44 107
45 43
45 44
45 46
45 47
45 63
45 64
45 65
45 66
45 67
45 99
45 100
45 101
46 43
46 44
46 45
46 47
46 48
46 63
46 65
47 43
47 45
47 46
47 48
47 49
47 50
47 63
48 20
48 22
48 46
48 47
48 49
48 50
49 21
49 22
49 23
49 47
49 48
49 50
49 51
50 23
50 47
50 48
50 49
50 51
50 52
50 53
51 49
51 50
51 52
51 53
51 54
51 55
51 61
52 50
52 51
52 53
52 54
52 55
52 56
53 26
53 27
53 50
53 51
53 52
53 54
53 55
53 56
53 57
54 26
54 27
54 30
54 51
54 52
54 53
54 55
54 56
54 57
54 58
54 59
54 60
54 61
55 51
55 52
55 53
55 54
55 56
55 57
55 58
55 59
55 60
55 61
56 52
56 53
56 54
56 55
56 57
56 58
56 59
57 30
57 53
57 54
57 55
57 56
57 58
57 59
58 39
58 54
58 55
58 56
58 57
58 59
58 60
59 38
59 39
59 40
59 41
59 54
59 55
59 56
59 57
59 58
59 60
59 61
60 39
60 40
60 41
60 54
60 55
60 58
60 59
60 61
60 62
61 40
61 41
61 42
61 43
61 51
61 54
61 55
61 59
61 60
61 62
61 63
62 40
62 41
62 42
62 43
62 60
62 61
62 63
62 64
63 42
63 43
63 44
63 45
63 46
63 47
63 61
63 62
63 64
63 65
64 42
64 43
64 44
64 45
64 62
64 63
64 65
64 66
64 76
65 43
65 44
65 45
65 46
65 63
65 64
65 66
65 67
66 44
66 45
66 64
66 65
66 67
66 68
66 70
66 72
66 73
67 45
67 65
67 66
67 68
67 69
67 70
67 71
67 72
68 66
68 67
68 69
68 70
68 105
68 106
69 67
69 68
69 70
69 71
69 105
69 106
69 138
69 140
69 141
70 66
70 67
70 68
70 69
70 71
70 72
70 140
70 141
71 67
71 69
71 70
71 72
71 73
71 141
71 144
72 66
72 67
72 70
72 71
72 73
72 74
72 76
72 77
72 106
72 110
73 66
73 71
73 72
73 74
73 75
73 76
73 77
74 72
74 73
74 75
74 76
74 77
74 78
75 73
75 74
75 76
75 77
75 78
75 79
76 64
76 72
76 73
76 74
76 75
76 77
76 78
76 79
76 80
77 72
77 73
77 74
77 75
77 76
77 78
77 79
77 80
77 81
77 110
77 113
78 74
78 75
78 76
78 77
78 79
78 80
78 81
78 82
79 75
79 76
79 77
79 78
79 80
79 81
79 82
79 83
80 76
80 77
80 78
80 79
80 81
80 82
80 83
80 84
80 110
81 77
81 78
81 79
81 80
81 82
81 83
81 84
81 85
81 114
81 153
81 154
82 78
82 79
82 80
82 81
82 83
82 84
82 85
82 86
83 79
83 80
83 81
83 82
83 84
83 85
83 86
83 87
84 13
84 80
84 81
84 82
84 83
84 85
84 86
84 87
84 88
84 154
85 81
85 82
85 83
85 84
85 86
85 87
85 88
85 89
85 153
85 154
86 82
86 83
86 84
86 85
86 87
86 88
86 89
86 90
87 83
87 84
87 85
87 86
87 88
87 89
87 90
87 91
87 92
87 94
88 12
88 13
88 84
88 85
88 86
88 87
88 89
88 90
88 91
88 92
88 93
88 94
89 85
89 86
89 87
89 88
89 90
89 91
89 92
90 86
90 87
90 88
90 89
90 91
90 92
91 87
91 88
91 89
91 90
91 92
91 93
91 94
92 12
92 87
92 88
92 89
92 90
92 91
92 93
92 94
93 12
93 13
93 14
93 88
93 91
93 92
93 94
93 95
94 13
94 14
94 37
94 38
94 39
94 87
94 88
94 91
94 92
94 93
94 95
94 96
95 13
95 14
95 15
95 16
95 36
95 37
95 38
95 39
95 40
95 93
95 94
95 96
95 97
96 14
96 15
96 16
96 38
96 39
96 40
96 41
96 42
96 94
96 95
96 97
96 98
97 15
97 16
97 17
97 18
97 33
97 38
97 39
97 40
97 41
97 42
97 95
97 96
97 98
97 99
98 15
98 16
98 17
98 18
98 41
98 42
98 43
98 44
98 96
98 97
98 99
98 100
98 107
99 17
99 18
99 19
99 20
99 41
99 42
99 43
99 44
99 45
99 97
99 98
99 100
99 101
99 102
99 103
99 106
99 107
100 18
100 19
100 20
100 43
100 44
100 45
100 98
100 99
100 101
100 102
100 103
100 104
100 105
100 106
100 107
101 19
101 20
101 45
101 99
101 100
101 102
101 103
102 18
102 19
102 20
102 99
102 100
102 101
102 103
102 104
102 105
103 17
103 18
103 19
103 20
103 99
103 100
103 101
103 102
103 104
103 105
103 106
103 107
103 108
104 100
104 102
104 103
104 105
104 106
104 107
104 108
104 133
104 135
104 136
104 137
105 68
105 69
105 100
105 102
105 103
105 104
105 106
105 107
105 108
105 109
105 136
105 137
105 138
105 141
106 44
106 68
106 69
106 72
106 99
106 100
106 103
106 104
106 105
106 107
106 108
106 109
106 110
107 17
107 44
107 98
107 99
107 100
107 103
107 104
107 105
107 106
107 108
107 109
107 110
107 111
108 17
108 103
108 104
108 105
108 106
108 107
108 109
108 110
108 111
108 112
108 129
108 136
108 137
109 105
109 106
109 107
109 108
109 110
109 111
109 112
109 113
109 137
109 141
109 145
110 72
110 77
110 80
110 106
110 107
110 108
110 109
110 111
110 112
110 113
110 114
111 15
111 107
111 108
111 109
111 110
111 112
111 113
111 114
111 115
112 108
112 109
112 110
112 111
112 113
112 114
112 115
112 116
112 122
112 125
112 126
112 129
112 145
113 77
113 109
113 110
113 111
113 112
113 114
113 115
113 116
113 117
113 145
114 81
114 110
114 111
114 112
114 113
114 115
114 116
114 117
114 118
114 154
115 10
115 111
115 112
115 113
115 114
115 116
115 117
115 118
115 119
115 120
115 125
116 112
116 113
116 114
116 115
116 117
116 118
116 119
116 120
116 121
116 122
116 125
116 150
116 152
117 113
117 114
117 115
117 116
117 118
117 119
117 120
117 150
117 151
117 152
117 153
117 154
117 155
118 114
118 115
118 116
118 117
118 119
118 120
118 152
118 153
118 154
118 155
119 115
119 116
119 117
119 118
119 120
119 121
119 150
119 152
119 155
120 115
120 116
120 117
120 118
120 119
120 121
120 122
120 124
120 125
121 116
121 119
121 120
121 122
121 123
121 124
121 125
122 112
122 116
122 120
122 121
122 123
122 124
122 125
122 126
122 145
122 146
123 121
123 122
123 124
123 125
123 126
123 127
123 146
124 120
124 121
124 122
124 123
124 125
124 126
124 127
124 128
125 112
125 115
125 116
125 120
125 121
125 122
125 123
125 124
125 126
125 127
125 128
125 129
126 112
126 122
126 123
126 124
126 125
126 127
126 128
126 129
126 130
126 136
126 137
126 142
127 123
127 124
127 125
127 126
127 128
127 129
127 130
127 131
128 124
128 125
128 126
128 127
128 129
128 130
128 131
128 132
129 8
129 108
129 112
129 125
129 126
129 127
129 128
129 130
129 131
129 132
129 133
129 136
130 126
130 127
130 128
130 129
130 131
130 132
130 133
130 134
130 135
130 136
131 127
131 128
131 129
131 130
131 132
131 133
131 134
132 6
132 7
132 8
132 128
132 129
132 130
132 131
132 133
132 134
133 6
133 104
133 129
133 130
133 131
133 132
133 134
133 135
133 136
134 130
134 131
134 132
134 133
134 135
134 136
135 104
135 130
135 133
135 134
135 136
135 137
136 104
136 105
136 108
136 126
136 129
136 130
136 133
136 134
136 135
136 137
136 138
137 104
137 105
137 108
137 109
137 126
137 135
137 136
137 138
137 139
137 141
137 142
138 69
138 105
138 136
138 137
138 139
138 140
138 141
138 142
139 137
139 138
139 140
139 141
139 142
139 143
140 69
140 70
140 138
140 139
140 141
140 142
140 143
140 144
141 69
141 70
141 71
141 105
141 109
141 137
141 138
141 139
141 140
141 142
141 143
141 144
141 145
142 126
142 137
142 138
142 139
142 140
142 141
142 143
142 144
142 145
142 146
143 139
143 140
143 141
143 142
143 144
143 145
143 146
143 147
144 71
144 140
144 141
144 142
144 143
144 145
144 146
144 147
144 148
145 109
145 112
145 113
145 122
145 141
145 142
145 143
145 144
145 146
145 147
145 148
146 122
146 123
146 142
146 143
146 144
146 145
146 147
146 148
147 143
147 144
147 145
147 146
147 148
147 149
148 144
148 145
148 146
148 147
148 149
148 150
149 147
149 148
149 150
149 151
150 116
150 117
150 119
150 148
150 149
150 151
150 152
150 153
151 117
151 149
151 150
151 152
151 153
152 116
152 117
152 118
152 119
152 150
152 151
152 153
152 154
152 155
153 81
153 85
153 117
153 118
153 150
153 151
153 152
153 154
153 155
154 81
154 84
154 85
154 114
154 117
154 118
154 152
154 153
154 155
154 156
155 117
155 118
155 119
155 152
155 153
155 154
155 156
155 157
156 154
156 155
156 157
156 158
157 155
157 156
157 158
157 159
158 156
158 157
158 159
158 160
158 161
159 157
159 158
159 160
159 161
160 158
160 159
160 161
160 162
161 158
161 159
161 160
161 162
161 163
162 160
162 161
162 163
162 164
163 161
163 162
163 164
163 165
164 162
164 163
164 165
164 166
165 163
165 164
165 166
166 164
166 165
