0 1
0 2
1 0
1 2
1 3
2 0
2 1
2 3
2 4
3 1
3 2
3 4
3 5
4 2
4 3
4 5
4 6
5 3
5 4
5 6
5 7
6 4
6 5
6 7
6 8
6 9
7 5
7 6
7 8
7 9
8 6
8 7
8 9
8 10
9 6
9 7
9 8
9 10
9 11
10 8
10 9
10 11
10 12
11 9
11 10
11 12
11 13
12 10
12 11
12 13
12 14
13 11
13 12
13 14
13 15
14 12
14 13
14 15
14 16
15 13
15 14
15 16
15 17
16 14
16 15
16 17
16 18
17 15
17 16
17 18
17 19
18 16
18 17
18 19
18 20
19 17
19 18
19 20
19 21
20 18
20 19
20 21
20 22
21 19
21 20
21 22
21 23
22 20
22 21
22 23
22 24
23 21
23 22
23 24
23 25
24 22
24 23
24 25
24 26
25 23
25 24
25 26
25 27
26 24
26 25
26 27
26 28
27 25
27 26
27 28
27 29
28 26
28 27
28 29
28 30
29 27
29 28
29 30
29 31
30 28
30 29
30 31
30 32
31 29
31 30
31 32
31 33
32 30
32 31
32 33
32 34
33 31
33 32
33 34
33 35
34 32
34 33
34 35
34 36
35 33
35 34
35 36
35 37
36 34
36 35
36 37
36 38
37 35
37 36
37 38
37 39
38 36
38 37
38 39
38 40
39 37
39 38
39 40
39 41
40 38
40 39
40 41
40 42
41 39
41 40
41 42
41 43
41 44
42 40
42 41
42 43
42 44
43 41
43 42
43 44
43 45
44 41
44 42
44 43
44 45
44 46
45 43
45 44
45 46
45 47
46 44
46 45
46 47
46 48
47 45
47 46
47 48
47 49
47 50
48 46
48 47
48 49
48 50
49 47
49 48
49 50
49 51
49 98
49 99
50 47
50 48
50 49
50 51
50 52
51 49
51 50
51 52
51 53
51 97
51 98
51 99
52 50
52 51
52 53
52 54
52 56
52 57
52 97
52 98
53 51
53 52
53 54
53 55
53 56
53 57
53 97
54 52
54 53
54 55
54 56
54 57
54 58
54 71
54 97
55 53
55 54
55 56
55 57
55 58
55 59
56 52
56 53
56 54
56 55
56 57
56 58
56 59
56 60
57 52
57 53
57 54
57 55
57 56
57 58
57 59
57 60
57 61
58 54
58 55
58 56
58 57
58 59
58 60
58 61
58 62
58 63
58 65
58 66
59 55
59 56
59 57
59 58
59 60
59 61
59 62
60 56
60 57
60 58
60 59
60 61
60 62
61 57
61 58
61 59
61 60
61 62
61 63
61 64
61 65
62 58
62 59
62 60
62 61
62 63
62 64
62 65
63 58
63 61
63 62
63 64
63 65
63 66
63 77
64 61
64 62
64 63
64 65
64 66
64 76
64 77
65 58
65 61
65 62
65 63
65 64
65 66
65 67
65 74
65 75
65 76
65 77
66 58
66 63
66 64
66 65
66 67
66 68
66 74
66 75
66 76
66 77
67 65
67 66
67 68
67 69
67 70
67 71
67 73
67 74
67 75
67 165
68 66
68 67
68 69
68 70
68 71
68 73
68 74
68 75
68 163
68 164
68 165
69 67
69 68
69 70
69 71
69 163
69 164
69 165
70 67
70 68
70 69
70 71
70 72
70 73
70 162
70 163
70 164
71 54
71 67
71 68
71 69
71 70
71 72
71 73
72 70
72 71
72 73
72 74
72 96
72 97
72 98
73 67
73 68
73 70
73 71
73 72
73 74
73 75
73 94
73 95
73 96
73 97
73 163
74 65
74 66
74 67
74 68
74 72
74 73
74 75
74 76
74 94
74 95
74 96
74 97
75 65
75 66
75 67
75 68
75 73
75 74
75 76
75 77
75 92
75 93
75 94
75 95
76 64
76 65
76 66
76 74
76 75
76 77
76 78
76 91
76 92
76 93
76 94
77 63
77 64
77 65
77 66
77 75
77 76
77 78
77 79
77 92
78 76
78 77
78 79
78 80
78 92
78 168
78 169
79 77
79 78
79 80
79 81
79 82
79 88
79 168
79 169
80 78
80 79
80 81
80 82
80 148
80 168
80 169
80 170
81 79
81 80
81 82
81 83
81 169
81 170
81 171
81 172
81 175
81 176
82 79
82 80
82 81
82 83
82 84
82 86
82 88
82 169
82 170
82 171
82 172
82 174
82 175
82 176
83 81
83 82
83 84
83 85
83 86
83 139
83 171
83 172
83 173
83 174
83 175
83 176
84 82
84 83
84 85
84 86
84 138
84 139
84 140
84 141
84 142
84 171
84 172
84 173
84 174
84 175
85 83
85 84
85 86
85 87
85 121
85 138
85 139
85 140
86 82
86 83
86 84
86 85
86 87
86 88
86 138
86 139
87 85
87 86
87 88
87 89
87 136
87 137
87 138
88 79
88 82
88 86
88 87
88 89
88 90
88 91
88 92
88 136
88 137
88 138
89 87
89 88
89 90
89 91
90 88
90 89
90 91
90 92
91 76
91 88
91 89
91 90
91 92
91 93
91 133
91 134
91 135
91 136
91 137
92 75
92 76
92 77
92 78
92 88
92 90
92 91
92 93
92 94
92 133
92 134
92 135
92 136
92 137
93 75
93 76
93 91
93 92
93 94
93 95
93 131
93 132
93 133
93 134
94 73
94 74
94 75
94 76
94 92
94 93
94 95
94 96
94 131
94 132
94 133
95 73
95 74
95 75
95 93
95 94
95 96
95 97
95 130
95 131
95 132
96 72
96 73
96 74
96 94
96 95
96 97
96 98
96 99
96 100
96 130
96 131
97 51
97 52
97 53
97 54
97 72
97 73
97 74
97 95
97 96
97 98
97 99
97 130
98 49
98 51
98 52
98 72
98 96
98 97
98 99
98 100
99 49
99 51
99 96
99 97
99 98
99 100
99 101
99 130
100 96
100 98
100 99
100 101
100 102
100 104
100 127
100 130
100 157
101 99
101 100
101 102
101 103
101 104
101 127
101 128
101 130
101 157
102 100
102 101
102 103
102 104
102 126
102 127
102 128
102 129
102 130
103 101
103 102
103 104
103 105
103 126
103 127
103 128
104 100
104 101
104 102
104 103
104 105
104 106
104 126
104 127
104 128
104 155
104 156
104 157
105 103
105 104
105 106
105 107
105 124
105 125
105 126
105 127
105 155
105 156
106 104
106 105
106 107
106 108
106 124
106 125
106 126
106 127
106 132
106 153
106 154
106 155
106 156
107 105
107 106
107 108
107 109
107 123
107 124
107 125
107 153
107 154
107 155
108 106
108 107
108 109
108 110
108 123
108 124
108 151
108 152
108 153
108 154
109 107
109 108
109 110
109 111
109 117
109 118
109 120
109 123
109 151
109 152
109 153
110 108
110 109
110 111
110 112
110 116
110 117
110 118
110 119
110 120
110 149
110 150
110 151
110 152
111 109
111 110
111 112
111 113
111 115
111 116
111 117
111 118
111 143
111 149
111 150
111 151
111 152
112 110
112 111
112 113
112 114
112 115
112 116
112 117
112 143
112 147
112 148
112 149
112 150
113 111
113 112
113 114
113 115
113 116
114 112
114 113
114 115
114 116
114 143
114 144
115 111
115 112
115 113
115 114
115 116
115 117
115 118
115 141
115 142
115 143
115 144
116 110
116 111
116 112
116 113
116 114
116 115
116 117
116 118
117 109
117 110
117 111
117 112
117 115
117 116
117 118
117 119
118 109
118 110
118 111
118 115
118 116
118 117
118 119
118 120
118 139
118 140
118 141
118 142
118 143
119 110
119 117
119 118
119 120
119 121
119 139
119 140
119 141
120 109
120 110
120 118
120 119
120 121
120 122
120 123
120 137
120 138
120 139
120 140
120 141
121 85
121 119
121 120
121 122
121 123
121 136
121 137
121 138
121 139
121 140
122 120
122 121
122 123
122 124
122 125
122 134
122 135
122 136
122 137
122 138
123 107
123 108
123 109
123 120
123 121
123 122
123 124
123 125
123 134
123 137
123 138
124 105
124 106
124 107
124 108
124 122
124 123
124 125
124 126
124 134
125 105
125 106
125 107
125 122
125 123
125 124
125 126
125 127
125 132
125 133
125 134
125 135
126 102
126 103
126 104
126 105
126 106
126 124
126 125
126 127
126 128
126 132
126 133
127 100
127 101
127 102
127 103
127 104
127 105
127 106
127 125
127 126
127 128
127 129
127 130
127 131
127 132
127 133
128 101
128 102
128 103
128 104
128 126
128 127
128 129
128 130
128 131
128 132
129 102
129 127
129 128
129 130
129 131
130 95
130 96
130 97
130 99
130 100
130 101
130 102
130 127
130 128
130 129
130 131
130 132
131 93
131 94
131 95
131 96
131 127
131 128
131 129
131 130
131 132
131 133
132 93
132 94
132 95
132 106
132 125
132 126
132 127
132 128
132 130
132 131
132 133
132 134
133 91
133 92
133 93
133 94
133 125
133 126
133 127
133 131
133 132
133 134
133 135
134 91
134 92
134 93
134 122
134 123
134 124
134 125
134 132
134 133
134 135
134 136
134 137
135 91
135 92
135 122
135 125
135 133
135 134
135 136
135 137
136 87
136 88
136 91
136 92
136 121
136 122
136 134
136 135
136 137
136 138
137 87
137 88
137 91
137 92
137 120
137 121
137 122
137 123
137 134
137 135
137 136
137 138
137 139
138 84
138 85
138 86
138 87
138 88
138 120
138 121
138 122
138 123
138 136
138 137
138 139
138 140
139 83
139 84
139 85
139 86
139 118
139 119
139 120
139 121
139 137
139 138
139 140
139 141
139 142
139 171
140 84
140 85
140 118
140 119
140 120
140 121
140 138
140 139
140 141
140 142
141 84
141 115
141 118
141 119
141 120
141 139
141 140
141 142
141 143
141 171
142 84
142 115
142 118
142 139
142 140
142 141
142 143
142 144
142 170
142 171
142 172
142 173
143 111
143 112
143 114
143 115
143 118
143 141
143 142
143 144
143 145
143 146
143 147
143 148
143 149
143 170
143 171
143 172
144 114
144 115
144 142
144 143
144 145
144 146
144 147
144 148
144 170
144 171
144 172
145 143
145 144
145 146
145 147
146 143
146 144
146 145
146 147
146 148
146 170
147 112
147 143
147 144
147 145
147 146
147 148
147 149
147 167
147 170
148 80
148 112
148 143
148 144
148 146
148 147
148 149
148 150
148 167
148 168
148 169
148 170
148 171
149 110
149 111
149 112
149 143
149 147
149 148
149 150
149 151
149 166
149 167
149 168
149 169
149 170
149 171
150 110
150 111
150 112
150 148
150 149
150 151
150 152
150 164
150 165
150 166
150 167
150 168
150 169
151 108
151 109
151 110
151 111
151 149
151 150
151 152
151 153
151 164
151 165
151 166
151 167
151 168
152 108
152 109
152 110
152 111
152 150
152 151
152 153
152 154
152 162
152 163
152 164
152 165
153 106
153 107
153 108
153 109
153 151
153 152
153 154
153 155
153 162
153 163
153 164
153 165
154 106
154 107
154 108
154 152
154 153
154 155
154 156
154 160
154 161
154 162
154 163
155 104
155 105
155 106
155 107
155 153
155 154
155 156
155 157
155 160
155 161
155 162
156 104
156 105
156 106
156 154
156 155
156 157
156 158
156 159
156 160
156 161
157 100
157 101
157 104
157 155
157 156
157 158
157 159
157 160
157 161
158 156
158 157
158 159
158 160
158 161
159 156
159 157
159 158
159 160
159 161
160 154
160 155
160 156
160 157
160 158
160 159
160 161
160 162
161 154
161 155
161 156
161 157
161 158
161 159
161 160
161 162
161 163
162 70
162 152
162 153
162 154
162 155
162 160
162 161
162 163
162 164
163 68
163 69
163 70
163 73
163 152
163 153
163 154
163 161
163 162
163 164
163 165
164 68
164 69
164 70
164 150
164 151
164 152
164 153
164 162
164 163
164 165
164 166
165 67
165 68
165 69
165 150
165 151
165 152
165 153
165 163
165 164
165 166
165 167
165 168
166 149
166 150
166 151
166 164
166 165
166 167
166 168
167 147
167 148
167 149
167 150
167 151
167 165
167 166
167 168
167 169
167 170
168 78
168 79
168 80
168 148
168 149
168 150
168 151
168 165
168 166
168 167
168 169
168 170
169 78
169 79
169 80
169 81
169 82
169 148
169 149
169 150
169 167
169 168
169 170
169 171
170 80
170 81
170 82
170 142
170 143
170 144
170 146
170 147
170 148
170 149
170 167
170 168
170 169
170 171
170 172
171 81
171 82
171 83
171 84
171 139
171 141
171 142
171 143
171 144
171 148
171 149
171 169
171 170
171 172
171 173
171 175
172 81
172 82
172 83
172 84
172 142
172 143
172 144
172 170
172 171
172 173
172 174
172 175
173 83
173 84
173 142
173 171
173 172
173 174
173 175
174 82
174 83
174 84
174 172
174 173
174 175
174 176
174 177
175 81
175 82
175 83
175 84
175 171
175 172
175 173
175 174
175 176
175 177
176 81
176 82
176 83
176 174
176 175
176 177
176 178
177 174
177 175
177 176
177 178
177 179
178 176
178 177
178 179
178 180
179 177
179 178
179 180
179 181
180 178
180 179
180 181
180 182
181 179
181 180
181 182
181 183
182 180
182 181
182 183
182 184
183 181
183 182
183 184
183 185
184 182
184 183
184 185
184 186
185 183
185 184
185 186
185 187
185 188
186 184
186 185
186 187
186 188
187 185
187 186
187 188
187 189
188 185
188 186
188 187
188 189
188 190
189 187
189 188
189 190
189 191
190 188
190 189
190 191
190 192
191 189
191 190
191 192
191 193
192 190
192 191
192 193
192 194
193 191
193 192
193 194
193 195
194 192
194 193
194 195
194 196
195 193
195 194
195 196
195 197
195 198
196 194
196 195
196 197
196 198
196 199
197 195
197 196
197 198
197 199
197 200
197 201
198 195
198 196
198 197
198 199
198 200
198 201
198 202
199 196
199 197
199 198
199 200
199 201
199 202
199 203
200 197
200 198
200 199
200 201
200 202
200 203
200 204
201 197
201 198
201 199
201 200
201 202
201 203
201 204
201 205
202 198
202 199
202 200
202 201
202 203
202 204
202 205
202 206
203 199
203 200
203 201
203 202
203 204
203 205
203 206
203 207
204 200
204 201
204 202
204 203
204 205
204 206
204 207
205 201
205 202
205 203
205 204
205 206
205 207
206 202
206 203
206 204
206 205
206 207
206 208
207 203
207 204
207 205
207 206
207 208
207 209
208 206
208 207
208 209
208 210
209 207
209 208
209 210
209 211
210 208
210 209
210 211
210 212
211 209
211 210
211 212
211 213
212 210
212 211
212 213
212 214
213 211
213 212
213 214
213 215
214 212
214 213
214 215
214 216
215 213
215 214
215 216
215 217
216 214
216 215
216 217
216 218
217 215
217 216
217 218
217 219
218 216
218 217
218 219
218 220
219 217
219 218
219 220
219 221
220 218
220 219
220 221
220 222
221 219
221 220
221 222
221 223
222 220
222 221
222 223
222 224
223 221
223 222
223 224
223 225
224 222
224 223
224 225
224 226
225 223
225 224
225 226
225 227
226 224
226 225
226 227
226 228
227 225
227 226
227 228
227 229
228 226
228 227
228 229
228 230
229 227
229 228
229 230
229 231
230 228
230 229
230 231
230 232
231 229
231 230
231 232
231 233
232 230
232 231
232 233
232 234
233 231
233 232
233 234
233 235
234 232
234 233
234 235
234 236
235 233
235 234
235 236
235 237
236 234
236 235
236 237
236 238
237 235
237 236
237 238
237 239
238 236
238 237
238 239
238 240
239 237
239 238
239 240
239 241
240 238
240 239
240 241
240 242
241 239
241 240
241 242
241 243
242 240
242 241
242 243
242 244
243 241
243 242
243 244
243 245
244 242
244 243
244 245
244 246
245 243
245 244
245 246
245 247
246 244
246 245
246 247
246 248
247 245
247 246
247 248
247 249
248 246
248 247
248 249
248 250
249 247
249 248
249 250
249 251
250 248
250 249
250 251
250 252
251 249
251 250
251 252
251 253
252 250
252 251
252 253
252 254
253 251
253 252
253 254
253 255
254 252
254 253
254 255
254 256
255 253
255 254
255 256
255 257
256 254
256 255
256 257
256 258
257 255
257 256
257 258
257 259
258 256
258 257
258 259
258 260
259 257
259 258
259 260
259 261
260 258
260 259
260 261
260 262
261 259
261 260
261 262
261 263
262 260
262 261
262 263
262 264
263 261
263 262
263 264
263 265
264 262
264 263
264 265
264 266
265 263
265 264
265 266
265 267
266 264
266 265
266 267
266 268
267 265
267 266
267 268
267 269
268 266
268 267
268 269
268 270
269 267
269 268
269 270
269 271
270 268
270 269
270 271
270 272
271 269
271 270
271 272
271 273
272 270
272 271
272 273
272 274
273 271
273 272
273 274
273 275
274 272
274 273
274 275
274 276
275 273
275 274
275 276
275 277
276 274
276 275
276 277
276 278
277 275
277 276
277 278
277 279
278 276
278 277
278 279
278 280
279 277
279 278
279 280
279 281
280 278
280 279
280 281
280 282
281 279
281 280
281 282
281 283
282 280
282 281
282 283
282 284
283 281
283 282
283 284
283 285
284 282
284 283
284 285
284 286
285 283
285 284
285 286
285 287
286 284
286 285
286 287
286 288
287 285
287 286
287 288
287 289
288 286
288 287
288 289
288 290
289 287
289 288
289 290
289 291
290 288
290 289
290 291
290 292
291 289
291 290
291 292
291 293
292 290
292 291
292 293
292 294
293 291
293 292
293 294
293 295
294 292
294 293
294 295
294 296
295 293
295 294
295 296
295 297
296 294
296 295
296 297
296 298
297 295
297 296
297 298
297 299
298 296
298 297
298 299
298 300
299 297
299 298
299 300
299 301
300 298
300 299
300 301
300 302
301 299
301 300
301 302
301 303
302 300
302 301
302 303
302 304
303 301
303 302
303 304
303 305
304 302
304 303
304 305
304 306
305 303
305 304
305 306
305 307
306 304
306 305
306 307
306 308
307 305
307 306
307 308
307 309
308 306
308 307
308 309
308 310
309 307
309 308
309 310
309 311
310 308
310 309
310 311
310 312
311 309
311 310
311 312
311 313
312 310
312 311
312 313
312 314
313 311
313 312
313 314
313 315
314 312
314 313
314 315
314 316
315 313
315 314
315 316
315 317
316 314
316 315
316 317
316 318
317 315
317 316
317 318
317 319
318 316
318 317
318 319
318 320
319 317
319 318
319 320
319 321
320 318
320 319
320 321
320 322
321 319
321 320
321 322
321 323
322 320
322 321
322 323
322 324
323 321
323 322
323 324
323 325
324 322
324 323
324 325
324 326
325 323
325 324
325 326
325 327
326 324
326 325
326 327
326 328
327 325
327 326
327 328
327 329
328 326
328 327
328 329
328 330
329 327
329 328
329 330
329 331
330 328
330 329
330 331
330 332
331 329
331 330
331 332
331 333
332 330
332 331
332 333
332 334
333 331
333 332
333 334
333 335
334 332
334 333
334 335
334 336
335 333
335 334
335 336
335 337
336 334
336 335
336 337
336 338
337 335
337 336
337 338
337 339
338 336
338 337
338 339
338 340
339 337
339 338
339 340
339 341
340 338
340 339
340 341
340 342
341 339
341 340
341 342
341 343
342 340
342 341
342 343
342 344
343 341
343 342
343 344
343 345
344 342
344 343
344 345
344 346
345 343
345 344
345 346
345 347
346 344
346 345
346 347
346 348
347 345
347 346
347 348
347 349
348 346
348 347
348 349
348 350
349 347
349 348
349 350
349 351
350 348
350 349
350 351
350 352
351 349
351 350
351 352
351 353
352 350
352 351
352 353
352 354
353 351
353 352
353 354
353 355
354 352
354 353
354 355
354 356
355 353
355 354
355 356
355 357
356 354
356 355
356 357
356 358
357 355
357 356
357 358
357 359
358 356
358 357
358 359
358 360
359 357
359 358
359 360
359 361
360 358
360 359
360 361
360 362
361 359
361 360
361 362
361 363
362 360
362 361
362 363
362 364
363 361
363 362
363 364
363 365
364 362
364 363
364 365
364 366
365 363
365 364
365 366
365 367
366 364
366 365
366 367
366 368
367 365
367 366
367 368
367 369
368 366
368 367
368 369
368 370
369 367
369 368
369 370
369 371
370 368
370 369
370 371
370 372
371 369
371 370
371 372
371 373
372 370
372 371
372 373
372 374
373 371
373 372
373 374
373 375
374 372
374 373
374 375
374 376
375 373
375 374
375 376
375 377
376 374
376 375
376 377
376 378
377 375
377 376
377 378
377 379
378 376
378 377
378 379
378 380
379 377
379 378
379 380
379 381
380 378
380 379
380 381
380 382
381 379
381 380
381 382
381 383
382 380
382 381
382 383
382 384
383 381
383 382
383 384
383 385
384 382
384 383
384 385
384 386
385 383
385 384
385 386
385 387
386 384
386 385
386 387
386 388
387 385
387 386
387 388
387 389
388 386
388 387
388 389
388 390
389 387
389 388
389 390
389 391
390 388
390 389
390 391
390 392
391 389
391 390
391 392
391 393
392 390
392 391
392 393
392 394
393 391
393 392
393 394
393 395
394 392
394 393
394 395
394 396
395 393
395 394
395 396
395 397
396 394
396 395
396 397
396 398
397 395
397 396
397 398
397 399
398 396
398 397
398 399
398 400
399 397
399 398
399 400
399 401
400 398
400 399
400 401
400 402
401 399
401 400
401 402
401 403
402 400
402 401
402 403
402 404
403 401
403 402
403 404
403 405
404 402
404 403
404 405
404 406
405 403
405 404
405 406
405 407
406 404
406 405
406 407
406 408
407 405
407 406
407 408
407 409
408 406
408 407
408 409
408 410
409 407
409 408
409 410
409 411
410 408
410 409
410 411
410 412
411 409
411 410
411 412
411 413
412 410
412 411
412 413
412 414
413 411
413 412
413 414
414 412
414 413
