0 1
0 2
0 3
0 4
1 0
1 2
1 3
1 4
1 5
2 0
2 1
2 3
2 4
2 5
2 6
3 0
3 1
3 2
3 4
3 5
3 6
3 7
4 0
4 1
4 2
4 3
4 5
4 6
4 7
4 8
5 1
5 2
5 3
5 4
5 6
5 7
5 8
5 9
6 2
6 3
6 4
6 5
6 7
6 8
6 9
6 10
7 3
7 4
7 5
7 6
7 8
7 9
7 10
7 11
8 4
8 5
8 6
8 7
8 9
8 10
8 11
8 12
9 5
9 6
9 7
9 8
9 10
9 11
9 12
9 13
10 6
10 7
10 8
10 9
10 11
10 12
10 13
10 14
11 7
11 8
11 9
11 10
11 12
11 13
11 14
11 15
12 8
12 9
12 10
12 11
12 13
12 14
12 15
12 16
13 9
13 10
13 11
13 12
13 14
13 15
13 16
13 17
14 10
14 11
14 12
14 13
14 15
14 16
14 17
14 18
15 11
15 12
15 13
15 14
15 16
15 17
15 18
15 19
16 12
16 13
16 14
16 15
16 17
16 18
16 19
16 20
17 13
17 14
17 15
17 16
17 18
17 19
17 20
17 21
18 14
18 15
18 16
18 17
18 19
18 20
18 21
18 22
19 15
19 16
19 17
19 18
19 20
19 21
19 22
19 23
20 16
20 17
20 18
20 19
20 21
20 22
20 23
21 17
21 18
21 19
21 20
21 22
21 23
21 24
22 18
22 19
22 20
22 21
22 23
22 24
23 19
23 20
23 21
23 22
23 24
23 25
24 21
24 22
24 23
24 25
24 26
24 27
25 23
25 24
25 26
25 27
26 24
26 25
26 27
26 28
27 24
27 25
27 26
27 28
27 29
28 26
28 27
28 29
28 30
29 27
29 28
29 30
29 31
30 28
30 29
30 31
30 32
30 95
30 96
30 348
30 349
31 29
31 30
31 32
31 33
31 93
31 94
31 95
31 96
31 348
32 30
32 31
32 33
32 34
32 92
32 93
32 94
32 95
32 346
32 347
32 348
33 31
33 32
33 34
33 35
33 91
33 92
33 93
33 94
34 32
34 33
34 35
34 36
34 91
34 92
34 93
35 33
35 34
35 36
35 37
35 39
35 90
35 91
35 92
36 34
36 35
36 37
36 38
36 39
36 88
36 89
36 90
36 91
36 92
37 35
37 36
37 38
37 39
37 88
37 89
37 90
37 91
37 417
38 36
38 37
38 39
38 40
38 88
38 89
38 90
38 91
38 140
38 141
38 142
39 35
39 36
39 37
39 38
39 40
39 41
39 90
39 91
39 92
39 93
39 139
39 140
39 141
39 142
39 143
40 38
40 39
40 41
40 42
40 90
40 91
40 92
40 93
40 141
40 142
40 143
40 144
40 145
41 39
41 40
41 42
41 43
41 92
41 93
41 94
41 95
41 111
41 141
41 142
41 143
41 144
41 145
42 40
42 41
42 43
42 44
42 68
42 71
42 92
42 93
42 94
42 95
42 144
42 145
42 146
42 147
43 41
43 42
43 44
43 45
43 94
43 95
43 96
43 97
43 104
43 144
43 145
43 146
43 147
43 148
44 42
44 43
44 45
44 46
44 63
44 64
44 67
44 68
44 94
44 95
44 96
44 97
44 98
44 146
44 147
44 148
45 43
45 44
45 46
45 47
45 48
45 60
45 63
45 64
45 96
45 97
45 98
45 99
45 147
45 148
46 44
46 45
46 47
46 48
46 59
46 60
46 61
46 63
46 64
46 65
46 68
46 96
46 97
46 98
46 99
46 349
47 45
47 46
47 48
47 49
47 56
47 57
47 58
47 59
47 60
47 64
47 96
47 97
47 98
47 99
48 45
48 46
48 47
48 49
48 50
48 56
48 57
48 58
48 59
48 60
48 98
48 99
49 47
49 48
49 50
49 51
49 55
49 56
49 57
49 58
49 98
49 99
49 100
50 48
50 49
50 51
50 52
50 53
50 54
50 55
50 56
50 57
50 58
50 98
51 49
51 50
51 52
51 53
51 54
51 55
51 56
51 57
51 250
52 50
52 51
52 53
52 54
53 50
53 51
53 52
53 54
53 55
54 50
54 51
54 52
54 53
54 55
54 56
54 57
55 49
55 50
55 51
55 53
55 54
55 56
55 57
55 98
55 103
56 47
56 48
56 49
56 50
56 51
56 54
56 55
56 57
56 58
56 98
56 99
57 47
57 48
57 49
57 50
57 51
57 54
57 55
57 56
57 58
57 59
57 98
58 47
58 48
58 49
58 50
58 56
58 57
58 59
58 60
59 46
59 47
59 48
59 57
59 58
59 60
59 61
59 64
59 65
59 352
59 353
59 356
60 45
60 46
60 47
60 48
60 58
60 59
60 61
60 62
60 63
60 64
60 65
61 46
61 59
61 60
61 62
61 63
61 64
61 65
61 66
61 353
61 357
62 60
62 61
62 63
62 64
62 65
62 66
62 67
62 385
62 386
63 44
63 45
63 46
63 60
63 61
63 62
63 64
63 65
63 66
63 67
63 386
64 44
64 45
64 46
64 47
64 59
64 60
64 61
64 62
64 63
64 65
64 66
64 67
64 68
65 46
65 59
65 60
65 61
65 62
65 63
65 64
65 66
65 67
65 68
65 69
65 349
65 350
65 353
66 61
66 62
66 63
66 64
66 65
66 67
66 68
66 69
66 70
66 336
66 385
66 386
66 389
67 44
67 62
67 63
67 64
67 65
67 66
67 68
67 69
67 70
67 71
67 388
67 389
67 392
68 42
68 44
68 46
68 64
68 65
68 66
68 67
68 69
68 70
68 71
68 72
68 94
69 65
69 66
69 67
69 68
69 70
69 71
69 72
69 73
69 336
70 66
70 67
70 68
70 69
70 71
70 72
70 73
70 74
70 332
70 389
70 392
70 393
71 42
71 67
71 68
71 69
71 70
71 72
71 73
71 74
71 75
71 392
71 393
71 396
72 68
72 69
72 70
72 71
72 73
72 74
72 75
72 76
72 92
73 69
73 70
73 71
73 72
73 74
73 75
73 76
73 77
73 332
73 335
74 70
74 71
74 72
74 73
74 75
74 76
74 77
74 78
74 393
74 396
74 397
75 71
75 72
75 73
75 74
75 76
75 77
75 78
75 79
75 90
75 91
75 396
76 72
76 73
76 74
76 75
76 77
76 78
76 79
76 80
77 73
77 74
77 75
77 76
77 78
77 79
77 80
77 81
78 74
78 75
78 76
78 77
78 79
78 80
78 81
78 84
78 85
78 90
78 397
78 400
79 75
79 76
79 77
79 78
79 80
79 81
79 85
79 88
79 89
79 90
80 76
80 77
80 78
80 79
80 81
80 82
81 77
81 78
81 79
81 80
81 82
81 83
81 84
81 85
81 86
82 80
82 81
82 83
82 84
82 85
82 86
83 81
83 82
83 84
83 85
83 86
84 78
84 81
84 82
84 83
84 85
84 86
84 400
84 401
84 404
85 78
85 79
85 81
85 82
85 83
85 84
85 86
85 87
85 88
85 89
85 400
85 401
85 403
85 404
85 407
85 415
86 81
86 82
86 83
86 84
86 85
86 87
86 88
86 415
86 416
87 85
87 86
87 88
87 89
87 415
87 416
88 36
88 37
88 38
88 79
88 85
88 86
88 87
88 89
88 90
88 415
88 416
88 417
89 36
89 37
89 38
89 79
89 85
89 87
89 88
89 90
89 91
90 35
90 36
90 37
90 38
90 39
90 40
90 75
90 78
90 79
90 88
90 89
90 91
90 92
91 33
91 34
91 35
91 36
91 37
91 38
91 39
91 40
91 75
91 89
91 90
91 92
91 93
92 32
92 33
92 34
92 35
92 36
92 39
92 40
92 41
92 42
92 72
92 90
92 91
92 93
92 94
93 31
93 32
93 33
93 34
93 39
93 40
93 41
93 42
93 91
93 92
93 94
93 95
93 111
94 31
94 32
94 33
94 41
94 42
94 43
94 44
94 68
94 92
94 93
94 95
94 96
95 30
95 31
95 32
95 41
95 42
95 43
95 44
95 93
95 94
95 96
95 97
95 107
95 108
96 30
96 31
96 43
96 44
96 45
96 46
96 47
96 94
96 95
96 97
96 98
96 104
96 107
97 43
97 44
97 45
97 46
97 47
97 95
97 96
97 98
97 99
97 100
97 101
97 103
97 104
97 107
97 147
97 152
98 44
98 45
98 46
98 47
98 48
98 49
98 50
98 55
98 56
98 57
98 96
98 97
98 99
98 100
98 103
98 104
99 45
99 46
99 47
99 48
99 49
99 56
99 97
99 98
99 100
99 101
99 104
99 149
99 152
100 49
100 97
100 98
100 99
100 101
100 102
100 103
100 104
100 152
101 97
101 99
101 100
101 102
101 103
101 104
101 105
101 151
101 152
101 153
101 155
102 100
102 101
102 103
102 104
102 105
102 106
102 152
102 155
103 55
103 97
103 98
103 100
103 101
103 102
103 104
103 105
103 106
103 107
104 43
104 96
104 97
104 98
104 99
104 100
104 101
104 102
104 103
104 105
104 106
104 107
104 108
104 152
104 156
105 101
105 102
105 103
105 104
105 106
105 107
105 108
105 109
105 152
105 155
105 156
105 159
106 102
106 103
106 104
106 105
106 107
106 108
106 109
106 110
107 95
107 96
107 97
107 103
107 104
107 105
107 106
107 108
107 109
107 110
108 95
108 104
108 105
108 106
108 107
108 109
108 110
108 111
108 112
108 156
108 159
109 105
109 106
109 107
109 108
109 110
109 111
109 112
109 113
110 106
110 107
110 108
110 109
110 111
110 112
110 113
110 114
111 41
111 93
111 108
111 109
111 110
111 112
111 113
111 114
111 139
111 140
111 141
112 108
112 109
112 110
112 111
112 113
112 114
112 115
112 116
112 140
112 141
112 160
112 163
113 109
113 110
113 111
113 112
113 114
113 115
113 116
113 117
113 138
114 110
114 111
114 112
114 113
114 115
114 116
114 117
114 118
114 137
114 138
114 139
114 140
115 112
115 113
115 114
115 116
115 117
115 118
115 119
115 140
115 163
116 112
116 113
116 114
116 115
116 117
116 118
116 119
117 113
117 114
117 115
117 116
117 118
117 119
117 120
117 121
118 114
118 115
118 116
118 117
118 119
118 120
118 121
119 115
119 116
119 117
119 118
119 120
119 121
120 117
120 118
120 119
120 121
120 122
120 123
121 117
121 118
121 119
121 120
121 122
121 123
121 124
122 120
122 121
122 123
122 124
123 120
123 121
123 122
123 124
123 125
124 121
124 122
124 123
124 125
124 126
124 131
124 132
125 123
125 124
125 126
125 127
125 128
125 129
125 130
125 131
125 132
126 124
126 125
126 127
126 128
126 129
126 130
126 131
126 132
127 125
127 126
127 128
127 129
127 130
128 125
128 126
128 127
128 129
128 130
129 125
129 126
129 127
129 128
129 130
129 131
130 125
130 126
130 127
130 128
130 129
130 131
130 132
131 124
131 125
131 126
131 129
131 130
131 132
131 133
132 124
132 125
132 126
132 130
132 131
132 133
132 134
133 131
133 132
133 134
133 135
134 132
134 133
134 135
134 136
134 137
135 133
135 134
135 136
135 137
136 134
136 135
136 137
136 138
137 114
137 134
137 135
137 136
137 138
137 139
138 113
138 114
138 136
138 137
138 139
138 140
139 39
139 111
139 114
139 137
139 138
139 140
139 141
140 38
140 39
140 111
140 112
140 114
140 115
140 138
140 139
140 141
140 142
141 38
141 39
141 40
141 41
141 111
141 112
141 139
141 140
141 142
141 143
141 144
141 165
142 38
142 39
142 40
142 41
142 140
142 141
142 143
142 144
142 165
142 166
142 424
142 426
143 39
143 40
143 41
143 141
143 142
143 144
143 145
143 165
143 166
143 167
143 168
143 399
143 426
144 40
144 41
144 42
144 43
144 141
144 142
144 143
144 145
144 146
144 165
144 166
144 167
144 168
145 40
145 41
145 42
145 43
145 143
145 144
145 146
145 147
145 167
145 168
145 169
145 170
145 392
145 395
145 396
146 42
146 43
146 44
146 144
146 145
146 147
146 148
146 153
146 167
146 168
146 169
146 170
146 171
147 42
147 43
147 44
147 45
147 97
147 145
147 146
147 148
147 149
147 150
147 152
147 153
147 156
147 169
147 170
147 171
147 172
148 43
148 44
148 45
148 146
148 147
148 149
148 150
148 152
148 153
148 169
148 170
148 171
148 172
149 99
149 147
149 148
149 150
149 151
149 152
149 153
149 171
149 172
149 221
150 147
150 148
150 149
150 151
150 152
150 153
150 154
150 171
150 172
150 173
150 174
150 220
150 221
151 101
151 149
151 150
151 152
151 153
151 154
151 155
151 219
151 220
151 221
152 97
152 99
152 100
152 101
152 102
152 104
152 105
152 147
152 148
152 149
152 150
152 151
152 153
152 154
152 155
152 156
153 101
153 146
153 147
153 148
153 149
153 150
153 151
153 152
153 154
153 155
153 156
153 157
153 169
153 172
154 150
154 151
154 152
154 153
154 155
154 156
154 157
154 158
154 177
155 101
155 102
155 105
155 151
155 152
155 153
155 154
155 156
155 157
155 158
155 159
156 104
156 105
156 108
156 147
156 152
156 153
156 154
156 155
156 157
156 158
156 159
156 160
157 153
157 154
157 155
157 156
157 158
157 159
157 160
157 161
157 167
157 183
157 185
157 186
158 154
158 155
158 156
158 157
158 159
158 160
158 161
158 162
158 182
158 183
159 105
159 108
159 155
159 156
159 157
159 158
159 160
159 161
159 162
159 163
160 112
160 156
160 157
160 158
160 159
160 161
160 162
160 163
160 164
160 165
160 166
160 167
160 185
161 157
161 158
161 159
161 160
161 162
161 163
161 164
161 165
161 166
161 183
161 184
161 185
162 158
162 159
162 160
162 161
162 163
162 164
162 165
163 112
163 115
163 159
163 160
163 161
163 162
163 164
163 165
164 160
164 161
164 162
164 163
164 165
164 166
164 185
164 425
164 426
164 427
165 141
165 142
165 143
165 144
165 160
165 161
165 162
165 163
165 164
165 166
165 167
165 185
165 426
165 427
166 142
166 143
166 144
166 160
166 161
166 164
166 165
166 167
166 168
166 185
166 186
166 187
166 426
166 427
166 429
166 430
167 143
167 144
167 145
167 146
167 157
167 160
167 165
167 166
167 168
167 169
167 185
167 186
167 187
167 188
168 143
168 144
168 145
168 146
168 166
168 167
168 169
168 170
168 186
168 187
168 188
168 189
168 395
168 399
169 145
169 146
169 147
169 148
169 153
169 167
169 168
169 170
169 171
169 172
169 186
169 187
169 188
169 189
169 190
169 395
170 145
170 146
170 147
170 148
170 168
170 169
170 171
170 172
170 188
170 189
170 190
170 388
170 391
170 392
170 395
171 146
171 147
171 148
171 149
171 150
171 169
171 170
171 172
171 173
171 188
171 189
171 190
171 388
171 391
172 147
172 148
172 149
172 150
172 153
172 169
172 170
172 171
172 173
172 174
172 188
172 190
172 221
173 150
173 171
173 172
173 174
173 175
173 177
173 190
173 191
173 192
173 193
173 221
174 150
174 172
174 173
174 175
174 176
174 177
174 192
174 193
174 220
174 221
174 224
174 225
175 173
175 174
175 176
175 177
175 178
175 179
175 192
175 193
175 194
175 224
175 225
176 174
176 175
176 177
176 178
176 179
176 220
176 224
177 154
177 173
177 174
177 175
177 176
177 178
177 179
177 180
177 183
177 186
178 175
178 176
178 177
178 179
178 180
178 183
178 192
178 458
178 459
178 460
179 175
179 176
179 177
179 178
179 180
179 181
179 182
179 183
179 184
179 458
180 177
180 178
180 179
180 181
180 182
180 183
180 184
180 185
180 458
181 179
181 180
181 182
181 183
181 184
182 158
182 179
182 180
182 181
182 183
182 184
183 157
183 158
183 161
183 177
183 178
183 179
183 180
183 181
183 182
183 184
183 185
183 186
184 161
184 179
184 180
184 181
184 182
184 183
184 185
184 186
185 157
185 160
185 161
185 164
185 165
185 166
185 167
185 180
185 183
185 184
185 186
185 187
185 427
185 430
186 157
186 166
186 167
186 168
186 169
186 177
186 183
186 184
186 185
186 187
186 188
186 459
187 166
187 167
187 168
187 169
187 185
187 186
187 188
187 189
187 435
187 455
187 458
187 459
187 460
188 167
188 168
188 169
188 170
188 171
188 172
188 186
188 187
188 189
188 190
188 191
188 395
188 455
188 459
188 460
188 461
189 168
189 169
189 170
189 171
189 187
189 188
189 190
189 191
189 391
189 392
189 394
189 395
189 453
189 454
189 455
189 460
189 461
189 462
190 169
190 170
190 171
190 172
190 173
190 188
190 189
190 191
190 192
190 324
190 391
190 460
190 461
190 462
190 463
191 173
191 188
191 189
191 190
191 192
191 193
191 195
191 460
191 461
191 462
191 463
191 464
192 173
192 174
192 175
192 178
192 190
192 191
192 193
192 194
192 195
192 196
192 460
192 461
192 463
193 173
193 174
193 175
193 191
193 192
193 194
193 195
193 196
193 197
193 224
193 225
193 228
194 175
194 192
194 193
194 195
194 196
194 197
194 198
194 225
194 228
194 229
195 191
195 192
195 193
195 194
195 196
195 197
195 198
195 199
195 463
196 192
196 193
196 194
196 195
196 197
196 198
196 199
196 200
196 225
196 299
196 322
196 465
197 193
197 194
197 195
197 196
197 198
197 199
197 200
197 201
197 225
197 226
197 228
197 229
197 232
198 194
198 195
198 196
198 197
198 199
198 200
198 201
198 202
198 228
198 229
198 232
199 195
199 196
199 197
199 198
199 200
199 201
199 202
199 203
199 485
199 488
199 489
200 196
200 197
200 198
200 199
200 201
200 202
200 203
200 204
200 229
200 297
200 322
201 197
201 198
201 199
201 200
201 202
201 203
201 204
201 205
201 229
201 232
201 233
201 236
202 198
202 199
202 200
202 201
202 203
202 204
202 205
202 206
202 489
203 199
203 200
203 201
203 202
203 204
203 205
203 206
203 207
203 489
204 200
204 201
204 202
204 203
204 205
204 206
204 207
204 208
204 209
204 210
205 201
205 202
205 203
205 204
205 206
205 207
205 208
205 209
205 210
205 236
205 238
206 202
206 203
206 204
206 205
206 207
206 208
206 209
207 203
207 204
207 205
207 206
207 208
207 209
207 503
208 204
208 205
208 206
208 207
208 209
208 210
208 506
209 204
209 205
209 206
209 207
209 208
209 210
209 211
209 212
209 238
209 270
209 505
209 506
209 507
210 204
210 205
210 208
210 209
210 211
210 212
210 237
210 238
210 239
210 506
210 507
210 508
210 526
211 209
211 210
211 212
211 213
211 238
211 239
211 240
211 241
211 267
211 268
211 270
211 506
211 507
211 508
211 526
212 209
212 210
212 211
212 213
212 214
212 238
212 239
212 240
212 241
212 242
212 268
212 269
212 270
212 271
212 272
212 506
212 507
213 211
213 212
213 214
213 215
213 240
213 241
213 242
213 243
213 244
213 262
213 268
213 269
213 270
213 271
213 272
214 212
214 213
214 215
214 216
214 226
214 240
214 241
214 242
214 243
214 244
214 271
214 272
214 273
214 274
215 213
215 214
215 216
215 217
215 226
215 243
215 244
215 245
215 246
215 271
215 272
215 273
215 274
215 275
216 214
216 215
216 217
216 218
216 222
216 223
216 226
216 244
216 245
216 246
216 273
216 274
216 275
217 215
217 216
217 218
217 219
217 221
217 222
217 223
217 245
217 246
217 247
217 248
217 274
217 275
217 276
217 279
218 216
218 217
218 219
218 220
218 221
218 222
218 223
218 245
218 246
218 247
218 248
219 151
219 217
219 218
219 220
219 221
219 222
219 223
219 248
220 150
220 151
220 174
220 176
220 218
220 219
220 221
220 222
220 223
220 224
220 225
221 149
221 150
221 151
221 172
221 173
221 174
221 217
221 218
221 219
221 220
221 222
221 223
221 224
221 225
221 274
221 275
221 276
222 216
222 217
222 218
222 219
222 220
222 221
222 223
222 224
222 225
222 226
222 274
222 275
222 276
223 216
223 217
223 218
223 219
223 220
223 221
223 222
223 224
223 225
223 226
223 227
223 274
224 174
224 175
224 176
224 193
224 220
224 221
224 222
224 223
224 225
224 226
224 227
224 228
225 174
225 175
225 193
225 194
225 196
225 197
225 220
225 221
225 222
225 223
225 224
225 226
225 227
225 228
225 229
225 274
226 197
226 214
226 215
226 216
226 222
226 223
226 224
226 225
226 227
226 228
226 229
226 230
226 273
226 274
227 223
227 224
227 225
227 226
227 228
227 229
227 230
227 231
228 193
228 194
228 197
228 198
228 224
228 225
228 226
228 227
228 229
228 230
228 231
228 232
229 194
229 197
229 198
229 200
229 201
229 225
229 226
229 227
229 228
229 230
229 231
229 232
229 233
230 226
230 227
230 228
230 229
230 231
230 232
230 233
230 234
230 240
231 227
231 228
231 229
231 230
231 232
231 233
231 234
231 235
232 197
232 198
232 201
232 228
232 229
232 230
232 231
232 233
232 234
232 235
232 236
233 201
233 229
233 230
233 231
233 232
233 234
233 235
233 236
233 237
233 238
233 239
234 230
234 231
234 232
234 233
234 235
234 236
234 237
234 238
234 239
235 231
235 232
235 233
235 234
235 236
235 237
235 238
236 201
236 205
236 232
236 233
236 234
236 235
236 237
236 238
237 210
237 233
237 234
237 235
237 236
237 238
237 239
237 525
237 526
238 205
238 209
238 210
238 211
238 212
238 233
238 234
238 235
238 236
238 237
238 239
238 240
238 526
239 210
239 211
239 212
239 233
239 234
239 237
239 238
239 240
239 241
239 524
239 525
239 526
240 211
240 212
240 213
240 214
240 230
240 238
240 239
240 241
240 242
240 243
241 211
241 212
241 213
241 214
241 239
241 240
241 242
241 243
241 265
241 268
242 212
242 213
242 214
242 240
242 241
242 243
242 244
242 261
242 262
242 265
243 213
243 214
243 215
243 240
243 241
243 242
243 244
243 245
244 213
244 214
244 215
244 216
244 242
244 243
244 245
244 246
244 258
244 261
245 215
245 216
245 217
245 218
245 243
245 244
245 246
245 247
245 258
246 215
246 216
246 217
246 218
246 244
246 245
246 247
246 248
246 254
246 255
246 258
246 279
247 217
247 218
247 245
247 246
247 248
247 249
247 250
247 254
248 217
248 218
248 219
248 246
248 247
248 249
248 250
249 247
249 248
249 250
249 251
250 51
250 247
250 248
250 249
250 251
250 252
250 254
251 249
251 250
251 252
251 253
251 254
251 255
252 250
252 251
252 253
252 254
252 255
252 256
252 282
252 286
253 251
253 252
253 254
253 255
253 256
253 257
254 246
254 247
254 250
254 251
254 252
254 253
254 255
254 256
254 257
254 258
255 246
255 251
255 252
255 253
255 254
255 256
255 257
255 258
255 259
255 282
255 283
255 286
256 252
256 253
256 254
256 255
256 257
256 258
256 259
256 260
256 283
256 286
256 287
256 290
257 253
257 254
257 255
257 256
257 258
257 259
257 260
257 261
258 244
258 245
258 246
258 254
258 255
258 256
258 257
258 259
258 260
258 261
258 262
259 255
259 256
259 257
259 258
259 260
259 261
259 262
259 263
259 283
259 286
259 287
259 290
259 292
260 256
260 257
260 258
260 259
260 261
260 262
260 263
260 264
261 242
261 244
261 257
261 258
261 259
261 260
261 262
261 263
261 264
261 265
262 213
262 242
262 258
262 259
262 260
262 261
262 263
262 264
262 265
262 266
262 268
263 259
263 260
263 261
263 262
263 264
263 265
263 266
263 292
264 260
264 261
264 262
264 263
264 265
264 266
265 241
265 242
265 261
265 262
265 263
265 264
265 266
265 267
265 268
266 262
266 263
266 264
266 265
266 267
266 268
266 269
267 211
267 265
267 266
267 268
267 269
267 506
267 507
267 508
268 211
268 212
268 213
268 241
268 262
268 265
268 266
268 267
268 269
268 270
268 271
268 506
268 507
268 508
269 212
269 213
269 266
269 267
269 268
269 270
269 271
269 294
269 295
269 504
269 505
269 506
270 209
270 211
270 212
270 213
270 268
270 269
270 271
270 272
270 294
270 295
270 296
270 297
270 504
270 506
271 212
271 213
271 214
271 215
271 268
271 269
271 270
271 272
271 273
271 294
271 295
271 296
271 297
272 212
272 213
272 214
272 215
272 270
272 271
272 273
272 274
272 296
272 297
272 298
273 214
273 215
273 216
273 226
273 271
273 272
273 274
273 275
273 296
273 297
273 298
273 299
274 214
274 215
274 216
274 217
274 221
274 222
274 223
274 225
274 226
274 272
274 273
274 275
274 276
274 298
274 299
274 301
275 215
275 216
275 217
275 221
275 222
275 273
275 274
275 276
275 277
275 279
275 280
275 298
275 299
275 301
275 302
276 217
276 221
276 222
276 274
276 275
276 277
276 278
276 279
276 280
276 301
276 302
277 275
277 276
277 278
277 279
277 280
277 281
277 301
277 302
277 308
278 276
278 277
278 279
278 280
278 281
278 282
278 308
279 217
279 246
279 275
279 276
279 277
279 278
279 280
279 281
279 282
279 283
280 275
280 276
280 277
280 278
280 279
280 281
280 282
280 283
280 284
280 301
280 302
280 308
281 277
281 278
281 279
281 280
281 282
281 283
281 284
281 285
281 308
281 309
282 252
282 255
282 278
282 279
282 280
282 281
282 283
282 284
282 285
282 286
283 255
283 256
283 259
283 279
283 280
283 281
283 282
283 284
283 285
283 286
283 287
284 280
284 281
284 282
284 283
284 285
284 286
284 287
284 288
284 309
284 312
284 315
284 316
285 281
285 282
285 283
285 284
285 286
285 287
285 288
285 289
285 309
285 312
286 252
286 255
286 256
286 259
286 282
286 283
286 284
286 285
286 287
286 288
286 289
286 290
287 256
287 259
287 283
287 284
287 285
287 286
287 288
287 289
287 290
287 291
287 292
287 293
287 315
288 284
288 285
288 286
288 287
288 289
288 290
288 291
288 292
288 312
288 315
289 285
289 286
289 287
289 288
289 290
289 291
289 292
290 256
290 259
290 286
290 287
290 288
290 289
290 291
290 292
291 287
291 288
291 289
291 290
291 292
291 293
292 259
292 263
292 287
292 288
292 289
292 290
292 291
292 293
292 294
292 315
293 287
293 291
293 292
293 294
293 295
293 315
294 269
294 270
294 271
294 292
294 293
294 295
294 296
294 315
295 269
295 270
295 271
295 293
295 294
295 296
295 297
295 316
295 318
295 319
295 320
295 499
295 504
296 270
296 271
296 272
296 273
296 294
296 295
296 297
296 298
296 316
296 318
296 319
296 320
296 321
297 200
297 270
297 271
297 272
297 273
297 295
297 296
297 298
297 299
297 319
297 320
297 321
298 272
298 273
298 274
298 275
298 296
298 297
298 299
298 300
298 301
298 302
298 303
298 319
298 320
298 321
298 322
299 196
299 273
299 274
299 275
299 297
299 298
299 300
299 301
299 302
299 303
299 321
299 322
299 323
300 298
300 299
300 301
300 302
300 303
300 304
300 321
300 322
300 323
300 324
301 274
301 275
301 276
301 277
301 280
301 298
301 299
301 300
301 302
301 303
302 275
302 276
302 277
302 280
302 298
302 299
302 300
302 301
302 303
302 304
302 305
302 308
302 321
302 322
302 323
303 298
303 299
303 300
303 301
303 302
303 304
303 305
303 321
303 322
303 323
303 324
303 468
304 300
304 302
304 303
304 305
304 306
304 321
304 322
304 323
304 387
304 468
304 479
305 302
305 303
305 304
305 306
305 307
305 308
305 309
306 304
306 305
306 307
306 308
306 309
306 310
306 478
307 305
307 306
307 308
307 309
307 310
308 277
308 278
308 280
308 281
308 302
308 305
308 306
308 307
308 309
308 310
309 281
309 284
309 285
309 305
309 306
309 307
309 308
309 310
309 311
309 312
309 313
309 316
310 306
310 307
310 308
310 309
310 311
310 312
310 313
311 309
311 310
311 312
311 313
312 284
312 285
312 288
312 309
312 310
312 311
312 313
312 314
312 315
312 316
313 309
313 310
313 311
313 312
313 314
313 315
313 316
313 317
313 477
314 312
314 313
314 315
314 316
314 317
315 284
315 287
315 288
315 292
315 293
315 294
315 312
315 313
315 314
315 316
315 317
316 284
316 295
316 296
316 309
316 312
316 313
316 314
316 315
316 317
316 318
316 319
316 470
317 313
317 314
317 315
317 316
317 318
317 319
317 470
317 471
317 472
317 498
317 499
318 295
318 296
318 316
318 317
318 319
318 320
318 469
318 470
318 471
318 496
318 497
318 498
318 499
319 295
319 296
319 297
319 298
319 316
319 317
319 318
319 320
319 321
319 469
319 470
320 295
320 296
320 297
320 298
320 318
320 319
320 321
320 322
320 467
320 468
320 469
320 470
321 296
321 297
321 298
321 299
321 300
321 302
321 303
321 304
321 319
321 320
321 322
321 323
321 467
321 468
321 469
321 470
322 196
322 200
322 298
322 299
322 300
322 302
322 303
322 304
322 320
322 321
322 323
322 324
322 465
322 466
322 467
322 468
323 299
323 300
323 302
323 303
323 304
323 321
323 322
323 324
323 325
323 387
323 465
323 466
323 467
323 468
324 190
324 300
324 303
324 322
324 323
324 325
324 326
324 387
324 388
324 464
324 465
324 466
325 323
325 324
325 326
325 327
325 464
325 465
325 466
326 324
326 325
326 327
326 328
326 387
326 388
326 390
326 391
327 325
327 326
327 328
327 329
327 387
327 390
327 444
328 326
328 327
328 329
328 330
328 385
328 387
328 389
328 390
329 327
329 328
329 330
329 331
329 332
329 333
329 389
329 390
329 443
329 444
330 328
330 329
330 331
330 332
330 333
330 334
330 443
331 329
331 330
331 332
331 333
331 334
331 335
331 443
332 70
332 73
332 329
332 330
332 331
332 333
332 334
332 335
332 336
333 329
333 330
333 331
333 332
333 334
333 335
333 336
333 337
333 385
334 330
334 331
334 332
334 333
334 335
334 336
334 337
334 338
335 73
335 331
335 332
335 333
335 334
335 336
335 337
335 338
335 339
336 66
336 69
336 332
336 333
336 334
336 335
336 337
336 338
336 339
336 378
337 333
337 334
337 335
337 336
337 338
337 339
337 377
337 378
337 379
338 334
338 335
338 336
338 337
338 339
338 340
338 378
339 335
339 336
339 337
339 338
339 340
339 341
339 343
339 344
339 378
340 338
340 339
340 341
340 342
340 343
340 344
340 377
341 339
341 340
341 342
341 343
341 344
341 345
341 350
341 351
341 354
342 340
342 341
342 343
342 344
342 345
343 339
343 340
343 341
343 342
343 344
343 345
344 339
344 340
344 341
344 342
344 343
344 345
344 346
344 347
344 350
345 341
345 342
345 343
345 344
345 346
345 347
345 348
346 32
346 344
346 345
346 347
346 348
347 32
347 344
347 345
347 346
347 348
347 349
347 350
348 30
348 31
348 32
348 345
348 346
348 347
348 349
348 350
348 351
349 30
349 46
349 65
349 347
349 348
349 350
349 351
349 352
349 353
350 65
350 341
350 344
350 347
350 348
350 349
350 351
350 352
350 353
350 354
351 341
351 348
351 349
351 350
351 352
351 353
351 354
351 355
351 362
352 59
352 349
352 350
352 351
352 353
352 354
352 355
352 356
353 59
353 61
353 65
353 349
353 350
353 351
353 352
353 354
353 355
353 356
353 357
354 341
354 350
354 351
354 352
354 353
354 355
354 356
354 357
354 358
354 359
354 360
355 351
355 352
355 353
355 354
355 356
355 357
355 358
355 359
355 360
355 361
355 362
355 372
356 59
356 352
356 353
356 354
356 355
356 357
356 358
356 359
356 360
357 61
357 353
357 354
357 355
357 356
357 358
357 359
358 354
358 355
358 356
358 357
358 359
358 360
358 372
359 354
359 355
359 356
359 357
359 358
359 360
359 361
359 369
359 370
360 354
360 355
360 356
360 358
360 359
360 361
360 362
360 369
360 370
360 371
360 372
361 355
361 359
361 360
361 362
361 363
361 364
361 366
361 369
361 370
361 371
361 372
362 351
362 355
362 360
362 361
362 363
362 364
362 371
362 372
363 361
363 362
363 364
363 365
363 366
363 371
364 361
364 362
364 363
364 365
364 366
364 371
365 363
365 364
365 366
365 367
366 361
366 363
366 364
366 365
366 367
366 368
366 369
367 365
367 366
367 368
367 369
368 366
368 367
368 369
368 370
369 359
369 360
369 361
369 366
369 367
369 368
369 370
369 371
370 359
370 360
370 361
370 368
370 369
370 371
370 372
371 360
371 361
371 362
371 363
371 364
371 369
371 370
371 372
371 373
372 355
372 358
372 360
372 361
372 362
372 370
372 371
372 373
372 374
372 376
373 371
373 372
373 374
373 375
373 376
374 372
374 373
374 375
374 376
375 373
375 374
375 376
375 377
376 372
376 373
376 374
376 375
376 377
376 378
377 337
377 340
377 375
377 376
377 378
377 379
378 336
378 337
378 338
378 339
378 376
378 377
378 379
378 380
378 382
378 383
379 337
379 377
379 378
379 380
379 381
379 382
379 383
380 378
380 379
380 381
380 382
380 383
380 384
381 379
381 380
381 382
381 383
382 378
382 379
382 380
382 381
382 383
382 384
383 378
383 379
383 380
383 381
383 382
383 384
383 385
384 380
384 382
384 383
384 385
384 386
385 62
385 66
385 328
385 333
385 383
385 384
385 386
385 387
385 389
386 62
386 63
386 66
386 384
386 385
386 387
386 388
386 389
387 304
387 323
387 324
387 326
387 327
387 328
387 385
387 386
387 388
387 389
387 390
388 67
388 170
388 171
388 324
388 326
388 386
388 387
388 389
388 390
388 391
388 392
389 66
389 67
389 70
389 328
389 329
389 385
389 386
389 387
389 388
389 390
389 391
389 392
389 393
390 326
390 327
390 328
390 329
390 387
390 388
390 389
390 391
390 392
390 393
390 394
391 170
391 171
391 189
391 190
391 326
391 388
391 389
391 390
391 392
391 393
391 394
391 395
392 67
392 70
392 71
392 145
392 170
392 189
392 388
392 389
392 390
392 391
392 393
392 394
392 395
392 396
393 70
393 71
393 74
393 389
393 390
393 391
393 392
393 394
393 395
393 396
393 397
393 442
394 189
394 390
394 391
394 392
394 393
394 395
394 396
394 397
394 398
394 441
394 442
394 453
395 145
395 168
395 169
395 170
395 188
395 189
395 391
395 392
395 393
395 394
395 396
395 397
395 398
395 399
396 71
396 74
396 75
396 145
396 392
396 393
396 394
396 395
396 397
396 398
396 399
396 400
397 74
397 78
397 393
397 394
397 395
397 396
397 398
397 399
397 400
397 401
397 442
398 394
398 395
398 396
398 397
398 399
398 400
398 401
398 402
398 434
398 437
398 453
399 143
399 168
399 395
399 396
399 397
399 398
399 400
399 401
399 402
399 403
399 434
400 78
400 84
400 85
400 396
400 397
400 398
400 399
400 401
400 402
400 403
400 404
401 84
401 85
401 397
401 398
401 399
401 400
401 402
401 403
401 404
401 405
401 434
401 437
402 398
402 399
402 400
402 401
402 403
402 404
402 405
402 406
402 429
402 433
402 434
402 437
403 85
403 399
403 400
403 401
403 402
403 404
403 405
403 406
403 407
403 429
403 433
404 84
404 85
404 400
404 401
404 402
404 403
404 405
404 406
404 407
404 408
405 401
405 402
405 403
405 404
405 406
405 407
405 408
405 409
405 433
406 402
406 403
406 404
406 405
406 407
406 408
406 409
406 410
406 429
406 433
407 85
407 403
407 404
407 405
407 406
407 408
407 409
407 410
407 411
407 412
407 417
407 421
408 404
408 405
408 406
408 407
408 409
408 410
408 411
408 412
409 405
409 406
409 407
409 408
409 410
409 411
409 412
410 406
410 407
410 408
410 409
410 411
410 412
410 418
410 420
410 421
411 407
411 408
411 409
411 410
411 412
411 413
411 414
411 415
411 416
411 417
411 418
411 420
411 421
412 407
412 408
412 409
412 410
412 411
412 413
412 414
413 411
413 412
413 414
413 415
414 411
414 412
414 413
414 415
414 416
414 417
414 418
415 85
415 86
415 87
415 88
415 411
415 413
415 414
415 416
415 417
416 86
416 87
416 88
416 411
416 414
416 415
416 417
416 418
417 37
417 88
417 407
417 411
417 414
417 415
417 416
417 418
417 419
417 420
417 421
417 422
418 410
418 411
418 414
418 416
418 417
418 419
418 420
418 421
418 422
419 417
419 418
419 420
419 421
419 422
419 423
420 410
420 411
420 417
420 418
420 419
420 421
420 422
420 423
420 424
421 407
421 410
421 411
421 417
421 418
421 419
421 420
421 422
421 423
421 424
422 417
422 418
422 419
422 420
422 421
422 423
422 424
423 419
423 420
423 421
423 422
423 424
423 425
424 142
424 420
424 421
424 422
424 423
424 425
424 426
424 429
425 164
425 423
425 424
425 426
425 427
425 428
425 429
426 142
426 143
426 164
426 165
426 166
426 424
426 425
426 427
426 428
426 429
426 430
427 164
427 165
427 166
427 185
427 425
427 426
427 428
427 429
427 430
427 431
428 425
428 426
428 427
428 429
428 430
428 431
428 432
428 433
429 166
429 402
429 403
429 406
429 424
429 425
429 426
429 427
429 428
429 430
429 431
429 432
429 433
429 434
430 166
430 185
430 426
430 427
430 428
430 429
430 431
430 432
430 433
430 434
430 435
431 427
431 428
431 429
431 430
431 432
431 433
431 434
431 435
431 436
432 428
432 429
432 430
432 431
432 433
432 434
432 435
432 436
433 402
433 403
433 405
433 406
433 428
433 429
433 430
433 431
433 432
433 434
433 435
433 436
433 437
434 398
434 399
434 401
434 402
434 429
434 430
434 431
434 432
434 433
434 435
434 436
434 437
435 187
435 430
435 431
435 432
435 433
435 434
435 436
435 437
435 454
435 455
435 456
435 457
435 459
436 431
436 432
436 433
436 434
436 435
436 437
436 438
436 454
436 455
437 398
437 401
437 402
437 433
437 434
437 435
437 436
437 438
437 439
437 453
437 454
437 455
438 436
438 437
438 439
438 440
438 452
438 453
438 454
439 437
439 438
439 440
439 441
439 452
439 453
439 454
440 438
440 439
440 441
440 442
440 447
440 451
440 452
440 453
441 394
441 439
441 440
441 442
441 443
441 444
441 451
441 452
441 453
442 393
442 394
442 397
442 440
442 441
442 443
442 444
443 329
443 330
443 331
443 441
443 442
443 444
443 445
444 327
444 329
444 441
444 442
444 443
444 445
444 446
444 447
444 451
445 443
445 444
445 446
445 447
446 444
446 445
446 447
446 448
446 451
447 440
447 444
447 445
447 446
447 448
447 449
447 450
447 451
448 446
448 447
448 449
448 450
448 451
448 452
449 447
449 448
449 450
449 451
449 452
450 447
450 448
450 449
450 451
450 452
451 440
451 441
451 444
451 446
451 447
451 448
451 449
451 450
451 452
451 453
452 438
452 439
452 440
452 441
452 448
452 449
452 450
452 451
452 453
452 454
453 189
453 394
453 398
453 437
453 438
453 439
453 440
453 441
453 451
453 452
453 454
453 455
453 461
454 189
454 435
454 436
454 437
454 438
454 439
454 452
454 453
454 455
454 456
454 461
454 462
455 187
455 188
455 189
455 435
455 436
455 437
455 453
455 454
455 456
455 457
455 458
455 459
455 460
455 461
455 462
456 435
456 454
456 455
456 457
456 458
456 459
456 460
456 461
456 462
457 435
457 455
457 456
457 458
457 459
457 460
458 178
458 179
458 180
458 187
458 455
458 456
458 457
458 459
458 460
459 178
459 186
459 187
459 188
459 435
459 455
459 456
459 457
459 458
459 460
459 461
460 178
460 187
460 188
460 189
460 190
460 191
460 192
460 455
460 456
460 457
460 458
460 459
460 461
460 462
461 188
461 189
461 190
461 191
461 192
461 453
461 454
461 455
461 456
461 459
461 460
461 462
461 463
462 189
462 190
462 191
462 454
462 455
462 456
462 460
462 461
462 463
462 464
463 190
463 191
463 192
463 195
463 461
463 462
463 464
463 465
463 486
463 487
464 191
464 324
464 325
464 462
464 463
464 465
464 466
464 484
464 485
464 486
464 487
465 196
465 322
465 323
465 324
465 325
465 463
465 464
465 466
465 467
465 484
465 485
465 486
466 322
466 323
466 324
466 325
466 464
466 465
466 467
466 468
466 481
466 482
466 483
466 484
466 485
467 320
467 321
467 322
467 323
467 465
467 466
467 468
467 469
467 481
467 482
467 483
467 484
467 485
467 491
468 303
468 304
468 320
468 321
468 322
468 323
468 466
468 467
468 469
468 470
468 479
468 480
468 481
468 482
468 483
469 318
469 319
469 320
469 321
469 467
469 468
469 470
469 471
469 479
469 480
469 481
469 482
469 496
469 497
470 316
470 317
470 318
470 319
470 320
470 321
470 468
470 469
470 471
470 472
470 477
470 478
470 479
470 480
470 497
471 317
471 318
471 469
471 470
471 472
471 473
471 477
471 478
471 479
471 480
471 497
472 317
472 470
472 471
472 473
472 474
472 475
472 476
472 477
472 478
473 471
473 472
473 474
473 475
473 476
473 477
473 478
474 472
474 473
474 475
474 476
475 472
475 473
475 474
475 476
475 477
476 472
476 473
476 474
476 475
476 477
476 478
477 313
477 470
477 471
477 472
477 473
477 475
477 476
477 478
477 479
478 306
478 470
478 471
478 472
478 473
478 476
478 477
478 479
478 480
479 304
479 468
479 469
479 470
479 471
479 477
479 478
479 480
479 481
480 468
480 469
480 470
480 471
480 478
480 479
480 481
480 482
481 466
481 467
481 468
481 469
481 479
481 480
481 482
481 483
482 466
482 467
482 468
482 469
482 480
482 481
482 483
482 484
482 491
482 492
482 493
482 495
482 496
483 466
483 467
483 468
483 481
483 482
483 484
483 485
483 489
483 490
483 491
483 492
484 464
484 465
484 466
484 467
484 482
484 483
484 485
484 486
484 489
484 490
484 491
485 199
485 464
485 465
485 466
485 467
485 483
485 484
485 486
485 487
485 488
485 489
485 490
486 463
486 464
486 465
486 484
486 485
486 487
486 488
486 489
487 463
487 464
487 485
487 486
487 488
487 489
488 199
488 485
488 486
488 487
488 489
488 490
489 199
489 202
489 203
489 483
489 484
489 485
489 486
489 487
489 488
489 490
489 491
490 483
490 484
490 485
490 488
490 489
490 491
490 492
491 467
491 482
491 483
491 484
491 489
491 490
491 492
491 493
492 482
492 483
492 490
492 491
492 493
492 494
492 495
492 496
493 482
493 491
493 492
493 494
493 495
493 496
494 492
494 493
494 495
494 496
494 497
495 482
495 492
495 493
495 494
495 496
495 497
496 318
496 469
496 482
496 492
496 493
496 494
496 495
496 497
496 498
497 318
497 469
497 470
497 471
497 494
497 495
497 496
497 498
497 499
497 501
498 317
498 318
498 496
498 497
498 499
498 500
498 501
498 502
498 503
498 504
499 295
499 317
499 318
499 497
499 498
499 500
499 501
499 502
500 498
500 499
500 501
500 502
500 503
500 504
501 497
501 498
501 499
501 500
501 502
501 503
502 498
502 499
502 500
502 501
502 503
502 504
503 207
503 498
503 500
503 501
503 502
503 504
503 505
504 269
504 270
504 295
504 498
504 500
504 502
504 503
504 505
504 506
505 209
505 269
505 503
505 504
505 506
505 507
506 208
506 209
506 210
506 211
506 212
506 267
506 268
506 269
506 270
506 504
506 505
506 507
506 508
507 209
507 210
507 211
507 212
507 267
507 268
507 505
507 506
507 508
507 509
507 510
507 526
508 210
508 211
508 267
508 268
508 506
508 507
508 509
508 510
508 526
508 527
508 528
509 507
509 508
509 510
509 511
509 526
509 527
509 528
509 529
510 507
510 508
510 509
510 511
510 512
511 509
511 510
511 512
511 513
512 510
512 511
512 513
512 514
512 515
512 516
512 517
512 518
512 530
513 511
513 512
513 514
513 515
513 516
513 530
514 512
514 513
514 515
514 516
514 539
514 558
515 512
515 513
515 514
515 516
515 517
515 532
515 533
515 538
515 539
515 558
516 512
516 513
516 514
516 515
516 517
516 518
516 530
516 531
516 532
516 533
516 539
517 512
517 515
517 516
517 518
517 519
517 530
517 531
517 532
517 533
517 539
517 541
517 542
517 543
517 544
517 545
518 512
518 516
518 517
518 519
518 520
518 528
518 529
518 530
518 531
518 542
518 543
518 544
519 517
519 518
519 520
519 521
519 528
519 529
519 530
519 531
519 543
520 518
520 519
520 521
520 522
520 524
520 525
520 526
520 527
520 528
520 529
521 519
521 520
521 522
521 523
521 524
521 525
521 527
521 528
521 529
522 520
522 521
522 523
522 524
523 521
523 522
523 524
523 525
524 239
524 520
524 521
524 522
524 523
524 525
524 526
524 527
525 237
525 239
525 520
525 521
525 523
525 524
525 526
525 527
525 528
526 210
526 211
526 237
526 238
526 239
526 507
526 508
526 509
526 520
526 524
526 525
526 527
526 528
527 508
527 509
527 520
527 521
527 524
527 525
527 526
527 528
527 529
528 508
528 509
528 518
528 519
528 520
528 521
528 525
528 526
528 527
528 529
528 530
529 509
529 518
529 519
529 520
529 521
529 527
529 528
529 530
529 531
530 512
530 513
530 516
530 517
530 518
530 519
530 528
530 529
530 531
530 532
531 516
531 517
531 518
531 519
531 529
531 530
531 532
531 533
532 515
532 516
532 517
532 530
532 531
532 533
532 534
533 515
533 516
533 517
533 531
533 532
533 534
533 535
533 537
533 538
533 539
533 545
534 532
534 533
534 535
534 536
534 537
534 538
534 545
535 533
535 534
535 536
535 537
535 538
535 554
536 534
536 535
536 537
536 538
536 547
536 548
536 549
536 553
536 554
536 722
537 533
537 534
537 535
537 536
537 538
537 539
537 545
537 546
537 547
537 548
537 553
537 554
537 558
538 515
538 533
538 534
538 535
538 536
538 537
538 539
538 540
538 545
538 546
538 547
538 548
538 554
538 555
538 558
538 559
538 560
538 561
539 514
539 515
539 516
539 517
539 533
539 537
539 538
539 540
539 541
539 542
539 543
539 544
539 545
539 546
539 558
539 559
540 538
540 539
540 541
540 542
540 543
540 544
540 545
540 546
540 559
541 517
541 539
541 540
541 542
541 543
541 544
541 545
542 517
542 518
542 539
542 540
542 541
542 543
542 544
543 517
543 518
543 519
543 539
543 540
543 541
543 542
543 544
543 545
544 517
544 518
544 539
544 540
544 541
544 542
544 543
544 545
544 546
545 517
545 533
545 534
545 537
545 538
545 539
545 540
545 541
545 543
545 544
545 546
545 547
546 537
546 538
546 539
546 540
546 544
546 545
546 547
546 548
547 536
547 537
547 538
547 545
547 546
547 548
547 549
548 536
548 537
548 538
548 546
548 547
548 549
548 550
548 552
548 553
548 554
548 560
548 561
549 536
549 547
549 548
549 550
549 551
549 552
549 553
550 548
550 549
550 551
550 552
550 717
550 722
551 549
551 550
551 552
551 553
551 563
551 564
551 715
551 716
551 717
551 722
551 723
551 724
551 725
552 548
552 549
552 550
552 551
552 553
552 554
552 561
552 562
552 563
552 564
553 536
553 537
553 548
553 549
553 551
553 552
553 554
553 555
553 561
553 562
553 563
553 564
553 723
554 535
554 536
554 537
554 538
554 548
554 552
554 553
554 555
554 556
554 558
554 559
554 560
554 561
554 562
555 538
555 553
555 554
555 556
555 557
555 558
555 559
555 560
555 561
555 562
556 554
556 555
556 557
556 558
557 555
557 556
557 558
557 559
558 514
558 515
558 537
558 538
558 539
558 554
558 555
558 556
558 557
558 559
558 560
558 561
559 538
559 539
559 540
559 554
559 555
559 557
559 558
559 560
559 561
560 538
560 548
560 554
560 555
560 558
560 559
560 561
560 562
561 538
561 548
561 552
561 553
561 554
561 555
561 558
561 559
561 560
561 562
561 563
562 552
562 553
562 554
562 555
562 560
562 561
562 563
562 564
563 551
563 552
563 553
563 561
563 562
563 564
563 565
564 551
564 552
564 553
564 562
564 563
564 565
564 566
564 723
564 724
564 725
565 563
565 564
565 566
565 567
565 724
565 725
566 564
566 565
566 567
566 568
566 715
566 724
566 725
566 726
566 727
567 565
567 566
567 568
567 569
567 724
567 725
567 726
567 727
568 566
568 567
568 569
568 570
568 634
568 635
568 726
568 727
568 728
569 567
569 568
569 570
569 571
569 573
569 575
569 576
569 632
569 633
569 634
569 796
570 568
570 569
570 571
570 572
570 573
570 576
570 632
570 633
570 634
571 569
571 570
571 572
571 573
571 576
571 577
571 632
571 633
572 570
572 571
572 573
572 574
572 576
572 577
573 569
573 570
573 571
573 572
573 574
573 575
573 576
573 577
574 572
574 573
574 575
574 576
574 577
574 578
575 569
575 573
575 574
575 576
575 577
575 578
575 579
575 796
575 797
575 800
576 569
576 570
576 571
576 572
576 573
576 574
576 575
576 577
576 578
576 579
576 580
576 632
576 800
577 571
577 572
577 573
577 574
577 575
577 576
577 578
577 579
577 580
577 581
578 574
578 575
578 576
578 577
578 579
578 580
578 581
578 582
579 575
579 576
579 577
579 578
579 580
579 581
579 582
579 583
579 628
579 800
579 803
579 804
579 807
580 576
580 577
580 578
580 579
580 581
580 582
580 583
580 584
580 628
580 629
581 577
581 578
581 579
581 580
581 582
581 583
581 584
581 585
582 578
582 579
582 580
582 581
582 583
582 584
582 585
582 586
582 804
582 807
583 579
583 580
583 581
583 582
583 584
583 585
583 586
583 587
583 625
583 626
583 628
583 807
584 580
584 581
584 582
584 583
584 585
584 586
584 587
584 588
584 625
585 581
585 582
585 583
585 584
585 586
585 587
585 588
585 589
586 582
586 583
586 584
586 585
586 587
586 588
586 589
586 590
586 622
586 625
586 807
586 810
586 811
587 583
587 584
587 585
587 586
587 588
587 589
587 590
587 591
587 622
587 625
588 584
588 585
588 586
588 587
588 589
588 590
588 591
588 592
589 585
589 586
589 587
589 588
589 590
589 591
589 592
589 593
589 814
590 586
590 587
590 588
590 589
590 591
590 592
590 593
590 594
590 618
590 621
590 622
590 814
591 587
591 588
591 589
591 590
591 592
591 593
591 594
591 595
592 588
592 589
592 590
592 591
592 593
592 594
592 595
592 596
593 589
593 590
593 591
593 592
593 594
593 595
593 596
593 597
593 818
593 822
594 590
594 591
594 592
594 593
594 595
594 596
594 597
594 598
594 615
594 618
595 591
595 592
595 593
595 594
595 596
595 597
595 598
595 599
596 592
596 593
596 594
596 595
596 597
596 598
596 599
596 600
596 822
597 593
597 594
597 595
597 596
597 598
597 599
597 600
597 601
597 606
598 594
598 595
598 596
598 597
598 599
598 600
598 601
599 595
599 596
599 597
599 598
599 600
599 601
600 596
600 597
600 598
600 599
600 601
600 602
600 603
600 606
600 825
601 597
601 598
601 599
601 600
601 602
601 603
601 606
601 607
601 611
602 600
602 601
602 603
602 604
602 606
602 607
603 600
603 601
603 602
603 604
603 605
603 606
603 607
603 832
603 833
604 602
604 603
604 605
604 606
604 607
604 608
604 832
604 833
604 834
605 603
605 604
605 606
605 607
605 608
605 609
605 821
605 825
605 832
606 597
606 600
606 601
606 602
606 603
606 604
606 605
606 607
606 608
606 609
606 610
606 611
607 601
607 602
607 603
607 604
607 605
607 606
607 608
607 609
607 610
607 611
608 604
608 605
608 606
608 607
608 609
608 610
608 611
609 605
609 606
609 607
609 608
609 610
609 611
609 614
610 606
610 607
610 608
610 609
610 611
610 612
610 613
610 614
610 661
610 684
611 601
611 606
611 607
611 608
611 609
611 610
611 612
611 613
611 614
611 615
612 610
612 611
612 613
612 614
612 615
612 616
612 684
612 688
613 610
613 611
613 612
613 614
613 615
613 616
613 617
613 657
613 658
613 661
613 687
613 688
613 691
614 609
614 610
614 611
614 612
614 613
614 615
614 616
614 617
614 618
614 657
615 594
615 611
615 612
615 613
615 614
615 616
615 617
615 618
615 619
616 612
616 613
616 614
616 615
616 617
616 618
616 619
616 620
616 653
616 654
616 657
617 613
617 614
617 615
617 616
617 618
617 619
617 620
617 621
617 653
617 654
617 655
617 657
617 658
618 590
618 594
618 614
618 615
618 616
618 617
618 619
618 620
618 621
618 622
618 654
619 615
619 616
619 617
619 618
619 620
619 621
619 622
619 623
619 653
620 616
620 617
620 618
620 619
620 621
620 622
620 623
620 624
620 650
620 651
620 652
620 653
620 654
621 590
621 617
621 618
621 619
621 620
621 622
621 623
621 624
621 625
621 650
621 654
621 810
621 813
622 586
622 587
622 590
622 618
622 619
622 620
622 621
622 623
622 624
622 625
622 626
622 810
623 619
623 620
623 621
623 622
623 624
623 625
623 626
623 627
623 646
623 650
624 620
624 621
624 622
624 623
624 625
624 626
624 627
624 628
624 646
624 647
624 650
624 651
624 806
624 807
624 810
625 583
625 584
625 586
625 587
625 621
625 622
625 623
625 624
625 626
625 627
625 628
625 629
625 806
625 807
625 810
626 583
626 622
626 623
626 624
626 625
626 627
626 628
626 629
626 630
627 623
627 624
627 625
627 626
627 628
627 629
627 630
627 631
627 643
627 646
627 647
627 803
627 806
628 579
628 580
628 583
628 624
628 625
628 626
628 627
628 629
628 630
628 631
628 632
628 803
628 806
628 807
629 580
629 625
629 626
629 627
629 628
629 630
629 631
629 632
629 633
630 626
630 627
630 628
630 629
630 631
630 632
630 633
630 639
630 642
630 643
631 627
631 628
631 629
631 630
631 632
631 633
631 639
631 643
631 799
631 803
632 569
632 570
632 571
632 576
632 628
632 629
632 630
632 631
632 633
632 634
632 799
633 569
633 570
633 571
633 629
633 630
633 631
633 632
633 634
633 635
633 639
634 568
634 569
634 570
634 632
634 633
634 635
634 636
634 639
635 568
635 633
635 634
635 636
635 637
635 639
635 640
635 713
635 727
635 728
635 729
636 634
636 635
636 637
636 638
636 639
636 640
636 712
636 713
636 729
637 635
637 636
637 638
637 639
637 640
637 641
637 711
637 712
637 713
637 729
638 636
638 637
638 639
638 640
638 641
638 642
638 711
639 630
639 631
639 633
639 634
639 635
639 636
639 637
639 638
639 640
639 641
639 642
639 643
640 635
640 636
640 637
640 638
640 639
640 641
640 642
640 643
640 644
640 711
640 712
640 713
640 729
640 730
641 637
641 638
641 639
641 640
641 642
641 643
641 644
641 645
641 706
641 711
641 712
642 630
642 638
642 639
642 640
642 641
642 643
642 644
642 645
642 646
643 627
643 630
643 631
643 639
643 640
643 641
643 642
643 644
643 645
643 646
643 647
644 640
644 641
644 642
644 643
644 645
644 646
644 647
644 648
644 702
644 706
644 736
645 641
645 642
645 643
645 644
645 646
645 647
645 648
645 649
645 699
645 702
645 703
646 623
646 624
646 627
646 642
646 643
646 644
646 645
646 647
646 648
646 649
646 650
647 624
647 627
647 643
647 644
647 645
647 646
647 648
647 649
647 650
647 651
647 740
648 644
648 645
648 646
648 647
648 649
648 650
648 651
648 652
648 698
648 739
648 740
648 743
649 645
649 646
649 647
649 648
649 650
649 651
649 652
649 653
649 695
649 698
649 699
650 620
650 621
650 623
650 624
650 646
650 647
650 648
650 649
650 651
650 652
650 653
650 654
651 620
651 624
651 647
651 648
651 649
651 650
651 652
651 653
651 654
651 655
651 743
652 620
652 648
652 649
652 650
652 651
652 653
652 654
652 655
652 656
652 694
652 695
652 698
652 742
652 743
652 746
653 616
653 617
653 619
653 620
653 649
653 650
653 651
653 652
653 654
653 655
653 656
653 657
653 691
653 695
654 616
654 617
654 618
654 620
654 621
654 650
654 651
654 652
654 653
654 655
654 656
654 657
654 658
655 617
655 651
655 652
655 653
655 654
655 656
655 657
655 658
655 659
655 743
655 746
655 747
655 750
656 652
656 653
656 654
656 655
656 657
656 658
656 659
656 660
656 691
656 692
656 694
656 695
656 746
657 613
657 614
657 616
657 617
657 653
657 654
657 655
657 656
657 658
657 659
657 660
657 661
657 691
658 613
658 617
658 654
658 655
658 656
658 657
658 659
658 660
658 661
658 662
658 750
658 770
659 655
659 656
659 657
659 658
659 660
659 661
659 662
659 663
659 746
659 749
659 750
659 753
660 656
660 657
660 658
660 659
660 661
660 662
660 663
660 664
660 687
660 690
660 691
661 610
661 613
661 657
661 658
661 659
661 660
661 662
661 663
661 664
661 665
661 687
662 658
662 659
662 660
662 661
662 663
662 664
662 665
662 666
662 750
662 753
662 754
662 757
662 767
662 770
663 659
663 660
663 661
663 662
663 664
663 665
663 666
663 667
663 753
664 660
664 661
664 662
664 663
664 665
664 666
664 667
664 668
664 682
664 687
665 661
665 662
665 663
665 664
665 666
665 667
665 668
665 669
665 757
665 767
666 662
666 663
666 664
666 665
666 667
666 668
666 669
666 670
666 753
666 756
666 757
667 663
667 664
667 665
667 666
667 668
667 669
667 670
667 671
667 679
668 664
668 665
668 666
668 667
668 669
668 670
668 671
668 672
668 678
668 679
668 682
669 665
669 666
669 667
669 668
669 670
669 671
669 672
669 673
669 760
670 666
670 667
670 668
670 669
670 671
670 672
670 673
670 674
671 667
671 668
671 669
671 670
671 672
671 673
671 674
671 675
671 676
671 677
671 678
671 679
672 668
672 669
672 670
672 671
672 673
672 674
672 675
672 676
672 677
673 669
673 670
673 671
673 672
673 674
673 675
674 670
674 671
674 672
674 673
674 675
674 676
675 671
675 672
675 673
675 674
675 676
675 677
676 671
676 672
676 674
676 675
676 677
676 678
677 671
677 672
677 675
677 676
677 678
677 679
678 668
678 671
678 676
678 677
678 679
678 680
679 667
679 668
679 671
679 677
679 678
679 680
679 681
679 682
680 678
680 679
680 681
680 682
681 679
681 680
681 682
681 683
681 686
681 687
682 664
682 668
682 679
682 680
682 681
682 683
682 684
682 686
682 687
683 681
683 682
683 684
683 685
683 686
683 687
684 610
684 612
684 682
684 683
684 685
684 686
684 687
684 688
685 683
685 684
685 686
685 687
685 688
685 689
686 681
686 682
686 683
686 684
686 685
686 687
686 688
686 689
686 690
687 613
687 660
687 661
687 664
687 681
687 682
687 683
687 684
687 685
687 686
687 688
687 689
687 690
687 691
688 612
688 613
688 684
688 685
688 686
688 687
688 689
688 690
688 691
688 692
689 685
689 686
689 687
689 688
689 690
689 691
689 692
689 693
690 660
690 686
690 687
690 688
690 689
690 691
690 692
690 693
690 694
691 613
691 653
691 656
691 657
691 660
691 687
691 688
691 689
691 690
691 692
691 693
691 694
691 695
692 656
692 688
692 689
692 690
692 691
692 693
692 694
692 695
692 696
693 689
693 690
693 691
693 692
693 694
693 695
693 696
693 697
694 652
694 656
694 690
694 691
694 692
694 693
694 695
694 696
694 697
694 698
695 649
695 652
695 653
695 656
695 691
695 692
695 693
695 694
695 696
695 697
695 698
695 699
696 692
696 693
696 694
696 695
696 697
696 698
696 699
696 700
697 693
697 694
697 695
697 696
697 698
697 699
697 700
697 701
698 648
698 649
698 652
698 694
698 695
698 696
698 697
698 699
698 700
698 701
698 702
698 742
699 645
699 649
699 695
699 696
699 697
699 698
699 700
699 701
699 702
699 703
700 696
700 697
700 698
700 699
700 701
700 702
700 703
700 704
701 697
701 698
701 699
701 700
701 702
701 703
701 704
701 705
702 644
702 645
702 698
702 699
702 700
702 701
702 703
702 704
702 705
702 706
702 739
703 645
703 699
703 700
703 701
703 702
703 704
703 705
703 706
703 707
704 700
704 701
704 702
704 703
704 705
704 706
704 707
704 708
705 701
705 702
705 703
705 704
705 706
705 707
705 708
705 709
706 641
706 644
706 702
706 703
706 704
706 705
706 707
706 708
706 709
706 710
706 711
707 703
707 704
707 705
707 706
707 708
707 709
707 710
708 704
708 705
708 706
708 707
708 709
708 710
709 705
709 706
709 707
709 708
709 710
709 711
710 706
710 707
710 708
710 709
710 711
710 712
711 637
711 638
711 640
711 641
711 706
711 709
711 710
711 712
711 713
711 729
711 730
711 731
712 636
712 637
712 640
712 641
712 710
712 711
712 713
712 714
712 729
712 730
713 635
713 636
713 637
713 640
713 711
713 712
713 714
713 715
713 727
713 728
713 729
713 730
714 712
714 713
714 715
714 716
714 727
714 728
714 729
714 730
715 551
715 566
715 713
715 714
715 716
715 717
715 725
715 726
715 727
715 728
716 551
716 714
716 715
716 717
716 718
716 725
716 726
716 727
716 728
717 550
717 551
717 715
717 716
717 718
717 719
717 721
717 722
717 724
717 725
717 726
718 716
718 717
718 719
718 720
718 721
718 722
718 724
718 725
719 717
719 718
719 720
719 721
719 722
720 718
720 719
720 721
720 722
721 717
721 718
721 719
721 720
721 722
721 723
721 724
722 536
722 550
722 551
722 717
722 718
722 719
722 720
722 721
722 723
722 724
722 725
723 551
723 553
723 564
723 721
723 722
723 724
723 725
724 551
724 564
724 565
724 566
724 567
724 717
724 718
724 721
724 722
724 723
724 725
724 726
725 551
725 564
725 565
725 566
725 567
725 715
725 716
725 717
725 718
725 722
725 723
725 724
725 726
725 727
726 566
726 567
726 568
726 715
726 716
726 717
726 724
726 725
726 727
726 728
727 566
727 567
727 568
727 635
727 713
727 714
727 715
727 716
727 725
727 726
727 728
727 729
728 568
728 635
728 713
728 714
728 715
728 716
728 726
728 727
728 729
728 730
729 635
729 636
729 637
729 640
729 711
729 712
729 713
729 714
729 727
729 728
729 730
729 731
730 640
730 711
730 712
730 713
730 714
730 728
730 729
730 731
730 732
731 711
731 729
731 730
731 732
731 733
731 735
731 736
732 730
732 731
732 733
732 734
732 735
732 736
733 731
733 732
733 734
733 735
733 736
733 737
734 732
734 733
734 735
734 736
734 737
734 738
735 731
735 732
735 733
735 734
735 736
735 737
735 738
735 739
736 644
736 731
736 732
736 733
736 734
736 735
736 737
736 738
736 739
736 740
737 733
737 734
737 735
737 736
737 738
737 739
737 740
737 741
738 734
738 735
738 736
738 737
738 739
738 740
738 741
739 648
739 702
739 735
739 736
739 737
739 738
739 740
739 741
739 742
740 647
740 648
740 736
740 737
740 738
740 739
740 741
740 742
740 743
740 744
741 737
741 738
741 739
741 740
741 742
741 743
741 744
741 745
742 652
742 698
742 739
742 740
742 741
742 743
742 744
742 745
742 746
743 648
743 651
743 652
743 655
743 740
743 741
743 742
743 744
743 745
743 746
743 747
744 740
744 741
744 742
744 743
744 745
744 746
744 747
744 748
745 741
745 742
745 743
745 744
745 746
745 747
745 748
745 749
746 652
746 655
746 656
746 659
746 742
746 743
746 744
746 745
746 747
746 748
746 749
746 750
747 655
747 743
747 744
747 745
747 746
747 748
747 749
747 750
747 751
747 774
747 778
748 744
748 745
748 746
748 747
748 749
748 750
748 751
748 752
749 659
749 745
749 746
749 747
749 748
749 750
749 751
749 752
749 753
750 655
750 658
750 659
750 662
750 746
750 747
750 748
750 749
750 751
750 752
750 753
750 754
750 774
751 747
751 748
751 749
751 750
751 752
751 753
751 754
751 755
751 771
751 774
751 775
752 748
752 749
752 750
752 751
752 753
752 754
752 755
752 756
753 659
753 662
753 663
753 666
753 749
753 750
753 751
753 752
753 754
753 755
753 756
753 757
754 662
754 750
754 751
754 752
754 753
754 755
754 756
754 757
754 758
754 767
754 770
754 771
754 774
755 751
755 752
755 753
755 754
755 756
755 757
755 758
755 771
756 666
756 752
756 753
756 754
756 755
756 757
756 758
756 759
757 662
757 665
757 666
757 753
757 754
757 755
757 756
757 758
757 759
757 760
757 767
758 754
758 755
758 756
758 757
758 759
758 760
758 767
758 768
758 771
759 756
759 757
759 758
759 760
759 761
760 669
760 757
760 758
760 759
760 761
760 762
760 764
760 767
761 759
761 760
761 762
761 763
761 764
762 760
762 761
762 763
762 764
762 765
763 761
763 762
763 764
763 765
764 760
764 761
764 762
764 763
764 765
764 766
764 767
765 762
765 763
765 764
765 766
765 767
765 768
765 769
766 764
766 765
766 767
766 768
766 769
766 770
766 817
767 662
767 665
767 754
767 757
767 758
767 760
767 764
767 765
767 766
767 768
767 769
767 770
767 771
768 758
768 765
768 766
768 767
768 769
768 770
768 771
768 772
769 765
769 766
769 767
769 768
769 770
769 771
769 772
769 773
769 816
769 817
770 658
770 662
770 754
770 766
770 767
770 768
770 769
770 771
770 772
770 773
770 774
770 816
770 817
771 751
771 754
771 755
771 758
771 767
771 768
771 769
771 770
771 772
771 773
771 774
771 775
772 768
772 769
772 770
772 771
772 773
772 774
772 775
772 776
772 816
773 769
773 770
773 771
773 772
773 774
773 775
773 776
773 777
773 812
773 813
773 816
773 817
774 747
774 750
774 751
774 754
774 770
774 771
774 772
774 773
774 775
774 776
774 777
774 778
775 751
775 771
775 772
775 773
775 774
775 776
775 777
775 778
775 779
776 772
776 773
776 774
776 775
776 777
776 778
776 779
776 780
776 812
777 773
777 774
777 775
777 776
777 778
777 779
777 780
777 781
777 809
777 812
778 747
778 774
778 775
778 776
778 777
778 779
778 780
778 781
778 782
779 775
779 776
779 777
779 778
779 780
779 781
779 782
779 783
780 776
780 777
780 778
780 779
780 781
780 782
780 783
780 784
780 805
780 808
780 809
781 777
781 778
781 779
781 780
781 782
781 783
781 784
781 785
781 805
782 778
782 779
782 780
782 781
782 783
782 784
782 785
782 786
783 779
783 780
783 781
783 782
783 784
783 785
783 786
783 787
784 780
784 781
784 782
784 783
784 785
784 786
784 787
784 788
784 801
784 802
784 805
785 781
785 782
785 783
785 784
785 786
785 787
785 788
785 789
786 782
786 783
786 784
786 785
786 787
786 788
786 789
786 790
787 783
787 784
787 785
787 786
787 788
787 789
787 790
787 791
787 801
788 784
788 785
788 786
788 787
788 789
788 790
788 791
788 792
788 798
788 801
788 802
789 785
789 786
789 787
789 788
789 790
789 791
789 792
790 786
790 787
790 788
790 789
790 791
790 792
790 793
791 787
791 788
791 789
791 790
791 792
791 793
791 794
791 795
791 797
791 798
792 788
792 789
792 790
792 791
792 793
792 794
792 795
792 798
793 790
793 791
793 792
793 794
793 795
794 791
794 792
794 793
794 795
794 796
794 797
794 798
795 791
795 792
795 793
795 794
795 796
795 797
795 798
795 799
796 569
796 575
796 794
796 795
796 797
796 798
796 799
796 800
797 575
797 791
797 794
797 795
797 796
797 798
797 799
797 800
797 801
798 788
798 791
798 792
798 794
798 795
798 796
798 797
798 799
798 800
798 801
798 802
799 631
799 632
799 795
799 796
799 797
799 798
799 800
799 801
799 802
799 803
800 575
800 576
800 579
800 796
800 797
800 798
800 799
800 801
800 802
800 803
800 804
801 784
801 787
801 788
801 797
801 798
801 799
801 800
801 802
801 803
801 804
801 805
802 784
802 788
802 798
802 799
802 800
802 801
802 803
802 804
802 805
802 806
803 579
803 627
803 628
803 631
803 799
803 800
803 801
803 802
803 804
803 805
803 806
803 807
804 579
804 582
804 800
804 801
804 802
804 803
804 805
804 806
804 807
804 808
805 780
805 781
805 784
805 801
805 802
805 803
805 804
805 806
805 807
805 808
805 809
806 624
806 625
806 627
806 628
806 802
806 803
806 804
806 805
806 807
806 808
806 809
806 810
807 579
807 582
807 583
807 586
807 624
807 625
807 628
807 803
807 804
807 805
807 806
807 808
807 809
807 810
807 811
808 780
808 804
808 805
808 806
808 807
808 809
808 810
808 811
808 812
809 777
809 780
809 805
809 806
809 807
809 808
809 810
809 811
809 812
809 813
810 586
810 621
810 622
810 624
810 625
810 806
810 807
810 808
810 809
810 811
810 812
810 813
810 814
811 586
811 807
811 808
811 809
811 810
811 812
811 813
811 814
811 815
812 773
812 776
812 777
812 808
812 809
812 810
812 811
812 813
812 814
812 815
812 816
812 817
813 621
813 773
813 809
813 810
813 811
813 812
813 814
813 815
813 816
813 817
813 818
814 589
814 590
814 810
814 811
814 812
814 813
814 815
814 816
814 817
814 818
814 819
815 811
815 812
815 813
815 814
815 816
815 817
815 818
815 819
815 820
816 769
816 770
816 772
816 773
816 812
816 813
816 814
816 815
816 817
816 818
816 819
816 820
817 766
817 769
817 770
817 773
817 812
817 813
817 814
817 815
817 816
817 818
817 819
817 820
817 821
818 593
818 813
818 814
818 815
818 816
818 817
818 819
818 820
818 821
818 822
819 814
819 815
819 816
819 817
819 818
819 820
819 821
819 822
819 823
820 815
820 816
820 817
820 818
820 819
820 821
820 822
820 823
820 824
821 605
821 817
821 818
821 819
821 820
821 822
821 823
821 824
821 825
822 593
822 596
822 818
822 819
822 820
822 821
822 823
822 824
822 825
822 826
823 819
823 820
823 821
823 822
823 824
823 825
823 826
823 827
823 828
824 820
824 821
824 822
824 823
824 825
824 826
824 827
824 828
824 829
824 831
824 832
825 600
825 605
825 821
825 822
825 823
825 824
825 826
825 827
825 828
825 829
825 832
826 822
826 823
826 824
826 825
826 827
826 828
826 829
827 823
827 824
827 825
827 826
827 828
827 829
828 823
828 824
828 825
828 826
828 827
828 829
828 830
828 831
828 832
829 824
829 825
829 826
829 827
829 828
829 830
829 831
829 832
829 833
830 828
830 829
830 831
830 832
830 833
831 824
831 828
831 829
831 830
831 832
831 833
831 836
832 603
832 604
832 605
832 824
832 825
832 828
832 829
832 830
832 831
832 833
832 834
833 603
833 604
833 829
833 830
833 831
833 832
833 834
833 835
833 836
834 604
834 832
834 833
834 835
834 836
834 837
835 833
835 834
835 836
835 837
835 838
835 839
836 831
836 833
836 834
836 835
836 837
836 838
836 839
837 834
837 835
837 836
837 838
837 839
837 840
838 835
838 836
838 837
838 839
838 840
838 841
839 835
839 836
839 837
839 838
839 840
839 841
839 842
840 837
840 838
840 839
840 841
840 842
840 843
841 838
841 839
841 840
841 842
841 843
842 839
842 840
842 841
842 843
842 844
843 840
843 841
843 842
843 844
843 845
844 842
844 843
844 845
844 846
845 843
845 844
845 846
845 847
846 844
846 845
846 847
846 848
847 845
847 846
847 848
847 849
848 846
848 847
848 849
848 850
849 847
849 848
849 850
849 851
850 848
850 849
850 851
850 852
851 849
851 850
851 852
851 853
852 850
852 851
852 853
852 854
853 851
853 852
853 854
853 855
854 852
854 853
854 855
854 856
855 853
855 854
855 856
855 857
856 854
856 855
856 857
856 858
857 855
857 856
857 858
857 859
858 856
858 857
858 859
858 860
859 857
859 858
859 860
859 861
860 858
860 859
860 861
860 862
861 859
861 860
861 862
861 863
862 860
862 861
862 863
862 864
863 861
863 862
863 864
863 865
864 862
864 863
864 865
864 866
865 863
865 864
865 866
865 867
866 864
866 865
866 867
866 868
867 865
867 866
867 868
867 869
868 866
868 867
868 869
868 870
869 867
869 868
869 870
869 871
870 868
870 869
870 871
870 872
871 869
871 870
871 872
871 873
872 870
872 871
872 873
872 874
873 871
873 872
873 874
873 875
874 872
874 873
874 875
874 876
875 873
875 874
875 876
875 877
876 874
876 875
876 877
876 878
877 875
877 876
877 878
878 876
878 877
