0 1
0 2
1 0
1 2
1 3
2 0
2 1
2 3
2 4
3 1
3 2
3 4
3 5
4 2
4 3
4 5
4 6
4 56
5 3
5 4
5 6
5 7
5 8
5 55
5 56
5 57
5 58
6 4
6 5
6 7
6 8
6 55
6 56
6 57
6 58
7 5
7 6
7 8
7 9
7 55
7 56
7 57
7 58
7 170
8 5
8 6
8 7
8 9
8 10
8 57
8 58
8 59
8 60
9 7
9 8
9 10
9 11
9 57
9 58
9 59
9 60
9 81
9 82
9 83
9 166
9 169
10 8
10 9
10 11
10 12
10 59
10 60
10 61
10 62
10 80
10 81
10 82
10 83
11 9
11 10
11 12
11 13
11 59
11 60
11 61
11 62
11 81
11 82
11 83
11 84
11 85
12 10
12 11
12 13
12 14
12 61
12 62
12 63
12 64
12 77
12 78
12 81
12 83
12 84
12 85
13 11
13 12
13 14
13 15
13 21
13 61
13 62
13 63
13 64
13 84
13 85
13 86
13 87
14 12
14 13
14 15
14 16
14 21
14 63
14 64
14 65
14 66
14 74
14 84
14 85
14 86
14 87
14 102
15 13
15 14
15 16
15 17
15 19
15 21
15 66
15 86
15 87
15 88
15 95
15 99
15 102
16 14
16 15
16 17
16 18
16 19
16 66
16 67
16 87
16 88
16 95
16 98
17 15
17 16
17 18
17 19
17 20
17 39
17 65
17 66
17 67
18 16
18 17
18 19
18 20
18 21
18 39
18 66
18 89
19 15
19 16
19 17
19 18
19 20
19 21
19 87
19 88
19 89
19 95
19 121
19 122
20 17
20 18
20 19
20 21
20 22
20 23
20 24
20 87
20 89
20 121
20 122
20 152
21 13
21 14
21 15
21 18
21 19
21 20
21 22
21 23
21 24
21 25
21 63
21 64
21 87
22 20
22 21
22 23
22 24
22 25
22 26
22 40
22 63
23 20
23 21
23 22
23 24
23 25
23 26
23 27
23 32
23 33
23 34
23 37
23 152
23 153
24 20
24 21
24 22
24 23
24 25
24 26
24 27
24 28
24 151
24 152
24 158
25 21
25 22
25 23
25 24
25 26
25 27
25 28
25 29
25 30
25 46
25 61
25 63
26 22
26 23
26 24
26 25
26 27
26 28
26 29
26 30
26 31
26 32
26 33
27 23
27 24
27 25
27 26
27 28
27 29
27 30
27 31
27 32
27 33
27 152
27 153
27 155
27 158
28 24
28 25
28 26
28 27
28 29
28 30
28 31
28 32
28 158
28 159
28 162
29 25
29 26
29 27
29 28
29 30
29 31
29 46
29 47
29 48
30 25
30 26
30 27
30 28
30 29
30 31
30 32
31 26
31 27
31 28
31 29
31 30
31 32
31 33
32 23
32 26
32 27
32 28
32 30
32 31
32 33
32 34
33 23
33 26
33 27
33 31
33 32
33 34
33 35
33 152
33 153
34 23
34 32
34 33
34 35
34 36
34 37
35 33
35 34
35 36
35 37
36 34
36 35
36 37
36 38
37 23
37 34
37 35
37 36
37 38
37 39
38 36
38 37
38 39
38 40
39 17
39 18
39 37
39 38
39 40
39 41
39 65
40 22
40 38
40 39
40 41
40 42
40 43
40 44
40 64
40 65
40 66
41 39
41 40
41 42
41 43
41 64
41 65
41 70
42 40
42 41
42 43
42 44
42 64
42 65
42 70
42 73
42 74
43 40
43 41
43 42
43 44
43 45
43 62
43 63
43 64
43 65
43 73
43 74
44 40
44 42
44 43
44 45
44 46
44 62
44 63
44 64
45 43
45 44
45 46
45 47
45 60
45 61
45 62
45 63
46 25
46 29
46 44
46 45
46 47
46 48
46 60
46 61
46 62
46 63
47 29
47 45
47 46
47 48
47 49
47 58
47 59
47 60
47 61
48 29
48 46
48 47
48 49
48 50
48 58
48 59
48 60
48 61
49 47
49 48
49 50
49 51
49 56
49 57
49 58
49 59
50 48
50 49
50 51
50 52
50 56
50 57
50 58
50 59
51 49
51 50
51 52
51 53
51 54
51 55
51 56
51 57
52 50
52 51
52 53
52 54
52 55
52 56
52 57
52 163
52 167
53 51
53 52
53 54
53 55
54 51
54 52
54 53
54 55
54 56
55 5
55 6
55 7
55 51
55 52
55 53
55 54
55 56
55 57
56 4
56 5
56 6
56 7
56 49
56 50
56 51
56 52
56 54
56 55
56 57
56 58
57 5
57 6
57 7
57 8
57 9
57 49
57 50
57 51
57 52
57 55
57 56
57 58
57 59
57 166
58 5
58 6
58 7
58 8
58 9
58 47
58 48
58 49
58 50
58 56
58 57
58 59
58 60
59 8
59 9
59 10
59 11
59 47
59 48
59 49
59 50
59 57
59 58
59 60
59 61
59 166
60 8
60 9
60 10
60 11
60 45
60 46
60 47
60 48
60 58
60 59
60 61
60 62
61 10
61 11
61 12
61 13
61 25
61 45
61 46
61 47
61 48
61 59
61 60
61 62
61 63
62 10
62 11
62 12
62 13
62 43
62 44
62 45
62 46
62 60
62 61
62 63
62 64
63 12
63 13
63 14
63 21
63 22
63 25
63 43
63 44
63 45
63 46
63 61
63 62
63 64
63 65
64 12
64 13
64 14
64 21
64 40
64 41
64 42
64 43
64 44
64 62
64 63
64 65
64 66
64 74
65 14
65 17
65 39
65 40
65 41
65 42
65 43
65 63
65 64
65 66
65 67
65 70
65 71
65 74
66 14
66 15
66 16
66 17
66 18
66 40
66 64
66 65
66 67
66 68
66 70
66 71
67 16
67 17
67 65
67 66
67 68
67 69
67 70
67 71
68 66
68 67
68 69
68 70
68 71
69 67
69 68
69 70
69 71
69 72
70 41
70 42
70 65
70 66
70 67
70 68
70 69
70 71
70 72
70 73
70 74
71 65
71 66
71 67
71 68
71 69
71 70
71 72
71 73
71 74
71 75
72 69
72 70
72 71
72 73
72 74
72 75
72 76
73 42
73 43
73 70
73 71
73 72
73 74
73 75
73 76
73 77
74 14
74 42
74 43
74 64
74 65
74 70
74 71
74 72
74 73
74 75
74 76
74 77
74 78
75 71
75 72
75 73
75 74
75 76
75 77
75 78
75 79
75 105
75 109
76 72
76 73
76 74
76 75
76 77
76 78
76 79
76 109
77 12
77 73
77 74
77 75
77 76
77 78
77 79
77 80
77 81
78 12
78 74
78 75
78 76
78 77
78 79
78 80
78 81
78 84
78 106
78 109
78 110
78 111
79 75
79 76
79 77
79 78
79 80
79 81
79 109
79 110
79 111
80 10
80 77
80 78
80 79
80 81
80 82
80 110
80 111
81 9
81 10
81 11
81 12
81 77
81 78
81 79
81 80
81 82
81 83
81 84
81 110
81 111
81 114
82 9
82 10
82 11
82 80
82 81
82 83
82 84
82 113
82 114
82 115
82 169
83 9
83 10
83 11
83 12
83 81
83 82
83 84
83 85
83 114
83 115
83 116
83 117
83 165
83 169
84 11
84 12
84 13
84 14
84 78
84 81
84 82
84 83
84 85
84 86
84 114
84 115
84 116
84 117
85 11
85 12
85 13
85 14
85 83
85 84
85 86
85 87
85 116
85 117
85 118
85 119
86 13
86 14
86 15
86 84
86 85
86 87
86 88
86 99
86 102
86 116
86 117
86 118
86 119
87 13
87 14
87 15
87 16
87 19
87 20
87 21
87 85
87 86
87 88
87 89
87 118
87 119
87 120
87 121
88 15
88 16
88 19
88 86
88 87
88 89
88 90
88 92
88 95
88 96
88 99
88 118
88 119
88 120
88 121
89 18
89 19
89 20
89 87
89 88
89 90
89 91
89 92
89 93
89 95
89 96
89 120
89 121
89 122
90 88
90 89
90 91
90 92
90 93
90 96
90 120
90 121
90 122
90 123
90 126
90 129
90 130
90 131
90 132
91 89
91 90
91 92
91 93
91 122
91 125
91 126
91 128
91 129
91 130
91 131
92 88
92 89
92 90
92 91
92 93
92 94
92 95
92 96
92 129
92 130
92 131
93 89
93 90
93 91
93 92
93 94
93 95
93 96
93 97
93 130
93 131
94 92
94 93
94 95
94 96
94 97
94 98
95 15
95 16
95 19
95 88
95 89
95 92
95 93
95 94
95 96
95 97
95 98
95 99
96 88
96 89
96 90
96 92
96 93
96 94
96 95
96 97
96 98
96 99
96 131
97 93
97 94
97 95
97 96
97 98
97 99
97 100
98 16
98 94
98 95
98 96
98 97
98 99
98 100
98 101
98 102
99 15
99 86
99 88
99 95
99 96
99 97
99 98
99 100
99 101
99 102
99 103
100 97
100 98
100 99
100 101
100 102
100 103
100 104
101 98
101 99
101 100
101 102
101 103
101 104
101 105
102 14
102 15
102 86
102 98
102 99
102 100
102 101
102 103
102 104
102 105
102 106
103 99
103 100
103 101
103 102
103 104
103 105
103 106
103 107
104 100
104 101
104 102
104 103
104 105
104 106
104 107
104 108
105 75
105 101
105 102
105 103
105 104
105 106
105 107
105 108
105 109
105 110
106 78
106 102
106 103
106 104
106 105
106 107
106 108
106 109
106 110
107 103
107 104
107 105
107 106
107 108
107 109
107 110
107 111
107 112
108 104
108 105
108 106
108 107
108 109
108 110
109 75
109 76
109 78
109 79
109 105
109 106
109 107
109 108
109 110
109 111
110 78
110 79
110 80
110 81
110 105
110 106
110 107
110 108
110 109
110 111
110 112
110 114
111 78
111 79
111 80
111 81
111 107
111 109
111 110
111 112
111 113
111 114
112 107
112 110
112 111
112 113
112 114
113 82
113 111
113 112
113 114
113 115
114 81
114 82
114 83
114 84
114 110
114 111
114 112
114 113
114 115
114 116
115 82
115 83
115 84
115 113
115 114
115 116
115 117
115 145
115 169
116 83
116 84
116 85
116 86
116 114
116 115
116 117
116 118
116 145
116 146
117 83
117 84
117 85
117 86
117 115
117 116
117 118
117 119
117 145
117 146
117 147
118 85
118 86
118 87
118 88
118 116
118 117
118 119
118 120
118 140
118 145
118 146
118 147
118 148
119 85
119 86
119 87
119 88
119 117
119 118
119 120
119 121
119 147
119 148
119 149
119 150
120 87
120 88
120 89
120 90
120 118
120 119
120 121
120 122
120 123
120 136
120 147
120 148
120 149
120 150
121 19
121 20
121 87
121 88
121 89
121 90
121 119
121 120
121 122
121 123
121 149
121 150
121 151
121 152
122 19
122 20
122 89
122 90
122 91
122 120
122 121
122 123
122 124
122 125
122 126
122 149
122 150
122 151
122 152
122 153
123 90
123 120
123 121
123 122
123 124
123 125
123 126
123 149
123 150
123 151
124 122
124 123
124 125
124 126
124 151
124 153
124 154
125 91
125 122
125 123
125 124
125 126
125 127
125 128
125 129
126 90
126 91
126 122
126 123
126 124
126 125
126 127
126 128
126 129
127 125
127 126
127 128
127 129
128 91
128 125
128 126
128 127
128 129
128 130
129 90
129 91
129 92
129 125
129 126
129 127
129 128
129 130
129 131
129 132
130 90
130 91
130 92
130 93
130 128
130 129
130 131
130 132
131 90
131 91
131 92
131 93
131 96
131 129
131 130
131 132
131 133
131 135
131 136
132 90
132 129
132 130
132 131
132 133
132 134
132 135
132 136
133 131
133 132
133 134
133 135
133 136
133 137
134 132
134 133
134 135
134 136
134 137
134 138
135 131
135 132
135 133
135 134
135 136
135 137
135 138
135 139
136 120
136 131
136 132
136 133
136 134
136 135
136 137
136 138
136 139
136 140
136 147
137 133
137 134
137 135
137 136
137 138
137 139
137 140
137 141
137 147
138 134
138 135
138 136
138 137
138 139
138 140
138 141
138 142
139 135
139 136
139 137
139 138
139 140
139 141
139 142
139 143
140 118
140 136
140 137
140 138
140 139
140 141
140 142
140 143
140 144
140 145
140 146
140 147
141 137
141 138
141 139
141 140
141 142
141 143
141 144
141 145
141 146
142 138
142 139
142 140
142 141
142 143
142 144
142 145
143 139
143 140
143 141
143 142
143 144
143 145
144 140
144 141
144 142
144 143
144 145
144 146
145 115
145 116
145 117
145 118
145 140
145 141
145 142
145 143
145 144
145 146
145 147
146 116
146 117
146 118
146 140
146 141
146 144
146 145
146 147
146 148
147 117
147 118
147 119
147 120
147 136
147 137
147 140
147 145
147 146
147 148
147 149
148 118
148 119
148 120
148 146
148 147
148 149
148 150
148 157
148 161
149 119
149 120
149 121
149 122
149 123
149 147
149 148
149 150
149 151
149 157
150 119
150 120
150 121
150 122
150 123
150 148
150 149
150 151
150 152
150 155
150 156
150 157
150 158
151 24
151 121
151 122
151 123
151 124
151 149
151 150
151 152
151 153
151 154
151 155
151 156
151 157
151 158
152 20
152 23
152 24
152 27
152 33
152 121
152 122
152 150
152 151
152 153
152 154
152 155
152 156
152 158
153 23
153 27
153 33
153 122
153 124
153 151
153 152
153 154
153 155
153 156
154 124
154 151
154 152
154 153
154 155
154 156
155 27
155 150
155 151
155 152
155 153
155 154
155 156
155 157
155 158
155 159
156 150
156 151
156 152
156 153
156 154
156 155
156 157
156 158
156 159
157 148
157 149
157 150
157 151
157 155
157 156
157 158
157 159
157 160
157 161
158 24
158 27
158 28
158 150
158 151
158 152
158 155
158 156
158 157
158 159
158 160
158 161
158 162
159 28
159 155
159 156
159 157
159 158
159 160
159 161
159 162
159 163
160 157
160 158
160 159
160 161
160 162
160 163
160 164
161 148
161 157
161 158
161 159
161 160
161 162
161 163
161 164
161 165
162 28
162 158
162 159
162 160
162 161
162 163
162 164
162 165
162 166
163 52
163 159
163 160
163 161
163 162
163 164
163 165
163 166
163 167
164 160
164 161
164 162
164 163
164 165
164 166
164 167
164 168
165 83
165 161
165 162
165 163
165 164
165 166
165 167
165 168
165 169
166 9
166 57
166 59
166 162
166 163
166 164
166 165
166 167
166 168
166 169
166 170
167 52
167 163
167 164
167 165
167 166
167 168
167 169
167 170
167 171
168 164
168 165
168 166
168 167
168 169
168 170
168 171
168 172
169 9
169 82
169 83
169 115
169 165
169 166
169 167
169 168
169 170
169 171
169 172
169 173
170 7
170 166
170 167
170 168
170 169
170 171
170 172
170 173
170 174
171 167
171 168
171 169
171 170
171 172
171 173
171 174
171 175
172 168
172 169
172 170
172 171
172 173
172 174
172 175
172 176
173 169
173 170
173 171
173 172
173 174
173 175
173 176
173 177
174 170
174 171
174 172
174 173
174 175
174 176
174 177
174 178
175 171
175 172
175 173
175 174
175 176
175 177
175 178
175 179
176 172
176 173
176 174
176 175
176 177
176 178
176 179
176 180
177 173
177 174
177 175
177 176
177 178
177 179
177 180
177 181
178 174
178 175
178 176
178 177
178 179
178 180
178 181
178 182
179 175
179 176
179 177
179 178
179 180
179 181
179 182
179 183
180 176
180 177
180 178
180 179
180 181
180 182
180 183
181 177
181 178
181 179
181 180
181 182
181 183
181 184
181 185
182 178
182 179
182 180
182 181
182 183
182 184
182 185
183 179
183 180
183 181
183 182
183 184
183 185
184 181
184 182
184 183
184 185
184 186
185 181
185 182
185 183
185 184
185 186
185 187
186 184
186 185
186 187
186 188
187 185
187 186
187 188
187 189
188 186
188 187
188 189
188 190
189 187
189 188
189 190
189 191
190 188
190 189
190 191
190 192
191 189
191 190
191 192
191 193
192 190
192 191
192 193
192 194
193 191
193 192
193 194
193 195
194 192
194 193
194 195
194 196
195 193
195 194
195 196
195 197
196 194
196 195
196 197
196 198
197 195
197 196
197 198
197 199
198 196
198 197
198 199
198 200
199 197
199 198
199 200
199 201
200 198
200 199
200 201
200 202
201 199
201 200
201 202
202 200
202 201
