0 1
0 2
0 977
0 994
0 995
0 1086
1 0
1 2
1 3
1 963
1 975
1 977
1 994
1 995
1 1041
1 1086
1 1087
2 0
2 1
2 3
2 4
2 995
2 1041
2 1042
2 1043
2 1044
2 1047
2 1086
2 1087
3 1
3 2
3 4
3 5
3 995
3 1039
3 1040
3 1041
3 1042
3 1047
3 1086
3 1087
3 1088
4 2
4 3
4 5
4 6
4 1038
4 1039
4 1040
4 1041
4 1042
4 1047
4 1087
4 1088
4 1089
4 1090
5 3
5 4
5 6
5 7
5 1037
5 1038
5 1039
5 1040
5 1087
5 1088
5 1089
5 1090
5 1091
6 4
6 5
6 7
6 8
6 1037
6 1038
6 1039
6 1089
6 1090
6 1091
7 5
7 6
7 8
7 9
7 10
7 1035
7 1036
7 1037
7 1038
7 1090
7 1091
7 1139
8 6
8 7
8 9
8 10
8 1035
8 1036
8 1037
8 1038
8 1139
9 7
9 8
9 10
9 11
9 709
9 1034
9 1035
9 1036
9 1037
10 7
10 8
10 9
10 11
10 12
10 1034
10 1035
10 1036
11 9
11 10
11 12
11 13
11 34
11 35
11 36
11 37
11 356
11 1033
11 1034
11 1035
11 1036
12 10
12 11
12 13
12 14
12 34
12 353
12 354
12 355
12 356
12 1033
12 1034
12 1035
13 11
13 12
13 14
13 15
13 34
13 35
13 324
13 325
13 326
13 327
13 328
13 354
13 355
13 356
13 357
13 1033
13 1034
14 12
14 13
14 15
14 16
14 17
14 32
14 33
14 34
14 35
14 311
14 312
14 324
14 325
14 326
14 330
15 13
15 14
15 16
15 17
15 32
15 33
15 34
15 35
15 311
15 312
15 324
15 325
15 326
16 14
16 15
16 17
16 18
16 32
16 33
16 34
16 62
16 63
16 311
16 312
16 324
17 14
17 15
17 16
17 18
17 19
17 30
17 31
17 32
17 33
17 63
17 312
17 313
17 314
17 324
18 16
18 17
18 19
18 20
18 30
18 31
18 32
18 63
18 64
18 65
18 314
19 17
19 18
19 20
19 21
19 28
19 29
19 30
19 31
19 65
19 314
19 315
19 316
20 18
20 19
20 21
20 22
20 28
20 29
20 30
20 65
20 74
21 19
21 20
21 22
21 23
21 24
21 25
21 26
21 27
21 28
21 29
21 73
21 74
22 20
22 21
22 23
22 24
22 25
22 27
22 28
22 29
22 65
22 73
22 74
22 75
22 76
22 89
22 90
23 21
23 22
23 24
23 25
23 27
23 29
23 73
23 74
23 90
23 91
24 21
24 22
24 23
24 25
24 26
24 27
24 72
24 73
25 21
25 22
25 23
25 24
25 26
25 27
25 72
25 73
25 74
26 21
26 24
26 25
26 27
26 28
27 21
27 22
27 23
27 24
27 25
27 26
27 28
27 29
27 42
27 43
28 19
28 20
28 21
28 22
28 26
28 27
28 29
28 30
28 42
28 43
28 316
29 19
29 20
29 21
29 22
29 23
29 27
29 28
29 30
29 31
29 40
29 41
29 42
29 43
30 17
30 18
30 19
30 20
30 28
30 29
30 31
30 32
30 40
30 41
30 42
30 43
30 316
31 17
31 18
31 19
31 29
31 30
31 32
31 33
31 38
31 39
31 40
31 41
32 14
32 15
32 16
32 17
32 18
32 30
32 31
32 33
32 34
32 38
32 39
32 40
33 14
33 15
33 16
33 17
33 31
33 32
33 34
33 35
33 36
33 37
33 38
33 39
33 60
33 63
34 11
34 12
34 13
34 14
34 15
34 16
34 32
34 33
34 35
34 36
34 37
34 38
34 39
34 60
34 1033
35 11
35 13
35 14
35 15
35 33
35 34
35 36
35 37
35 59
35 60
35 1033
36 11
36 33
36 34
36 35
36 37
36 38
36 55
36 56
36 57
36 58
36 59
36 60
36 1000
37 11
37 33
37 34
37 35
37 36
37 38
37 39
37 53
37 54
37 55
37 56
37 60
38 31
38 32
38 33
38 34
38 36
38 37
38 39
38 40
38 53
38 54
38 55
38 56
39 31
39 32
39 33
39 34
39 37
39 38
39 40
39 41
39 50
39 51
39 52
39 53
39 54
40 29
40 30
40 31
40 32
40 38
40 39
40 41
40 42
40 50
40 51
40 52
40 53
41 29
41 30
41 31
41 39
41 40
41 42
41 43
41 48
41 49
41 50
41 51
41 52
42 27
42 28
42 29
42 30
42 40
42 41
42 43
42 44
42 48
42 49
42 50
42 51
43 27
43 28
43 29
43 30
43 41
43 42
43 44
43 45
43 47
43 48
43 49
43 316
44 42
44 43
44 45
44 46
44 47
44 48
44 49
45 43
45 44
45 46
45 47
46 44
46 45
46 47
46 48
47 43
47 44
47 45
47 46
47 48
47 49
48 41
48 42
48 43
48 44
48 46
48 47
48 49
48 50
49 41
49 42
49 43
49 44
49 47
49 48
49 50
49 51
50 39
50 40
50 41
50 42
50 48
50 49
50 51
50 52
51 39
51 40
51 41
51 42
51 49
51 50
51 52
51 53
52 39
52 40
52 41
52 50
52 51
52 53
52 54
52 97
53 37
53 38
53 39
53 40
53 51
53 52
53 54
53 55
54 37
54 38
54 39
54 52
54 53
54 55
54 56
54 1064
55 36
55 37
55 38
55 53
55 54
55 56
55 57
55 1064
56 36
56 37
56 38
56 54
56 55
56 57
56 58
56 59
56 1063
56 1064
56 1065
57 36
57 55
57 56
57 58
57 59
57 1063
57 1064
57 1067
57 1068
57 1069
57 1072
58 36
58 56
58 57
58 59
58 60
58 80
58 81
58 82
58 84
58 1000
58 1067
58 1072
59 35
59 36
59 56
59 57
59 58
59 60
59 61
59 80
59 81
59 82
59 1000
60 33
60 34
60 35
60 36
60 37
60 58
60 59
60 61
60 62
60 63
60 78
60 79
60 80
60 81
61 59
61 60
61 62
61 63
61 78
61 79
61 80
61 81
61 119
62 16
62 60
62 61
62 63
62 64
62 77
62 78
62 79
62 80
62 119
62 120
62 121
63 16
63 17
63 18
63 33
63 60
63 61
63 62
63 64
63 65
63 76
63 77
63 78
63 79
64 18
64 62
64 63
64 65
64 66
64 76
64 77
64 78
64 122
64 123
65 18
65 19
65 20
65 22
65 63
65 64
65 66
65 67
65 74
65 75
65 76
65 77
66 64
66 65
66 67
66 68
66 74
66 75
66 76
66 77
66 123
66 127
67 65
67 66
67 68
67 69
67 71
67 72
67 73
67 74
67 75
67 127
68 66
68 67
68 69
68 70
68 71
68 74
68 75
68 126
68 127
69 67
69 68
69 70
69 71
69 127
70 68
70 69
70 71
70 72
71 67
71 68
71 69
71 70
71 72
71 73
71 74
72 24
72 25
72 67
72 70
72 71
72 73
72 74
73 21
73 22
73 23
73 24
73 25
73 67
73 71
73 72
73 74
73 75
74 20
74 21
74 22
74 23
74 25
74 65
74 66
74 67
74 68
74 71
74 72
74 73
74 75
74 76
74 89
75 22
75 65
75 66
75 67
75 68
75 73
75 74
75 76
75 77
75 87
75 88
75 89
75 90
76 22
76 63
76 64
76 65
76 66
76 74
76 75
76 77
76 78
76 87
76 88
76 89
77 62
77 63
77 64
77 65
77 66
77 75
77 76
77 78
77 79
77 85
77 86
77 87
77 88
78 60
78 61
78 62
78 63
78 64
78 76
78 77
78 79
78 80
78 85
78 86
78 87
78 88
79 60
79 61
79 62
79 63
79 77
79 78
79 80
79 81
79 83
79 84
79 85
79 86
79 121
80 58
80 59
80 60
80 61
80 62
80 78
80 79
80 81
80 82
80 83
80 84
80 85
81 58
81 59
81 60
81 61
81 79
81 80
81 82
81 83
81 84
81 119
82 58
82 59
82 80
82 81
82 83
82 84
82 108
83 79
83 80
83 81
83 82
83 84
83 85
83 106
83 107
83 108
84 58
84 79
84 80
84 81
84 82
84 83
84 85
84 86
84 104
84 105
84 106
84 107
84 108
84 1065
84 1067
85 77
85 78
85 79
85 80
85 83
85 84
85 86
85 87
85 104
85 105
85 106
85 107
85 151
85 1065
86 77
86 78
86 79
86 84
86 85
86 87
86 88
86 101
86 102
86 103
86 104
86 105
86 151
86 1065
87 75
87 76
87 77
87 78
87 85
87 86
87 88
87 89
87 101
87 102
87 103
87 104
87 1065
88 75
88 76
88 77
88 78
88 86
88 87
88 89
88 90
88 99
88 100
88 101
88 102
88 103
88 1065
89 22
89 74
89 75
89 76
89 87
89 88
89 90
89 91
89 99
89 100
89 101
89 102
90 22
90 23
90 75
90 88
90 89
90 91
90 92
90 97
90 98
90 99
90 100
91 23
91 89
91 90
91 92
91 93
91 97
91 98
91 99
91 100
92 90
92 91
92 93
92 94
92 95
92 96
92 97
92 98
93 91
93 92
93 94
93 95
93 96
93 97
94 92
94 93
94 95
94 96
95 92
95 93
95 94
95 96
95 97
96 92
96 93
96 94
96 95
96 97
96 98
97 52
97 90
97 91
97 92
97 93
97 95
97 96
97 98
97 99
98 90
98 91
98 92
98 96
98 97
98 99
98 100
99 88
99 89
99 90
99 91
99 97
99 98
99 100
99 101
99 1064
100 88
100 89
100 90
100 91
100 98
100 99
100 101
100 102
100 1064
101 86
101 87
101 88
101 89
101 99
101 100
101 102
101 103
101 104
101 1064
101 1065
101 1066
102 86
102 87
102 88
102 89
102 100
102 101
102 103
102 104
102 149
103 86
103 87
103 88
103 101
103 102
103 104
103 105
103 148
103 149
103 150
103 151
103 1065
104 84
104 85
104 86
104 87
104 101
104 102
104 103
104 105
104 106
104 149
104 150
104 151
104 1065
104 1066
105 84
105 85
105 86
105 103
105 104
105 106
105 107
105 150
105 151
105 152
106 83
106 84
106 85
106 104
106 105
106 107
106 108
106 151
107 83
107 84
107 85
107 105
107 106
107 108
107 109
107 151
107 152
107 153
108 82
108 83
108 84
108 106
108 107
108 109
108 110
109 107
109 108
109 110
109 111
109 112
110 108
110 109
110 111
110 112
111 109
111 110
111 112
111 113
112 109
112 110
112 111
112 113
112 114
112 135
112 136
113 111
113 112
113 114
113 115
113 135
113 136
114 112
114 113
114 115
114 116
114 134
114 135
114 136
115 113
115 114
115 116
115 117
115 118
115 119
115 133
115 134
115 135
115 136
116 114
116 115
116 117
116 118
117 115
117 116
117 118
117 119
117 162
117 163
117 164
118 115
118 116
118 117
118 119
118 120
118 134
119 61
119 62
119 81
119 115
119 117
119 118
119 120
119 121
119 132
119 133
119 134
120 62
120 118
120 119
120 121
120 122
120 132
120 133
120 134
120 165
120 166
121 62
121 79
121 119
121 120
121 122
121 123
121 130
121 131
121 132
121 133
122 64
122 120
122 121
122 123
122 124
122 130
122 131
122 132
122 166
122 167
122 168
123 64
123 66
123 121
123 122
123 124
123 125
123 127
123 128
123 129
123 130
123 131
123 168
124 122
124 123
124 125
124 126
124 127
124 128
124 129
124 130
124 131
124 168
124 169
124 175
125 123
125 124
125 126
125 127
125 128
125 168
125 169
125 170
126 68
126 124
126 125
126 127
126 128
127 66
127 67
127 68
127 69
127 123
127 124
127 125
127 126
127 128
127 129
127 130
127 144
128 123
128 124
128 125
128 126
128 127
128 129
128 130
128 143
128 144
128 145
128 175
129 123
129 124
129 127
129 128
129 130
129 131
129 141
129 142
129 143
129 144
129 175
130 121
130 122
130 123
130 124
130 127
130 128
130 129
130 131
130 132
130 141
130 142
130 143
130 144
131 121
131 122
131 123
131 124
131 129
131 130
131 132
131 133
131 139
131 140
131 141
131 142
132 119
132 120
132 121
132 122
132 130
132 131
132 133
132 134
132 139
132 140
132 141
133 115
133 119
133 120
133 121
133 131
133 132
133 134
133 135
133 136
133 138
133 139
133 140
134 114
134 115
134 118
134 119
134 120
134 132
134 133
134 135
134 136
134 138
134 139
134 140
135 112
135 113
135 114
135 115
135 133
135 134
135 136
135 137
135 138
135 139
136 112
136 113
136 114
136 115
136 133
136 134
136 135
136 137
136 138
136 161
136 162
136 163
137 135
137 136
137 138
137 139
137 157
137 158
137 159
137 160
137 161
137 162
138 133
138 134
138 135
138 136
138 137
138 139
138 140
138 155
138 156
138 157
138 158
139 131
139 132
139 133
139 134
139 135
139 137
139 138
139 140
139 141
139 155
139 156
139 157
139 158
140 131
140 132
140 133
140 134
140 138
140 139
140 141
140 142
140 153
140 154
140 155
140 156
141 129
141 130
141 131
141 132
141 139
141 140
141 142
141 143
141 153
141 154
141 155
141 156
142 129
142 130
142 131
142 140
142 141
142 143
142 144
142 151
142 152
142 153
142 154
143 128
143 129
143 130
143 141
143 142
143 144
143 145
143 152
143 153
143 196
144 127
144 128
144 129
144 130
144 142
144 143
144 145
144 146
145 128
145 143
145 144
145 146
145 147
145 148
146 144
146 145
146 147
146 148
147 145
147 146
147 148
147 149
148 103
148 145
148 146
148 147
148 149
148 150
148 151
149 102
149 103
149 104
149 147
149 148
149 150
149 151
150 103
150 104
150 105
150 148
150 149
150 151
150 152
151 85
151 86
151 103
151 104
151 105
151 106
151 107
151 142
151 148
151 149
151 150
151 152
151 153
152 105
152 107
152 142
152 143
152 150
152 151
152 153
152 154
153 107
153 140
153 141
153 142
153 143
153 151
153 152
153 154
153 155
154 140
154 141
154 142
154 152
154 153
154 155
154 156
154 199
155 138
155 139
155 140
155 141
155 153
155 154
155 156
155 157
155 199
156 138
156 139
156 140
156 141
156 154
156 155
156 157
156 158
156 199
156 200
156 201
157 137
157 138
157 139
157 155
157 156
157 158
157 159
157 200
157 201
158 137
158 138
158 139
158 156
158 157
158 159
158 160
158 161
158 201
159 137
159 157
159 158
159 160
159 161
160 137
160 158
160 159
160 161
160 162
160 163
160 181
160 182
160 183
161 136
161 137
161 158
161 159
161 160
161 162
161 163
161 181
162 117
162 136
162 137
162 160
162 161
162 163
162 164
162 181
162 182
162 183
163 117
163 136
163 160
163 161
163 162
163 164
163 165
163 166
163 179
163 180
163 181
163 182
164 117
164 162
164 163
164 165
164 166
164 179
164 180
164 181
164 182
164 216
164 217
165 120
165 163
165 164
165 166
165 167
165 179
165 180
165 181
165 216
165 217
165 218
166 120
166 122
166 163
166 164
166 165
166 167
166 168
166 177
166 178
166 179
166 180
166 218
167 122
167 165
167 166
167 168
167 169
167 177
167 178
167 179
167 218
167 219
167 220
168 122
168 123
168 124
168 125
168 166
168 167
168 169
168 170
168 175
168 176
168 177
168 178
168 220
169 124
169 125
169 167
169 168
169 170
169 171
169 172
169 175
169 176
169 177
169 178
169 220
169 221
169 222
169 226
169 227
169 228
170 125
170 168
170 169
170 171
170 172
170 220
170 221
170 222
170 223
170 226
170 227
171 169
171 170
171 172
171 173
171 222
171 223
171 226
172 169
172 170
172 171
172 173
172 174
172 175
172 176
173 171
173 172
173 174
173 175
174 172
174 173
174 175
174 176
174 193
174 194
174 195
175 124
175 128
175 129
175 168
175 169
175 172
175 173
175 174
175 176
175 177
175 193
175 194
175 195
176 168
176 169
176 172
176 174
176 175
176 177
176 178
176 191
176 192
176 193
176 194
176 204
177 166
177 167
177 168
177 169
177 175
177 176
177 178
177 179
177 191
177 192
177 193
177 194
177 204
178 166
178 167
178 168
178 169
178 176
178 177
178 179
178 180
178 189
178 190
178 191
178 192
178 218
178 220
178 228
179 163
179 164
179 165
179 166
179 167
179 177
179 178
179 180
179 181
179 189
179 190
179 191
179 218
180 163
180 164
180 165
180 166
180 178
180 179
180 181
180 182
180 187
180 188
180 189
180 190
180 215
180 216
180 217
180 218
181 160
181 161
181 162
181 163
181 164
181 165
181 179
181 180
181 182
181 183
181 187
181 188
181 189
181 190
182 160
182 162
182 163
182 164
182 180
182 181
182 183
182 184
182 185
182 186
182 187
182 188
183 160
183 162
183 181
183 182
183 184
183 185
183 186
183 187
183 188
184 182
184 183
184 185
184 186
185 182
185 183
185 184
185 186
185 187
185 210
186 182
186 183
186 184
186 185
186 187
186 188
186 210
186 211
186 212
186 213
187 180
187 181
187 182
187 183
187 185
187 186
187 188
187 189
187 209
187 210
187 211
187 212
187 213
187 214
187 215
188 180
188 181
188 182
188 183
188 186
188 187
188 189
188 190
188 207
188 208
188 209
188 210
188 211
189 178
189 179
189 180
189 181
189 187
189 188
189 190
189 191
189 207
189 208
189 209
189 211
190 178
190 179
190 180
190 181
190 188
190 189
190 191
190 192
190 204
190 206
190 207
190 208
191 176
191 177
191 178
191 179
191 189
191 190
191 192
191 193
191 203
191 204
191 205
191 206
191 207
192 176
192 177
192 178
192 190
192 191
192 193
192 194
192 201
192 202
192 203
192 204
192 205
193 174
193 175
193 176
193 177
193 191
193 192
193 194
193 195
193 201
193 202
193 203
193 204
193 205
194 174
194 175
194 176
194 177
194 192
194 193
194 195
194 196
194 199
194 200
194 201
194 202
195 174
195 175
195 193
195 194
195 196
195 197
195 198
195 199
195 200
195 201
195 202
196 143
196 194
196 195
196 197
196 198
196 199
196 200
197 195
197 196
197 198
197 199
198 195
198 196
198 197
198 199
198 200
199 154
199 155
199 156
199 194
199 195
199 196
199 197
199 198
199 200
199 201
200 156
200 157
200 194
200 195
200 196
200 198
200 199
200 201
200 202
201 156
201 157
201 158
201 192
201 193
201 194
201 195
201 199
201 200
201 202
201 203
202 192
202 193
202 194
202 195
202 200
202 201
202 203
202 204
203 191
203 192
203 193
203 201
203 202
203 204
203 205
204 176
204 177
204 190
204 191
204 192
204 193
204 202
204 203
204 205
204 206
204 207
205 191
205 192
205 193
205 203
205 204
205 206
205 207
205 241
206 190
206 191
206 204
206 205
206 207
206 208
206 240
206 241
207 188
207 189
207 190
207 191
207 204
207 205
207 206
207 208
207 209
207 241
208 188
208 189
208 190
208 206
208 207
208 209
208 210
208 211
209 187
209 188
209 189
209 207
209 208
209 210
209 211
210 185
210 186
210 187
210 188
210 208
210 209
210 211
210 212
210 213
211 186
211 187
211 188
211 189
211 208
211 209
211 210
211 212
211 213
211 215
212 186
212 187
212 210
212 211
212 213
212 214
212 215
212 232
212 234
212 235
213 186
213 187
213 210
213 211
213 212
213 214
213 215
213 232
214 187
214 212
214 213
214 215
214 216
214 232
214 233
214 234
215 180
215 187
215 211
215 212
215 213
215 214
215 216
215 217
215 230
215 231
215 232
215 233
215 235
216 164
216 165
216 180
216 214
216 215
216 217
216 218
216 230
216 231
216 232
216 233
217 164
217 165
217 180
217 215
217 216
217 218
217 219
217 230
217 231
217 232
218 165
218 166
218 167
218 178
218 179
218 180
218 216
218 217
218 219
218 220
218 228
218 229
218 230
218 231
219 167
219 217
219 218
219 220
219 221
219 228
219 229
219 230
220 167
220 168
220 169
220 170
220 178
220 218
220 219
220 221
220 222
220 226
220 227
220 228
220 229
221 169
221 170
221 219
221 220
221 222
221 223
221 225
221 226
221 227
221 228
221 229
221 267
222 169
222 170
222 171
222 220
222 221
222 223
222 224
222 225
222 226
222 227
222 265
222 266
222 267
223 170
223 171
223 221
223 222
223 224
223 225
223 226
223 266
223 267
224 222
224 223
224 225
224 226
224 266
224 294
224 295
225 221
225 222
225 223
225 224
225 226
225 227
225 240
225 267
225 294
225 295
225 296
226 169
226 170
226 171
226 220
226 221
226 222
226 223
226 224
226 225
226 227
226 228
226 240
227 169
227 170
227 220
227 221
227 222
227 225
227 226
227 228
227 229
227 238
227 239
227 240
227 241
228 169
228 178
228 218
228 219
228 220
228 221
228 226
228 227
228 229
228 230
228 238
228 239
228 240
229 218
229 219
229 220
229 221
229 227
229 228
229 230
229 231
229 236
229 237
229 238
229 239
230 215
230 216
230 217
230 218
230 219
230 228
230 229
230 231
230 232
230 236
230 237
230 238
231 215
231 216
231 217
231 218
231 229
231 230
231 232
231 233
231 235
231 236
231 237
231 257
232 212
232 213
232 214
232 215
232 216
232 217
232 230
232 231
232 233
232 234
232 235
232 236
232 256
232 257
233 214
233 215
233 216
233 231
233 232
233 234
233 235
233 252
233 253
233 255
233 256
233 257
234 212
234 214
234 232
234 233
234 235
234 236
234 248
234 249
234 250
234 252
234 253
235 212
235 215
235 231
235 232
235 233
235 234
235 236
235 237
235 246
235 247
235 248
235 249
235 252
235 253
236 229
236 230
236 231
236 232
236 234
236 235
236 237
236 238
236 246
236 247
236 248
237 229
237 230
237 231
237 235
237 236
237 238
237 239
237 244
237 245
237 246
237 247
238 227
238 228
238 229
238 230
238 236
238 237
238 239
238 240
238 243
238 244
238 245
238 246
239 227
239 228
239 229
239 237
239 238
239 240
239 241
239 242
239 243
239 244
239 245
240 206
240 225
240 226
240 227
240 228
240 238
240 239
240 241
240 242
240 243
240 244
241 205
241 206
241 207
241 227
241 239
241 240
241 242
241 243
241 244
242 239
242 240
242 241
242 243
242 244
243 238
243 239
243 240
243 241
243 242
243 244
243 245
244 237
244 238
244 239
244 240
244 241
244 242
244 243
244 245
244 246
245 237
245 238
245 239
245 243
245 244
245 246
245 247
245 298
245 299
246 235
246 236
246 237
246 238
246 244
246 245
246 247
246 248
246 299
247 235
247 236
247 237
247 245
247 246
247 248
247 249
247 299
247 300
248 234
248 235
248 236
248 246
248 247
248 249
248 250
248 252
248 253
249 234
249 235
249 247
249 248
249 250
249 251
249 252
249 253
249 301
250 234
250 248
250 249
250 251
250 252
250 253
250 254
251 249
251 250
251 252
251 253
251 254
251 255
252 233
252 234
252 235
252 248
252 249
252 250
252 251
252 253
252 254
252 255
252 256
252 257
253 233
253 234
253 235
253 248
253 249
253 250
253 251
253 252
253 254
253 255
253 256
254 250
254 251
254 252
254 253
254 255
254 256
255 233
255 251
255 252
255 253
255 254
255 256
255 257
255 274
255 275
255 276
256 232
256 233
256 252
256 253
256 254
256 255
256 257
256 258
256 274
256 275
257 231
257 232
257 233
257 252
257 255
257 256
257 258
257 259
257 272
257 273
257 274
257 275
258 256
258 257
258 259
258 260
258 272
258 273
258 274
258 275
258 310
258 311
259 257
259 258
259 260
259 261
259 272
259 273
259 274
259 310
259 311
259 312
259 313
260 258
260 259
260 261
260 262
260 270
260 271
260 272
260 273
260 312
260 313
261 259
261 260
261 262
261 263
261 270
261 271
261 272
261 313
261 314
261 315
262 260
262 261
262 263
262 264
262 265
262 267
262 269
262 270
262 271
262 314
262 315
263 261
263 262
263 264
263 265
263 267
263 268
263 269
263 270
263 271
263 315
264 262
264 263
264 265
264 266
264 267
264 268
264 269
264 270
265 222
265 262
265 263
265 264
265 266
265 267
265 268
266 222
266 223
266 224
266 264
266 265
266 267
266 268
267 221
267 222
267 223
267 225
267 262
267 263
267 264
267 265
267 266
267 268
267 269
267 270
267 284
268 263
268 264
268 265
268 266
268 267
268 269
268 270
268 283
268 284
268 285
268 286
269 262
269 263
269 264
269 267
269 268
269 270
269 271
269 281
269 282
269 283
269 284
270 260
270 261
270 262
270 263
270 264
270 267
270 268
270 269
270 271
270 272
270 281
270 282
270 283
271 260
271 261
271 262
271 263
271 269
271 270
271 272
271 273
271 279
271 280
271 281
271 282
271 313
272 257
272 258
272 259
272 260
272 261
272 270
272 271
272 273
272 274
272 279
272 280
272 281
272 282
273 257
273 258
273 259
273 260
273 271
273 272
273 274
273 275
273 277
273 278
273 279
273 280
273 309
273 310
273 312
273 313
274 255
274 256
274 257
274 258
274 259
274 272
274 273
274 275
274 276
274 277
274 278
274 279
274 309
274 310
275 255
275 256
275 257
275 258
275 273
275 274
275 276
275 277
275 278
275 309
275 310
276 255
276 274
276 275
276 277
276 278
276 309
276 382
277 273
277 274
277 275
277 276
277 278
277 279
277 306
277 307
277 308
277 309
277 310
278 273
278 274
278 275
278 276
278 277
278 279
278 280
278 303
278 304
278 305
278 306
278 307
278 309
279 271
279 272
279 273
279 274
279 277
279 278
279 280
279 281
279 303
279 304
279 305
279 306
279 307
280 271
280 272
280 273
280 278
280 279
280 281
280 282
280 301
280 302
280 303
280 304
280 305
281 269
281 270
281 271
281 272
281 279
281 280
281 282
281 283
281 301
281 302
281 303
281 304
282 269
282 270
282 271
282 272
282 280
282 281
282 283
282 284
282 299
282 300
282 301
282 302
283 268
283 269
283 270
283 281
283 282
283 284
283 285
283 299
283 300
283 301
284 267
284 268
284 269
284 282
284 283
284 285
284 286
284 296
284 297
284 298
284 299
284 300
285 268
285 283
285 284
285 286
285 287
285 296
285 297
285 298
285 299
285 300
286 268
286 284
286 285
286 287
286 288
286 294
286 295
286 296
286 297
286 298
287 285
287 286
287 288
287 289
287 294
287 295
287 296
287 297
288 286
288 287
288 289
288 290
288 292
288 293
288 294
288 295
289 287
289 288
289 290
289 291
289 292
289 293
289 294
289 295
290 288
290 289
290 291
290 292
290 293
291 289
291 290
291 292
291 293
292 288
292 289
292 290
292 291
292 293
292 294
293 288
293 289
293 290
293 291
293 292
293 294
293 295
294 224
294 225
294 286
294 287
294 288
294 289
294 292
294 293
294 295
294 296
295 224
295 225
295 286
295 287
295 288
295 289
295 293
295 294
295 296
295 297
296 225
296 284
296 285
296 286
296 287
296 294
296 295
296 297
296 298
297 284
297 285
297 286
297 287
297 295
297 296
297 298
297 299
298 245
298 284
298 285
298 286
298 296
298 297
298 299
298 300
299 245
299 246
299 247
299 282
299 283
299 284
299 285
299 297
299 298
299 300
299 301
300 247
300 282
300 283
300 284
300 285
300 298
300 299
300 301
300 302
301 249
301 280
301 281
301 282
301 283
301 299
301 300
301 302
301 303
302 280
302 281
302 282
302 300
302 301
302 303
302 304
303 278
303 279
303 280
303 281
303 301
303 302
303 304
303 305
304 278
304 279
304 280
304 281
304 302
304 303
304 305
304 306
304 335
304 344
304 345
304 346
305 278
305 279
305 280
305 303
305 304
305 306
305 307
305 343
305 344
305 345
305 346
306 277
306 278
306 279
306 304
306 305
306 307
306 308
306 344
306 346
307 277
307 278
307 279
307 305
307 306
307 308
307 309
307 310
307 323
307 331
307 346
307 348
308 277
308 306
308 307
308 309
308 310
308 323
308 325
308 328
308 329
308 330
308 331
308 383
309 273
309 274
309 275
309 276
309 277
309 278
309 307
309 308
309 310
309 311
309 325
309 326
309 327
309 328
309 383
310 258
310 259
310 273
310 274
310 275
310 277
310 307
310 308
310 309
310 311
310 312
310 313
310 323
310 324
310 325
310 326
311 14
311 15
311 16
311 258
311 259
311 309
311 310
311 312
311 313
311 323
311 324
311 325
311 326
312 14
312 15
312 16
312 17
312 259
312 260
312 273
312 310
312 311
312 313
312 314
312 323
312 324
312 325
313 17
313 259
313 260
313 261
313 271
313 273
313 310
313 311
313 312
313 314
313 315
313 321
313 322
313 323
313 324
314 17
314 18
314 19
314 261
314 262
314 312
314 313
314 315
314 316
314 321
314 322
314 323
315 19
315 261
315 262
315 263
315 313
315 314
315 316
315 317
315 319
315 320
315 321
315 322
316 19
316 28
316 30
316 43
316 314
316 315
316 317
316 318
316 319
316 320
316 321
316 322
317 315
317 316
317 318
317 319
317 320
317 321
318 316
318 317
318 319
318 320
319 315
319 316
319 317
319 318
319 320
319 321
319 334
319 335
319 336
320 315
320 316
320 317
320 318
320 319
320 321
320 322
320 332
320 333
320 334
320 335
321 313
321 314
321 315
321 316
321 317
321 319
321 320
321 322
321 323
321 332
321 333
321 334
321 335
322 313
322 314
322 315
322 316
322 320
322 321
322 323
322 324
322 330
322 331
322 332
322 333
323 307
323 308
323 310
323 311
323 312
323 313
323 314
323 321
323 322
323 324
323 325
323 330
323 331
323 332
323 333
324 13
324 14
324 15
324 16
324 17
324 310
324 311
324 312
324 313
324 322
324 323
324 325
324 326
324 330
324 331
325 13
325 14
325 15
325 308
325 309
325 310
325 311
325 312
325 323
325 324
325 326
325 327
325 328
325 329
325 330
325 331
325 354
326 13
326 14
326 15
326 309
326 310
326 311
326 324
326 325
326 327
326 328
326 329
326 330
326 354
326 356
326 357
326 1033
327 13
327 309
327 325
327 326
327 328
327 329
327 354
327 356
327 357
327 379
327 380
327 383
327 384
328 13
328 308
328 309
328 325
328 326
328 327
328 329
328 330
328 353
328 354
328 355
328 356
328 378
328 379
328 380
328 383
328 384
329 308
329 325
329 326
329 327
329 328
329 330
329 331
329 351
329 352
329 353
329 354
329 355
329 383
330 14
330 308
330 322
330 323
330 324
330 325
330 326
330 328
330 329
330 331
330 332
330 351
330 352
330 353
330 354
331 307
331 308
331 322
331 323
331 324
331 325
331 329
331 330
331 332
331 333
331 348
331 349
331 350
331 351
331 352
332 320
332 321
332 322
332 323
332 330
332 331
332 333
332 334
332 348
332 349
332 350
332 351
333 320
333 321
333 322
333 323
333 331
333 332
333 334
333 335
333 346
333 347
333 348
333 349
333 350
334 319
334 320
334 321
334 332
334 333
334 335
334 336
334 346
334 347
334 348
334 349
335 304
335 319
335 320
335 321
335 333
335 334
335 336
335 337
335 345
335 346
335 347
336 319
336 334
336 335
336 337
336 338
336 339
336 345
336 346
336 347
337 335
337 336
337 338
337 339
337 345
338 336
338 337
338 339
338 340
338 345
339 336
339 337
339 338
339 340
339 341
339 342
339 343
339 344
339 345
339 346
340 338
340 339
340 341
340 342
340 343
340 344
340 345
341 339
341 340
341 342
341 343
341 344
342 339
342 340
342 341
342 343
342 344
343 305
343 339
343 340
343 341
343 342
343 344
343 345
344 304
344 305
344 306
344 339
344 340
344 341
344 342
344 343
344 345
344 346
344 347
345 304
345 305
345 335
345 336
345 337
345 338
345 339
345 340
345 343
345 344
345 346
345 347
346 304
346 305
346 306
346 307
346 333
346 334
346 335
346 336
346 339
346 344
346 345
346 347
346 348
347 333
347 334
347 335
347 336
347 344
347 345
347 346
347 348
347 349
348 307
348 331
348 332
348 333
348 334
348 346
348 347
348 349
348 350
348 351
349 331
349 332
349 333
349 334
349 347
349 348
349 350
349 351
350 331
350 332
350 333
350 348
350 349
350 351
350 352
351 329
351 330
351 331
351 332
351 348
351 349
351 350
351 352
351 353
352 329
352 330
352 331
352 350
352 351
352 353
352 354
353 12
353 328
353 329
353 330
353 351
353 352
353 354
353 355
354 12
354 13
354 325
354 326
354 327
354 328
354 329
354 330
354 352
354 353
354 355
354 356
354 1034
355 12
355 13
355 328
355 329
355 353
355 354
355 356
355 357
355 358
355 376
355 378
355 379
355 387
355 1033
355 1034
355 1035
356 11
356 12
356 13
356 326
356 327
356 328
356 354
356 355
356 357
356 358
356 378
356 379
356 1031
356 1032
356 1033
356 1034
356 1035
357 13
357 326
357 327
357 355
357 356
357 358
357 359
357 378
357 379
357 380
357 1031
357 1032
357 1033
357 1034
358 355
358 356
358 357
358 359
358 360
358 361
358 376
358 377
358 378
358 379
358 1004
358 1005
358 1030
358 1031
358 1032
358 1033
358 1034
358 1035
359 357
359 358
359 360
359 361
359 376
359 377
359 378
359 720
359 721
359 722
359 1004
359 1005
359 1030
359 1031
359 1032
360 358
360 359
360 361
360 362
360 376
360 377
360 378
360 721
360 722
360 723
360 1004
360 1005
360 1030
361 358
361 359
361 360
361 362
361 363
361 374
361 375
361 376
361 377
361 722
361 723
361 724
361 1005
361 1007
361 1030
362 360
362 361
362 363
362 364
362 374
362 375
362 376
362 723
362 724
362 725
362 1007
363 361
363 362
363 364
363 365
363 372
363 373
363 374
363 375
363 1007
363 1008
363 1009
363 1010
364 362
364 363
364 365
364 366
364 372
364 373
364 374
364 375
364 725
365 363
365 364
365 366
365 367
365 368
365 369
365 370
365 371
365 372
365 373
366 364
366 365
366 367
366 368
366 372
366 373
366 795
367 365
367 366
367 368
367 369
367 371
368 365
368 366
368 367
368 369
368 370
368 371
369 365
369 367
369 368
369 370
369 371
370 365
370 368
370 369
370 371
370 372
370 1013
370 1014
371 365
371 367
371 368
371 369
371 370
371 372
371 373
371 1010
371 1011
371 1012
371 1013
371 1014
372 363
372 364
372 365
372 366
372 370
372 371
372 373
372 374
372 390
372 1009
372 1010
372 1011
372 1012
372 1013
373 363
373 364
373 365
373 366
373 371
373 372
373 374
373 375
373 388
373 389
373 390
373 391
373 1011
374 361
374 362
374 363
374 364
374 372
374 373
374 375
374 376
374 387
374 388
374 389
374 390
374 1011
375 361
375 362
375 363
375 364
375 373
375 374
375 376
375 377
375 386
375 387
375 388
375 389
376 355
376 358
376 359
376 360
376 361
376 362
376 374
376 375
376 377
376 378
376 386
376 387
376 388
376 389
376 723
377 358
377 359
377 360
377 361
377 375
377 376
377 378
377 379
377 384
377 385
377 386
377 387
377 720
377 721
377 722
377 723
378 328
378 355
378 356
378 357
378 358
378 359
378 360
378 376
378 377
378 379
378 380
378 384
378 385
378 386
378 387
378 719
378 720
378 1034
379 327
379 328
379 355
379 356
379 357
379 358
379 377
379 378
379 380
379 381
379 383
379 384
379 385
379 719
379 720
380 327
380 328
380 357
380 378
380 379
380 381
380 382
380 383
380 384
380 385
380 718
380 719
380 720
381 379
381 380
381 382
381 383
381 384
381 717
381 718
381 719
381 737
381 738
381 739
382 276
382 380
382 381
382 383
382 384
382 716
382 717
382 718
382 719
383 308
383 309
383 327
383 328
383 329
383 379
383 380
383 381
383 382
383 384
383 385
383 715
383 716
383 717
383 718
383 719
384 327
384 328
384 377
384 378
384 379
384 380
384 381
384 382
384 383
384 385
384 386
384 715
384 716
384 717
384 718
384 719
384 720
385 377
385 378
385 379
385 380
385 383
385 384
385 386
385 387
385 713
385 714
385 715
385 716
385 717
385 718
385 719
385 720
386 375
386 376
386 377
386 378
386 384
386 385
386 387
386 388
386 713
386 714
386 715
386 716
386 720
387 355
387 374
387 375
387 376
387 377
387 378
387 385
387 386
387 388
387 389
387 711
387 712
387 713
387 714
388 373
388 374
388 375
388 376
388 386
388 387
388 389
388 390
388 711
388 712
388 713
388 714
389 373
389 374
389 375
389 376
389 387
389 388
389 390
389 391
389 709
389 710
389 711
389 712
390 372
390 373
390 374
390 388
390 389
390 391
390 392
390 709
390 710
390 711
390 1011
391 373
391 389
391 390
391 392
391 393
391 669
391 708
391 709
391 710
391 1011
391 1012
392 390
392 391
392 393
392 394
392 668
392 669
392 670
392 671
392 707
392 708
392 709
392 710
393 391
393 392
393 394
393 395
393 668
393 669
393 670
393 671
393 703
393 704
393 705
393 706
393 707
393 708
393 709
393 710
394 392
394 393
394 395
394 396
394 670
394 671
394 703
394 704
394 710
395 393
395 394
395 396
395 397
395 670
395 671
395 672
395 701
395 702
395 703
395 704
396 394
396 395
396 397
396 398
396 701
396 702
396 703
396 704
397 395
397 396
397 398
397 399
397 400
397 699
397 700
397 701
397 702
398 396
398 397
398 399
398 400
398 686
398 699
398 700
398 701
398 702
399 397
399 398
399 400
399 401
399 699
399 700
399 701
400 397
400 398
400 399
400 401
400 402
400 697
400 698
400 699
400 700
401 399
401 400
401 402
401 403
401 697
401 698
401 699
402 400
402 401
402 403
402 404
402 696
402 697
402 698
403 401
403 402
403 404
403 405
403 406
403 696
403 697
403 698
404 402
404 403
404 405
404 406
404 694
404 695
404 696
404 697
405 403
405 404
405 406
405 407
405 428
405 429
405 695
405 696
406 403
406 404
406 405
406 407
406 408
406 409
406 426
406 427
406 428
406 677
406 693
406 694
406 695
407 405
407 406
407 408
407 409
407 426
407 427
407 428
407 429
407 676
407 677
408 406
408 407
408 409
408 410
408 425
408 426
408 427
408 428
408 456
408 457
408 458
408 677
408 678
409 406
409 407
409 408
409 410
409 411
409 424
409 425
409 426
409 427
409 677
409 678
409 679
409 691
410 408
410 409
410 411
410 412
410 424
410 425
410 426
410 458
410 459
410 460
410 679
410 680
411 409
411 410
411 412
411 413
411 421
411 422
411 423
411 424
411 425
411 460
411 679
411 680
411 681
412 410
412 411
412 413
412 414
412 421
412 422
412 423
412 424
412 425
412 460
412 461
413 411
413 412
413 414
413 415
413 416
413 418
413 419
413 420
413 421
413 422
413 423
413 461
414 412
414 413
414 415
414 416
414 421
414 422
414 423
414 467
414 480
414 483
415 413
415 414
415 416
415 417
415 418
415 422
415 480
415 481
416 413
416 414
416 415
416 417
416 418
416 465
416 480
416 481
417 415
417 416
417 418
417 419
418 413
418 415
418 416
418 417
418 419
418 420
418 421
418 422
419 413
419 417
419 418
419 420
419 421
420 413
420 418
420 419
420 421
420 422
420 682
420 683
420 684
421 411
421 412
421 413
421 414
421 418
421 419
421 420
421 422
421 423
421 424
421 437
421 681
421 682
421 683
421 684
422 411
422 412
422 413
422 414
422 415
422 418
422 420
422 421
422 423
422 424
422 436
422 437
422 438
422 683
422 684
423 411
423 412
423 413
423 414
423 421
423 422
423 424
423 425
423 434
423 435
423 436
423 437
424 409
424 410
424 411
424 412
424 421
424 422
424 423
424 425
424 426
424 434
424 435
424 436
424 437
425 408
425 409
425 410
425 411
425 412
425 423
425 424
425 426
425 427
425 432
425 433
425 434
425 435
425 459
426 406
426 407
426 408
426 409
426 410
426 424
426 425
426 427
426 428
426 432
426 433
426 434
426 435
427 406
427 407
427 408
427 409
427 425
427 426
427 428
427 429
427 431
427 432
427 433
427 455
427 456
427 457
428 405
428 406
428 407
428 408
428 426
428 427
428 429
428 430
428 431
428 432
428 433
428 455
428 456
429 405
429 407
429 427
429 428
429 430
429 431
429 454
429 455
430 428
430 429
430 431
430 432
430 453
430 454
430 455
431 427
431 428
431 429
431 430
431 432
431 433
431 452
431 453
431 454
431 455
431 456
432 425
432 426
432 427
432 428
432 430
432 431
432 433
432 434
432 451
432 452
432 453
432 454
432 455
432 456
433 425
433 426
433 427
433 428
433 431
433 432
433 434
433 435
433 444
433 445
433 446
433 452
434 423
434 424
434 425
434 426
434 432
434 433
434 435
434 436
434 444
434 445
434 446
434 447
435 423
435 424
435 425
435 426
435 433
435 434
435 436
435 437
435 442
435 443
435 444
435 445
436 422
436 423
436 424
436 434
436 435
436 437
436 438
436 442
436 443
436 444
436 445
437 421
437 422
437 423
437 424
437 435
437 436
437 438
437 439
437 440
437 441
437 442
437 443
437 683
437 685
438 422
438 436
438 437
438 439
438 440
438 441
438 442
438 443
438 684
438 685
439 437
439 438
439 440
439 441
439 683
439 684
439 685
439 686
440 437
440 438
440 439
440 441
440 442
440 684
440 685
440 686
441 437
441 438
441 439
441 440
441 442
441 443
441 685
442 435
442 436
442 437
442 438
442 440
442 441
442 443
442 444
443 435
443 436
443 437
443 438
443 441
443 442
443 444
443 445
444 433
444 434
444 435
444 436
444 442
444 443
444 445
444 446
445 433
445 434
445 435
445 436
445 443
445 444
445 446
445 447
446 433
446 434
446 444
446 445
446 447
446 448
447 434
447 445
447 446
447 448
447 449
447 450
447 483
448 446
448 447
448 449
448 450
448 451
448 483
448 484
448 485
449 447
449 448
449 450
449 451
449 476
449 477
449 478
449 479
449 483
449 484
449 485
450 447
450 448
450 449
450 451
450 452
450 469
450 476
450 478
450 485
451 432
451 448
451 449
451 450
451 452
451 453
451 454
452 431
452 432
452 433
452 450
452 451
452 453
452 454
452 455
453 430
453 431
453 432
453 451
453 452
453 454
453 455
454 429
454 430
454 431
454 432
454 451
454 452
454 453
454 455
454 456
454 471
454 472
455 427
455 428
455 429
455 430
455 431
455 432
455 452
455 453
455 454
455 456
455 457
455 471
455 472
456 408
456 427
456 428
456 431
456 432
456 454
456 455
456 457
456 458
456 459
456 469
456 470
456 471
456 472
457 408
457 427
457 455
457 456
457 458
457 459
457 469
457 470
457 471
457 472
457 499
457 500
458 408
458 410
458 456
458 457
458 459
458 460
458 468
458 469
458 470
458 471
458 500
458 501
458 502
459 410
459 425
459 456
459 457
459 458
459 460
459 461
459 467
459 468
459 469
459 470
460 410
460 411
460 412
460 458
460 459
460 461
460 462
460 467
460 468
460 469
461 412
461 413
461 459
461 460
461 462
461 463
461 465
461 466
461 467
461 468
461 504
462 460
462 461
462 463
462 464
462 465
462 466
462 467
462 468
462 503
462 504
462 505
462 520
463 461
463 462
463 464
463 465
463 466
463 504
463 505
463 520
463 521
463 522
464 462
464 463
464 465
464 466
464 521
464 522
465 416
465 461
465 462
465 463
465 464
465 466
465 467
465 479
465 480
465 481
466 461
466 462
466 463
466 464
466 465
466 467
466 468
466 477
466 478
466 479
466 480
466 523
467 414
467 459
467 460
467 461
467 462
467 465
467 466
467 468
467 469
467 477
467 478
467 479
467 480
468 458
468 459
468 460
468 461
468 462
468 466
468 467
468 469
468 470
468 475
468 476
468 477
468 478
469 450
469 456
469 457
469 458
469 459
469 460
469 467
469 468
469 470
469 471
469 475
469 476
469 477
469 478
470 456
470 457
470 458
470 459
470 468
470 469
470 471
470 472
470 473
470 474
470 475
470 476
470 500
471 454
471 455
471 456
471 457
471 458
471 469
471 470
471 472
471 473
471 474
471 475
471 497
472 454
472 455
472 456
472 457
472 470
472 471
472 473
472 474
472 496
472 497
472 498
473 470
473 471
473 472
473 474
473 475
473 490
473 494
473 495
473 496
473 497
474 470
474 471
474 472
474 473
474 475
474 476
474 488
474 489
474 490
474 491
474 496
474 497
475 468
475 469
475 470
475 471
475 473
475 474
475 476
475 477
475 488
475 489
475 490
476 449
476 450
476 468
476 469
476 470
476 474
476 475
476 477
476 478
476 485
476 486
476 487
476 488
476 489
477 449
477 466
477 467
477 468
477 469
477 475
477 476
477 478
477 479
477 485
477 486
477 487
477 488
477 523
477 524
477 525
478 449
478 450
478 466
478 467
478 468
478 469
478 476
478 477
478 479
478 480
478 483
478 484
478 485
478 486
478 487
478 523
479 449
479 465
479 466
479 467
479 477
479 478
479 480
479 481
479 482
479 483
479 484
479 485
479 486
479 523
480 414
480 415
480 416
480 465
480 466
480 467
480 478
480 479
480 481
480 482
480 483
480 484
481 415
481 416
481 465
481 479
481 480
481 482
481 483
481 484
482 479
482 480
482 481
482 483
482 484
483 414
483 447
483 448
483 449
483 478
483 479
483 480
483 481
483 482
483 484
483 485
484 448
484 449
484 478
484 479
484 480
484 481
484 482
484 483
484 485
484 486
485 448
485 449
485 450
485 476
485 477
485 478
485 479
485 483
485 484
485 486
485 487
485 488
486 476
486 477
486 478
486 479
486 484
486 485
486 487
486 488
486 523
486 524
487 476
487 477
487 478
487 485
487 486
487 488
487 489
487 523
487 524
487 525
488 474
488 475
488 476
488 477
488 485
488 486
488 487
488 489
488 490
488 525
489 474
489 475
489 476
489 487
489 488
489 490
489 491
489 525
490 473
490 474
490 475
490 488
490 489
490 491
490 492
490 494
491 474
491 489
491 490
491 492
491 493
491 494
491 495
491 496
491 497
492 490
492 491
492 493
492 494
492 495
493 491
493 492
493 494
493 495
494 473
494 490
494 491
494 492
494 493
494 495
494 496
495 473
495 491
495 492
495 493
495 494
495 496
495 497
495 511
496 472
496 473
496 474
496 491
496 494
496 495
496 497
496 498
496 511
497 471
497 472
497 473
497 474
497 491
497 495
497 496
497 498
497 499
497 500
497 509
497 510
497 511
497 512
498 472
498 496
498 497
498 499
498 500
498 509
498 510
498 511
498 512
499 457
499 497
499 498
499 500
499 501
499 509
499 510
499 511
499 537
499 538
499 539
499 540
500 457
500 458
500 470
500 497
500 498
500 499
500 501
500 502
500 507
500 508
500 509
500 510
500 539
500 540
500 541
501 458
501 499
501 500
501 502
501 503
501 507
501 508
501 509
501 540
501 541
501 542
502 458
502 500
502 501
502 503
502 504
502 505
502 506
502 507
502 508
502 541
502 542
502 543
503 462
503 501
503 502
503 504
503 505
503 506
503 507
503 542
503 543
503 544
503 550
503 551
504 461
504 462
504 463
504 502
504 503
504 505
504 506
504 520
504 550
504 551
505 462
505 463
505 502
505 503
505 504
505 506
505 507
505 519
505 520
505 521
505 550
505 551
506 502
506 503
506 504
506 505
506 507
506 508
506 517
506 518
506 519
506 520
506 542
506 551
506 552
507 500
507 501
507 502
507 503
507 505
507 506
507 508
507 509
507 517
507 518
507 519
507 520
507 542
508 500
508 501
508 502
508 506
508 507
508 509
508 510
508 515
508 516
508 517
508 518
508 540
508 542
509 497
509 498
509 499
509 500
509 501
509 507
509 508
509 510
509 511
509 515
509 516
509 517
510 497
510 498
510 499
510 500
510 508
510 509
510 511
510 512
510 513
510 514
510 515
510 516
510 537
511 495
511 496
511 497
511 498
511 499
511 509
511 510
511 512
511 513
511 514
511 515
512 497
512 498
512 510
512 511
512 513
512 514
512 536
512 537
513 510
513 511
513 512
513 514
513 515
513 532
513 533
513 534
513 535
513 536
513 537
514 510
514 511
514 512
514 513
514 515
514 516
514 530
514 531
514 532
514 533
514 536
515 508
515 509
515 510
515 511
515 513
515 514
515 516
515 517
515 530
515 531
515 532
515 533
516 508
516 509
516 510
516 514
516 515
516 517
516 518
516 527
516 528
516 529
516 530
516 531
517 506
517 507
517 508
517 509
517 515
517 516
517 518
517 519
517 527
517 528
517 529
517 530
517 571
518 506
518 507
518 508
518 516
518 517
518 519
518 520
518 525
518 526
518 527
518 528
518 529
519 505
519 506
519 507
519 517
519 518
519 520
519 521
519 525
519 526
519 527
519 528
520 462
520 463
520 504
520 505
520 506
520 507
520 518
520 519
520 521
520 522
520 523
520 524
520 525
520 526
521 463
521 464
521 505
521 519
521 520
521 522
521 523
521 524
521 525
521 526
522 463
522 464
522 520
522 521
522 523
522 524
523 466
523 477
523 478
523 479
523 486
523 487
523 520
523 521
523 522
523 524
523 525
524 477
524 486
524 487
524 520
524 521
524 522
524 523
524 525
524 526
525 477
525 487
525 488
525 489
525 518
525 519
525 520
525 521
525 523
525 524
525 526
525 527
526 518
526 519
526 520
526 521
526 524
526 525
526 527
526 528
527 516
527 517
527 518
527 519
527 525
527 526
527 528
527 529
527 530
528 516
528 517
528 518
528 519
528 526
528 527
528 529
528 530
528 571
529 516
529 517
529 518
529 527
529 528
529 530
529 531
529 571
529 572
530 514
530 515
530 516
530 517
530 527
530 528
530 529
530 531
530 532
530 573
531 514
531 515
531 516
531 529
531 530
531 532
531 533
531 573
532 513
532 514
532 515
532 530
532 531
532 533
532 534
533 513
533 514
533 515
533 531
533 532
533 534
533 535
533 536
533 537
534 513
534 532
534 533
534 535
534 536
535 513
535 533
535 534
535 536
535 537
535 559
535 560
535 561
535 562
536 512
536 513
536 514
536 533
536 534
536 535
536 537
536 538
536 559
536 560
536 561
537 499
537 510
537 512
537 513
537 533
537 535
537 536
537 538
537 539
537 540
537 557
537 558
537 559
537 560
538 499
538 536
538 537
538 539
538 540
538 557
538 558
538 559
538 560
538 586
538 587
538 588
538 589
539 499
539 500
539 537
539 538
539 540
539 541
539 557
539 558
539 559
539 587
539 588
539 589
539 590
540 499
540 500
540 501
540 508
540 537
540 538
540 539
540 541
540 542
540 555
540 556
540 557
540 558
540 589
540 590
540 591
541 500
541 501
541 502
541 539
541 540
541 542
541 543
541 555
541 556
541 557
541 590
541 591
541 592
542 501
542 502
542 503
542 506
542 507
542 508
542 540
542 541
542 543
542 544
542 552
542 554
542 555
542 556
542 592
543 502
543 503
543 541
543 542
543 544
543 545
543 552
543 591
543 592
543 593
544 503
544 542
544 543
544 545
544 546
544 548
544 550
544 551
544 552
544 553
544 554
545 543
545 544
545 546
545 547
545 548
545 552
545 592
545 593
545 594
545 599
545 617
546 544
546 545
546 547
546 548
546 617
547 545
547 546
547 548
547 549
547 550
548 544
548 545
548 546
548 547
548 549
548 550
548 551
548 552
548 553
549 547
549 548
549 550
549 551
550 503
550 504
550 505
550 544
550 547
550 548
550 549
550 551
550 552
551 503
551 504
551 505
551 506
551 544
551 548
551 549
551 550
551 552
551 553
552 506
552 542
552 543
552 544
552 545
552 548
552 550
552 551
552 553
552 554
552 555
552 570
553 544
553 548
553 551
553 552
553 554
553 555
553 569
553 570
553 571
553 617
554 542
554 544
554 552
554 553
554 555
554 556
554 567
554 568
554 569
554 570
554 617
554 620
555 540
555 541
555 542
555 552
555 553
555 554
555 556
555 557
555 567
555 568
555 569
555 570
555 573
556 540
556 541
556 542
556 554
556 555
556 557
556 558
556 565
556 566
556 567
556 568
556 590
556 591
556 592
557 537
557 538
557 539
557 540
557 541
557 555
557 556
557 558
557 559
557 565
557 566
557 567
557 568
557 590
558 537
558 538
558 539
558 540
558 556
558 557
558 559
558 560
558 563
558 564
558 565
558 566
558 586
558 587
558 588
558 589
558 590
558 603
559 535
559 536
559 537
559 538
559 539
559 557
559 558
559 560
559 561
559 562
559 563
559 564
559 565
559 586
559 587
560 535
560 536
560 537
560 538
560 558
560 559
560 561
560 562
560 563
560 564
560 586
560 587
561 535
561 536
561 559
561 560
561 562
561 563
561 586
562 535
562 559
562 560
562 561
562 563
562 564
562 580
562 582
563 558
563 559
563 560
563 561
563 562
563 564
563 565
563 580
563 581
563 582
563 583
563 584
563 585
563 586
563 587
564 558
564 559
564 560
564 562
564 563
564 565
564 566
564 578
564 579
564 580
564 581
564 582
564 587
565 556
565 557
565 558
565 559
565 563
565 564
565 566
565 567
565 578
565 579
565 580
565 581
565 587
565 603
566 556
566 557
566 558
566 564
566 565
566 567
566 568
566 575
566 576
566 577
566 578
566 579
567 554
567 555
567 556
567 557
567 565
567 566
567 568
567 569
567 575
567 576
567 577
567 578
567 620
567 621
568 554
568 555
568 556
568 557
568 566
568 567
568 569
568 570
568 573
568 574
568 575
568 576
568 577
568 620
569 553
569 554
569 555
569 567
569 568
569 570
569 571
569 572
569 573
569 574
569 575
569 576
569 620
570 552
570 553
570 554
570 555
570 568
570 569
570 571
570 572
570 573
570 574
571 517
571 528
571 529
571 553
571 569
571 570
571 572
571 573
572 529
572 569
572 570
572 571
572 573
572 574
573 530
573 531
573 555
573 568
573 569
573 570
573 571
573 572
573 574
573 575
574 568
574 569
574 570
574 572
574 573
574 575
574 576
575 566
575 567
575 568
575 569
575 573
575 574
575 576
575 577
575 578
576 566
576 567
576 568
576 569
576 574
576 575
576 577
576 578
576 619
576 620
576 621
577 566
577 567
577 568
577 575
577 576
577 578
577 579
577 620
577 621
577 622
578 564
578 565
578 566
578 567
578 575
578 576
578 577
578 579
578 580
579 564
579 565
579 566
579 577
579 578
579 580
579 581
579 622
580 562
580 563
580 564
580 565
580 578
580 579
580 581
580 582
581 563
581 564
581 565
581 579
581 580
581 582
581 583
581 611
582 562
582 563
582 564
582 580
582 581
582 583
582 584
583 563
583 581
583 582
583 584
583 585
584 563
584 582
584 583
584 585
584 586
585 563
585 583
585 584
585 586
585 587
585 605
585 606
585 607
586 538
586 558
586 559
586 560
586 561
586 563
586 584
586 585
586 587
586 588
586 605
586 606
587 538
587 539
587 558
587 559
587 560
587 563
587 564
587 565
587 585
587 586
587 588
587 589
587 590
587 603
587 604
587 605
587 606
588 538
588 539
588 558
588 586
588 587
588 589
588 590
588 603
588 604
588 605
588 606
588 634
588 635
588 636
589 538
589 539
589 540
589 558
589 587
589 588
589 590
589 591
589 603
589 604
589 605
589 635
589 636
589 637
590 539
590 540
590 541
590 556
590 557
590 558
590 587
590 588
590 589
590 591
590 592
590 601
590 602
590 603
590 604
590 637
591 540
591 541
591 543
591 556
591 589
591 590
591 592
591 593
591 601
591 602
591 603
591 637
591 638
592 541
592 542
592 543
592 545
592 556
592 590
592 591
592 593
592 594
592 599
592 600
592 601
592 602
593 543
593 545
593 591
593 592
593 594
593 595
593 599
593 600
593 601
593 602
593 639
594 545
594 592
594 593
594 595
594 596
594 597
594 598
594 599
594 600
594 646
595 593
595 594
595 596
595 597
595 598
595 599
595 600
595 645
595 646
595 647
595 659
595 660
595 663
596 594
596 595
596 597
596 598
596 660
596 663
597 594
597 595
597 596
597 598
597 599
598 594
598 595
598 596
598 597
598 599
598 600
598 614
598 663
599 545
599 592
599 593
599 594
599 595
599 597
599 598
599 600
599 601
599 614
599 615
599 616
599 617
600 592
600 593
600 594
600 595
600 598
600 599
600 601
600 602
600 612
600 613
600 614
600 615
601 590
601 591
601 592
601 593
601 599
601 600
601 602
601 603
601 612
601 613
601 614
601 615
601 622
602 590
602 591
602 592
602 593
602 600
602 601
602 603
602 604
602 610
602 611
602 612
602 613
603 558
603 565
603 587
603 588
603 589
603 590
603 591
603 601
603 602
603 604
603 605
603 610
603 611
603 612
604 587
604 588
604 589
604 590
604 602
604 603
604 605
604 606
604 608
604 609
604 610
604 611
604 634
604 635
604 636
604 637
605 585
605 586
605 587
605 588
605 589
605 603
605 604
605 606
605 607
605 608
605 609
605 610
605 634
605 635
606 585
606 586
606 587
606 588
606 604
606 605
606 607
606 608
606 609
606 633
606 634
606 635
607 585
607 605
607 606
607 608
607 609
607 631
607 632
607 633
607 634
607 635
608 604
608 605
608 606
608 607
608 609
608 610
608 629
608 630
608 631
608 632
608 633
608 634
608 635
608 652
609 604
609 605
609 606
609 607
609 608
609 610
609 611
609 627
609 628
609 629
609 630
609 631
609 632
609 635
610 602
610 603
610 604
610 605
610 608
610 609
610 611
610 612
610 627
610 628
610 629
610 630
611 581
611 602
611 603
611 604
611 609
611 610
611 612
611 613
611 625
611 626
611 627
611 628
612 600
612 601
612 602
612 603
612 610
612 611
612 613
612 614
612 624
612 625
612 626
612 627
613 600
613 601
613 602
613 611
613 612
613 614
613 615
613 622
613 623
613 624
613 625
613 626
614 598
614 599
614 600
614 601
614 612
614 613
614 615
614 616
614 622
614 623
614 624
614 625
615 599
615 600
615 601
615 613
615 614
615 616
615 617
615 620
615 621
615 622
615 623
616 599
616 614
616 615
616 617
616 618
616 619
616 620
616 621
616 622
617 545
617 546
617 553
617 554
617 599
617 615
617 616
617 618
617 619
617 620
617 621
618 616
618 617
618 619
618 620
619 576
619 616
619 617
619 618
619 620
619 621
620 554
620 567
620 568
620 569
620 576
620 577
620 615
620 616
620 617
620 618
620 619
620 621
620 622
621 567
621 576
621 577
621 615
621 616
621 617
621 619
621 620
621 622
621 623
622 577
622 579
622 601
622 613
622 614
622 615
622 616
622 620
622 621
622 623
622 624
622 625
623 613
623 614
623 615
623 621
623 622
623 624
623 625
624 612
624 613
624 614
624 622
624 623
624 625
624 626
625 611
625 612
625 613
625 614
625 622
625 623
625 624
625 626
625 627
626 611
626 612
626 613
626 624
626 625
626 627
626 628
627 609
627 610
627 611
627 612
627 625
627 626
627 628
627 629
628 609
628 610
628 611
628 626
628 627
628 629
628 630
629 608
629 609
629 610
629 627
629 628
629 630
629 631
629 632
630 608
630 609
630 610
630 628
630 629
630 631
630 632
630 635
630 650
630 652
630 654
630 655
630 656
631 607
631 608
631 609
631 629
631 630
631 632
631 633
631 634
631 635
631 652
631 653
631 654
631 655
632 607
632 608
632 609
632 629
632 630
632 631
632 633
632 634
632 652
632 653
632 654
633 606
633 607
633 608
633 631
633 632
633 634
633 635
633 652
633 653
634 588
634 604
634 605
634 606
634 607
634 608
634 631
634 632
634 633
634 635
634 636
634 652
635 588
635 589
635 604
635 605
635 606
635 607
635 608
635 609
635 630
635 631
635 633
635 634
635 636
635 637
635 650
635 651
635 652
635 676
636 588
636 589
636 604
636 634
636 635
636 637
636 638
636 650
636 651
636 652
636 676
636 677
637 589
637 590
637 591
637 604
637 635
637 636
637 638
637 639
637 648
637 649
637 650
637 651
638 591
638 636
638 637
638 639
638 640
638 648
638 649
638 650
638 651
638 678
638 679
639 593
639 637
639 638
639 640
639 641
639 646
639 647
639 648
639 649
639 680
640 638
640 639
640 641
640 642
640 646
640 647
640 648
640 649
640 679
640 680
641 639
641 640
641 642
641 643
641 644
641 645
641 646
641 647
641 680
642 640
642 641
642 643
642 644
642 645
642 646
642 647
642 688
643 641
643 642
643 644
643 645
644 641
644 642
644 643
644 645
644 646
645 595
645 641
645 642
645 643
645 644
645 646
645 647
646 594
646 595
646 639
646 640
646 641
646 642
646 644
646 645
646 647
646 648
646 659
647 595
647 639
647 640
647 641
647 642
647 645
647 646
647 648
647 649
647 657
647 658
647 659
647 660
648 637
648 638
648 639
648 640
648 646
648 647
648 649
648 650
648 657
648 658
648 659
649 637
649 638
649 639
649 640
649 647
649 648
649 650
649 651
649 655
649 656
649 657
649 658
649 678
650 630
650 635
650 636
650 637
650 638
650 648
650 649
650 651
650 652
650 655
650 656
650 657
650 658
651 635
651 636
651 637
651 638
651 649
651 650
651 652
651 653
651 654
651 655
651 656
651 674
651 675
651 676
651 677
651 678
652 608
652 630
652 631
652 632
652 633
652 634
652 635
652 636
652 650
652 651
652 653
652 654
652 655
652 656
652 674
652 675
652 676
653 631
653 632
653 633
653 651
653 652
653 654
653 655
653 673
653 674
653 675
653 676
654 630
654 631
654 632
654 651
654 652
654 653
654 655
654 656
654 669
654 670
654 672
654 673
654 674
654 675
655 630
655 631
655 649
655 650
655 651
655 652
655 653
655 654
655 656
655 657
655 669
655 670
655 671
655 672
655 673
655 674
655 675
656 630
656 649
656 650
656 651
656 652
656 654
656 655
656 657
656 658
656 667
656 668
656 669
656 670
657 647
657 648
657 649
657 650
657 655
657 656
657 658
657 659
657 667
657 668
657 669
657 670
658 647
658 648
658 649
658 650
658 656
658 657
658 659
658 660
658 665
658 666
658 667
658 668
659 595
659 646
659 647
659 648
659 657
659 658
659 660
659 661
659 665
659 666
659 667
660 595
660 596
660 647
660 658
660 659
660 661
660 662
660 663
660 664
660 665
660 666
661 659
661 660
661 662
661 663
661 664
661 665
661 666
662 660
662 661
662 663
662 664
662 1098
663 595
663 596
663 598
663 660
663 661
663 662
663 664
663 665
664 660
664 661
664 662
664 663
664 665
664 666
665 658
665 659
665 660
665 661
665 663
665 664
665 666
665 667
666 658
666 659
666 660
666 661
666 664
666 665
666 667
666 668
667 656
667 657
667 658
667 659
667 665
667 666
667 668
667 669
668 392
668 393
668 656
668 657
668 658
668 666
668 667
668 669
668 670
668 708
669 391
669 392
669 393
669 654
669 655
669 656
669 657
669 667
669 668
669 670
669 671
670 392
670 393
670 394
670 395
670 654
670 655
670 656
670 657
670 668
670 669
670 671
670 672
671 392
671 393
671 394
671 395
671 655
671 669
671 670
671 672
671 673
672 395
672 654
672 655
672 670
672 671
672 673
672 674
672 675
673 653
673 654
673 655
673 671
673 672
673 674
673 675
674 651
674 652
674 653
674 654
674 655
674 672
674 673
674 675
674 676
674 694
675 651
675 652
675 653
675 654
675 655
675 672
675 673
675 674
675 676
675 677
675 678
675 692
675 693
675 694
676 407
676 635
676 636
676 651
676 652
676 653
676 674
676 675
676 677
676 678
676 692
676 693
676 694
676 695
677 406
677 407
677 408
677 409
677 636
677 651
677 675
677 676
677 678
677 679
677 692
677 693
677 694
678 408
678 409
678 638
678 649
678 651
678 675
678 676
678 677
678 679
678 680
678 690
678 691
678 692
678 693
679 409
679 410
679 411
679 638
679 640
679 677
679 678
679 680
679 681
679 690
679 691
679 692
680 410
680 411
680 639
680 640
680 641
680 678
680 679
680 681
680 682
680 688
680 689
680 690
680 691
681 411
681 421
681 679
681 680
681 682
681 683
681 686
681 687
681 688
681 689
681 690
681 691
682 420
682 421
682 680
682 681
682 683
682 684
682 686
682 687
682 688
682 689
682 690
683 420
683 421
683 422
683 437
683 439
683 681
683 682
683 684
683 685
683 686
683 687
683 688
683 689
684 420
684 421
684 422
684 438
684 439
684 440
684 682
684 683
684 685
684 686
684 687
685 437
685 438
685 439
685 440
685 441
685 683
685 684
685 686
685 687
686 398
686 439
686 440
686 681
686 682
686 683
686 684
686 685
686 687
686 688
686 689
686 700
686 701
687 681
687 682
687 683
687 684
687 685
687 686
687 688
687 689
688 642
688 680
688 681
688 682
688 683
688 686
688 687
688 689
688 690
688 702
689 680
689 681
689 682
689 683
689 686
689 687
689 688
689 690
689 691
689 700
689 701
689 702
689 703
690 678
690 679
690 680
690 681
690 682
690 688
690 689
690 691
690 692
690 700
690 701
690 702
690 703
691 409
691 678
691 679
691 680
691 681
691 689
691 690
691 692
691 693
691 698
691 699
691 700
691 701
692 675
692 676
692 677
692 678
692 679
692 690
692 691
692 693
692 694
692 698
692 699
692 700
692 701
693 406
693 675
693 676
693 677
693 678
693 691
693 692
693 694
693 695
693 696
693 697
693 698
693 699
694 404
694 406
694 674
694 675
694 676
694 677
694 692
694 693
694 695
694 696
694 697
694 698
695 404
695 405
695 406
695 676
695 693
695 694
695 696
695 697
696 402
696 403
696 404
696 405
696 693
696 694
696 695
696 697
696 698
697 400
697 401
697 402
697 403
697 404
697 693
697 694
697 695
697 696
697 698
697 699
698 400
698 401
698 402
698 403
698 691
698 692
698 693
698 694
698 696
698 697
698 699
698 700
699 397
699 398
699 399
699 400
699 401
699 691
699 692
699 693
699 697
699 698
699 700
699 701
700 397
700 398
700 399
700 400
700 686
700 689
700 690
700 691
700 692
700 698
700 699
700 701
700 702
701 395
701 396
701 397
701 398
701 399
701 686
701 689
701 690
701 691
701 692
701 699
701 700
701 702
701 703
702 395
702 396
702 397
702 398
702 688
702 689
702 690
702 700
702 701
702 703
702 704
703 393
703 394
703 395
703 396
703 689
703 690
703 701
703 702
703 704
703 705
704 393
704 394
704 395
704 396
704 702
704 703
704 705
704 706
704 707
705 393
705 703
705 704
705 706
705 707
706 393
706 704
706 705
706 707
706 708
707 392
707 393
707 704
707 705
707 706
707 708
707 709
707 710
708 391
708 392
708 393
708 668
708 706
708 707
708 709
708 710
709 9
709 389
709 390
709 391
709 392
709 393
709 707
709 708
709 710
709 711
710 389
710 390
710 391
710 392
710 393
710 394
710 707
710 708
710 709
710 711
710 712
711 387
711 388
711 389
711 390
711 709
711 710
711 712
711 713
712 387
712 388
712 389
712 710
712 711
712 713
712 714
713 385
713 386
713 387
713 388
713 711
713 712
713 714
713 715
714 385
714 386
714 387
714 388
714 712
714 713
714 715
714 716
714 798
715 383
715 384
715 385
715 386
715 713
715 714
715 716
715 717
715 755
716 382
716 383
716 384
716 385
716 386
716 714
716 715
716 717
716 718
716 719
716 720
716 754
716 755
717 381
717 382
717 383
717 384
717 385
717 715
717 716
717 718
717 719
717 753
717 754
717 755
718 380
718 381
718 382
718 383
718 384
718 385
718 716
718 717
718 719
718 720
718 736
718 737
718 738
718 739
718 754
718 755
719 378
719 379
719 380
719 381
719 382
719 383
719 384
719 385
719 716
719 717
719 718
719 720
719 721
719 736
719 737
719 738
720 359
720 377
720 378
720 379
720 380
720 384
720 385
720 386
720 716
720 718
720 719
720 721
720 722
720 734
720 735
720 736
720 737
721 359
721 360
721 377
721 719
721 720
721 722
721 723
721 734
721 735
721 736
721 737
721 813
722 359
722 360
722 361
722 377
722 720
722 721
722 723
722 724
722 734
722 735
722 736
722 813
722 814
722 815
723 360
723 361
723 362
723 376
723 377
723 721
723 722
723 724
723 725
723 732
723 733
723 734
723 735
723 815
724 361
724 362
724 722
724 723
724 725
724 726
724 732
724 733
724 734
724 815
724 816
724 817
725 362
725 364
725 723
725 724
725 726
725 727
725 730
725 731
725 732
725 733
725 817
726 724
726 725
726 727
726 728
726 729
726 730
726 731
726 732
726 733
726 817
726 818
726 826
727 725
727 726
727 728
727 729
727 730
727 731
728 726
728 727
728 729
728 730
728 826
729 726
729 727
729 728
729 730
729 731
729 852
729 853
730 725
730 726
730 727
730 728
730 729
730 731
730 732
730 794
730 795
731 725
731 726
731 727
731 729
731 730
731 732
731 733
731 792
731 793
731 794
731 795
732 723
732 724
732 725
732 726
732 730
732 731
732 733
732 734
732 791
732 792
732 793
732 794
732 795
733 723
733 724
733 725
733 726
733 731
733 732
733 734
733 735
733 790
733 791
733 792
733 793
733 815
733 817
733 828
734 720
734 721
734 722
734 723
734 724
734 732
734 733
734 735
734 736
734 790
734 791
734 792
734 793
734 815
735 720
735 721
735 722
735 723
735 733
735 734
735 736
735 737
735 788
735 789
735 790
735 791
735 812
735 813
735 815
736 718
736 719
736 720
736 721
736 722
736 734
736 735
736 737
736 738
736 756
736 788
736 789
736 790
736 791
737 381
737 718
737 719
737 720
737 721
737 735
737 736
737 738
737 739
737 786
737 787
737 788
737 789
738 381
738 718
738 719
738 736
738 737
738 739
738 740
738 750
738 754
738 786
738 787
738 788
739 381
739 718
739 737
739 738
739 740
739 741
739 750
739 751
739 784
739 785
739 786
739 787
740 738
740 739
740 741
740 742
740 748
740 749
740 750
740 751
740 784
740 785
740 786
740 787
741 739
741 740
741 742
741 743
741 748
741 749
741 750
741 751
741 782
741 783
741 784
741 785
742 740
742 741
742 743
742 744
742 746
742 747
742 748
742 749
742 781
742 782
742 783
742 784
742 785
743 741
743 742
743 744
743 745
743 746
743 747
743 748
743 749
743 781
743 782
744 742
744 743
744 745
744 746
744 747
744 781
745 743
745 744
745 746
745 747
746 742
746 743
746 744
746 745
746 747
746 748
746 779
747 742
747 743
747 744
747 745
747 746
747 748
747 749
748 740
748 741
748 742
748 743
748 746
748 747
748 749
748 750
748 785
749 740
749 741
749 742
749 743
749 747
749 748
749 750
749 751
750 738
750 739
750 740
750 741
750 748
750 749
750 751
750 752
750 753
751 739
751 740
751 741
751 749
751 750
751 752
751 753
752 750
752 751
752 753
752 754
753 717
753 750
753 751
753 752
753 754
753 755
753 757
753 758
754 716
754 717
754 718
754 738
754 752
754 753
754 755
754 756
754 757
754 758
755 715
755 716
755 717
755 718
755 753
755 754
755 756
755 757
755 758
755 759
755 791
755 800
756 736
756 754
756 755
756 757
756 758
756 759
756 762
756 789
756 791
756 800
756 802
756 803
756 804
756 805
757 753
757 754
757 755
757 756
757 758
757 759
757 803
758 753
758 754
758 755
758 756
758 757
758 759
758 760
758 800
759 755
759 756
759 757
759 758
759 760
759 761
759 762
759 799
759 800
759 801
759 802
759 803
760 758
760 759
760 761
760 762
760 800
760 801
760 802
761 759
761 760
761 762
761 763
761 801
761 802
761 803
762 756
762 759
762 760
762 761
762 763
762 764
762 802
762 803
762 804
762 805
763 761
763 762
763 764
763 765
763 802
763 803
763 804
763 805
764 762
764 763
764 765
764 766
764 804
764 805
764 806
764 807
765 763
765 764
765 766
765 767
765 804
765 805
765 806
765 807
766 764
766 765
766 767
766 768
766 807
767 765
767 766
767 768
767 769
767 770
768 766
768 767
768 769
768 770
768 771
769 767
769 768
769 770
769 771
769 864
770 767
770 768
770 769
770 771
770 772
771 768
771 769
771 770
771 772
771 773
771 774
772 770
772 771
772 773
772 774
773 771
773 772
773 774
773 775
774 771
774 772
774 773
774 775
774 776
774 777
775 773
775 774
775 776
775 777
776 774
776 775
776 777
776 778
776 779
777 774
777 775
777 776
777 778
777 779
778 776
778 777
778 779
778 780
779 746
779 776
779 777
779 778
779 780
779 781
780 778
780 779
780 781
780 782
780 783
781 742
781 743
781 744
781 779
781 780
781 782
781 783
782 741
782 742
782 743
782 780
782 781
782 783
782 784
783 741
783 742
783 780
783 781
783 782
783 784
783 785
784 739
784 740
784 741
784 742
784 782
784 783
784 785
784 786
785 739
785 740
785 741
785 742
785 748
785 783
785 784
785 786
785 787
786 737
786 738
786 739
786 740
786 784
786 785
786 787
786 788
786 809
787 737
787 738
787 739
787 740
787 785
787 786
787 788
787 789
787 805
787 806
787 807
787 808
787 809
787 810
787 811
788 735
788 736
788 737
788 738
788 786
788 787
788 789
788 790
788 805
788 806
788 807
788 810
788 811
788 812
789 735
789 736
789 737
789 756
789 787
789 788
789 790
789 791
789 803
789 804
789 805
789 806
789 812
790 733
790 734
790 735
790 736
790 788
790 789
790 791
790 792
790 803
790 804
790 805
790 806
791 732
791 733
791 734
791 735
791 736
791 755
791 756
791 789
791 790
791 792
791 793
791 800
791 801
791 802
791 803
791 804
792 731
792 732
792 733
792 734
792 790
792 791
792 793
792 794
792 800
792 801
792 802
792 803
793 731
793 732
793 733
793 734
793 791
793 792
793 794
793 795
793 798
793 799
793 800
793 801
793 802
794 730
794 731
794 732
794 792
794 793
794 795
794 796
794 797
794 798
794 799
794 800
794 801
795 366
795 730
795 731
795 732
795 793
795 794
795 796
795 797
795 798
796 794
796 795
796 797
796 798
797 794
797 795
797 796
797 798
797 799
798 714
798 793
798 794
798 795
798 796
798 797
798 799
798 800
799 759
799 793
799 794
799 797
799 798
799 800
799 801
800 755
800 756
800 758
800 759
800 760
800 791
800 792
800 793
800 794
800 798
800 799
800 801
800 802
800 803
801 759
801 760
801 761
801 791
801 792
801 793
801 794
801 799
801 800
801 802
801 803
801 855
802 756
802 759
802 760
802 761
802 762
802 763
802 791
802 792
802 793
802 800
802 801
802 803
802 804
802 856
802 857
803 756
803 757
803 759
803 761
803 762
803 763
803 789
803 790
803 791
803 792
803 800
803 801
803 802
803 804
803 805
804 756
804 762
804 763
804 764
804 765
804 789
804 790
804 791
804 802
804 803
804 805
804 806
805 756
805 762
805 763
805 764
805 765
805 787
805 788
805 789
805 790
805 803
805 804
805 806
805 807
806 764
806 765
806 787
806 788
806 789
806 790
806 804
806 805
806 807
806 808
806 810
806 811
806 812
807 764
807 765
807 766
807 787
807 788
807 805
807 806
807 808
807 809
807 810
808 787
808 806
808 807
808 809
808 810
809 786
809 787
809 807
809 808
809 810
809 811
809 834
809 835
809 836
810 787
810 788
810 806
810 807
810 808
810 809
810 811
810 812
810 832
810 833
810 834
810 835
810 845
811 787
811 788
811 806
811 809
811 810
811 812
811 813
811 832
811 833
811 834
811 835
812 735
812 788
812 789
812 806
812 810
812 811
812 813
812 814
812 830
812 831
812 832
812 833
813 721
813 722
813 735
813 811
813 812
813 814
813 815
813 830
813 831
813 832
813 833
813 868
813 869
813 870
813 871
814 722
814 812
814 813
814 815
814 816
814 830
814 831
814 832
814 869
814 870
814 871
814 872
815 722
815 723
815 724
815 733
815 734
815 735
815 813
815 814
815 816
815 817
815 828
815 829
815 830
815 831
815 871
815 872
816 724
816 814
816 815
816 817
816 818
816 828
816 829
816 830
816 872
816 873
816 874
817 724
817 725
817 726
817 733
817 815
817 816
817 818
817 819
817 826
817 827
817 828
817 829
818 726
818 816
818 817
818 819
818 820
818 826
818 827
818 828
818 829
818 874
819 817
819 818
819 820
819 821
819 822
819 823
819 824
819 825
819 826
819 827
819 874
819 877
820 818
820 819
820 821
820 822
820 823
820 825
820 826
820 874
820 877
820 878
820 879
820 892
821 819
821 820
821 822
821 823
821 876
821 877
821 878
821 891
821 892
821 893
822 819
822 820
822 821
822 823
822 824
822 877
823 819
823 820
823 821
823 822
823 824
823 825
823 826
824 819
824 822
824 823
824 825
824 826
825 819
825 820
825 823
825 824
825 826
825 827
825 851
826 726
826 728
826 817
826 818
826 819
826 820
826 823
826 824
826 825
826 827
826 828
826 851
827 817
827 818
827 819
827 825
827 826
827 828
827 829
827 849
827 850
827 851
827 852
828 733
828 815
828 816
828 817
828 818
828 826
828 827
828 829
828 830
828 849
828 850
828 851
828 852
829 815
829 816
829 817
829 818
829 827
829 828
829 830
829 831
829 847
829 848
829 849
829 850
830 812
830 813
830 814
830 815
830 816
830 828
830 829
830 831
830 832
830 847
830 848
830 849
830 850
831 812
831 813
831 814
831 815
831 829
831 830
831 832
831 833
831 845
831 846
831 847
831 848
831 868
831 869
831 870
831 871
831 872
832 810
832 811
832 812
832 813
832 814
832 830
832 831
832 833
832 834
832 845
832 846
832 847
832 848
832 868
832 869
832 870
833 810
833 811
833 812
833 813
833 831
833 832
833 834
833 835
833 842
833 843
833 844
833 845
833 846
833 867
833 868
833 869
834 809
834 810
834 811
834 832
834 833
834 835
834 836
834 842
834 843
834 844
834 845
834 868
835 809
835 810
835 811
835 833
835 834
835 836
835 837
835 839
835 841
835 842
836 809
836 834
836 835
836 837
836 838
836 839
836 842
837 835
837 836
837 838
837 839
837 840
838 836
838 837
838 839
838 840
839 835
839 836
839 837
839 838
839 840
839 841
839 842
839 843
840 837
840 838
840 839
840 841
840 842
841 835
841 839
841 840
841 842
841 843
841 867
842 833
842 834
842 835
842 836
842 839
842 840
842 841
842 843
842 844
842 845
842 867
842 868
843 833
843 834
843 839
843 841
843 842
843 844
843 845
843 866
843 867
843 868
844 833
844 834
844 842
844 843
844 845
844 846
844 864
844 865
844 866
844 867
844 868
845 810
845 831
845 832
845 833
845 834
845 842
845 843
845 844
845 846
845 847
845 864
845 865
845 866
845 867
845 868
845 869
846 831
846 832
846 833
846 844
846 845
846 847
846 848
846 862
846 863
846 864
846 865
846 868
846 869
847 829
847 830
847 831
847 832
847 845
847 846
847 848
847 849
847 862
847 863
847 864
847 865
847 869
848 829
848 830
848 831
848 832
848 846
848 847
848 849
848 850
848 859
848 860
848 861
848 862
848 863
849 827
849 828
849 829
849 830
849 847
849 848
849 850
849 851
849 859
849 860
849 861
849 862
850 827
850 828
850 829
850 830
850 848
850 849
850 851
850 852
850 857
850 858
850 859
850 860
850 861
851 825
851 826
851 827
851 828
851 849
851 850
851 852
851 853
851 857
851 858
851 859
851 860
852 729
852 827
852 828
852 850
852 851
852 853
852 854
852 855
852 856
852 857
852 858
853 729
853 851
853 852
853 854
853 855
853 856
853 857
854 852
854 853
854 855
854 856
855 801
855 852
855 853
855 854
855 856
855 857
856 802
856 852
856 853
856 854
856 855
856 857
856 858
857 802
857 850
857 851
857 852
857 853
857 855
857 856
857 858
857 859
858 850
858 851
858 852
858 856
858 857
858 859
858 860
859 848
859 849
859 850
859 851
859 857
859 858
859 860
859 861
859 862
860 848
860 849
860 850
860 851
860 858
860 859
860 861
860 862
860 896
861 848
861 849
861 850
861 859
861 860
861 862
861 863
861 896
861 897
861 898
862 846
862 847
862 848
862 849
862 859
862 860
862 861
862 863
862 864
862 897
862 898
863 846
863 847
863 848
863 861
863 862
863 864
863 865
863 897
863 898
864 769
864 844
864 845
864 846
864 847
864 862
864 863
864 865
864 866
865 844
865 845
865 846
865 847
865 863
865 864
865 866
865 867
865 868
865 883
866 843
866 844
866 845
866 864
866 865
866 867
866 868
866 883
867 833
867 841
867 842
867 843
867 844
867 845
867 865
867 866
867 868
867 869
867 883
867 884
868 813
868 831
868 832
868 833
868 834
868 842
868 843
868 844
868 845
868 846
868 865
868 866
868 867
868 869
868 870
868 883
868 884
869 813
869 814
869 831
869 832
869 833
869 845
869 846
869 847
869 867
869 868
869 870
869 871
869 872
869 881
869 882
869 883
869 884
870 813
870 814
870 831
870 832
870 868
870 869
870 871
870 872
870 881
870 882
870 883
870 884
870 910
870 911
870 912
871 813
871 814
871 815
871 831
871 869
871 870
871 872
871 873
871 881
871 882
871 883
871 910
871 911
871 912
871 913
872 814
872 815
872 816
872 831
872 869
872 870
872 871
872 873
872 874
872 879
872 880
872 881
872 882
872 913
873 816
873 871
873 872
873 874
873 875
873 879
873 880
873 881
873 913
873 914
873 915
874 816
874 818
874 819
874 820
874 872
874 873
874 875
874 876
874 877
874 878
874 879
874 880
875 873
875 874
875 876
875 877
875 878
875 879
875 880
875 915
876 821
876 874
876 875
876 877
876 878
876 918
877 819
877 820
877 821
877 822
877 874
877 875
877 876
877 878
877 879
877 891
877 892
878 820
878 821
878 874
878 875
878 876
878 877
878 879
878 880
878 889
878 890
878 891
878 892
879 820
879 872
879 873
879 874
879 875
879 877
879 878
879 880
879 881
879 889
879 890
879 891
879 892
880 872
880 873
880 874
880 875
880 878
880 879
880 881
880 882
880 887
880 888
880 889
880 890
881 869
881 870
881 871
881 872
881 873
881 879
881 880
881 882
881 883
881 887
881 888
881 889
881 913
882 869
882 870
882 871
882 872
882 880
882 881
882 883
882 884
882 885
882 886
882 887
882 888
882 910
882 911
882 912
882 913
883 865
883 866
883 867
883 868
883 869
883 870
883 871
883 881
883 882
883 884
883 885
883 886
883 887
883 888
883 909
883 910
884 867
884 868
884 869
884 870
884 882
884 883
884 885
884 886
884 908
884 909
884 910
884 911
885 882
885 883
885 884
885 886
885 887
885 905
885 906
885 907
885 908
885 909
885 910
886 882
886 883
886 884
886 885
886 887
886 888
886 903
886 904
886 905
886 906
886 907
886 909
886 910
887 880
887 881
887 882
887 883
887 885
887 886
887 888
887 889
887 903
887 904
887 905
887 910
888 880
888 881
888 882
888 883
888 886
888 887
888 889
888 890
888 900
888 901
888 902
888 903
888 904
889 878
889 879
889 880
889 881
889 887
889 888
889 890
889 891
889 900
889 901
889 902
889 903
890 878
890 879
890 880
890 888
890 889
890 891
890 892
890 898
890 899
890 900
890 901
890 902
891 821
891 877
891 878
891 879
891 889
891 890
891 892
891 893
891 898
891 899
891 900
891 901
892 820
892 821
892 877
892 878
892 879
892 890
892 891
892 893
892 894
892 896
892 897
892 898
892 899
893 821
893 891
893 892
893 894
893 895
893 896
893 897
893 898
893 899
894 892
894 893
894 895
894 896
894 897
895 893
895 894
895 896
895 897
896 860
896 861
896 892
896 893
896 894
896 895
896 897
896 898
897 861
897 862
897 863
897 892
897 893
897 894
897 895
897 896
897 898
897 899
898 861
898 862
898 863
898 890
898 891
898 892
898 893
898 896
898 897
898 899
898 900
899 890
899 891
899 892
899 893
899 897
899 898
899 900
899 901
900 888
900 889
900 890
900 891
900 898
900 899
900 901
900 902
901 888
901 889
901 890
901 891
901 899
901 900
901 902
901 903
901 939
902 888
902 889
902 890
902 900
902 901
902 903
902 904
902 939
902 940
902 941
903 886
903 887
903 888
903 889
903 901
903 902
903 904
903 905
903 940
903 941
904 886
904 887
904 888
904 902
904 903
904 905
904 906
904 940
904 941
905 885
905 886
905 887
905 903
905 904
905 906
905 907
906 885
906 886
906 904
906 905
906 907
906 908
907 885
907 886
907 905
907 906
907 908
907 909
907 910
907 924
907 927
908 884
908 885
908 906
908 907
908 909
908 910
908 924
908 925
908 926
908 927
909 883
909 884
909 885
909 886
909 907
909 908
909 910
909 911
909 924
909 925
909 926
910 870
910 871
910 882
910 883
910 884
910 885
910 886
910 887
910 907
910 908
910 909
910 911
910 912
910 913
910 922
910 923
910 924
910 925
911 870
911 871
911 882
911 884
911 909
911 910
911 912
911 913
911 922
911 923
911 924
911 925
912 870
912 871
912 882
912 910
912 911
912 913
912 914
912 922
912 923
912 924
912 955
912 956
913 871
913 872
913 873
913 881
913 882
913 910
913 911
913 912
913 914
913 915
913 920
913 921
913 922
913 923
913 956
914 873
914 912
914 913
914 915
914 916
914 920
914 921
914 922
914 956
914 957
914 958
915 873
915 875
915 913
915 914
915 916
915 917
915 918
915 919
915 920
915 921
915 958
916 914
916 915
916 917
916 918
916 919
916 920
916 958
916 961
917 915
917 916
917 918
917 919
918 876
918 915
918 916
918 917
918 919
918 920
918 933
918 934
919 915
919 916
919 917
919 918
919 920
919 921
919 931
919 932
919 933
919 934
920 913
920 914
920 915
920 916
920 918
920 919
920 921
920 922
920 931
920 932
920 933
920 934
921 913
921 914
921 915
921 919
921 920
921 922
921 923
921 929
921 930
921 931
921 932
921 956
921 957
921 958
921 964
922 910
922 911
922 912
922 913
922 914
922 920
922 921
922 923
922 924
922 929
922 930
922 931
922 932
922 956
923 910
923 911
923 912
923 913
923 921
923 922
923 924
923 925
923 927
923 928
923 929
923 930
923 953
923 955
923 956
924 907
924 908
924 909
924 910
924 911
924 912
924 922
924 923
924 925
924 926
924 927
924 928
924 929
924 930
924 952
924 953
925 908
925 909
925 910
925 911
925 923
925 924
925 926
925 927
925 928
925 951
925 952
925 953
926 908
926 909
926 924
926 925
926 927
926 928
926 950
926 951
926 952
926 953
927 907
927 908
927 923
927 924
927 925
927 926
927 928
927 929
927 947
927 948
927 949
927 950
927 951
927 952
928 923
928 924
928 925
928 926
928 927
928 929
928 930
928 947
928 948
928 949
928 950
928 951
928 952
928 953
928 966
929 921
929 922
929 923
929 924
929 927
929 928
929 930
929 931
929 946
929 947
929 953
929 956
929 966
930 921
930 922
930 923
930 924
930 928
930 929
930 931
930 932
930 943
930 944
930 945
930 946
930 947
930 991
931 919
931 920
931 921
931 922
931 929
931 930
931 932
931 933
931 943
931 944
931 945
931 946
932 919
932 920
932 921
932 922
932 930
932 931
932 933
932 934
932 941
932 942
932 943
932 944
932 945
933 918
933 919
933 920
933 931
933 932
933 934
933 935
933 941
933 942
933 943
933 944
934 918
934 919
934 920
934 932
934 933
934 935
934 936
934 939
934 940
934 941
934 942
935 933
935 934
935 936
935 937
935 938
935 939
935 940
935 941
935 942
936 934
936 935
936 937
936 938
936 939
936 940
937 935
937 936
937 938
937 939
938 935
938 936
938 937
938 939
938 940
939 901
939 902
939 934
939 935
939 936
939 937
939 938
939 940
939 941
940 902
940 903
940 904
940 934
940 935
940 936
940 938
940 939
940 941
940 942
941 902
941 903
941 904
941 932
941 933
941 934
941 935
941 939
941 940
941 942
941 943
942 932
942 933
942 934
942 935
942 940
942 941
942 943
942 944
943 930
943 931
943 932
943 933
943 941
943 942
943 944
943 945
943 946
943 989
944 930
944 931
944 932
944 933
944 942
944 943
944 945
944 946
944 988
944 989
945 930
945 931
945 932
945 943
945 944
945 946
945 947
945 978
945 988
945 989
945 990
945 991
946 929
946 930
946 931
946 943
946 944
946 945
946 947
946 948
946 989
946 990
946 991
947 927
947 928
947 929
947 930
947 945
947 946
947 948
947 949
947 976
947 990
947 991
947 992
947 993
948 927
948 928
948 946
948 947
948 949
948 950
948 990
948 991
949 927
949 928
949 947
949 948
949 950
949 951
950 926
950 927
950 928
950 948
950 949
950 951
950 952
951 925
951 926
951 927
951 928
951 949
951 950
951 952
951 953
951 968
951 969
952 924
952 925
952 926
952 927
952 928
952 950
952 951
952 953
952 954
952 968
952 969
953 923
953 924
953 925
953 926
953 928
953 929
953 951
953 952
953 954
953 955
953 956
953 966
953 967
953 968
953 969
954 952
954 953
954 955
954 956
954 966
954 967
954 968
954 969
954 1002
954 1003
954 1004
954 1005
955 912
955 923
955 953
955 954
955 956
955 957
955 966
955 967
955 968
955 1003
955 1004
955 1005
955 1006
956 912
956 913
956 914
956 921
956 922
956 923
956 929
956 953
956 954
956 955
956 957
956 958
956 964
956 965
956 966
956 967
956 1005
956 1006
957 914
957 921
957 955
957 956
957 958
957 959
957 964
957 965
957 966
957 1006
957 1007
957 1027
958 914
958 915
958 916
958 921
958 956
958 957
958 959
958 960
958 961
958 963
958 964
958 965
959 957
959 958
959 960
959 961
959 962
959 963
959 964
959 965
959 1025
959 1027
959 1041
960 958
960 959
960 961
960 962
960 963
960 964
961 916
961 958
961 959
961 960
961 962
961 963
962 959
962 960
962 961
962 963
962 964
962 977
962 978
962 979
963 1
963 958
963 959
963 960
963 961
963 962
963 964
963 965
963 975
963 976
963 977
963 978
964 921
964 956
964 957
964 958
964 959
964 960
964 962
964 963
964 965
964 966
964 975
964 976
964 977
965 956
965 957
965 958
965 959
965 963
965 964
965 966
965 967
965 973
965 974
965 975
965 976
966 928
966 929
966 953
966 954
966 955
966 956
966 957
966 964
966 965
966 967
966 968
966 973
966 974
966 975
966 976
967 953
967 954
967 955
967 956
967 965
967 966
967 968
967 969
967 971
967 972
967 973
967 974
967 1002
967 1003
968 951
968 952
968 953
968 954
968 955
968 966
968 967
968 969
968 970
968 971
968 972
968 973
968 1002
968 1003
969 951
969 952
969 953
969 954
969 967
969 968
969 970
969 971
969 972
969 1002
970 968
970 969
970 971
970 972
970 1002
970 1076
970 1077
971 967
971 968
971 969
971 970
971 972
971 973
971 998
971 999
971 1000
971 1001
971 1002
971 1003
972 967
972 968
972 969
972 970
972 971
972 973
972 974
972 996
972 997
972 998
972 999
972 1000
972 1001
972 1002
972 1075
972 1076
973 965
973 966
973 967
973 968
973 971
973 972
973 974
973 975
973 995
973 996
973 997
973 998
973 999
974 965
974 966
974 967
974 972
974 973
974 975
974 976
974 993
974 994
974 995
974 996
974 997
975 1
975 963
975 964
975 965
975 966
975 973
975 974
975 976
975 977
975 993
975 994
975 995
975 996
975 1086
976 947
976 963
976 964
976 965
976 966
976 974
976 975
976 977
976 978
976 991
976 992
976 993
976 994
976 995
977 0
977 1
977 962
977 963
977 964
977 975
977 976
977 978
977 979
977 991
977 992
977 993
977 994
978 945
978 962
978 963
978 976
978 977
978 979
978 980
978 988
978 990
978 991
978 992
979 962
979 977
979 978
979 980
979 981
979 982
979 987
979 988
979 990
979 991
979 992
980 978
980 979
980 981
980 982
980 988
981 979
981 980
981 982
981 983
981 988
982 979
982 980
982 981
982 983
982 984
982 985
982 987
982 988
983 981
983 982
983 984
983 985
983 987
983 988
984 982
984 983
984 985
984 986
984 987
984 988
985 982
985 983
985 984
985 986
985 987
985 988
985 989
986 984
986 985
986 987
986 988
986 989
986 990
987 979
987 982
987 983
987 984
987 985
987 986
987 988
987 989
987 990
988 944
988 945
988 978
988 979
988 980
988 981
988 982
988 983
988 984
988 985
988 986
988 987
988 989
988 990
988 991
989 943
989 944
989 945
989 946
989 985
989 986
989 987
989 988
989 990
989 991
990 945
990 946
990 947
990 948
990 978
990 979
990 986
990 987
990 988
990 989
990 991
990 992
991 930
991 945
991 946
991 947
991 948
991 976
991 977
991 978
991 979
991 988
991 989
991 990
991 992
991 993
992 947
992 976
992 977
992 978
992 979
992 990
992 991
992 993
992 994
993 947
993 974
993 975
993 976
993 977
993 991
993 992
993 994
993 995
993 996
994 0
994 1
994 974
994 975
994 976
994 977
994 992
994 993
994 995
994 996
994 1085
994 1086
995 0
995 1
995 2
995 3
995 973
995 974
995 975
995 976
995 993
995 994
995 996
995 997
995 1084
995 1085
995 1086
995 1087
996 972
996 973
996 974
996 975
996 993
996 994
996 995
996 997
996 998
996 1074
996 1075
996 1082
996 1083
996 1084
996 1085
996 1086
996 1087
997 972
997 973
997 974
997 995
997 996
997 998
997 999
997 1073
997 1074
997 1075
997 1083
997 1084
997 1085
997 1086
997 1087
998 971
998 972
998 973
998 996
998 997
998 999
998 1000
998 1072
998 1073
998 1074
998 1075
998 1076
998 1084
999 971
999 972
999 973
999 997
999 998
999 1000
999 1001
999 1073
1000 36
1000 58
1000 59
1000 971
1000 972
1000 998
1000 999
1000 1001
1000 1002
1001 971
1001 972
1001 999
1001 1000
1001 1002
1001 1003
1001 1031
1001 1032
1001 1033
1001 1035
1002 954
1002 967
1002 968
1002 969
1002 970
1002 971
1002 972
1002 1000
1002 1001
1002 1003
1002 1004
1002 1031
1002 1032
1002 1033
1003 954
1003 955
1003 967
1003 968
1003 971
1003 1001
1003 1002
1003 1004
1003 1005
1003 1006
1003 1029
1003 1030
1003 1031
1003 1032
1004 358
1004 359
1004 360
1004 954
1004 955
1004 1002
1004 1003
1004 1005
1004 1006
1004 1029
1004 1030
1004 1031
1004 1032
1005 358
1005 359
1005 360
1005 361
1005 954
1005 955
1005 956
1005 1003
1005 1004
1005 1006
1005 1007
1005 1029
1005 1030
1005 1031
1006 955
1006 956
1006 957
1006 1003
1006 1004
1006 1005
1006 1007
1006 1008
1006 1027
1006 1028
1006 1029
1006 1030
1007 361
1007 362
1007 363
1007 957
1007 1005
1007 1006
1007 1008
1007 1009
1007 1027
1007 1028
1007 1029
1008 363
1008 1006
1008 1007
1008 1009
1008 1010
1008 1026
1008 1027
1008 1028
1009 363
1009 372
1009 1007
1009 1008
1009 1010
1009 1011
1009 1026
1009 1027
1009 1028
1010 363
1010 371
1010 372
1010 1008
1010 1009
1010 1011
1010 1012
1010 1013
1010 1026
1010 1027
1010 1028
1010 1138
1010 1139
1011 371
1011 372
1011 373
1011 374
1011 390
1011 391
1011 1009
1011 1010
1011 1012
1011 1013
1011 1138
1011 1139
1012 371
1012 372
1012 391
1012 1010
1012 1011
1012 1013
1012 1014
1012 1137
1012 1138
1012 1139
1013 370
1013 371
1013 372
1013 1010
1013 1011
1013 1012
1013 1014
1013 1015
1014 370
1014 371
1014 1012
1014 1013
1014 1015
1014 1016
1015 1013
1015 1014
1015 1016
1015 1017
1015 1018
1016 1014
1016 1015
1016 1017
1016 1018
1017 1015
1017 1016
1017 1018
1017 1019
1018 1015
1018 1016
1018 1017
1018 1019
1018 1020
1018 1021
1019 1017
1019 1018
1019 1020
1019 1021
1020 1018
1020 1019
1020 1021
1020 1022
1020 1134
1021 1018
1021 1019
1021 1020
1021 1022
1021 1023
1021 1134
1021 1135
1021 1138
1022 1020
1022 1021
1022 1023
1022 1024
1022 1042
1022 1043
1022 1046
1023 1021
1023 1022
1023 1024
1023 1025
1023 1040
1023 1041
1023 1042
1023 1043
1024 1022
1024 1023
1024 1025
1024 1026
1024 1040
1024 1041
1024 1042
1025 959
1025 1023
1025 1024
1025 1026
1025 1027
1025 1040
1025 1041
1026 1008
1026 1009
1026 1010
1026 1024
1026 1025
1026 1027
1026 1028
1026 1038
1026 1039
1026 1040
1026 1041
1027 957
1027 959
1027 1006
1027 1007
1027 1008
1027 1009
1027 1010
1027 1025
1027 1026
1027 1028
1027 1029
1027 1038
1027 1039
1027 1040
1028 1006
1028 1007
1028 1008
1028 1009
1028 1010
1028 1026
1028 1027
1028 1029
1028 1030
1028 1036
1028 1037
1028 1038
1028 1039
1029 1003
1029 1004
1029 1005
1029 1006
1029 1007
1029 1027
1029 1028
1029 1030
1029 1031
1029 1036
1029 1037
1029 1038
1029 1039
1030 358
1030 359
1030 360
1030 361
1030 1003
1030 1004
1030 1005
1030 1006
1030 1028
1030 1029
1030 1031
1030 1032
1030 1034
1030 1035
1030 1036
1030 1037
1031 356
1031 357
1031 358
1031 359
1031 1001
1031 1002
1031 1003
1031 1004
1031 1005
1031 1029
1031 1030
1031 1032
1031 1033
1031 1034
1031 1035
1031 1036
1032 356
1032 357
1032 358
1032 359
1032 1001
1032 1002
1032 1003
1032 1004
1032 1030
1032 1031
1032 1033
1032 1034
1032 1035
1033 11
1033 12
1033 13
1033 34
1033 35
1033 326
1033 355
1033 356
1033 357
1033 358
1033 1001
1033 1002
1033 1031
1033 1032
1033 1034
1033 1035
1034 9
1034 10
1034 11
1034 12
1034 13
1034 354
1034 355
1034 356
1034 357
1034 358
1034 378
1034 1030
1034 1031
1034 1032
1034 1033
1034 1035
1034 1036
1035 7
1035 8
1035 9
1035 10
1035 11
1035 12
1035 355
1035 356
1035 358
1035 1001
1035 1030
1035 1031
1035 1032
1035 1033
1035 1034
1035 1036
1035 1037
1036 7
1036 8
1036 9
1036 10
1036 11
1036 1028
1036 1029
1036 1030
1036 1031
1036 1034
1036 1035
1036 1037
1036 1038
1037 5
1037 6
1037 7
1037 8
1037 9
1037 1028
1037 1029
1037 1030
1037 1035
1037 1036
1037 1038
1037 1039
1038 4
1038 5
1038 6
1038 7
1038 8
1038 1026
1038 1027
1038 1028
1038 1029
1038 1036
1038 1037
1038 1039
1038 1040
1038 1139
1039 3
1039 4
1039 5
1039 6
1039 1026
1039 1027
1039 1028
1039 1029
1039 1037
1039 1038
1039 1040
1039 1041
1040 3
1040 4
1040 5
1040 1023
1040 1024
1040 1025
1040 1026
1040 1027
1040 1038
1040 1039
1040 1041
1040 1042
1041 1
1041 2
1041 3
1041 4
1041 959
1041 1023
1041 1024
1041 1025
1041 1026
1041 1039
1041 1040
1041 1042
1041 1043
1042 2
1042 3
1042 4
1042 1022
1042 1023
1042 1024
1042 1040
1042 1041
1042 1043
1042 1044
1042 1046
1042 1047
1043 2
1043 1022
1043 1023
1043 1041
1043 1042
1043 1044
1043 1045
1043 1046
1043 1047
1044 2
1044 1042
1044 1043
1044 1045
1044 1046
1044 1047
1044 1048
1045 1043
1045 1044
1045 1046
1045 1047
1045 1048
1045 1049
1046 1022
1046 1042
1046 1043
1046 1044
1046 1045
1046 1047
1046 1048
1046 1049
1046 1050
1047 2
1047 3
1047 4
1047 1042
1047 1043
1047 1044
1047 1045
1047 1046
1047 1048
1047 1049
1047 1050
1047 1051
1047 1088
1048 1044
1048 1045
1048 1046
1048 1047
1048 1049
1048 1050
1048 1051
1048 1052
1049 1045
1049 1046
1049 1047
1049 1048
1049 1050
1049 1051
1049 1052
1049 1053
1049 1112
1049 1113
1050 1046
1050 1047
1050 1048
1050 1049
1050 1051
1050 1052
1050 1053
1050 1054
1050 1088
1050 1093
1051 1047
1051 1048
1051 1049
1051 1050
1051 1052
1051 1053
1051 1054
1051 1055
1051 1088
1052 1048
1052 1049
1052 1050
1052 1051
1052 1053
1052 1054
1052 1055
1052 1056
1052 1111
1053 1049
1053 1050
1053 1051
1053 1052
1053 1054
1053 1055
1053 1056
1053 1057
1053 1093
1053 1107
1053 1108
1053 1111
1054 1050
1054 1051
1054 1052
1054 1053
1054 1055
1054 1056
1054 1057
1054 1058
1054 1088
1054 1089
1054 1092
1054 1093
1055 1051
1055 1052
1055 1053
1055 1054
1055 1056
1055 1057
1055 1058
1055 1059
1056 1052
1056 1053
1056 1054
1056 1055
1056 1057
1056 1058
1056 1059
1056 1060
1056 1107
1057 1053
1057 1054
1057 1055
1057 1056
1057 1058
1057 1059
1057 1060
1057 1061
1057 1092
1057 1093
1057 1096
1057 1107
1058 1054
1058 1055
1058 1056
1058 1057
1058 1059
1058 1060
1058 1061
1058 1062
1058 1069
1059 1055
1059 1056
1059 1057
1059 1058
1059 1060
1059 1061
1059 1062
1060 1056
1060 1057
1060 1058
1060 1059
1060 1061
1060 1062
1060 1103
1060 1106
1060 1107
1061 1057
1061 1058
1061 1059
1061 1060
1061 1062
1061 1063
1062 1058
1062 1059
1062 1060
1062 1061
1062 1063
1062 1064
1062 1066
1063 56
1063 57
1063 1061
1063 1062
1063 1064
1063 1065
1063 1066
1063 1067
1063 1068
1063 1069
1064 54
1064 55
1064 56
1064 57
1064 99
1064 100
1064 101
1064 1062
1064 1063
1064 1065
1064 1066
1064 1067
1065 56
1065 84
1065 85
1065 86
1065 87
1065 88
1065 101
1065 103
1065 104
1065 1063
1065 1064
1065 1066
1065 1067
1066 101
1066 104
1066 1062
1066 1063
1066 1064
1066 1065
1066 1067
1066 1068
1067 57
1067 58
1067 84
1067 1063
1067 1064
1067 1065
1067 1066
1067 1068
1067 1069
1067 1071
1067 1072
1068 57
1068 1063
1068 1066
1068 1067
1068 1069
1068 1070
1068 1071
1068 1072
1069 57
1069 1058
1069 1063
1069 1067
1069 1068
1069 1070
1069 1071
1069 1072
1069 1073
1070 1068
1070 1069
1070 1071
1070 1072
1070 1073
1070 1074
1070 1083
1070 1084
1071 1067
1071 1068
1071 1069
1071 1070
1071 1072
1071 1073
1071 1074
1071 1083
1072 57
1072 58
1072 998
1072 1067
1072 1068
1072 1069
1072 1070
1072 1071
1072 1073
1072 1074
1073 997
1073 998
1073 999
1073 1069
1073 1070
1073 1071
1073 1072
1073 1074
1073 1075
1073 1083
1073 1084
1074 996
1074 997
1074 998
1074 1070
1074 1071
1074 1072
1074 1073
1074 1075
1074 1076
1074 1081
1074 1082
1074 1083
1074 1084
1075 972
1075 996
1075 997
1075 998
1075 1073
1075 1074
1075 1076
1075 1077
1075 1081
1075 1082
1075 1083
1075 1084
1076 970
1076 972
1076 998
1076 1074
1076 1075
1076 1077
1076 1078
1076 1080
1076 1081
1076 1082
1077 970
1077 1075
1077 1076
1077 1078
1077 1079
1077 1080
1077 1081
1078 1076
1078 1077
1078 1079
1078 1080
1079 1077
1079 1078
1079 1080
1079 1081
1080 1076
1080 1077
1080 1078
1080 1079
1080 1081
1080 1082
1081 1074
1081 1075
1081 1076
1081 1077
1081 1079
1081 1080
1081 1082
1081 1083
1082 996
1082 1074
1082 1075
1082 1076
1082 1080
1082 1081
1082 1083
1082 1084
1083 996
1083 997
1083 1070
1083 1071
1083 1073
1083 1074
1083 1075
1083 1081
1083 1082
1083 1084
1083 1085
1084 995
1084 996
1084 997
1084 998
1084 1070
1084 1073
1084 1074
1084 1075
1084 1082
1084 1083
1084 1085
1084 1086
1084 1087
1085 994
1085 995
1085 996
1085 997
1085 1083
1085 1084
1085 1086
1085 1087
1086 0
1086 1
1086 2
1086 3
1086 975
1086 994
1086 995
1086 996
1086 997
1086 1084
1086 1085
1086 1087
1086 1088
1087 1
1087 2
1087 3
1087 4
1087 5
1087 995
1087 996
1087 997
1087 1084
1087 1085
1087 1086
1087 1088
1087 1089
1088 3
1088 4
1088 5
1088 1047
1088 1050
1088 1051
1088 1054
1088 1086
1088 1087
1088 1089
1088 1090
1089 4
1089 5
1089 6
1089 1054
1089 1087
1089 1088
1089 1090
1089 1091
1089 1092
1089 1093
1090 4
1090 5
1090 6
1090 7
1090 1088
1090 1089
1090 1091
1090 1092
1090 1093
1090 1094
1091 5
1091 6
1091 7
1091 1089
1091 1090
1091 1092
1091 1093
1091 1094
1091 1095
1092 1054
1092 1057
1092 1089
1092 1090
1092 1091
1092 1093
1092 1094
1092 1095
1092 1096
1093 1050
1093 1053
1093 1054
1093 1057
1093 1089
1093 1090
1093 1091
1093 1092
1093 1094
1093 1095
1093 1096
1093 1132
1094 1090
1094 1091
1094 1092
1094 1093
1094 1095
1094 1096
1094 1097
1094 1098
1094 1132
1094 1136
1095 1091
1095 1092
1095 1093
1095 1094
1095 1096
1095 1097
1095 1098
1095 1099
1096 1057
1096 1092
1096 1093
1096 1094
1096 1095
1096 1097
1096 1098
1096 1099
1096 1104
1096 1129
1096 1132
1097 1094
1097 1095
1097 1096
1097 1098
1097 1099
1097 1129
1097 1132
1098 662
1098 1094
1098 1095
1098 1096
1098 1097
1098 1099
1098 1100
1099 1095
1099 1096
1099 1097
1099 1098
1099 1100
1099 1101
1099 1103
1099 1104
1100 1098
1100 1099
1100 1101
1100 1102
1100 1103
1100 1104
1101 1099
1101 1100
1101 1102
1101 1103
1101 1104
1101 1105
1101 1125
1102 1100
1102 1101
1102 1103
1102 1104
1102 1105
1102 1106
1103 1060
1103 1099
1103 1100
1103 1101
1103 1102
1103 1104
1103 1105
1103 1106
1103 1107
1104 1096
1104 1099
1104 1100
1104 1101
1104 1102
1104 1103
1104 1105
1104 1106
1104 1107
1104 1108
1104 1125
1105 1101
1105 1102
1105 1103
1105 1104
1105 1106
1105 1107
1105 1108
1105 1109
1105 1124
1105 1125
1106 1060
1106 1102
1106 1103
1106 1104
1106 1105
1106 1107
1106 1108
1106 1109
1107 1053
1107 1056
1107 1057
1107 1060
1107 1103
1107 1104
1107 1105
1107 1106
1107 1108
1107 1109
1107 1111
1108 1053
1108 1104
1108 1105
1108 1106
1108 1107
1108 1109
1108 1110
1108 1111
1108 1123
1108 1124
1108 1125
1108 1128
1109 1105
1109 1106
1109 1107
1109 1108
1109 1110
1109 1111
1109 1122
1109 1123
1110 1108
1110 1109
1110 1111
1110 1112
1110 1122
1110 1123
1111 1052
1111 1053
1111 1107
1111 1108
1111 1109
1111 1110
1111 1112
1111 1113
1111 1122
1111 1123
1112 1049
1112 1110
1112 1111
1112 1113
1112 1114
1112 1120
1112 1121
1112 1122
1112 1123
1113 1049
1113 1111
1113 1112
1113 1114
1113 1115
1113 1120
1113 1121
1113 1122
1113 1123
1114 1112
1114 1113
1114 1115
1114 1116
1114 1117
1114 1118
1114 1119
1114 1120
1114 1121
1115 1113
1115 1114
1115 1116
1115 1117
1115 1118
1115 1119
1115 1120
1115 1121
1116 1114
1116 1115
1116 1117
1116 1118
1116 1119
1117 1114
1117 1115
1117 1116
1117 1118
1117 1119
1118 1114
1118 1115
1118 1116
1118 1117
1118 1119
1118 1120
1119 1114
1119 1115
1119 1116
1119 1117
1119 1118
1119 1120
1119 1121
1120 1112
1120 1113
1120 1114
1120 1115
1120 1118
1120 1119
1120 1121
1120 1122
1121 1112
1121 1113
1121 1114
1121 1115
1121 1119
1121 1120
1121 1122
1121 1123
1122 1109
1122 1110
1122 1111
1122 1112
1122 1113
1122 1120
1122 1121
1122 1123
1122 1124
1123 1108
1123 1109
1123 1110
1123 1111
1123 1112
1123 1113
1123 1121
1123 1122
1123 1124
1123 1125
1123 1127
1123 1128
1124 1105
1124 1108
1124 1122
1124 1123
1124 1125
1124 1126
1124 1127
1124 1128
1125 1101
1125 1104
1125 1105
1125 1108
1125 1123
1125 1124
1125 1126
1125 1127
1125 1128
1125 1129
1126 1124
1126 1125
1126 1127
1126 1128
1126 1129
1126 1130
1127 1123
1127 1124
1127 1125
1127 1126
1127 1128
1127 1129
1127 1130
1127 1131
1128 1108
1128 1123
1128 1124
1128 1125
1128 1126
1128 1127
1128 1129
1128 1130
1128 1131
1128 1132
1129 1096
1129 1097
1129 1125
1129 1126
1129 1127
1129 1128
1129 1130
1129 1131
1129 1132
1129 1133
1130 1126
1130 1127
1130 1128
1130 1129
1130 1131
1130 1132
1130 1133
1130 1134
1131 1127
1131 1128
1131 1129
1131 1130
1131 1132
1131 1133
1131 1134
1131 1135
1132 1093
1132 1094
1132 1096
1132 1097
1132 1128
1132 1129
1132 1130
1132 1131
1132 1133
1132 1134
1132 1135
1132 1136
1133 1129
1133 1130
1133 1131
1133 1132
1133 1134
1133 1135
1133 1136
1133 1137
1134 1020
1134 1021
1134 1130
1134 1131
1134 1132
1134 1133
1134 1135
1134 1136
1134 1137
1134 1138
1135 1021
1135 1131
1135 1132
1135 1133
1135 1134
1135 1136
1135 1137
1135 1138
1136 1094
1136 1132
1136 1133
1136 1134
1136 1135
1136 1137
1136 1138
1136 1139
1137 1012
1137 1133
1137 1134
1137 1135
1137 1136
1137 1138
1137 1139
1138 1010
1138 1011
1138 1012
1138 1021
1138 1134
1138 1135
1138 1136
1138 1137
1138 1139
1139 7
1139 8
1139 1010
1139 1011
1139 1012
1139 1038
1139 1136
1139 1137
1139 1138
