0 1
0 2
0 3
0 4
1 0
1 2
1 3
1 4
1 5
2 0
2 1
2 3
2 4
2 5
2 6
3 0
3 1
3 2
3 4
3 5
3 6
3 7
4 0
4 1
4 2
4 3
4 5
4 6
4 7
4 8
5 1
5 2
5 3
5 4
5 6
5 7
5 8
5 9
6 2
6 3
6 4
6 5
6 7
6 8
6 9
6 10
7 3
7 4
7 5
7 6
7 8
7 9
7 10
7 11
8 4
8 5
8 6
8 7
8 9
8 10
8 11
8 12
9 5
9 6
9 7
9 8
9 10
9 11
9 12
9 13
10 6
10 7
10 8
10 9
10 11
10 12
10 13
10 14
11 7
11 8
11 9
11 10
11 12
11 13
11 14
11 15
12 8
12 9
12 10
12 11
12 13
12 14
12 15
12 16
13 9
13 10
13 11
13 12
13 14
13 15
13 16
13 17
14 10
14 11
14 12
14 13
14 15
14 16
14 17
14 18
15 11
15 12
15 13
15 14
15 16
15 17
15 18
15 19
16 12
16 13
16 14
16 15
16 17
16 18
16 19
16 20
17 13
17 14
17 15
17 16
17 18
17 19
17 20
17 21
18 14
18 15
18 16
18 17
18 19
18 20
18 21
18 22
19 15
19 16
19 17
19 18
19 20
19 21
19 22
19 23
20 16
20 17
20 18
20 19
20 21
20 22
20 23
20 24
21 17
21 18
21 19
21 20
21 22
21 23
21 24
21 25
22 18
22 19
22 20
22 21
22 23
22 24
22 25
22 26
23 19
23 20
23 21
23 22
23 24
23 25
23 26
23 27
24 20
24 21
24 22
24 23
24 25
24 26
24 27
24 28
25 21
25 22
25 23
25 24
25 26
25 27
25 28
25 29
26 22
26 23
26 24
26 25
26 27
26 28
26 29
27 23
27 24
27 25
27 26
27 28
27 29
27 30
28 24
28 25
28 26
28 27
28 29
28 30
29 25
29 26
29 27
29 28
29 30
29 31
30 27
30 28
30 29
30 31
30 32
31 29
31 30
31 32
31 33
32 30
32 31
32 33
32 34
33 31
33 32
33 34
33 35
34 32
34 33
34 35
34 36
35 33
35 34
35 36
35 37
36 34
36 35
36 37
36 38
37 35
37 36
37 38
37 39
38 36
38 37
38 39
38 40
39 37
39 38
39 40
39 41
40 38
40 39
40 41
40 42
41 39
41 40
41 42
41 43
42 40
42 41
42 43
42 44
42 46
43 41
43 42
43 44
43 45
43 46
43 47
44 42
44 43
44 45
44 46
44 47
44 48
45 43
45 44
45 46
45 47
45 48
45 49
46 42
46 43
46 44
46 45
46 47
46 48
46 49
46 50
47 43
47 44
47 45
47 46
47 48
47 49
47 50
47 51
48 44
48 45
48 46
48 47
48 49
48 50
48 51
48 52
49 45
49 46
49 47
49 48
49 50
49 51
49 52
49 53
50 46
50 47
50 48
50 49
50 51
50 52
50 53
50 54
51 47
51 48
51 49
51 50
51 52
51 53
51 54
51 55
52 48
52 49
52 50
52 51
52 53
52 54
52 55
52 56
53 49
53 50
53 51
53 52
53 54
53 55
53 56
53 57
54 50
54 51
54 52
54 53
54 55
54 56
54 57
54 58
55 51
55 52
55 53
55 54
55 56
55 57
55 58
55 59
56 52
56 53
56 54
56 55
56 57
56 58
56 59
56 60
56 578
57 53
57 54
57 55
57 56
57 58
57 59
57 60
57 61
58 54
58 55
58 56
58 57
58 59
58 60
58 61
58 62
59 55
59 56
59 57
59 58
59 60
59 61
59 62
59 63
60 56
60 57
60 58
60 59
60 61
60 62
60 63
60 64
61 57
61 58
61 59
61 60
61 62
61 63
61 64
61 65
62 58
62 59
62 60
62 61
62 63
62 64
62 65
62 66
63 59
63 60
63 61
63 62
63 64
63 65
63 66
63 67
64 60
64 61
64 62
64 63
64 65
64 66
64 67
64 68
65 61
65 62
65 63
65 64
65 66
65 67
65 68
65 69
66 62
66 63
66 64
66 65
66 67
66 68
66 69
66 70
67 63
67 64
67 65
67 66
67 68
67 69
67 70
67 71
68 64
68 65
68 66
68 67
68 69
68 70
68 71
68 72
69 65
69 66
69 67
69 68
69 70
69 71
69 72
69 73
70 66
70 67
70 68
70 69
70 71
70 72
70 73
70 74
71 67
71 68
71 69
71 70
71 72
71 73
71 74
71 75
72 68
72 69
72 70
72 71
72 73
72 74
72 75
72 76
73 69
73 70
73 71
73 72
73 74
73 75
73 76
73 77
74 70
74 71
74 72
74 73
74 75
74 76
74 77
74 78
75 71
75 72
75 73
75 74
75 76
75 77
75 78
75 79
76 72
76 73
76 74
76 75
76 77
76 78
76 79
76 80
77 73
77 74
77 75
77 76
77 78
77 79
77 80
77 81
78 74
78 75
78 76
78 77
78 79
78 80
78 81
79 75
79 76
79 77
79 78
79 80
79 81
79 82
80 76
80 77
80 78
80 79
80 81
80 82
81 77
81 78
81 79
81 80
81 82
81 83
82 79
82 80
82 81
82 83
82 84
83 81
83 82
83 84
83 85
84 82
84 83
84 85
84 86
85 83
85 84
85 86
85 87
86 84
86 85
86 87
86 88
87 85
87 86
87 88
87 89
88 86
88 87
88 89
88 90
89 87
89 88
89 90
89 91
90 88
90 89
90 91
90 92
91 89
91 90
91 92
91 93
92 90
92 91
92 93
92 94
93 91
93 92
93 94
93 95
94 92
94 93
94 95
94 96
95 93
95 94
95 96
95 97
96 94
96 95
96 97
96 98
97 95
97 96
97 98
97 99
98 96
98 97
98 99
98 100
99 97
99 98
99 100
99 101
100 98
100 99
100 101
100 102
101 99
101 100
101 102
101 103
102 100
102 101
102 103
102 104
103 101
103 102
103 104
103 105
103 106
104 102
104 103
104 105
104 106
105 103
105 104
105 106
105 107
105 1082
106 103
106 104
106 105
106 107
106 108
106 1082
106 1084
106 1086
107 105
107 106
107 108
107 109
107 1080
107 1081
107 1082
108 106
108 107
108 109
108 110
108 1080
108 1081
108 1082
108 1083
108 1085
108 1086
108 1087
108 1088
109 107
109 108
109 110
109 111
109 1088
109 1089
110 108
110 109
110 111
110 112
110 114
110 1080
110 1088
110 1089
111 109
111 110
111 112
111 113
111 114
111 115
111 1089
111 1090
111 1091
112 110
112 111
112 113
112 114
112 115
112 116
112 1076
113 111
113 112
113 114
113 115
113 116
113 117
113 1091
114 110
114 111
114 112
114 113
114 115
114 116
114 117
114 1089
114 1090
114 1091
114 1092
114 1132
115 111
115 112
115 113
115 114
115 116
115 117
115 118
115 119
115 1073
115 1074
115 1075
115 1076
116 112
116 113
116 114
116 115
116 117
116 118
116 119
116 120
116 1076
117 113
117 114
117 115
117 116
117 118
117 119
117 120
117 121
117 1132
118 115
118 116
118 117
118 119
118 120
118 121
118 999
118 1000
118 1073
118 1074
118 1075
118 1076
119 115
119 116
119 117
119 118
119 120
119 121
119 122
119 1075
119 1076
120 116
120 117
120 118
120 119
120 121
120 122
121 117
121 118
121 119
121 120
121 122
121 123
121 334
121 335
121 336
121 337
121 998
122 119
122 120
122 121
122 123
122 124
122 125
122 335
122 337
122 996
122 997
122 998
123 121
123 122
123 124
123 125
123 126
123 337
124 122
124 123
124 125
124 126
124 337
125 122
125 123
125 124
125 126
125 127
125 128
125 129
126 123
126 124
126 125
126 127
126 128
126 129
126 486
126 487
126 488
126 489
127 125
127 126
127 128
127 129
127 486
127 487
127 488
128 125
128 126
128 127
128 129
128 130
128 132
128 133
128 486
128 487
128 488
128 489
129 125
129 126
129 127
129 128
129 130
129 131
129 132
129 133
129 488
129 489
129 490
130 128
130 129
130 131
130 132
130 133
130 134
130 488
130 489
130 490
130 491
130 492
131 129
131 130
131 132
131 133
131 134
131 135
131 490
131 903
131 904
131 997
132 128
132 129
132 130
132 131
132 133
132 134
132 135
132 136
133 128
133 129
133 130
133 131
133 132
133 134
133 135
133 136
133 137
133 317
134 130
134 131
134 132
134 133
134 135
134 136
134 137
135 131
135 132
135 133
135 134
135 136
135 137
136 132
136 133
136 134
136 135
136 137
136 138
137 133
137 134
137 135
137 136
137 138
137 139
137 316
137 317
137 320
138 136
138 137
138 139
138 140
138 908
139 137
139 138
139 140
139 141
139 316
139 908
139 909
140 138
140 139
140 141
140 142
140 316
141 139
141 140
141 142
141 143
141 149
141 316
141 498
141 499
142 140
142 141
142 143
142 144
142 148
142 149
143 141
143 142
143 144
143 145
143 148
143 149
143 150
144 142
144 143
144 145
144 146
144 147
144 148
144 149
144 150
144 151
144 152
145 143
145 144
145 146
145 147
145 148
145 150
145 151
145 152
146 144
146 145
146 147
146 148
146 152
146 361
146 362
146 363
146 364
147 144
147 145
147 146
147 148
147 149
147 150
147 151
147 152
147 361
147 362
147 363
148 142
148 143
148 144
148 145
148 146
148 147
148 149
148 150
148 151
149 141
149 142
149 143
149 144
149 147
149 148
149 150
149 151
149 315
149 316
149 319
150 143
150 144
150 145
150 147
150 148
150 149
150 151
150 152
150 316
150 319
151 144
151 145
151 147
151 148
151 149
151 150
151 152
151 153
151 319
152 144
152 145
152 146
152 147
152 150
152 151
152 153
152 154
153 151
153 152
153 154
153 155
153 361
153 408
153 411
154 152
154 153
154 155
154 156
154 408
154 411
155 153
155 154
155 156
155 157
155 159
155 407
155 408
155 411
156 154
156 155
156 157
156 158
156 159
157 155
157 156
157 158
157 159
157 160
158 156
158 157
158 159
158 160
158 161
159 155
159 156
159 157
159 158
159 160
159 161
159 162
160 157
160 158
160 159
160 161
160 162
160 163
160 164
160 165
160 455
160 456
161 158
161 159
161 160
161 162
161 163
161 164
161 455
162 159
162 160
162 161
162 163
162 164
163 160
163 161
163 162
163 164
163 165
163 416
163 455
164 160
164 161
164 162
164 163
164 165
164 166
164 416
164 455
164 456
164 457
165 160
165 163
165 164
165 166
165 167
165 407
165 416
165 417
165 418
165 455
165 456
165 457
165 458
166 164
166 165
166 167
166 168
166 416
166 417
166 418
166 456
166 457
166 458
167 165
167 166
167 168
167 169
167 406
167 417
167 418
167 419
167 420
167 456
167 457
167 458
167 459
168 166
168 167
168 169
168 170
168 417
168 418
168 419
168 420
168 458
168 459
168 460
168 461
168 462
168 465
168 466
169 167
169 168
169 170
169 171
169 419
169 420
169 421
169 422
169 458
169 459
169 460
169 461
169 462
170 168
170 169
170 171
170 172
170 209
170 210
170 211
170 419
170 420
170 421
170 422
170 460
170 461
170 462
170 463
171 169
171 170
171 172
171 173
171 209
171 210
171 211
171 421
171 422
171 423
171 460
171 461
171 462
172 170
172 171
172 173
172 174
172 210
172 211
172 212
172 421
172 422
172 423
172 424
172 427
173 171
173 172
173 174
173 175
173 211
173 212
173 423
173 424
173 425
173 426
173 427
173 428
174 172
174 173
174 175
174 176
174 423
174 424
174 425
174 426
174 427
175 173
175 174
175 176
175 177
175 191
175 214
175 425
175 426
176 174
176 175
176 177
176 178
176 179
176 183
176 567
176 569
177 175
177 176
177 178
177 179
177 182
177 183
177 186
177 214
177 216
177 217
177 250
177 564
177 567
178 176
178 177
178 179
178 180
178 181
178 182
178 183
178 186
178 567
178 569
178 570
178 575
178 579
179 176
179 177
179 178
179 180
179 181
179 182
179 569
179 570
179 574
179 575
179 576
179 579
179 965
180 178
180 179
180 181
180 182
180 575
180 576
180 579
180 965
181 178
181 179
181 180
181 182
181 183
181 185
181 186
181 576
181 579
182 177
182 178
182 179
182 180
182 181
182 183
182 184
182 185
182 186
182 578
182 579
182 582
183 176
183 177
183 178
183 181
183 182
183 184
183 185
183 186
183 187
184 182
184 183
184 185
184 186
184 187
184 188
185 181
185 182
185 183
185 184
185 186
185 187
185 188
185 189
186 177
186 178
186 181
186 182
186 183
186 184
186 185
186 187
186 188
186 189
186 190
186 191
187 183
187 184
187 185
187 186
187 188
187 189
187 190
187 191
187 192
187 217
188 184
188 185
188 186
188 187
188 189
188 190
188 191
188 192
189 185
189 186
189 187
189 188
189 190
189 191
189 192
189 193
190 186
190 187
190 188
190 189
190 191
190 192
190 193
190 194
190 426
190 429
191 175
191 186
191 187
191 188
191 189
191 190
191 192
191 193
191 194
191 195
191 217
191 426
191 429
192 187
192 188
192 189
192 190
192 191
192 193
192 194
192 195
192 196
192 221
193 189
193 190
193 191
193 192
193 194
193 195
193 196
193 197
193 429
193 430
194 190
194 191
194 192
194 193
194 195
194 196
194 197
194 198
194 426
194 427
194 428
194 429
194 430
195 191
195 192
195 193
195 194
195 196
195 197
195 198
195 199
195 221
196 192
196 193
196 194
196 195
196 197
196 198
196 199
196 200
197 193
197 194
197 195
197 196
197 198
197 199
197 200
197 201
197 428
197 429
197 430
197 431
197 434
198 194
198 195
198 196
198 197
198 199
198 200
198 201
198 202
198 428
199 195
199 196
199 197
199 198
199 200
199 201
199 202
199 203
199 229
199 232
199 233
199 236
200 196
200 197
200 198
200 199
200 201
200 202
200 203
200 204
201 197
201 198
201 199
201 200
201 202
201 203
201 204
201 205
201 434
202 198
202 199
202 200
202 201
202 203
202 204
202 205
202 206
202 208
202 209
202 210
202 236
202 241
203 199
203 200
203 201
203 202
203 204
203 205
203 206
203 236
204 200
204 201
204 202
204 203
204 205
204 206
205 201
205 202
205 203
205 204
205 206
205 207
205 208
206 202
206 203
206 204
206 205
206 207
206 208
206 241
207 205
207 206
207 208
207 209
207 241
207 459
207 460
208 202
208 205
208 206
208 207
208 209
208 210
208 241
208 438
208 460
208 461
209 170
209 171
209 202
209 207
209 208
209 210
209 211
209 240
209 241
209 242
209 460
209 461
209 462
210 170
210 171
210 172
210 202
210 208
210 209
210 211
210 212
210 241
210 242
210 243
210 461
210 462
211 170
211 171
211 172
211 173
211 209
211 210
211 212
211 213
211 242
211 243
211 244
211 245
211 462
211 463
212 172
212 173
212 210
212 211
212 213
212 214
212 242
212 243
212 244
212 245
213 211
213 212
213 214
213 215
213 244
213 245
213 246
213 247
213 248
213 250
213 251
213 285
214 175
214 177
214 212
214 213
214 215
214 216
214 217
214 218
214 247
214 248
214 249
214 250
214 251
215 213
215 214
215 216
215 217
215 218
215 219
215 247
215 248
215 249
215 250
215 269
215 272
215 273
216 177
216 214
216 215
216 217
216 218
216 219
216 220
216 249
216 250
216 269
216 560
216 564
217 177
217 187
217 191
217 214
217 215
217 216
217 218
217 219
217 220
217 221
218 214
218 215
218 216
218 217
218 219
218 220
218 221
218 222
219 215
219 216
219 217
219 218
219 220
219 221
219 222
219 223
219 272
220 216
220 217
220 218
220 219
220 221
220 222
220 223
220 224
221 192
221 195
221 217
221 218
221 219
221 220
221 222
221 223
221 224
221 225
222 218
222 219
222 220
222 221
222 223
222 224
222 225
222 230
223 219
223 220
223 221
223 222
223 224
223 225
224 220
224 221
224 222
224 223
224 225
224 226
225 221
225 222
225 223
225 224
225 226
225 227
225 229
225 230
226 224
226 225
226 227
226 228
226 229
226 230
227 225
227 226
227 228
227 229
227 230
227 231
228 226
228 227
228 229
228 230
228 231
228 232
229 199
229 225
229 226
229 227
229 228
229 230
229 231
229 232
229 233
230 222
230 225
230 226
230 227
230 228
230 229
230 231
230 232
230 233
230 234
231 227
231 228
231 229
231 230
231 232
231 233
231 234
231 235
232 199
232 228
232 229
232 230
232 231
232 233
232 234
232 235
232 236
233 199
233 229
233 230
233 231
233 232
233 234
233 235
233 236
233 237
233 242
234 230
234 231
234 232
234 233
234 235
234 236
234 237
234 238
234 277
235 231
235 232
235 233
235 234
235 236
235 237
235 238
235 239
236 199
236 202
236 203
236 232
236 233
236 234
236 235
236 237
236 238
236 239
236 240
236 241
236 242
237 233
237 234
237 235
237 236
237 238
237 239
237 240
237 241
237 242
237 243
237 279
238 234
238 235
238 236
238 237
238 239
238 240
238 241
239 235
239 236
239 237
239 238
239 240
239 241
239 242
240 209
240 236
240 237
240 238
240 239
240 241
240 242
240 243
240 462
241 202
241 206
241 207
241 208
241 209
241 210
241 236
241 237
241 238
241 239
241 240
241 242
241 243
241 462
242 209
242 210
242 211
242 212
242 233
242 236
242 237
242 239
242 240
242 241
242 243
242 244
242 462
243 210
243 211
243 212
243 237
243 240
243 241
243 242
243 244
243 245
243 281
243 462
243 463
243 464
244 211
244 212
244 213
244 242
244 243
244 245
244 246
244 247
244 279
244 280
244 281
245 211
245 212
245 213
245 243
245 244
245 246
245 247
245 281
245 282
245 283
245 284
245 285
245 463
246 213
246 244
246 245
246 247
246 248
246 251
246 281
246 282
246 283
246 284
246 285
246 300
247 213
247 214
247 215
247 244
247 245
247 246
247 248
247 249
247 250
247 266
247 269
247 270
247 273
247 280
247 281
248 213
248 214
248 215
248 246
248 247
248 249
248 250
248 251
248 265
248 266
248 267
248 268
248 269
248 270
249 214
249 215
249 216
249 247
249 248
249 250
249 251
249 265
249 266
249 268
249 269
249 270
249 560
249 563
249 564
250 177
250 213
250 214
250 215
250 216
250 247
250 248
250 249
250 251
250 252
250 265
250 269
250 563
250 564
250 566
250 567
251 213
251 214
251 246
251 248
251 249
251 250
251 252
251 253
251 285
251 286
251 288
251 289
251 566
251 567
251 568
252 250
252 251
252 253
252 254
252 257
252 262
252 289
252 566
252 567
252 568
253 251
253 252
253 254
253 255
253 256
253 257
253 289
253 290
253 566
253 567
253 568
253 569
253 571
253 572
254 252
254 253
254 255
254 256
254 257
254 289
254 290
254 291
254 292
254 293
254 296
254 568
254 896
255 253
255 254
255 256
255 257
255 290
255 291
255 292
255 293
255 507
255 895
255 896
255 917
255 919
256 253
256 254
256 255
256 257
256 258
256 507
256 514
256 571
256 572
256 896
256 917
256 918
256 919
256 938
256 939
257 252
257 253
257 254
257 255
257 256
257 258
257 259
257 261
257 262
257 566
257 571
257 896
257 919
257 938
258 256
258 257
258 259
258 260
258 261
258 262
258 518
258 896
258 897
258 898
258 919
259 257
259 258
259 260
259 261
259 262
259 263
259 295
259 896
259 897
259 898
260 258
260 259
260 261
260 262
260 263
260 264
260 521
260 1048
260 1049
261 257
261 258
261 259
261 260
261 262
261 263
261 264
261 265
261 521
261 562
261 563
261 566
262 252
262 257
262 258
262 259
262 260
262 261
262 263
262 264
262 265
262 266
262 563
262 566
263 259
263 260
263 261
263 262
263 264
263 265
263 266
263 267
263 299
263 1113
263 1114
264 260
264 261
264 262
264 263
264 265
264 266
264 267
264 268
264 559
264 563
265 248
265 249
265 250
265 261
265 262
265 263
265 264
265 266
265 267
265 268
265 269
265 559
265 560
265 562
265 563
265 564
265 566
266 247
266 248
266 249
266 262
266 263
266 264
266 265
266 267
266 268
266 269
266 270
266 1114
267 248
267 263
267 264
267 265
267 266
267 268
267 269
267 270
267 271
267 1113
267 1114
267 1115
268 248
268 249
268 264
268 265
268 266
268 267
268 269
268 270
268 271
268 272
268 559
268 560
268 563
269 215
269 216
269 247
269 248
269 249
269 250
269 265
269 266
269 267
269 268
269 270
269 271
269 272
269 273
270 247
270 248
270 249
270 266
270 267
270 268
270 269
270 271
270 272
270 273
270 274
270 280
270 1114
270 1115
270 1116
271 267
271 268
271 269
271 270
271 272
271 273
271 274
271 275
271 1054
271 1114
271 1115
271 1116
272 215
272 219
272 268
272 269
272 270
272 271
272 273
272 274
272 275
272 276
272 277
273 215
273 247
273 269
273 270
273 271
273 272
273 274
273 275
273 276
273 277
273 278
273 279
273 280
274 270
274 271
274 272
274 273
274 275
274 276
274 277
274 278
274 279
274 280
274 1116
275 271
275 272
275 273
275 274
275 276
275 277
275 278
275 1056
276 272
276 273
276 274
276 275
276 277
276 278
277 234
277 272
277 273
277 274
277 275
277 276
277 278
277 279
278 273
278 274
278 275
278 276
278 277
278 279
278 280
279 237
279 244
279 273
279 274
279 277
279 278
279 280
279 281
280 244
280 247
280 270
280 273
280 274
280 278
280 279
280 281
280 282
280 1116
281 243
281 244
281 245
281 246
281 247
281 279
281 280
281 282
281 283
281 284
281 305
282 245
282 246
282 280
282 281
282 283
282 284
282 304
282 305
282 306
282 307
282 464
283 245
283 246
283 281
283 282
283 284
283 285
283 305
283 306
283 307
283 308
283 309
283 463
283 464
284 245
284 246
284 281
284 282
284 283
284 285
284 286
284 300
284 305
284 307
284 308
284 309
285 213
285 245
285 246
285 251
285 283
285 284
285 286
285 287
285 308
285 309
285 310
286 251
286 284
286 285
286 287
286 288
286 289
286 308
286 309
286 310
286 311
287 285
287 286
287 288
287 289
287 309
287 310
287 311
287 312
287 353
288 251
288 286
288 287
288 289
288 290
288 311
288 312
288 568
289 251
289 252
289 253
289 254
289 286
289 287
289 288
289 290
289 291
289 292
289 312
289 568
290 253
290 254
290 255
290 288
290 289
290 291
290 292
290 312
290 313
290 495
290 503
290 568
291 254
291 255
291 289
291 290
291 292
291 293
291 312
291 313
291 314
291 492
291 493
291 494
291 495
292 254
292 255
292 289
292 290
292 291
292 293
292 294
292 296
292 310
292 312
292 313
292 491
292 492
292 493
293 254
293 255
293 291
293 292
293 294
293 295
293 296
293 297
293 491
293 492
293 493
293 895
294 292
294 293
294 295
294 296
294 297
294 298
294 331
294 332
294 333
294 489
294 490
294 491
295 259
295 293
295 294
295 296
295 297
295 298
295 299
295 333
295 895
295 896
295 898
295 899
296 254
296 292
296 293
296 294
296 295
296 297
296 298
296 299
296 300
297 293
297 294
297 295
297 296
297 298
297 299
297 300
297 301
297 308
297 331
297 332
297 341
297 342
297 343
298 294
298 295
298 296
298 297
298 299
298 300
298 301
298 302
298 332
298 333
298 341
298 342
298 343
299 263
299 295
299 296
299 297
299 298
299 300
299 301
299 302
299 303
299 1113
300 246
300 284
300 296
300 297
300 298
300 299
300 301
300 302
300 303
300 304
300 305
300 306
301 297
301 298
301 299
301 300
301 302
301 303
301 304
301 305
301 306
301 307
301 341
301 342
301 343
302 298
302 299
302 300
302 301
302 303
302 304
302 305
302 341
302 1112
302 1113
302 1114
302 1135
303 299
303 300
303 301
303 302
303 304
303 305
303 1112
303 1113
303 1114
303 1115
303 1116
303 1117
304 282
304 300
304 301
304 302
304 303
304 305
304 306
304 1112
304 1113
304 1114
304 1116
304 1117
305 281
305 282
305 283
305 284
305 300
305 301
305 302
305 303
305 304
305 306
305 307
305 308
305 343
306 282
306 283
306 300
306 301
306 304
306 305
306 307
306 308
306 343
306 344
307 282
307 283
307 284
307 301
307 305
307 306
307 308
307 309
307 343
307 344
307 345
307 467
308 283
308 284
308 285
308 286
308 297
308 305
308 306
308 307
308 309
308 310
308 343
308 344
308 345
308 346
309 283
309 284
309 285
309 286
309 287
309 307
309 308
309 310
309 311
309 345
309 346
309 347
309 348
310 285
310 286
310 287
310 292
310 308
310 309
310 311
310 312
310 313
310 345
310 346
310 347
310 348
311 286
311 287
311 288
311 309
311 310
311 312
311 313
311 347
311 348
311 349
311 350
311 352
311 353
312 287
312 288
312 289
312 290
312 291
312 292
312 310
312 311
312 313
312 314
312 351
312 352
312 495
312 497
313 290
313 291
313 292
313 310
313 311
313 312
313 314
313 315
313 317
313 318
313 347
313 492
313 493
313 495
313 496
313 497
314 291
314 312
314 313
314 315
314 316
314 317
314 318
314 492
314 493
314 494
314 495
314 496
314 497
315 149
315 313
315 314
315 316
315 317
315 318
315 319
315 350
315 351
315 496
315 497
315 498
316 137
316 139
316 140
316 141
316 149
316 150
316 314
316 315
316 317
316 318
316 319
316 320
317 133
317 137
317 313
317 314
317 315
317 316
317 318
317 319
317 320
317 321
318 313
318 314
318 315
318 316
318 317
318 319
318 320
318 321
318 322
318 327
318 347
318 348
318 349
318 350
319 149
319 150
319 151
319 315
319 316
319 317
319 318
319 320
319 321
319 322
319 323
319 349
320 137
320 316
320 317
320 318
320 319
320 321
320 322
320 323
320 324
321 317
321 318
321 319
321 320
321 322
321 323
321 324
321 325
321 326
321 327
322 318
322 319
322 320
322 321
322 323
322 324
322 325
322 326
322 327
322 349
322 412
322 413
323 319
323 320
323 321
323 322
323 324
323 325
323 326
323 412
324 320
324 321
324 322
324 323
324 325
324 326
324 412
325 321
325 322
325 323
325 324
325 326
325 327
325 328
325 412
325 413
325 414
326 321
326 322
326 323
326 324
326 325
326 327
326 328
326 329
326 413
326 485
326 486
327 318
327 321
327 322
327 325
327 326
327 328
327 329
327 346
327 347
327 348
327 349
327 412
327 413
328 325
328 326
328 327
328 329
328 330
328 344
328 345
328 346
328 347
328 413
328 414
328 485
328 486
329 326
329 327
329 328
329 330
329 331
329 344
329 345
329 346
329 485
329 486
329 487
329 488
330 328
330 329
330 331
330 332
330 342
330 343
330 344
330 345
330 485
330 486
330 487
330 488
331 294
331 297
331 329
331 330
331 332
331 333
331 341
331 342
331 343
331 344
331 345
331 487
331 488
331 489
332 294
332 297
332 298
332 330
332 331
332 333
332 334
332 336
332 339
332 341
332 342
332 343
332 487
332 488
332 489
332 490
333 294
333 295
333 298
333 331
333 332
333 334
333 335
333 336
333 341
333 342
333 489
333 490
334 121
334 332
334 333
334 335
334 336
334 489
334 490
334 997
334 998
335 121
335 122
335 333
335 334
335 336
335 337
335 998
335 1133
336 121
336 332
336 333
336 334
336 335
336 337
336 338
336 339
336 340
336 341
337 121
337 122
337 123
337 124
337 335
337 336
337 338
337 339
338 336
338 337
338 339
338 340
338 341
339 332
339 336
339 337
339 338
339 340
339 341
339 342
340 336
340 338
340 339
340 341
340 342
341 297
341 298
341 301
341 302
341 331
341 332
341 333
341 336
341 338
341 339
341 340
341 342
341 343
342 297
342 298
342 301
342 330
342 331
342 332
342 333
342 339
342 340
342 341
342 343
342 344
343 297
343 298
343 301
343 305
343 306
343 307
343 308
343 330
343 331
343 332
343 341
343 342
343 344
343 345
344 306
344 307
344 308
344 328
344 329
344 330
344 331
344 342
344 343
344 345
344 346
345 307
345 308
345 309
345 310
345 328
345 329
345 330
345 331
345 343
345 344
345 346
345 347
346 308
346 309
346 310
346 327
346 328
346 329
346 344
346 345
346 347
346 348
347 309
347 310
347 311
347 313
347 318
347 327
347 328
347 345
347 346
347 348
347 349
348 309
348 310
348 311
348 318
348 327
348 346
348 347
348 349
348 350
349 311
349 318
349 319
349 322
349 327
349 347
349 348
349 350
349 351
349 412
350 311
350 315
350 318
350 348
350 349
350 351
350 352
350 353
350 357
350 358
350 361
351 312
351 315
351 349
351 350
351 352
351 353
351 357
351 497
352 311
352 312
352 350
352 351
352 353
352 354
352 357
352 358
353 287
353 311
353 350
353 351
353 352
353 354
353 355
353 357
353 358
353 421
353 423
353 424
354 352
354 353
354 355
354 356
354 357
354 358
354 421
354 422
354 423
354 424
354 425
355 353
355 354
355 356
355 357
355 358
355 359
355 366
355 367
355 369
355 370
355 421
355 422
355 423
355 424
356 354
356 355
356 357
356 358
356 359
356 360
356 362
356 363
356 364
356 365
356 366
356 367
356 370
357 350
357 351
357 352
357 353
357 354
357 355
357 356
357 358
357 359
357 360
357 361
357 362
357 363
357 366
358 350
358 352
358 353
358 354
358 355
358 356
358 357
358 359
358 360
358 366
358 420
358 421
358 422
359 355
359 356
359 357
359 358
359 360
359 361
359 363
359 366
359 402
359 405
359 406
359 409
359 420
359 421
360 356
360 357
360 358
360 359
360 361
360 362
360 363
360 366
360 405
360 406
360 408
360 409
361 146
361 147
361 153
361 350
361 357
361 359
361 360
361 362
361 363
361 405
361 408
361 409
362 146
362 147
362 356
362 357
362 360
362 361
362 363
362 364
362 365
362 366
362 405
363 146
363 147
363 356
363 357
363 359
363 360
363 361
363 362
363 364
363 365
363 366
363 367
363 383
364 146
364 356
364 362
364 363
364 365
364 366
364 367
364 368
364 381
364 382
364 383
364 384
364 385
365 356
365 362
365 363
365 364
365 366
365 367
365 368
365 369
365 401
365 402
365 405
366 355
366 356
366 357
366 358
366 359
366 360
366 362
366 363
366 364
366 365
366 367
366 368
366 369
366 370
366 402
366 405
367 355
367 356
367 363
367 364
367 365
367 366
367 368
367 369
367 370
367 373
367 381
367 386
367 387
368 364
368 365
368 366
368 367
368 369
368 370
368 371
368 373
368 381
368 385
368 386
368 387
368 388
369 355
369 365
369 366
369 367
369 368
369 370
369 371
369 387
369 388
369 402
370 355
370 356
370 366
370 367
370 368
370 369
370 371
370 372
370 373
370 374
370 387
370 437
371 368
371 369
371 370
371 372
371 373
371 374
371 387
371 388
371 389
371 433
371 436
371 437
371 440
372 370
372 371
372 373
372 374
372 377
372 379
372 433
372 436
372 437
373 367
373 368
373 370
373 371
373 372
373 374
373 375
373 377
373 378
373 379
373 380
373 381
373 386
373 387
374 370
374 371
374 372
374 373
374 375
374 376
374 377
374 379
374 380
374 386
374 387
374 388
374 389
375 373
375 374
375 376
375 377
375 380
375 386
375 387
376 374
376 375
376 377
376 378
377 372
377 373
377 374
377 375
377 376
377 378
377 379
377 380
378 373
378 376
378 377
378 379
378 380
379 372
379 373
379 374
379 377
379 378
379 380
379 381
380 373
380 374
380 375
380 377
380 378
380 379
380 381
380 382
380 384
380 386
381 364
381 367
381 368
381 373
381 379
381 380
381 382
381 383
381 384
381 385
381 386
381 387
382 364
382 380
382 381
382 383
382 384
382 385
383 363
383 364
383 381
383 382
383 384
383 385
384 364
384 380
384 381
384 382
384 383
384 385
384 386
385 364
385 368
385 381
385 382
385 383
385 384
385 386
385 387
386 367
386 368
386 373
386 374
386 375
386 380
386 381
386 384
386 385
386 387
386 388
387 367
387 368
387 369
387 370
387 371
387 373
387 374
387 375
387 381
387 385
387 386
387 388
387 389
388 368
388 369
388 371
388 374
388 386
388 387
388 389
388 390
389 371
389 374
389 387
389 388
389 390
389 391
389 440
390 388
390 389
390 391
390 392
390 394
390 395
390 398
390 440
390 443
390 444
391 389
391 390
391 392
391 393
391 394
391 395
391 443
392 390
392 391
392 393
392 394
392 395
392 396
393 391
393 392
393 394
393 395
393 396
394 390
394 391
394 392
394 393
394 395
394 396
394 397
394 398
395 390
395 391
395 392
395 393
395 394
395 396
395 397
395 398
395 399
395 443
395 444
395 447
396 392
396 393
396 394
396 395
396 397
396 398
396 399
396 400
396 447
397 394
397 395
397 396
397 398
397 399
397 400
397 401
398 390
398 394
398 395
398 396
398 397
398 399
398 400
398 401
398 402
398 444
399 395
399 396
399 397
399 398
399 400
399 401
399 402
399 403
399 444
399 447
399 448
400 396
400 397
400 398
400 399
400 401
400 402
400 403
400 404
401 365
401 397
401 398
401 399
401 400
401 402
401 403
401 404
401 405
402 359
402 365
402 366
402 369
402 398
402 399
402 400
402 401
402 403
402 404
402 405
402 406
403 399
403 400
403 401
403 402
403 404
403 405
403 406
403 407
404 400
404 401
404 402
404 403
404 405
404 406
404 407
404 408
405 359
405 360
405 361
405 362
405 365
405 366
405 401
405 402
405 403
405 404
405 406
405 407
405 408
405 409
406 167
406 359
406 360
406 402
406 403
406 404
406 405
406 407
406 408
406 409
406 410
406 418
406 420
407 155
407 165
407 403
407 404
407 405
407 406
407 408
407 409
407 410
407 411
408 153
408 154
408 155
408 360
408 361
408 404
408 405
408 406
408 407
408 409
408 410
408 411
408 412
409 359
409 360
409 361
409 405
409 406
409 407
409 408
409 410
409 411
409 412
409 413
409 418
410 406
410 407
410 408
410 409
410 411
410 412
410 413
410 414
410 415
410 416
410 417
410 418
411 153
411 154
411 155
411 407
411 408
411 409
411 410
411 412
411 413
411 414
412 322
412 323
412 324
412 325
412 327
412 349
412 408
412 409
412 410
412 411
412 413
412 414
413 322
413 325
413 326
413 327
413 328
413 409
413 410
413 411
413 412
413 414
413 415
413 416
414 325
414 328
414 410
414 411
414 412
414 413
414 415
414 416
414 484
414 485
415 410
415 413
415 414
415 416
415 417
415 418
415 470
415 473
416 163
416 164
416 165
416 166
416 410
416 413
416 414
416 415
416 417
416 418
417 165
417 166
417 167
417 168
417 410
417 415
417 416
417 418
417 419
417 466
417 469
417 470
418 165
418 166
418 167
418 168
418 406
418 409
418 410
418 415
418 416
418 417
418 419
418 420
418 466
419 167
419 168
419 169
419 170
419 417
419 418
419 420
419 421
419 466
420 167
420 168
420 169
420 170
420 358
420 359
420 406
420 418
420 419
420 421
420 422
421 169
421 170
421 171
421 172
421 353
421 354
421 355
421 358
421 359
421 419
421 420
421 422
421 423
422 169
422 170
422 171
422 172
422 354
422 355
422 358
422 420
422 421
422 423
422 424
423 171
423 172
423 173
423 174
423 353
423 354
423 355
423 421
423 422
423 424
423 425
423 427
424 172
424 173
424 174
424 353
424 354
424 355
424 422
424 423
424 425
424 426
424 427
425 173
425 174
425 175
425 354
425 423
425 424
425 426
425 427
426 173
426 174
426 175
426 190
426 191
426 194
426 424
426 425
426 427
426 428
426 429
427 172
427 173
427 174
427 194
427 423
427 424
427 425
427 426
427 428
427 429
427 430
428 173
428 194
428 197
428 198
428 426
428 427
428 429
428 430
428 431
428 433
428 434
429 190
429 191
429 193
429 194
429 197
429 426
429 427
429 428
429 430
429 431
429 433
430 193
430 194
430 197
430 427
430 428
430 429
430 431
430 432
430 433
430 434
431 197
431 428
431 429
431 430
431 432
431 433
431 434
431 435
432 430
432 431
432 433
432 434
432 435
432 436
433 371
433 372
433 428
433 429
433 430
433 431
433 432
433 434
433 435
433 436
433 437
434 197
434 201
434 428
434 430
434 431
434 432
434 433
434 435
434 436
434 437
434 438
435 431
435 432
435 433
435 434
435 436
435 437
435 438
435 439
436 371
436 372
436 432
436 433
436 434
436 435
436 437
436 438
436 439
436 440
437 370
437 371
437 372
437 433
437 434
437 435
437 436
437 438
437 439
437 440
437 441
438 208
438 434
438 435
438 436
438 437
438 439
438 440
438 441
438 442
439 435
439 436
439 437
439 438
439 440
439 441
439 442
439 443
440 371
440 389
440 390
440 436
440 437
440 438
440 439
440 441
440 442
440 443
440 444
441 437
441 438
441 439
441 440
441 442
441 443
441 444
441 445
442 438
442 439
442 440
442 441
442 443
442 444
442 445
442 446
442 459
443 390
443 391
443 395
443 439
443 440
443 441
443 442
443 444
443 445
443 446
443 447
444 390
444 395
444 398
444 399
444 440
444 441
444 442
444 443
444 445
444 446
444 447
444 448
445 441
445 442
445 443
445 444
445 446
445 447
445 448
445 449
445 458
445 459
446 442
446 443
446 444
446 445
446 447
446 448
446 449
446 450
447 395
447 396
447 399
447 443
447 444
447 445
447 446
447 448
447 449
447 450
447 451
448 399
448 444
448 445
448 446
448 447
448 449
448 450
448 451
448 454
448 456
448 457
448 458
449 445
449 446
449 447
449 448
449 450
449 451
449 452
449 454
449 456
449 457
449 458
450 446
450 447
450 448
450 449
450 451
450 452
451 447
451 448
451 449
451 450
451 452
451 453
451 454
451 455
452 449
452 450
452 451
452 453
452 454
452 455
452 456
453 451
453 452
453 454
453 455
454 448
454 449
454 451
454 452
454 453
454 455
454 456
455 160
455 161
455 163
455 164
455 165
455 451
455 452
455 453
455 454
455 456
455 457
456 160
456 164
456 165
456 166
456 167
456 448
456 449
456 452
456 454
456 455
456 457
456 458
457 164
457 165
457 166
457 167
457 448
457 449
457 455
457 456
457 458
457 459
458 165
458 166
458 167
458 168
458 169
458 445
458 448
458 449
458 456
458 457
458 459
458 460
459 167
459 168
459 169
459 207
459 442
459 445
459 457
459 458
459 460
459 461
460 168
460 169
460 170
460 171
460 207
460 208
460 209
460 458
460 459
460 461
460 462
461 168
461 169
461 170
461 171
461 208
461 209
461 210
461 459
461 460
461 462
461 463
461 464
461 465
461 466
462 168
462 169
462 170
462 171
462 209
462 210
462 211
462 240
462 241
462 242
462 243
462 460
462 461
462 463
462 464
462 465
462 466
463 170
463 211
463 243
463 245
463 283
463 461
463 462
463 464
463 465
463 466
463 467
464 243
464 282
464 283
464 461
464 462
464 463
464 465
464 466
464 467
464 468
465 168
465 461
465 462
465 463
465 464
465 466
465 467
465 468
465 469
466 168
466 417
466 418
466 419
466 461
466 462
466 463
466 464
466 465
466 467
466 468
466 469
466 470
467 307
467 463
467 464
467 465
467 466
467 468
467 469
467 470
467 471
468 464
468 465
468 466
468 467
468 469
468 470
468 471
468 472
469 417
469 465
469 466
469 467
469 468
469 470
469 471
469 472
469 473
470 415
470 417
470 466
470 467
470 468
470 469
470 471
470 472
470 473
470 474
471 467
471 468
471 469
471 470
471 472
471 473
471 474
471 475
472 468
472 469
472 470
472 471
472 473
472 474
472 475
472 476
473 415
473 469
473 470
473 471
473 472
473 474
473 475
473 476
473 477
474 470
474 471
474 472
474 473
474 475
474 476
474 477
474 478
474 483
474 484
474 485
475 471
475 472
475 473
475 474
475 476
475 477
475 478
475 479
475 483
476 472
476 473
476 474
476 475
476 477
476 478
476 479
476 480
477 473
477 474
477 475
477 476
477 478
477 479
477 480
477 481
477 482
477 483
477 484
478 474
478 475
478 476
478 477
478 479
478 480
478 481
478 482
478 483
478 484
479 475
479 476
479 477
479 478
479 480
479 481
479 482
480 476
480 477
480 478
480 479
480 481
480 482
481 477
481 478
481 479
481 480
481 482
481 483
482 477
482 478
482 479
482 480
482 481
482 483
482 484
483 474
483 475
483 477
483 478
483 481
483 482
483 484
483 485
483 486
484 414
484 474
484 477
484 478
484 482
484 483
484 485
484 486
485 326
485 328
485 329
485 330
485 414
485 474
485 483
485 484
485 486
485 487
486 126
486 127
486 128
486 326
486 328
486 329
486 330
486 483
486 484
486 485
486 487
486 488
487 126
487 127
487 128
487 329
487 330
487 331
487 332
487 485
487 486
487 488
487 489
488 126
488 127
488 128
488 129
488 130
488 329
488 330
488 331
488 332
488 486
488 487
488 489
488 490
489 126
489 128
489 129
489 130
489 294
489 331
489 332
489 333
489 334
489 487
489 488
489 490
489 491
490 129
490 130
490 131
490 294
490 332
490 333
490 334
490 488
490 489
490 491
490 492
490 901
490 997
491 130
491 292
491 293
491 294
491 489
491 490
491 492
491 493
492 130
492 291
492 292
492 293
492 313
492 314
492 490
492 491
492 493
492 494
492 495
493 291
493 292
493 293
493 313
493 314
493 491
493 492
493 494
493 495
493 916
494 291
494 314
494 492
494 493
494 495
494 496
494 502
494 503
494 504
494 913
494 914
494 915
494 916
495 290
495 291
495 312
495 313
495 314
495 492
495 493
495 494
495 496
495 497
495 502
495 503
495 504
496 313
496 314
496 315
496 494
496 495
496 497
496 498
496 499
496 500
496 501
496 502
496 503
497 312
497 313
497 314
497 315
497 351
497 495
497 496
497 498
497 499
497 501
497 502
498 141
498 315
498 496
498 497
498 499
498 500
498 501
499 141
499 496
499 497
499 498
499 500
499 501
500 496
500 498
500 499
500 501
500 502
500 810
500 910
501 496
501 497
501 498
501 499
501 500
501 502
501 503
501 808
501 809
501 810
502 494
502 495
502 496
502 497
502 500
502 501
502 503
502 504
502 505
502 808
502 809
502 810
502 912
502 913
503 290
503 494
503 495
503 496
503 501
503 502
503 504
503 505
503 506
503 807
503 808
503 809
504 494
504 495
504 502
504 503
504 505
504 506
504 507
504 508
504 807
504 808
504 809
504 912
504 913
504 915
504 916
504 917
504 940
505 502
505 503
505 504
505 506
505 507
505 508
505 509
505 804
505 805
505 806
505 807
505 808
505 809
505 940
506 503
506 504
506 505
506 507
506 508
506 509
506 572
506 573
506 574
506 806
506 807
506 808
507 255
507 256
507 504
507 505
507 506
507 508
507 509
507 572
507 916
507 917
507 918
507 938
507 939
507 940
508 504
508 505
508 506
508 507
508 509
508 510
508 511
508 572
508 573
508 938
508 939
508 940
508 952
508 953
508 954
508 955
509 505
509 506
509 507
509 508
509 510
509 511
509 572
509 573
509 574
509 806
509 807
509 954
509 955
509 969
510 508
510 509
510 511
510 512
510 513
510 514
510 572
510 573
510 954
510 955
510 969
510 972
511 508
511 509
511 510
511 512
511 513
511 514
511 515
511 573
511 937
511 938
511 939
511 953
511 954
511 975
512 510
512 511
512 513
512 514
512 515
512 516
512 632
512 972
512 973
512 974
512 975
512 976
513 510
513 511
513 512
513 514
513 515
513 516
513 517
513 571
513 573
513 584
514 256
514 510
514 511
514 512
514 513
514 515
514 516
514 517
514 518
514 571
514 572
514 937
514 938
515 511
515 512
515 513
515 514
515 516
515 517
515 518
515 519
515 936
515 937
515 938
515 976
515 977
516 512
516 513
516 514
516 515
516 517
516 518
516 519
516 520
516 587
517 513
517 514
517 515
517 516
517 518
517 519
517 520
517 521
517 562
517 565
517 571
517 587
518 258
518 514
518 515
518 516
518 517
518 519
518 520
518 521
518 522
518 936
518 937
518 1013
519 515
519 516
519 517
519 518
519 520
519 521
519 522
519 523
519 1013
520 516
520 517
520 518
520 519
520 521
520 522
520 523
520 524
520 562
520 587
520 590
520 591
521 260
521 261
521 517
521 518
521 519
521 520
521 522
521 523
521 524
521 525
521 562
522 518
522 519
522 520
522 521
522 523
522 524
522 525
522 526
522 1013
522 1014
522 1015
523 519
523 520
523 521
523 522
523 524
523 525
523 526
523 527
523 591
523 594
523 595
524 520
524 521
524 522
524 523
524 525
524 526
524 527
524 528
524 555
524 558
524 559
524 594
525 521
525 522
525 523
525 524
525 526
525 527
525 528
525 529
525 654
525 1048
525 1049
525 1050
525 1051
526 522
526 523
526 524
526 525
526 527
526 528
526 529
526 530
526 598
526 654
527 523
527 524
527 525
527 526
527 528
527 529
527 530
527 531
527 555
527 594
527 595
527 597
527 598
527 601
528 524
528 525
528 526
528 527
528 529
528 530
528 531
528 532
528 555
528 1049
528 1050
528 1051
528 1052
529 525
529 526
529 527
529 528
529 530
529 531
529 532
529 533
529 712
529 1049
529 1050
529 1051
530 526
530 527
530 528
530 529
530 531
530 532
530 533
530 534
530 598
530 601
530 602
531 527
531 528
531 529
531 530
531 532
531 533
531 534
531 535
531 597
531 598
531 601
532 528
532 529
532 530
532 531
532 533
532 534
532 535
532 536
532 1050
532 1051
532 1052
532 1065
533 529
533 530
533 531
533 532
533 534
533 535
533 536
533 537
533 601
533 605
533 1036
534 530
534 531
534 532
534 533
534 535
534 536
534 537
534 538
534 601
534 602
534 604
534 605
535 531
535 532
535 533
535 534
535 536
535 537
535 538
535 539
535 546
535 547
535 601
536 532
536 533
536 534
536 535
536 537
536 538
536 539
536 540
536 1142
536 1143
537 533
537 534
537 535
537 536
537 538
537 539
537 540
537 541
537 605
538 534
538 535
538 536
538 537
538 539
538 540
538 541
538 542
538 543
538 544
538 546
538 547
539 535
539 536
539 537
539 538
539 540
539 541
539 542
539 543
539 547
540 536
540 537
540 538
540 539
540 541
540 542
540 1143
541 537
541 538
541 539
541 540
541 542
541 543
541 610
541 611
542 538
542 539
542 540
542 541
542 543
542 544
542 547
543 538
543 539
543 541
543 542
543 544
543 545
543 546
543 547
543 610
543 611
543 613
543 614
544 538
544 542
544 543
544 545
544 546
544 547
544 548
544 614
545 543
545 544
545 546
545 547
545 548
545 549
545 613
545 614
546 535
546 538
546 543
546 544
546 545
546 547
546 548
546 549
546 614
547 535
547 538
547 539
547 542
547 543
547 544
547 545
547 546
547 548
547 549
548 544
548 545
548 546
548 547
548 549
548 550
549 545
549 546
549 547
549 548
549 550
549 551
549 552
550 548
550 549
550 551
550 552
550 553
550 554
551 549
551 550
551 552
551 553
551 554
551 555
551 597
552 549
552 550
552 551
552 553
552 554
552 555
552 556
552 1060
552 1061
553 550
553 551
553 552
553 554
553 555
553 556
553 557
553 1059
553 1060
554 550
554 551
554 552
554 553
554 555
554 556
554 557
554 558
554 590
554 593
554 594
555 524
555 527
555 528
555 551
555 552
555 553
555 554
555 556
555 557
555 558
555 559
555 593
555 594
555 597
556 552
556 553
556 554
556 555
556 557
556 558
556 559
556 560
557 553
557 554
557 555
557 556
557 558
557 559
557 560
557 561
557 590
558 524
558 554
558 555
558 556
558 557
558 559
558 560
558 561
558 562
558 587
558 590
558 591
558 593
558 594
559 264
559 265
559 268
559 524
559 555
559 556
559 557
559 558
559 560
559 561
559 562
559 563
560 216
560 249
560 265
560 268
560 556
560 557
560 558
560 559
560 561
560 562
560 563
560 564
561 557
561 558
561 559
561 560
561 562
561 563
561 564
561 565
561 583
561 586
561 587
561 590
562 261
562 265
562 517
562 520
562 521
562 558
562 559
562 560
562 561
562 563
562 564
562 565
562 566
562 587
563 249
563 250
563 261
563 262
563 264
563 265
563 268
563 559
563 560
563 561
563 562
563 564
563 565
563 566
563 567
564 177
564 216
564 249
564 250
564 265
564 560
564 561
564 562
564 563
564 565
564 566
564 567
564 570
565 517
565 561
565 562
565 563
565 564
565 566
565 567
565 570
565 571
565 583
566 250
566 251
566 252
566 253
566 257
566 261
566 262
566 265
566 562
566 563
566 564
566 565
566 567
566 568
566 570
566 571
567 176
567 177
567 178
567 250
567 251
567 252
567 253
567 563
567 564
567 565
567 566
567 568
567 569
567 570
567 571
567 572
568 251
568 252
568 253
568 254
568 288
568 289
568 290
568 566
568 567
568 569
568 570
568 571
568 572
568 574
569 176
569 178
569 179
569 253
569 567
569 568
569 570
569 571
569 572
569 573
569 574
569 575
570 178
570 179
570 564
570 565
570 566
570 567
570 568
570 569
570 571
570 572
570 573
570 574
570 575
570 580
570 583
571 253
571 256
571 257
571 513
571 514
571 517
571 565
571 566
571 567
571 568
571 569
571 570
571 572
571 573
571 574
572 253
572 256
572 506
572 507
572 508
572 509
572 510
572 514
572 567
572 568
572 569
572 570
572 571
572 573
572 574
573 506
573 508
573 509
573 510
573 511
573 513
573 569
573 570
573 571
573 572
573 574
573 575
573 580
573 806
574 179
574 506
574 509
574 568
574 569
574 570
574 571
574 572
574 573
574 575
574 576
574 806
574 807
574 965
575 178
575 179
575 180
575 569
575 570
575 573
575 574
575 576
575 577
575 579
575 580
575 965
576 179
576 180
576 181
576 574
576 575
576 577
576 578
576 579
576 580
576 965
576 967
577 575
577 576
577 578
577 579
577 580
577 581
577 971
578 56
578 182
578 576
578 577
578 579
578 580
578 581
578 582
579 178
579 179
579 180
579 181
579 182
579 575
579 576
579 577
579 578
579 580
579 581
579 582
579 583
580 570
580 573
580 575
580 576
580 577
580 578
580 579
580 581
580 582
580 583
580 584
581 577
581 578
581 579
581 580
581 582
581 583
581 584
581 585
581 631
582 182
582 578
582 579
582 580
582 581
582 583
582 584
582 585
582 586
583 561
583 565
583 570
583 579
583 580
583 581
583 582
583 584
583 585
583 586
583 587
584 513
584 580
584 581
584 582
584 583
584 585
584 586
584 587
584 588
584 631
584 632
585 581
585 582
585 583
585 584
585 586
585 587
585 588
585 589
585 631
586 561
586 582
586 583
586 584
586 585
586 587
586 588
586 589
586 590
587 516
587 517
587 520
587 558
587 561
587 562
587 583
587 584
587 585
587 586
587 588
587 589
587 590
587 591
587 631
588 584
588 585
588 586
588 587
588 589
588 590
588 591
588 592
588 630
588 631
589 585
589 586
589 587
589 588
589 590
589 591
589 592
589 593
590 520
590 554
590 557
590 558
590 561
590 586
590 587
590 588
590 589
590 591
590 592
590 593
590 594
591 520
591 523
591 558
591 587
591 588
591 589
591 590
591 592
591 593
591 594
591 595
592 588
592 589
592 590
592 591
592 593
592 594
592 595
592 596
593 554
593 555
593 558
593 589
593 590
593 591
593 592
593 594
593 595
593 596
593 597
594 523
594 524
594 527
594 554
594 555
594 558
594 590
594 591
594 592
594 593
594 595
594 596
594 597
594 598
595 523
595 527
595 591
595 592
595 593
595 594
595 596
595 597
595 598
595 599
595 624
596 592
596 593
596 594
596 595
596 597
596 598
596 599
596 600
596 619
597 527
597 531
597 551
597 555
597 593
597 594
597 595
597 596
597 598
597 599
597 600
597 601
598 526
598 527
598 530
598 531
598 594
598 595
598 596
598 597
598 599
598 600
598 601
598 602
599 595
599 596
599 597
599 598
599 600
599 601
599 602
599 603
599 618
599 619
599 621
599 622
599 623
599 624
599 1019
600 596
600 597
600 598
600 599
600 601
600 602
600 603
600 604
600 618
600 619
600 622
601 527
601 530
601 531
601 533
601 534
601 535
601 597
601 598
601 599
601 600
601 602
601 603
601 604
601 605
602 530
602 534
602 598
602 599
602 600
602 601
602 603
602 604
602 605
602 606
602 714
603 599
603 600
603 601
603 602
603 604
603 605
603 606
603 607
603 618
603 621
603 622
604 534
604 600
604 601
604 602
604 603
604 605
604 606
604 607
604 610
604 613
605 533
605 534
605 537
605 601
605 602
605 603
605 604
605 606
605 607
605 1034
606 602
606 603
606 604
606 605
606 607
606 608
606 714
606 1030
606 1031
606 1032
606 1033
606 1034
607 603
607 604
607 605
607 606
607 608
607 609
607 610
607 612
607 613
607 1029
607 1030
607 1031
608 606
608 607
608 609
608 610
608 1029
608 1030
608 1031
609 607
609 608
609 610
609 611
609 612
609 1029
610 541
610 543
610 604
610 607
610 608
610 609
610 611
610 612
610 613
611 541
611 543
611 609
611 610
611 612
611 613
611 614
611 615
612 607
612 609
612 610
612 611
612 613
612 614
612 615
612 616
613 543
613 545
613 604
613 607
613 610
613 611
613 612
613 614
613 615
613 616
613 617
613 618
614 543
614 544
614 545
614 546
614 611
614 612
614 613
614 615
614 616
614 617
615 611
615 612
615 613
615 614
615 616
615 617
616 612
616 613
616 614
616 615
616 617
616 618
616 621
617 613
617 614
617 615
617 616
617 618
617 619
617 620
617 621
618 599
618 600
618 603
618 613
618 616
618 617
618 619
618 620
618 621
618 622
619 596
619 599
619 600
619 617
619 618
619 620
619 621
619 622
620 617
620 618
620 619
620 621
620 622
620 623
620 1022
621 599
621 603
621 616
621 617
621 618
621 619
621 620
621 622
621 623
621 1021
621 1022
621 1023
622 599
622 600
622 603
622 618
622 619
622 620
622 621
622 623
622 624
622 1019
622 1020
622 1021
622 1022
623 599
623 620
623 621
623 622
623 624
623 625
623 1019
623 1020
623 1021
623 1022
624 595
624 599
624 622
624 623
624 625
624 626
624 627
624 638
624 1017
624 1018
624 1019
624 1020
625 623
625 624
625 626
625 627
625 637
625 638
625 665
625 666
625 1017
625 1018
625 1019
625 1020
626 624
626 625
626 627
626 628
626 635
626 636
626 637
626 638
627 624
627 625
627 626
627 628
627 629
627 635
627 636
627 637
627 638
628 626
628 627
628 629
628 630
628 631
628 633
628 634
628 635
628 636
629 627
629 628
629 630
629 631
629 633
629 634
629 635
630 588
630 628
630 629
630 631
630 632
630 633
631 581
631 584
631 585
631 587
631 588
631 628
631 629
631 630
631 632
631 633
632 512
632 584
632 630
632 631
632 633
632 634
632 973
633 628
633 629
633 630
633 631
633 632
633 634
633 635
633 973
633 974
634 628
634 629
634 632
634 633
634 635
634 636
634 974
634 975
634 976
635 626
635 627
635 628
635 629
635 633
635 634
635 636
635 637
636 626
636 627
636 628
636 634
636 635
636 637
636 638
637 625
637 626
637 627
637 635
637 636
637 638
637 639
637 665
637 666
638 624
638 625
638 626
638 627
638 636
638 637
638 639
638 640
638 665
638 666
639 637
639 638
639 640
639 641
639 665
639 666
639 667
639 668
639 700
640 638
640 639
640 641
640 642
640 665
640 666
640 667
640 668
640 1020
641 639
641 640
641 642
641 643
641 667
641 668
641 669
642 640
642 641
642 643
642 644
642 645
642 646
642 647
642 667
642 668
642 669
642 719
642 720
642 721
643 641
643 642
643 644
643 645
643 646
643 720
643 721
643 722
644 642
644 643
644 645
644 646
644 720
644 721
644 722
645 642
645 643
645 644
645 646
645 647
645 720
645 721
645 1024
646 642
646 643
646 644
646 645
646 647
646 648
646 718
646 719
646 720
646 721
646 1024
647 642
647 645
647 646
647 648
647 649
647 718
647 719
647 720
647 1020
647 1021
647 1023
647 1024
648 646
648 647
648 649
648 650
648 716
648 717
648 718
648 719
648 1020
648 1021
649 647
649 648
649 650
649 651
649 716
649 717
649 718
649 719
649 1018
649 1019
649 1020
649 1021
650 648
650 649
650 651
650 652
650 714
650 715
650 716
650 717
650 1018
650 1019
650 1020
651 649
651 650
651 652
651 653
651 709
651 714
651 715
651 716
651 1016
651 1017
651 1018
651 1019
652 650
652 651
652 653
652 654
652 709
652 712
652 713
652 714
652 715
652 1016
652 1017
652 1018
653 651
653 652
653 654
653 655
653 659
653 709
653 710
653 711
653 712
653 713
653 714
653 1015
653 1016
653 1017
654 525
654 526
654 652
654 653
654 655
654 656
654 711
654 712
654 713
654 1014
654 1015
654 1016
654 1017
655 653
655 654
655 656
655 657
655 658
655 659
655 711
655 712
655 1010
655 1011
655 1014
655 1047
656 654
656 655
656 657
656 658
656 711
656 712
656 1037
656 1040
656 1041
656 1046
656 1047
657 655
657 656
657 658
657 659
657 710
657 711
657 712
657 1039
657 1040
657 1041
657 1042
657 1043
657 1086
657 1087
658 655
658 656
658 657
658 659
658 660
658 708
658 709
658 710
658 711
658 1039
658 1040
658 1086
658 1087
659 653
659 655
659 657
659 658
659 660
659 661
659 707
659 708
659 709
659 710
659 711
660 658
660 659
660 661
660 662
660 706
660 707
660 708
660 709
660 855
661 659
661 660
661 662
661 663
661 706
661 707
661 708
661 857
661 1016
662 660
662 661
662 663
662 664
662 704
662 705
662 706
662 707
663 661
663 662
663 664
663 665
663 704
663 705
663 706
663 707
663 1016
663 1018
664 662
664 663
664 665
664 666
664 702
664 703
664 704
664 705
665 625
665 637
665 638
665 639
665 640
665 663
665 664
665 666
665 667
665 702
665 703
665 704
665 1018
666 625
666 637
666 638
666 639
666 640
666 664
666 665
666 667
666 668
666 700
666 701
666 702
666 703
667 639
667 640
667 641
667 642
667 665
667 666
667 668
667 669
667 670
667 700
667 701
667 702
667 703
668 639
668 640
668 641
668 642
668 666
668 667
668 669
668 670
668 699
668 700
668 701
669 641
669 642
669 667
669 668
669 670
669 671
669 672
669 699
669 700
669 701
669 721
670 667
670 668
670 669
670 671
670 672
670 686
670 701
671 669
671 670
671 672
671 673
671 721
671 722
671 723
671 724
671 725
671 727
672 669
672 670
672 671
672 673
672 674
672 719
672 720
672 721
672 722
672 723
672 725
672 727
673 671
673 672
673 674
673 675
673 681
673 682
673 684
673 719
673 720
673 721
673 722
673 725
673 726
673 727
674 672
674 673
674 675
674 676
674 681
674 682
674 683
674 684
674 717
674 718
674 719
674 720
675 673
675 674
675 676
675 677
675 678
675 679
675 680
675 681
675 682
675 717
675 718
675 719
676 674
676 675
676 677
676 678
676 679
676 680
676 681
676 682
676 716
676 717
676 718
676 1032
677 675
677 676
677 678
677 679
677 680
677 715
677 716
677 717
677 718
677 1031
677 1032
677 1033
678 675
678 676
678 677
678 679
678 680
678 1032
679 675
679 676
679 677
679 678
679 680
679 681
680 675
680 676
680 677
680 678
680 679
680 681
680 682
681 673
681 674
681 675
681 676
681 679
681 680
681 682
681 683
682 673
682 674
682 675
682 676
682 680
682 681
682 683
682 684
682 705
682 706
683 674
683 681
683 682
683 684
683 685
683 705
683 706
683 726
683 727
683 728
684 673
684 674
684 682
684 683
684 685
684 686
684 703
684 704
684 705
684 706
684 727
684 728
684 833
685 683
685 684
685 686
685 687
685 703
685 704
685 705
685 727
685 728
685 729
685 730
685 831
685 832
685 833
686 670
686 684
686 685
686 687
686 688
686 701
686 702
686 703
686 704
686 727
686 728
686 729
686 730
687 685
687 686
687 688
687 689
687 701
687 702
687 703
687 704
687 729
687 730
688 686
688 687
688 689
688 690
688 696
688 697
688 700
688 701
688 702
688 730
688 745
689 687
689 688
689 690
689 691
689 696
689 697
689 700
689 701
689 702
690 688
690 689
690 691
690 692
690 693
690 694
690 695
690 696
690 697
691 689
691 690
691 692
691 693
691 694
691 695
691 696
691 697
692 690
692 691
692 693
692 694
692 695
692 696
693 690
693 691
693 692
693 694
693 695
693 840
694 690
694 691
694 692
694 693
694 695
694 696
694 737
694 738
694 739
695 690
695 691
695 692
695 693
695 694
695 696
695 697
695 739
696 688
696 689
696 690
696 691
696 692
696 694
696 695
696 697
696 698
696 742
697 688
697 689
697 690
697 691
697 695
697 696
697 698
697 699
697 700
697 701
698 696
698 697
698 699
698 700
699 668
699 669
699 697
699 698
699 700
699 701
700 639
700 666
700 667
700 668
700 669
700 688
700 689
700 697
700 698
700 699
700 701
700 702
701 666
701 667
701 668
701 669
701 670
701 686
701 687
701 688
701 689
701 697
701 699
701 700
701 702
701 703
702 664
702 665
702 666
702 667
702 686
702 687
702 688
702 689
702 700
702 701
702 703
702 704
703 664
703 665
703 666
703 667
703 684
703 685
703 686
703 687
703 701
703 702
703 704
703 705
704 662
704 663
704 664
704 665
704 684
704 685
704 686
704 687
704 702
704 703
704 705
704 706
704 833
705 662
705 663
705 664
705 682
705 683
705 684
705 685
705 703
705 704
705 706
705 707
705 833
706 660
706 661
706 662
706 663
706 682
706 683
706 684
706 704
706 705
706 707
706 708
706 833
706 853
707 659
707 660
707 661
707 662
707 663
707 705
707 706
707 708
707 709
708 658
708 659
708 660
708 661
708 706
708 707
708 709
708 710
708 715
709 651
709 652
709 653
709 658
709 659
709 660
709 707
709 708
709 710
709 711
709 713
709 714
709 715
710 653
710 657
710 658
710 659
710 708
710 709
710 711
710 712
710 713
710 714
710 715
710 1034
710 1035
710 1040
711 653
711 654
711 655
711 656
711 657
711 658
711 659
711 709
711 710
711 712
711 713
711 1035
711 1036
711 1037
711 1039
711 1040
711 1041
712 529
712 652
712 653
712 654
712 655
712 656
712 657
712 710
712 711
712 713
712 714
712 1035
712 1036
712 1037
713 652
713 653
713 654
713 709
713 710
713 711
713 712
713 714
713 715
713 1033
713 1034
713 1035
713 1036
713 1037
714 602
714 606
714 650
714 651
714 652
714 653
714 709
714 710
714 712
714 713
714 715
714 716
714 1033
714 1034
714 1035
715 650
715 651
715 652
715 677
715 708
715 709
715 710
715 713
715 714
715 716
715 717
715 1032
715 1033
715 1034
716 648
716 649
716 650
716 651
716 676
716 677
716 714
716 715
716 717
716 718
716 1030
716 1031
716 1032
716 1033
717 648
717 649
717 650
717 674
717 675
717 676
717 677
717 715
717 716
717 718
717 719
717 1032
718 646
718 647
718 648
718 649
718 674
718 675
718 676
718 677
718 716
718 717
718 719
718 720
719 642
719 646
719 647
719 648
719 649
719 672
719 673
719 674
719 675
719 717
719 718
719 720
719 721
720 642
720 643
720 644
720 645
720 646
720 647
720 672
720 673
720 674
720 718
720 719
720 721
720 722
721 642
721 643
721 644
721 645
721 646
721 669
721 671
721 672
721 673
721 719
721 720
721 722
721 723
721 725
722 643
722 644
722 671
722 672
722 673
722 720
722 721
722 723
722 724
722 725
723 671
723 672
723 721
723 722
723 724
723 725
724 671
724 722
724 723
724 725
724 726
725 671
725 672
725 673
725 721
725 722
725 723
725 724
725 726
725 727
726 673
726 683
726 724
726 725
726 727
726 728
727 671
727 672
727 673
727 683
727 684
727 685
727 686
727 725
727 726
727 728
727 729
728 683
728 684
728 685
728 686
728 726
728 727
728 729
728 730
728 831
728 832
729 685
729 686
729 687
729 727
729 728
729 730
729 731
729 745
729 831
730 685
730 686
730 687
730 688
730 728
730 729
730 731
730 732
730 745
730 746
730 829
730 830
730 831
730 832
731 729
731 730
731 732
731 733
731 745
731 746
731 747
731 829
731 830
731 831
732 730
732 731
732 733
732 734
732 745
732 746
732 747
732 748
732 827
732 828
732 829
732 830
733 731
733 732
733 734
733 735
733 747
733 748
733 749
733 750
733 827
733 828
733 829
734 732
734 733
734 735
734 736
734 737
734 738
734 739
734 747
734 748
734 749
734 750
734 751
734 825
734 826
734 827
734 828
735 733
735 734
735 736
735 737
735 738
735 749
735 750
735 751
735 753
735 825
735 826
735 827
736 734
736 735
736 737
736 738
736 750
736 751
736 752
736 823
736 824
736 825
736 826
737 694
737 734
737 735
737 736
737 738
737 739
737 749
737 750
737 751
737 825
738 694
738 734
738 735
738 736
738 737
738 739
738 740
738 749
738 750
738 751
739 694
739 695
739 734
739 737
739 738
739 740
739 741
739 747
739 749
740 738
740 739
740 741
740 742
741 739
741 740
741 742
741 743
741 744
741 745
741 746
741 747
742 696
742 740
742 741
742 743
742 744
742 745
743 741
743 742
743 744
743 745
743 746
744 741
744 742
744 743
744 745
744 746
745 688
745 729
745 730
745 731
745 732
745 741
745 742
745 743
745 744
745 746
745 747
746 730
746 731
746 732
746 741
746 743
746 744
746 745
746 747
746 748
747 731
747 732
747 733
747 734
747 739
747 741
747 745
747 746
747 748
747 749
748 732
748 733
748 734
748 746
748 747
748 749
748 750
749 733
749 734
749 735
749 737
749 738
749 739
749 747
749 748
749 750
749 751
750 733
750 734
750 735
750 736
750 737
750 738
750 748
750 749
750 751
750 752
750 753
751 734
751 735
751 736
751 737
751 738
751 749
751 750
751 752
751 753
752 736
752 750
752 751
752 753
752 754
753 735
753 750
753 751
753 752
753 754
753 755
754 752
754 753
754 755
754 756
754 770
755 753
755 754
755 756
755 757
755 770
756 754
756 755
756 757
756 758
756 767
756 768
756 769
756 770
757 755
757 756
757 758
757 759
757 767
757 768
757 769
757 770
757 772
758 756
758 757
758 759
758 760
758 765
758 766
758 767
758 768
759 757
759 758
759 760
759 761
759 765
759 766
759 767
759 835
759 836
759 850
760 758
760 759
760 761
760 762
760 763
760 764
760 765
760 766
760 850
761 759
761 760
761 762
761 763
761 764
761 765
761 850
761 851
761 852
761 858
762 760
762 761
762 763
762 764
762 780
762 852
762 854
762 858
763 760
763 761
763 762
763 764
763 765
763 779
763 780
763 781
763 858
763 859
764 760
764 761
764 762
764 763
764 765
764 766
764 777
764 778
764 779
764 780
764 858
764 859
765 758
765 759
765 760
765 761
765 763
765 764
765 766
765 767
765 777
765 778
765 779
765 780
766 758
766 759
766 760
766 764
766 765
766 767
766 768
766 774
766 775
766 776
766 777
766 778
767 756
767 757
767 758
767 759
767 765
767 766
767 768
767 769
767 774
767 775
767 776
767 777
768 756
768 757
768 758
768 766
768 767
768 769
768 770
768 771
768 772
768 773
768 774
768 775
768 776
769 756
769 757
769 767
769 768
769 770
769 771
769 772
769 773
769 774
769 775
770 754
770 755
770 756
770 757
770 768
770 769
770 771
770 772
770 773
771 768
771 769
771 770
771 772
771 773
771 823
771 824
771 825
771 826
771 839
772 757
772 768
772 769
772 770
772 771
772 773
772 774
772 826
772 837
772 838
772 839
773 768
773 769
773 770
773 771
773 772
773 774
773 775
773 789
773 790
773 791
773 839
774 766
774 767
774 768
774 769
774 772
774 773
774 775
774 776
774 788
774 789
774 790
775 766
775 767
775 768
775 769
775 773
775 774
775 776
775 777
775 787
775 788
775 789
775 790
776 766
776 767
776 768
776 774
776 775
776 777
776 778
776 785
776 786
776 787
776 788
776 789
777 764
777 765
777 766
777 767
777 775
777 776
777 778
777 779
777 785
777 786
777 787
777 788
778 764
778 765
778 766
778 776
778 777
778 779
778 780
778 782
778 783
778 784
778 785
778 786
779 763
779 764
779 765
779 777
779 778
779 780
779 781
779 782
779 783
779 784
779 785
779 983
780 762
780 763
780 764
780 765
780 778
780 779
780 781
780 782
780 783
780 784
781 763
781 779
781 780
781 782
781 783
782 778
782 779
782 780
782 781
782 783
782 784
782 985
783 778
783 779
783 780
783 781
783 782
783 784
783 785
784 778
784 779
784 780
784 782
784 783
784 785
784 786
785 776
785 777
785 778
785 779
785 783
785 784
785 786
785 787
786 776
786 777
786 778
786 784
786 785
786 787
786 788
786 883
786 884
787 775
787 776
787 777
787 785
787 786
787 788
787 789
787 882
787 883
787 884
788 774
788 775
788 776
788 777
788 786
788 787
788 789
788 790
788 881
788 882
788 883
788 884
789 773
789 774
789 775
789 776
789 787
789 788
789 790
789 791
789 881
789 882
789 883
790 773
790 774
790 775
790 788
790 789
790 791
790 792
790 879
790 880
790 881
790 882
791 773
791 789
791 790
791 792
791 793
791 817
791 818
791 879
791 880
791 881
792 790
792 791
792 793
792 794
792 817
792 818
792 877
792 878
792 879
792 880
793 791
793 792
793 794
793 795
793 815
793 816
793 817
793 818
793 877
793 878
793 879
793 880
794 792
794 793
794 795
794 796
794 815
794 816
794 817
794 818
794 875
794 876
794 877
794 878
795 793
795 794
795 796
795 797
795 811
795 812
795 813
795 814
795 815
795 816
795 875
795 876
795 877
795 878
796 794
796 795
796 797
796 798
796 811
796 812
796 813
796 874
796 875
796 876
797 795
797 796
797 798
797 799
797 803
797 804
797 809
797 810
797 811
797 812
797 874
797 875
798 796
798 797
798 799
798 800
798 802
798 803
798 804
798 810
798 811
798 812
798 813
799 797
799 798
799 800
799 801
799 803
799 812
800 798
800 799
800 801
800 802
800 803
801 799
801 800
801 802
801 803
802 798
802 800
802 801
802 803
802 804
802 961
802 962
803 797
803 798
803 799
803 800
803 801
803 802
803 804
803 805
803 808
803 809
803 810
803 811
803 959
803 960
803 961
804 505
804 797
804 798
804 802
804 803
804 805
804 806
804 807
804 808
804 809
804 810
804 811
804 957
804 959
804 960
804 961
805 505
805 803
805 804
805 806
805 807
805 808
805 809
805 957
805 958
805 959
805 960
805 961
805 967
805 968
805 969
806 505
806 506
806 509
806 573
806 574
806 804
806 805
806 807
806 808
806 957
806 960
806 961
806 965
806 968
806 969
807 503
807 504
807 505
807 506
807 509
807 574
807 804
807 805
807 806
807 808
807 809
807 961
807 963
808 501
808 502
808 503
808 504
808 505
808 506
808 803
808 804
808 805
808 806
808 807
808 809
808 810
808 961
809 501
809 502
809 503
809 504
809 505
809 797
809 803
809 804
809 805
809 807
809 808
809 810
809 811
809 912
810 500
810 501
810 502
810 797
810 798
810 803
810 804
810 808
810 809
810 811
810 812
810 912
811 795
811 796
811 797
811 798
811 803
811 804
811 809
811 810
811 812
811 813
811 814
811 911
811 912
812 795
812 796
812 797
812 798
812 799
812 810
812 811
812 813
812 814
813 795
813 796
813 798
813 811
813 812
813 814
813 815
813 911
814 795
814 811
814 812
814 813
814 815
814 816
814 911
815 793
815 794
815 795
815 813
815 814
815 816
815 817
816 793
816 794
816 795
816 814
816 815
816 817
816 818
817 791
817 792
817 793
817 794
817 815
817 816
817 818
817 819
818 791
818 792
818 793
818 794
818 816
818 817
818 819
818 820
819 817
819 818
819 820
819 821
820 818
820 819
820 821
820 822
820 823
820 824
820 841
820 842
821 819
821 820
821 822
821 823
822 820
822 821
822 823
822 824
823 736
823 771
823 820
823 821
823 822
823 824
823 825
824 736
824 771
824 820
824 822
824 823
824 825
824 826
824 839
824 840
824 841
825 734
825 735
825 736
825 737
825 771
825 823
825 824
825 826
825 827
825 839
825 840
825 841
826 734
826 735
826 736
826 771
826 772
826 824
826 825
826 827
826 828
826 837
826 838
826 839
826 840
827 732
827 733
827 734
827 735
827 825
827 826
827 828
827 829
827 837
827 838
827 839
828 732
828 733
828 734
828 826
828 827
828 829
828 830
828 835
828 836
828 837
828 838
829 730
829 731
829 732
829 733
829 827
829 828
829 830
829 831
829 835
829 836
829 837
830 730
830 731
830 732
830 828
830 829
830 831
830 832
830 834
830 835
830 836
831 685
831 728
831 729
831 730
831 731
831 829
831 830
831 832
831 833
831 834
831 835
832 685
832 728
832 730
832 830
832 831
832 833
832 834
832 835
832 852
833 684
833 685
833 704
833 705
833 706
833 831
833 832
833 834
833 835
833 851
833 852
833 853
834 830
834 831
834 832
834 833
834 835
834 836
834 849
834 850
834 851
834 852
834 853
835 759
835 828
835 829
835 830
835 831
835 832
835 833
835 834
835 836
835 837
835 849
835 850
835 851
835 852
836 759
836 828
836 829
836 830
836 834
836 835
836 837
836 838
836 847
836 848
836 849
836 850
837 772
837 826
837 827
837 828
837 829
837 835
837 836
837 838
837 839
837 847
837 848
837 849
838 772
838 826
838 827
838 828
838 836
838 837
838 839
838 840
838 845
838 846
838 847
838 848
839 771
839 772
839 773
839 824
839 825
839 826
839 827
839 837
839 838
839 840
839 841
839 845
839 846
839 847
840 693
840 824
840 825
840 826
840 838
840 839
840 841
840 842
840 844
840 845
840 846
841 820
841 824
841 825
841 839
841 840
841 842
841 843
841 844
841 845
841 846
842 820
842 840
842 841
842 843
842 844
842 845
843 841
843 842
843 844
843 845
843 867
843 868
843 869
844 840
844 841
844 842
844 843
844 845
844 846
844 865
844 866
844 867
844 868
845 838
845 839
845 840
845 841
845 842
845 843
845 844
845 846
845 847
845 865
845 866
845 867
846 838
846 839
846 840
846 841
846 844
846 845
846 847
846 848
846 863
846 864
846 865
846 866
847 836
847 837
847 838
847 839
847 845
847 846
847 848
847 849
847 862
847 863
847 864
847 865
848 836
848 837
848 838
848 846
848 847
848 849
848 850
848 861
848 862
848 863
848 864
849 834
849 835
849 836
849 837
849 847
849 848
849 850
849 851
849 861
849 862
849 863
850 759
850 760
850 761
850 834
850 835
850 836
850 848
850 849
850 851
850 852
850 858
850 860
850 861
850 862
851 761
851 833
851 834
851 835
851 849
851 850
851 852
851 853
851 857
851 858
851 861
852 761
852 762
852 832
852 833
852 834
852 835
852 850
852 851
852 853
852 854
852 858
853 706
853 833
853 834
853 851
853 852
853 854
853 855
853 857
853 858
854 762
854 852
854 853
854 855
854 856
854 857
854 858
854 1084
855 660
855 853
855 854
855 856
855 857
855 858
855 859
855 1082
855 1083
855 1084
855 1085
856 854
856 855
856 857
856 858
856 859
856 860
856 1004
856 1007
856 1008
856 1083
856 1084
856 1085
857 661
857 851
857 853
857 854
857 855
857 856
857 858
857 859
857 860
857 861
857 1008
858 761
858 762
858 763
858 764
858 850
858 851
858 852
858 853
858 854
858 855
858 856
858 857
858 859
858 860
858 861
859 763
859 764
859 855
859 856
859 857
859 858
859 860
859 861
859 982
859 1083
860 850
860 856
860 857
860 858
860 859
860 861
860 862
860 980
860 981
860 982
860 983
860 1008
861 848
861 849
861 850
861 851
861 857
861 858
861 859
861 860
861 862
861 863
861 980
861 981
861 982
862 847
862 848
862 849
862 850
862 860
862 861
862 863
862 864
862 978
862 979
862 980
862 981
863 846
863 847
863 848
863 849
863 861
863 862
863 864
863 865
863 978
863 979
863 980
863 981
864 846
864 847
864 848
864 862
864 863
864 865
864 866
864 976
864 977
864 978
864 979
865 844
865 845
865 846
865 847
865 863
865 864
865 866
865 867
865 975
865 976
865 977
865 978
866 844
866 845
866 846
866 864
866 865
866 867
866 868
866 974
866 975
866 976
866 977
867 843
867 844
867 845
867 865
867 866
867 868
867 869
867 953
867 954
867 974
867 975
867 976
867 977
868 843
868 844
868 866
868 867
868 869
868 870
868 871
868 972
868 973
868 974
868 975
869 843
869 867
869 868
869 870
869 871
869 872
869 954
869 955
869 956
869 972
869 974
870 868
870 869
870 871
870 872
870 956
870 970
870 971
870 972
870 973
870 974
871 868
871 869
871 870
871 872
871 873
872 869
872 870
872 871
872 873
872 874
872 875
872 956
873 871
873 872
873 874
873 875
873 956
873 957
873 958
874 796
874 797
874 872
874 873
874 875
874 876
874 955
874 956
874 957
874 958
875 794
875 795
875 796
875 797
875 872
875 873
875 874
875 876
875 877
875 955
875 956
875 957
876 794
876 795
876 796
876 874
876 875
876 877
876 878
876 952
876 953
876 954
876 955
876 956
877 792
877 793
877 794
877 795
877 875
877 876
877 878
877 879
877 952
877 953
877 954
877 955
878 792
878 793
878 794
878 795
878 876
878 877
878 879
878 880
878 950
878 951
878 952
878 953
878 954
879 790
879 791
879 792
879 793
879 877
879 878
879 880
879 881
879 950
879 951
879 952
879 953
880 790
880 791
880 792
880 793
880 878
880 879
880 881
880 882
880 948
880 949
880 950
880 951
881 788
881 789
881 790
881 791
881 879
881 880
881 882
881 883
881 948
881 949
881 950
882 787
882 788
882 789
882 790
882 880
882 881
882 883
882 884
882 947
882 948
882 949
883 786
883 787
883 788
883 789
883 881
883 882
883 884
883 885
883 947
883 948
884 786
884 787
884 788
884 882
884 883
884 885
884 886
884 947
885 883
885 884
885 886
885 887
885 924
885 925
885 926
885 929
885 930
885 931
885 946
885 947
886 884
886 885
886 887
886 888
886 925
886 926
886 946
886 947
887 885
887 886
887 888
887 889
887 890
887 891
887 924
887 925
887 926
887 946
887 947
888 886
888 887
888 889
888 890
888 945
888 946
888 947
889 887
889 888
889 890
889 891
889 904
889 905
889 906
889 943
889 944
889 945
889 946
890 887
890 888
890 889
890 891
890 892
890 902
890 903
890 904
890 905
890 924
890 943
890 946
891 887
891 889
891 890
891 892
891 893
891 902
891 903
891 904
891 905
891 922
891 923
891 924
891 925
891 943
892 890
892 891
892 893
892 894
892 900
892 901
892 902
892 903
892 922
892 923
892 924
892 999
893 891
893 892
893 894
893 895
893 900
893 901
893 902
893 903
893 916
893 917
893 918
893 921
893 922
893 923
893 941
894 892
894 893
894 895
894 896
894 897
894 898
894 899
894 900
894 901
894 917
894 918
894 919
894 920
894 921
894 922
895 255
895 293
895 295
895 893
895 894
895 896
895 897
895 898
895 899
895 900
895 901
895 917
895 918
895 919
896 254
896 255
896 256
896 257
896 258
896 259
896 295
896 894
896 895
896 897
896 898
896 899
896 918
896 919
896 920
897 258
897 259
897 894
897 895
897 896
897 898
897 899
897 900
897 919
897 920
897 921
898 258
898 259
898 295
898 894
898 895
898 896
898 897
898 899
898 900
899 295
899 894
899 895
899 896
899 897
899 898
899 900
899 901
899 1000
899 1133
900 892
900 893
900 894
900 895
900 897
900 898
900 899
900 901
900 902
900 998
900 999
900 1000
900 1001
901 490
901 892
901 893
901 894
901 895
901 899
901 900
901 902
901 903
901 997
901 998
901 999
902 890
902 891
902 892
902 893
902 900
902 901
902 903
902 904
902 997
902 998
902 999
903 131
903 890
903 891
903 892
903 893
903 901
903 902
903 904
903 905
904 131
904 889
904 890
904 891
904 902
904 903
904 905
904 906
904 914
905 889
905 890
905 891
905 903
905 904
905 906
905 907
905 914
905 943
905 944
905 945
906 889
906 904
906 905
906 907
906 908
906 909
906 914
907 905
907 906
907 908
907 909
907 910
908 138
908 139
908 906
908 907
908 909
908 910
909 139
909 906
909 907
909 908
909 910
909 911
909 913
909 914
910 500
910 907
910 908
910 909
910 911
910 912
910 913
910 914
911 811
911 813
911 814
911 909
911 910
911 912
911 913
911 914
911 915
911 944
912 502
912 504
912 809
912 810
912 811
912 910
912 911
912 913
912 914
912 915
913 494
913 502
913 504
913 909
913 910
913 911
913 912
913 914
913 915
913 916
914 494
914 904
914 905
914 906
914 909
914 910
914 911
914 912
914 913
914 915
914 916
914 942
914 943
914 944
915 494
915 504
915 911
915 912
915 913
915 914
915 916
915 917
915 940
915 941
915 942
916 493
916 494
916 504
916 507
916 893
916 913
916 914
916 915
916 917
916 918
916 940
916 941
916 942
917 255
917 256
917 504
917 507
917 893
917 894
917 895
917 915
917 916
917 918
917 919
917 938
917 939
917 940
917 941
918 256
918 507
918 893
918 894
918 895
918 896
918 916
918 917
918 919
918 920
918 921
918 922
918 935
918 938
918 939
918 940
918 941
919 255
919 256
919 257
919 258
919 894
919 895
919 896
919 897
919 917
919 918
919 920
919 921
919 935
919 937
919 938
919 939
920 894
920 896
920 897
920 918
920 919
920 921
920 922
920 934
920 935
920 936
920 937
920 938
920 1009
921 893
921 894
921 897
921 918
921 919
921 920
921 922
921 923
921 932
921 933
921 934
921 935
921 1009
922 891
922 892
922 893
922 894
922 918
922 920
922 921
922 923
922 924
922 932
922 933
922 934
922 941
922 949
923 891
923 892
923 893
923 921
923 922
923 924
923 925
923 930
923 931
923 932
923 933
923 949
924 885
924 887
924 890
924 891
924 892
924 922
924 923
924 925
924 926
924 930
924 931
924 932
924 947
924 948
924 949
925 885
925 886
925 887
925 891
925 923
925 924
925 926
925 927
925 928
925 929
925 930
925 931
926 885
926 886
926 887
926 924
926 925
926 927
926 928
926 929
926 930
927 925
927 926
927 928
927 929
927 986
927 988
927 989
927 990
927 991
928 925
928 926
928 927
928 929
928 930
928 985
928 986
928 987
928 988
928 989
929 885
929 925
929 926
929 927
929 928
929 930
929 931
929 983
929 984
929 985
929 986
930 885
930 923
930 924
930 925
930 926
930 928
930 929
930 931
930 932
930 983
930 984
930 985
930 986
931 885
931 923
931 924
931 925
931 929
931 930
931 932
931 933
931 981
931 982
931 983
931 984
932 921
932 922
932 923
932 924
932 930
932 931
932 933
932 934
932 980
932 981
932 982
932 983
932 1005
933 921
933 922
933 923
933 931
933 932
933 934
933 935
933 949
933 979
933 980
933 981
933 982
934 920
934 921
934 922
934 932
934 933
934 935
934 936
934 979
934 980
934 981
934 982
934 1005
934 1008
934 1009
935 918
935 919
935 920
935 921
935 933
935 934
935 936
935 937
935 938
935 977
935 978
935 979
935 980
935 1009
935 1012
936 515
936 518
936 920
936 934
936 935
936 937
936 938
936 977
936 978
936 979
936 1009
936 1012
936 1013
937 511
937 514
937 515
937 518
937 919
937 920
937 935
937 936
937 938
937 939
937 977
937 978
938 256
938 257
938 507
938 508
938 511
938 514
938 515
938 917
938 918
938 919
938 920
938 935
938 936
938 937
938 939
938 940
939 256
939 507
939 508
939 511
939 917
939 918
939 919
939 937
939 938
939 940
939 941
939 951
939 952
939 953
940 504
940 505
940 507
940 508
940 915
940 916
940 917
940 918
940 938
940 939
940 941
940 942
940 951
940 952
940 953
941 893
941 915
941 916
941 917
941 918
941 922
941 939
941 940
941 942
941 943
941 949
941 950
941 951
941 952
942 914
942 915
942 916
942 940
942 941
942 943
942 944
942 949
942 950
942 951
943 889
943 890
943 891
943 905
943 914
943 941
943 942
943 944
943 945
943 946
943 947
943 948
943 949
943 950
944 889
944 905
944 911
944 914
944 942
944 943
944 945
944 946
944 948
944 949
944 950
945 888
945 889
945 905
945 943
945 944
945 946
945 947
945 948
946 885
946 886
946 887
946 888
946 889
946 890
946 943
946 944
946 945
946 947
946 948
947 882
947 883
947 884
947 885
947 886
947 887
947 888
947 924
947 943
947 945
947 946
947 948
947 949
948 880
948 881
948 882
948 883
948 924
948 943
948 944
948 945
948 946
948 947
948 949
948 950
949 880
949 881
949 882
949 922
949 923
949 924
949 933
949 941
949 942
949 943
949 944
949 947
949 948
949 950
949 951
950 878
950 879
950 880
950 881
950 941
950 942
950 943
950 944
950 948
950 949
950 951
950 952
951 878
951 879
951 880
951 939
951 940
951 941
951 942
951 949
951 950
951 952
951 953
952 508
952 876
952 877
952 878
952 879
952 939
952 940
952 941
952 950
952 951
952 953
952 954
952 955
953 508
953 511
953 867
953 876
953 877
953 878
953 879
953 939
953 940
953 951
953 952
953 954
953 955
953 977
954 508
954 509
954 510
954 511
954 867
954 869
954 876
954 877
954 878
954 952
954 953
954 955
954 956
954 975
955 508
955 509
955 510
955 869
955 874
955 875
955 876
955 877
955 952
955 953
955 954
955 956
955 957
955 969
955 972
956 869
956 870
956 872
956 873
956 874
956 875
956 876
956 954
956 955
956 957
956 958
956 968
956 969
956 970
956 972
957 804
957 805
957 806
957 873
957 874
957 875
957 955
957 956
957 958
957 959
957 960
957 968
957 969
957 970
958 805
958 873
958 874
958 956
958 957
958 959
958 960
958 967
958 968
958 969
958 970
959 803
959 804
959 805
959 957
959 958
959 960
959 961
959 967
959 968
959 969
960 803
960 804
960 805
960 806
960 957
960 958
960 959
960 961
960 962
960 963
960 965
960 966
960 967
960 968
961 802
961 803
961 804
961 805
961 806
961 807
961 808
961 959
961 960
961 962
961 963
961 966
961 968
962 802
962 960
962 961
962 963
962 964
962 965
962 966
963 807
963 960
963 961
963 962
963 964
963 965
963 966
964 962
964 963
964 965
964 966
965 179
965 180
965 574
965 575
965 576
965 806
965 960
965 962
965 963
965 964
965 966
965 967
966 960
966 961
966 962
966 963
966 964
966 965
966 967
966 968
967 576
967 805
967 958
967 959
967 960
967 965
967 966
967 968
967 969
968 805
968 806
968 956
968 957
968 958
968 959
968 960
968 961
968 966
968 967
968 969
968 970
969 509
969 510
969 805
969 806
969 955
969 956
969 957
969 958
969 959
969 967
969 968
969 970
969 971
969 972
970 870
970 956
970 957
970 958
970 968
970 969
970 971
970 972
971 577
971 870
971 969
971 970
971 972
971 973
972 510
972 512
972 868
972 869
972 870
972 955
972 956
972 969
972 970
972 971
972 973
972 974
973 512
973 632
973 633
973 868
973 870
973 971
973 972
973 974
973 975
974 512
974 633
974 634
974 866
974 867
974 868
974 869
974 870
974 972
974 973
974 975
974 976
975 511
975 512
975 634
975 865
975 866
975 867
975 868
975 954
975 973
975 974
975 976
975 977
976 512
976 515
976 634
976 864
976 865
976 866
976 867
976 974
976 975
976 977
976 978
977 515
977 864
977 865
977 866
977 867
977 935
977 936
977 937
977 953
977 975
977 976
977 978
977 979
978 862
978 863
978 864
978 865
978 935
978 936
978 937
978 976
978 977
978 979
978 980
979 862
979 863
979 864
979 933
979 934
979 935
979 936
979 977
979 978
979 980
979 981
980 860
980 861
980 862
980 863
980 932
980 933
980 934
980 935
980 978
980 979
980 981
980 982
981 860
981 861
981 862
981 863
981 931
981 932
981 933
981 934
981 979
981 980
981 982
981 983
982 859
982 860
982 861
982 931
982 932
982 933
982 934
982 980
982 981
982 983
982 984
982 1005
983 779
983 860
983 929
983 930
983 931
983 932
983 981
983 982
983 984
983 985
984 929
984 930
984 931
984 982
984 983
984 985
984 986
984 1078
985 782
985 928
985 929
985 930
985 983
985 984
985 986
985 987
985 1078
985 1079
986 927
986 928
986 929
986 930
986 984
986 985
986 987
986 988
986 989
986 1077
986 1078
986 1079
987 928
987 985
987 986
987 988
987 989
987 1077
987 1078
988 927
988 928
988 986
988 987
988 989
988 990
988 1077
989 927
989 928
989 986
989 987
989 988
989 990
989 991
989 993
990 927
990 988
990 989
990 991
990 992
990 993
990 994
991 927
991 989
991 990
991 992
991 993
991 994
991 995
992 990
992 991
992 993
992 994
992 995
992 996
993 989
993 990
993 991
993 992
993 994
993 995
993 996
994 990
994 991
994 992
994 993
994 995
994 996
995 991
995 992
995 993
995 994
995 996
995 997
996 122
996 992
996 993
996 994
996 995
996 997
996 998
996 999
997 122
997 131
997 334
997 490
997 901
997 902
997 995
997 996
997 998
997 999
998 121
998 122
998 334
998 335
998 900
998 901
998 902
998 996
998 997
998 999
998 1000
999 118
999 892
999 900
999 901
999 902
999 996
999 997
999 998
999 1000
999 1001
999 1075
1000 118
1000 899
1000 900
1000 998
1000 999
1000 1001
1000 1002
1000 1073
1000 1074
1000 1075
1001 900
1001 999
1001 1000
1001 1002
1001 1003
1001 1004
1001 1005
1001 1006
1001 1073
1001 1074
1001 1075
1002 1000
1002 1001
1002 1003
1002 1004
1002 1005
1002 1006
1002 1074
1002 1075
1002 1076
1002 1078
1003 1001
1003 1002
1003 1004
1003 1005
1003 1006
1003 1007
1003 1043
1003 1044
1003 1074
1003 1075
1003 1080
1004 856
1004 1001
1004 1002
1004 1003
1004 1005
1004 1006
1004 1007
1004 1008
1004 1080
1004 1083
1005 932
1005 934
1005 982
1005 1001
1005 1002
1005 1003
1005 1004
1005 1006
1005 1007
1005 1008
1005 1009
1006 1001
1006 1002
1006 1003
1006 1004
1006 1005
1006 1007
1006 1008
1006 1009
1006 1010
1007 856
1007 1003
1007 1004
1007 1005
1007 1006
1007 1008
1007 1009
1007 1010
1007 1011
1007 1043
1008 856
1008 857
1008 860
1008 934
1008 1004
1008 1005
1008 1006
1008 1007
1008 1009
1008 1010
1008 1011
1008 1012
1009 920
1009 921
1009 934
1009 935
1009 936
1009 1005
1009 1006
1009 1007
1009 1008
1009 1010
1009 1011
1009 1012
1009 1013
1010 655
1010 1006
1010 1007
1010 1008
1010 1009
1010 1011
1010 1012
1010 1013
1010 1014
1011 655
1011 1007
1011 1008
1011 1009
1011 1010
1011 1012
1011 1013
1011 1014
1011 1015
1012 935
1012 936
1012 1008
1012 1009
1012 1010
1012 1011
1012 1013
1012 1014
1012 1015
1013 518
1013 519
1013 522
1013 936
1013 1009
1013 1010
1013 1011
1013 1012
1013 1014
1013 1015
1014 522
1014 654
1014 655
1014 1010
1014 1011
1014 1012
1014 1013
1014 1015
1014 1016
1015 522
1015 653
1015 654
1015 1011
1015 1012
1015 1013
1015 1014
1015 1016
1015 1017
1016 651
1016 652
1016 653
1016 654
1016 661
1016 663
1016 1014
1016 1015
1016 1017
1016 1018
1017 624
1017 625
1017 651
1017 652
1017 653
1017 654
1017 1015
1017 1016
1017 1018
1017 1019
1018 624
1018 625
1018 649
1018 650
1018 651
1018 652
1018 663
1018 665
1018 1016
1018 1017
1018 1019
1018 1020
1019 599
1019 622
1019 623
1019 624
1019 625
1019 649
1019 650
1019 651
1019 1017
1019 1018
1019 1020
1019 1021
1020 622
1020 623
1020 624
1020 625
1020 640
1020 647
1020 648
1020 649
1020 650
1020 1018
1020 1019
1020 1021
1020 1022
1021 621
1021 622
1021 623
1021 647
1021 648
1021 649
1021 1019
1021 1020
1021 1022
1021 1023
1021 1024
1022 620
1022 621
1022 622
1022 623
1022 1020
1022 1021
1022 1023
1022 1024
1023 621
1023 647
1023 1021
1023 1022
1023 1024
1023 1025
1024 645
1024 646
1024 647
1024 1021
1024 1022
1024 1023
1024 1025
1024 1026
1025 1023
1025 1024
1025 1026
1025 1027
1025 1028
1026 1024
1026 1025
1026 1027
1026 1028
1027 1025
1027 1026
1027 1028
1027 1029
1028 1025
1028 1026
1028 1027
1028 1029
1028 1030
1029 607
1029 608
1029 609
1029 1027
1029 1028
1029 1030
1029 1031
1030 606
1030 607
1030 608
1030 716
1030 1028
1030 1029
1030 1031
1030 1032
1031 606
1031 607
1031 608
1031 677
1031 716
1031 1029
1031 1030
1031 1032
1031 1033
1031 1034
1032 606
1032 676
1032 677
1032 678
1032 715
1032 716
1032 717
1032 1030
1032 1031
1032 1033
1032 1034
1033 606
1033 677
1033 713
1033 714
1033 715
1033 716
1033 1031
1033 1032
1033 1034
1033 1035
1034 605
1034 606
1034 710
1034 713
1034 714
1034 715
1034 1031
1034 1032
1034 1033
1034 1035
1034 1036
1035 710
1035 711
1035 712
1035 713
1035 714
1035 1033
1035 1034
1035 1036
1035 1037
1035 1038
1035 1101
1036 533
1036 711
1036 712
1036 713
1036 1034
1036 1035
1036 1037
1036 1038
1036 1100
1036 1101
1036 1102
1036 1103
1037 656
1037 711
1037 712
1037 713
1037 1035
1037 1036
1037 1038
1037 1039
1037 1040
1037 1099
1037 1100
1037 1101
1038 1035
1038 1036
1038 1037
1038 1039
1038 1040
1038 1098
1038 1099
1038 1100
1038 1101
1039 657
1039 658
1039 711
1039 1037
1039 1038
1039 1040
1039 1041
1039 1099
1040 656
1040 657
1040 658
1040 710
1040 711
1040 1037
1040 1038
1040 1039
1040 1041
1040 1042
1040 1086
1040 1087
1041 656
1041 657
1041 711
1041 1039
1041 1040
1041 1042
1041 1043
1041 1045
1041 1046
1041 1087
1041 1088
1042 657
1042 1040
1042 1041
1042 1043
1042 1044
1042 1045
1042 1087
1042 1088
1042 1089
1042 1090
1042 1092
1043 657
1043 1003
1043 1007
1043 1041
1043 1042
1043 1044
1043 1045
1043 1046
1043 1085
1043 1087
1043 1088
1043 1089
1044 1003
1044 1042
1044 1043
1044 1045
1044 1046
1044 1071
1044 1072
1044 1073
1044 1074
1044 1089
1044 1092
1045 1041
1045 1042
1045 1043
1045 1044
1045 1046
1045 1047
1045 1069
1045 1070
1045 1071
1045 1072
1045 1092
1046 656
1046 1041
1046 1043
1046 1044
1046 1045
1046 1047
1046 1048
1046 1069
1046 1070
1046 1071
1046 1072
1047 655
1047 656
1047 1045
1047 1046
1047 1048
1047 1049
1047 1050
1047 1067
1047 1068
1047 1069
1047 1070
1048 260
1048 525
1048 1046
1048 1047
1048 1049
1048 1050
1048 1067
1048 1068
1048 1069
1048 1070
1049 260
1049 525
1049 528
1049 529
1049 1047
1049 1048
1049 1050
1049 1051
1049 1066
1049 1067
1049 1068
1049 1069
1050 525
1050 528
1050 529
1050 532
1050 1047
1050 1048
1050 1049
1050 1051
1050 1052
1050 1065
1050 1066
1050 1067
1050 1068
1051 525
1051 528
1051 529
1051 532
1051 1049
1051 1050
1051 1052
1051 1053
1051 1065
1051 1066
1051 1067
1052 528
1052 532
1052 1050
1052 1051
1052 1053
1052 1054
1052 1061
1052 1062
1052 1064
1052 1065
1052 1066
1053 1051
1053 1052
1053 1054
1053 1055
1053 1061
1053 1062
1053 1063
1053 1064
1053 1065
1053 1066
1054 271
1054 1052
1054 1053
1054 1055
1054 1056
1054 1059
1054 1060
1054 1061
1054 1062
1055 1053
1055 1054
1055 1056
1055 1057
1055 1058
1055 1059
1055 1060
1055 1061
1055 1062
1055 1063
1056 275
1056 1054
1056 1055
1056 1057
1056 1058
1056 1062
1057 1055
1057 1056
1057 1058
1057 1059
1057 1060
1058 1055
1058 1056
1058 1057
1058 1059
1058 1060
1059 553
1059 1054
1059 1055
1059 1057
1059 1058
1059 1060
1059 1061
1060 552
1060 553
1060 1054
1060 1055
1060 1057
1060 1058
1060 1059
1060 1061
1060 1062
1061 552
1061 1052
1061 1053
1061 1054
1061 1055
1061 1059
1061 1060
1061 1062
1061 1063
1062 1052
1062 1053
1062 1054
1062 1055
1062 1056
1062 1060
1062 1061
1062 1063
1062 1064
1062 1065
1063 1053
1063 1055
1063 1061
1063 1062
1063 1064
1063 1065
1063 1141
1063 1142
1064 1052
1064 1053
1064 1062
1064 1063
1064 1065
1064 1066
1064 1139
1064 1140
1064 1141
1064 1142
1065 532
1065 1050
1065 1051
1065 1052
1065 1053
1065 1062
1065 1063
1065 1064
1065 1066
1065 1067
1065 1139
1065 1140
1065 1141
1066 1049
1066 1050
1066 1051
1066 1052
1066 1053
1066 1064
1066 1065
1066 1067
1066 1068
1066 1115
1066 1137
1066 1138
1066 1139
1066 1140
1067 1047
1067 1048
1067 1049
1067 1050
1067 1051
1067 1065
1067 1066
1067 1068
1067 1069
1067 1137
1067 1138
1067 1139
1067 1140
1068 1047
1068 1048
1068 1049
1068 1050
1068 1066
1068 1067
1068 1069
1068 1070
1068 1113
1068 1135
1068 1136
1068 1137
1068 1138
1069 1045
1069 1046
1069 1047
1069 1048
1069 1049
1069 1067
1069 1068
1069 1070
1069 1071
1069 1135
1069 1136
1069 1137
1070 1045
1070 1046
1070 1047
1070 1048
1070 1068
1070 1069
1070 1071
1070 1072
1070 1130
1070 1133
1070 1134
1070 1135
1070 1136
1071 1044
1071 1045
1071 1046
1071 1069
1071 1070
1071 1072
1071 1073
1071 1092
1071 1130
1071 1131
1071 1132
1071 1133
1071 1134
1071 1135
1072 1044
1072 1045
1072 1046
1072 1070
1072 1071
1072 1073
1072 1074
1072 1132
1072 1133
1072 1134
1073 115
1073 118
1073 1000
1073 1001
1073 1044
1073 1071
1073 1072
1073 1074
1073 1075
1073 1132
1073 1133
1074 115
1074 118
1074 1000
1074 1001
1074 1002
1074 1003
1074 1044
1074 1072
1074 1073
1074 1075
1074 1076
1075 115
1075 118
1075 119
1075 999
1075 1000
1075 1001
1075 1002
1075 1003
1075 1073
1075 1074
1075 1076
1075 1077
1075 1078
1076 112
1076 115
1076 116
1076 118
1076 119
1076 1002
1076 1074
1076 1075
1076 1077
1076 1078
1076 1079
1077 986
1077 987
1077 988
1077 1075
1077 1076
1077 1078
1077 1079
1078 984
1078 985
1078 986
1078 987
1078 1002
1078 1075
1078 1076
1078 1077
1078 1079
1078 1080
1079 985
1079 986
1079 1076
1079 1077
1079 1078
1079 1080
1079 1081
1079 1082
1079 1083
1080 107
1080 108
1080 110
1080 1003
1080 1004
1080 1078
1080 1079
1080 1081
1080 1082
1080 1083
1081 107
1081 108
1081 1079
1081 1080
1081 1082
1081 1083
1081 1084
1082 105
1082 106
1082 107
1082 108
1082 855
1082 1079
1082 1080
1082 1081
1082 1083
1082 1084
1082 1085
1083 108
1083 855
1083 856
1083 859
1083 1004
1083 1079
1083 1080
1083 1081
1083 1082
1083 1084
1083 1085
1084 106
1084 854
1084 855
1084 856
1084 1081
1084 1082
1084 1083
1084 1085
1084 1086
1085 108
1085 855
1085 856
1085 1043
1085 1082
1085 1083
1085 1084
1085 1086
1085 1087
1086 106
1086 108
1086 657
1086 658
1086 1040
1086 1084
1086 1085
1086 1087
1086 1088
1087 108
1087 657
1087 658
1087 1040
1087 1041
1087 1042
1087 1043
1087 1085
1087 1086
1087 1088
1087 1089
1088 108
1088 109
1088 110
1088 1041
1088 1042
1088 1043
1088 1086
1088 1087
1088 1089
1088 1090
1089 109
1089 110
1089 111
1089 114
1089 1042
1089 1043
1089 1044
1089 1087
1089 1088
1089 1090
1089 1091
1089 1092
1090 111
1090 114
1090 1042
1090 1088
1090 1089
1090 1091
1090 1092
1090 1093
1090 1094
1091 111
1091 113
1091 114
1091 1089
1091 1090
1091 1092
1091 1093
1092 114
1092 1042
1092 1044
1092 1045
1092 1071
1092 1089
1092 1090
1092 1091
1092 1093
1092 1094
1092 1128
1092 1129
1092 1130
1092 1131
1092 1132
1093 1090
1093 1091
1093 1092
1093 1094
1093 1095
1093 1127
1093 1128
1093 1129
1093 1130
1094 1090
1094 1092
1094 1093
1094 1095
1094 1096
1094 1098
1094 1099
1094 1127
1094 1128
1094 1129
1095 1093
1095 1094
1095 1096
1095 1097
1095 1098
1095 1099
1095 1126
1095 1127
1095 1128
1096 1094
1096 1095
1096 1097
1096 1098
1096 1099
1096 1100
1096 1105
1096 1125
1096 1126
1096 1127
1096 1128
1097 1095
1097 1096
1097 1098
1097 1099
1097 1100
1097 1104
1097 1105
1097 1126
1098 1038
1098 1094
1098 1095
1098 1096
1098 1097
1098 1099
1098 1100
1098 1101
1099 1037
1099 1038
1099 1039
1099 1094
1099 1095
1099 1096
1099 1097
1099 1098
1099 1100
1099 1101
1100 1036
1100 1037
1100 1038
1100 1096
1100 1097
1100 1098
1100 1099
1100 1101
1100 1102
1100 1103
1100 1104
1100 1105
1101 1035
1101 1036
1101 1037
1101 1038
1101 1098
1101 1099
1101 1100
1101 1102
1101 1103
1101 1104
1102 1036
1102 1100
1102 1101
1102 1103
1102 1104
1103 1036
1103 1100
1103 1101
1103 1102
1103 1104
1103 1105
1103 1142
1103 1143
1104 1097
1104 1100
1104 1101
1104 1102
1104 1103
1104 1105
1104 1106
1104 1142
1104 1143
1105 1096
1105 1097
1105 1100
1105 1103
1105 1104
1105 1106
1105 1107
1105 1108
1105 1140
1105 1141
1105 1142
1105 1143
1106 1104
1106 1105
1106 1107
1106 1108
1106 1140
1106 1141
1106 1142
1106 1143
1107 1105
1107 1106
1107 1108
1107 1109
1107 1124
1107 1125
1107 1139
1107 1140
1107 1141
1107 1142
1108 1105
1108 1106
1108 1107
1108 1109
1108 1110
1108 1124
1108 1125
1108 1126
1108 1138
1108 1139
1108 1140
1108 1141
1109 1107
1109 1108
1109 1110
1109 1111
1109 1122
1109 1123
1109 1124
1109 1125
1109 1138
1109 1139
1109 1140
1110 1108
1110 1109
1110 1111
1110 1112
1110 1118
1110 1119
1110 1122
1110 1123
1110 1136
1110 1137
1110 1138
1110 1139
1111 1109
1111 1110
1111 1112
1111 1113
1111 1114
1111 1115
1111 1116
1111 1117
1111 1118
1111 1119
1111 1136
1111 1137
1111 1138
1111 1139
1112 302
1112 303
1112 304
1112 1110
1112 1111
1112 1113
1112 1114
1112 1115
1112 1116
1112 1117
1112 1118
1112 1119
1112 1136
1112 1137
1112 1138
1113 263
1113 267
1113 299
1113 302
1113 303
1113 304
1113 1068
1113 1111
1113 1112
1113 1114
1113 1115
1113 1116
1113 1135
1113 1136
1113 1137
1114 263
1114 266
1114 267
1114 270
1114 271
1114 302
1114 303
1114 304
1114 1111
1114 1112
1114 1113
1114 1115
1114 1116
1114 1117
1115 267
1115 270
1115 271
1115 303
1115 1066
1115 1111
1115 1112
1115 1113
1115 1114
1115 1116
1115 1117
1115 1118
1115 1137
1115 1138
1115 1139
1116 270
1116 271
1116 274
1116 280
1116 303
1116 304
1116 1111
1116 1112
1116 1113
1116 1114
1116 1115
1116 1117
1116 1118
1117 303
1117 304
1117 1111
1117 1112
1117 1114
1117 1115
1117 1116
1117 1118
1117 1119
1118 1110
1118 1111
1118 1112
1118 1115
1118 1116
1118 1117
1118 1119
1118 1120
1118 1122
1119 1110
1119 1111
1119 1112
1119 1117
1119 1118
1119 1120
1119 1121
1119 1122
1120 1118
1120 1119
1120 1121
1120 1122
1121 1119
1121 1120
1121 1122
1121 1123
1122 1109
1122 1110
1122 1118
1122 1119
1122 1120
1122 1121
1122 1123
1122 1124
1123 1109
1123 1110
1123 1121
1123 1122
1123 1124
1123 1125
1124 1107
1124 1108
1124 1109
1124 1122
1124 1123
1124 1125
1124 1126
1125 1096
1125 1107
1125 1108
1125 1109
1125 1123
1125 1124
1125 1126
1125 1127
1125 1128
1126 1095
1126 1096
1126 1097
1126 1108
1126 1124
1126 1125
1126 1127
1126 1128
1127 1093
1127 1094
1127 1095
1127 1096
1127 1125
1127 1126
1127 1128
1127 1129
1128 1092
1128 1093
1128 1094
1128 1095
1128 1096
1128 1125
1128 1126
1128 1127
1128 1129
1128 1130
1129 1092
1129 1093
1129 1094
1129 1127
1129 1128
1129 1130
1129 1131
1130 1070
1130 1071
1130 1092
1130 1093
1130 1128
1130 1129
1130 1131
1130 1132
1130 1134
1130 1135
1130 1136
1131 1071
1131 1092
1131 1129
1131 1130
1131 1132
1131 1133
1131 1134
1132 114
1132 117
1132 1071
1132 1072
1132 1073
1132 1092
1132 1130
1132 1131
1132 1133
1132 1134
1133 335
1133 899
1133 1070
1133 1071
1133 1072
1133 1073
1133 1131
1133 1132
1133 1134
1133 1135
1134 1070
1134 1071
1134 1072
1134 1130
1134 1131
1134 1132
1134 1133
1134 1135
1134 1136
1135 302
1135 1068
1135 1069
1135 1070
1135 1071
1135 1113
1135 1130
1135 1133
1135 1134
1135 1136
1135 1137
1136 1068
1136 1069
1136 1070
1136 1110
1136 1111
1136 1112
1136 1113
1136 1130
1136 1134
1136 1135
1136 1137
1136 1138
1137 1066
1137 1067
1137 1068
1137 1069
1137 1110
1137 1111
1137 1112
1137 1113
1137 1115
1137 1135
1137 1136
1137 1138
1137 1139
1138 1066
1138 1067
1138 1068
1138 1108
1138 1109
1138 1110
1138 1111
1138 1112
1138 1115
1138 1136
1138 1137
1138 1139
1138 1140
1139 1064
1139 1065
1139 1066
1139 1067
1139 1107
1139 1108
1139 1109
1139 1110
1139 1111
1139 1115
1139 1137
1139 1138
1139 1140
1139 1141
1140 1064
1140 1065
1140 1066
1140 1067
1140 1105
1140 1106
1140 1107
1140 1108
1140 1109
1140 1138
1140 1139
1140 1141
1140 1142
1141 1063
1141 1064
1141 1065
1141 1105
1141 1106
1141 1107
1141 1108
1141 1139
1141 1140
1141 1142
1141 1143
1142 536
1142 1063
1142 1064
1142 1103
1142 1104
1142 1105
1142 1106
1142 1107
1142 1140
1142 1141
1142 1143
1143 536
1143 540
1143 1103
1143 1104
1143 1105
1143 1106
1143 1141
1143 1142
