0 1
0 2
1 0
1 2
1 3
2 0
2 1
2 3
2 4
3 1
3 2
3 4
3 5
4 2
4 3
4 5
4 6
5 3
5 4
5 6
5 7
6 4
6 5
6 7
6 8
7 5
7 6
7 8
7 9
8 6
8 7
8 9
8 10
9 7
9 8
9 10
9 11
10 8
10 9
10 11
10 12
11 9
11 10
11 12
11 13
12 10
12 11
12 13
12 14
13 11
13 12
13 14
13 15
14 12
14 13
14 15
14 16
15 13
15 14
15 16
15 17
16 14
16 15
16 17
16 18
17 15
17 16
17 18
17 19
18 16
18 17
18 19
18 20
19 17
19 18
19 20
19 21
20 18
20 19
20 21
20 22
21 19
21 20
21 22
21 23
22 20
22 21
22 23
22 24
23 21
23 22
23 24
23 25
24 22
24 23
24 25
24 26
25 23
25 24
25 26
25 27
26 24
26 25
26 27
26 28
27 25
27 26
27 28
27 29
28 26
28 27
28 29
28 30
28 31
29 27
29 28
29 30
29 31
30 28
30 29
30 31
30 32
30 33
31 28
31 29
31 30
31 32
31 33
31 34
32 30
32 31
32 33
32 34
32 233
33 30
33 31
33 32
33 34
33 35
33 36
34 31
34 32
34 33
34 35
34 36
34 37
34 38
35 33
35 34
35 36
35 37
35 38
35 131
36 33
36 34
36 35
36 37
36 38
36 39
36 132
36 238
36 239
37 34
37 35
37 36
37 38
37 39
37 40
37 41
38 34
38 35
38 36
38 37
38 39
38 40
38 41
38 42
39 36
39 37
39 38
39 40
39 41
39 42
39 241
39 242
40 37
40 38
40 39
40 41
40 42
41 37
41 38
41 39
41 40
41 42
41 43
42 38
42 39
42 40
42 41
42 43
42 44
43 41
43 42
43 44
43 45
43 357
44 42
44 43
44 45
44 46
44 356
44 357
44 358
44 359
45 43
45 44
45 46
45 47
45 355
45 356
45 357
45 358
45 359
45 360
46 44
46 45
46 47
46 48
46 356
47 45
47 46
47 48
47 49
47 51
47 52
47 352
47 356
48 46
48 47
48 49
48 50
48 51
48 52
49 47
49 48
49 50
49 51
49 52
49 53
49 280
50 48
50 49
50 51
50 52
50 53
50 54
51 47
51 48
51 49
51 50
51 52
51 53
51 54
51 55
52 47
52 48
52 49
52 50
52 51
52 53
52 54
52 55
52 56
52 277
52 352
53 49
53 50
53 51
53 52
53 54
53 55
53 56
53 57
53 282
54 50
54 51
54 52
54 53
54 55
54 56
54 57
54 58
55 51
55 52
55 53
55 54
55 56
55 57
55 58
55 59
55 348
55 351
55 352
56 52
56 53
56 54
56 55
56 57
56 58
56 59
56 282
56 348
57 53
57 54
57 55
57 56
57 58
57 59
57 60
58 54
58 55
58 56
58 57
58 59
58 60
58 172
59 55
59 56
59 57
59 58
59 60
59 61
59 168
59 169
59 172
59 347
59 348
60 57
60 58
60 59
60 61
60 62
60 63
60 64
60 168
60 172
60 344
61 59
61 60
61 62
61 63
61 64
61 65
61 340
61 343
61 344
62 60
62 61
62 63
62 64
62 65
62 66
63 60
63 61
63 62
63 64
63 65
63 66
63 67
63 68
64 60
64 61
64 62
64 63
64 65
64 66
64 67
64 68
64 69
64 164
64 165
64 167
64 168
65 61
65 62
65 63
65 64
65 66
65 67
65 68
65 69
65 70
65 164
66 62
66 63
66 64
66 65
66 67
66 68
66 69
66 70
66 71
67 63
67 64
67 65
67 66
67 68
67 69
67 70
67 71
68 63
68 64
68 65
68 66
68 67
68 69
68 70
68 71
68 72
68 90
68 93
68 163
68 164
68 167
68 168
69 64
69 65
69 66
69 67
69 68
69 70
69 71
69 72
69 73
69 160
69 161
69 163
69 164
70 65
70 66
70 67
70 68
70 69
70 71
70 72
70 73
71 66
71 67
71 68
71 69
71 70
71 72
71 73
71 74
71 86
71 89
72 68
72 69
72 70
72 71
72 73
72 74
72 76
72 86
72 89
72 160
73 69
73 70
73 71
73 72
73 74
73 75
73 154
73 155
73 156
73 160
73 334
73 335
74 71
74 72
74 73
74 75
74 76
74 82
74 153
74 154
75 73
75 74
75 76
75 77
75 80
75 82
75 83
75 142
75 152
75 153
75 154
76 72
76 74
76 75
76 77
76 78
76 80
76 81
76 82
76 83
76 84
76 85
76 86
76 140
76 141
76 142
76 143
76 154
77 75
77 76
77 78
77 79
77 80
77 82
77 83
77 141
77 142
77 143
77 144
77 199
78 76
78 77
78 79
78 80
78 83
78 117
78 118
78 119
78 141
78 142
78 198
78 199
79 77
79 78
79 80
79 81
79 83
79 84
79 117
79 118
79 119
80 75
80 76
80 77
80 78
80 79
80 81
80 82
80 83
80 84
81 76
81 79
81 80
81 82
81 83
81 84
81 85
82 74
82 75
82 76
82 77
82 80
82 81
82 83
82 84
82 85
82 86
83 75
83 76
83 77
83 78
83 79
83 80
83 81
83 82
83 84
83 85
83 86
83 87
83 140
83 141
84 76
84 79
84 80
84 81
84 82
84 83
84 85
84 86
84 87
84 88
85 76
85 81
85 82
85 83
85 84
85 86
85 87
85 88
85 89
86 71
86 72
86 76
86 82
86 83
86 84
86 85
86 87
86 88
86 89
86 90
86 140
87 83
87 84
87 85
87 86
87 88
87 89
87 90
87 91
87 122
87 140
88 84
88 85
88 86
88 87
88 89
88 90
88 91
88 92
89 71
89 72
89 85
89 86
89 87
89 88
89 90
89 91
89 92
89 93
90 68
90 86
90 87
90 88
90 89
90 91
90 92
90 93
90 94
90 167
91 87
91 88
91 89
91 90
91 92
91 93
91 94
91 95
91 103
91 122
92 88
92 89
92 90
92 91
92 93
92 94
92 95
92 96
93 68
93 89
93 90
93 91
93 92
93 94
93 95
93 96
93 97
93 167
94 90
94 91
94 92
94 93
94 95
94 96
94 97
94 101
94 124
94 167
94 170
94 171
95 91
95 92
95 93
95 94
95 96
95 97
95 101
96 92
96 93
96 94
96 95
96 97
96 98
97 93
97 94
97 95
97 96
97 98
97 99
97 100
97 101
97 170
97 171
97 174
98 96
98 97
98 99
98 100
98 174
98 175
98 178
99 97
99 98
99 100
99 101
99 126
99 174
99 175
99 177
99 178
99 179
99 181
100 97
100 98
100 99
100 101
100 102
100 126
100 127
100 178
100 181
101 94
101 95
101 97
101 99
101 100
101 102
101 103
101 124
101 125
101 126
101 127
102 100
102 101
102 103
102 104
102 124
102 125
102 126
102 127
102 128
103 91
103 101
103 102
103 104
103 105
103 122
103 123
103 124
103 125
104 102
104 103
104 105
104 106
104 122
104 123
104 124
105 103
105 104
105 106
105 107
105 120
105 121
105 122
105 123
106 104
106 105
106 107
106 108
106 119
106 120
106 121
106 122
106 123
106 218
107 105
107 106
107 108
107 109
107 118
107 119
107 120
107 121
108 106
108 107
108 109
108 110
108 118
108 119
108 120
109 107
109 108
109 110
109 111
109 116
109 117
109 118
109 119
110 108
110 109
110 111
110 112
110 116
110 117
110 118
110 119
110 213
111 109
111 110
111 112
111 113
111 114
111 115
111 116
111 117
112 110
112 111
112 113
112 114
112 115
112 116
112 117
112 203
112 209
112 210
113 111
113 112
113 114
113 115
113 203
113 204
113 210
114 111
114 112
114 113
114 115
114 116
114 117
114 203
115 111
115 112
115 113
115 114
115 116
115 117
116 109
116 110
116 111
116 112
116 114
116 115
116 117
116 118
117 78
117 79
117 109
117 110
117 111
117 112
117 114
117 115
117 116
117 118
117 119
118 78
118 79
118 107
118 108
118 109
118 110
118 116
118 117
118 119
118 120
119 78
119 79
119 106
119 107
119 108
119 109
119 110
119 117
119 118
119 120
119 121
119 198
119 199
119 213
119 214
120 105
120 106
120 107
120 108
120 118
120 119
120 121
120 122
120 197
120 198
120 214
121 105
121 106
121 107
121 119
121 120
121 122
121 123
121 195
121 196
121 197
121 198
121 214
121 218
122 87
122 91
122 103
122 104
122 105
122 106
122 120
122 121
122 123
122 124
122 195
122 196
122 197
122 198
123 103
123 104
123 105
123 106
123 121
123 122
123 124
123 125
123 193
123 194
123 195
123 196
124 94
124 101
124 102
124 103
124 104
124 122
124 123
124 125
124 126
124 193
124 194
124 195
125 101
125 102
125 103
125 123
125 124
125 126
125 127
125 128
125 192
125 193
125 194
126 99
126 100
126 101
126 102
126 124
126 125
126 127
126 128
126 180
126 181
126 191
126 192
126 193
127 100
127 101
127 102
127 125
127 126
127 128
127 129
127 130
127 180
127 181
127 191
127 192
128 102
128 125
128 126
128 127
128 129
128 130
129 127
129 128
129 130
129 131
129 227
129 228
129 229
130 127
130 128
130 129
130 131
130 132
130 133
130 189
130 190
130 191
130 228
131 35
131 129
131 130
131 132
131 133
131 189
131 190
131 227
131 228
131 239
132 36
132 130
132 131
132 133
132 134
132 189
132 190
132 191
132 238
132 239
132 240
132 241
133 130
133 131
133 132
133 134
133 135
133 190
133 191
133 192
133 193
133 239
133 240
133 241
133 242
134 132
134 133
134 135
134 136
134 190
134 191
134 192
134 193
134 240
134 241
134 242
134 243
134 244
134 357
134 358
135 133
135 134
135 136
135 137
135 192
135 193
135 194
135 195
135 240
135 241
135 242
135 243
135 244
136 134
136 135
136 137
136 138
136 166
136 192
136 193
136 194
136 195
136 243
136 244
136 245
136 246
137 135
137 136
137 138
137 139
137 166
137 194
137 195
137 196
137 197
137 243
137 244
137 245
137 246
138 136
138 137
138 139
138 140
138 159
138 162
138 163
138 195
138 196
138 197
138 245
138 246
138 247
138 305
139 137
139 138
139 140
139 141
139 158
139 159
139 163
139 195
139 196
139 197
139 198
139 199
139 200
139 247
139 305
140 76
140 83
140 86
140 87
140 138
140 139
140 141
140 142
140 159
140 160
140 163
140 196
140 197
140 198
141 76
141 77
141 78
141 83
141 139
141 140
141 142
141 143
141 159
141 197
141 198
141 199
141 200
141 201
142 75
142 76
142 77
142 78
142 140
142 141
142 143
142 144
142 153
142 154
142 155
142 158
142 159
142 201
143 76
143 77
143 141
143 142
143 144
143 145
143 153
143 154
143 155
143 201
143 202
143 203
143 329
144 77
144 142
144 143
144 145
144 146
144 153
144 201
144 202
144 203
144 204
145 143
145 144
145 146
145 147
145 152
145 153
146 144
146 145
146 147
146 148
146 152
147 145
147 146
147 148
147 149
147 150
147 151
147 152
147 153
148 146
148 147
148 149
148 150
148 151
148 152
149 147
149 148
149 150
149 151
150 147
150 148
150 149
150 151
150 152
151 147
151 148
151 149
151 150
151 152
151 153
151 331
152 75
152 145
152 146
152 147
152 148
152 150
152 151
152 153
152 154
152 331
153 74
153 75
153 142
153 143
153 144
153 145
153 147
153 151
153 152
153 154
153 155
153 330
153 331
153 333
153 334
154 73
154 74
154 75
154 76
154 142
154 143
154 152
154 153
154 155
154 156
154 160
154 331
154 333
154 334
155 73
155 142
155 143
155 153
155 154
155 156
155 157
155 158
155 159
155 160
155 329
155 333
155 334
156 73
156 154
156 155
156 157
156 158
156 159
156 160
156 161
156 250
156 333
156 334
156 335
156 338
157 155
157 156
157 158
157 159
157 160
157 161
157 162
157 247
157 248
157 249
157 250
157 251
157 325
157 328
157 333
157 334
157 338
158 139
158 142
158 155
158 156
158 157
158 159
158 160
158 161
158 162
158 247
158 248
158 249
158 328
158 333
159 138
159 139
159 140
159 141
159 142
159 155
159 156
159 157
159 158
159 160
159 161
159 162
159 163
159 246
159 247
159 248
159 249
160 69
160 72
160 73
160 140
160 154
160 155
160 156
160 157
160 158
160 159
160 161
160 162
160 163
160 164
161 69
161 156
161 157
161 158
161 159
161 160
161 162
161 163
161 164
161 165
161 249
161 250
161 343
162 138
162 157
162 158
162 159
162 160
162 161
162 163
162 164
162 165
162 166
162 246
162 247
162 248
162 249
163 68
163 69
163 138
163 139
163 140
163 159
163 160
163 161
163 162
163 164
163 165
163 166
163 167
163 196
164 64
164 65
164 68
164 69
164 160
164 161
164 162
164 163
164 165
164 166
164 167
164 168
165 64
165 161
165 162
165 163
165 164
165 166
165 167
165 168
165 169
165 343
165 347
166 136
166 137
166 162
166 163
166 164
166 165
166 167
166 168
166 169
166 170
166 194
167 64
167 68
167 90
167 93
167 94
167 163
167 164
167 165
167 166
167 168
167 169
167 170
167 171
168 59
168 60
168 64
168 68
168 164
168 165
168 166
168 167
168 169
168 170
168 171
168 172
168 347
169 59
169 165
169 166
169 167
169 168
169 170
169 171
169 172
169 173
169 347
169 350
169 351
170 94
170 97
170 166
170 167
170 168
170 169
170 171
170 172
170 173
170 174
170 177
171 94
171 97
171 167
171 168
171 169
171 170
171 172
171 173
171 174
172 58
172 59
172 60
172 168
172 169
172 170
172 171
172 173
172 174
172 175
173 169
173 170
173 171
173 172
173 174
173 175
173 176
173 177
173 351
174 97
174 98
174 99
174 170
174 171
174 172
174 173
174 175
174 176
174 177
174 178
175 98
175 99
175 172
175 173
175 174
175 176
175 177
175 178
175 179
176 173
176 174
176 175
176 177
176 178
176 179
176 180
176 360
177 99
177 170
177 173
177 174
177 175
177 176
177 178
177 179
177 180
177 181
177 360
178 98
178 99
178 100
178 174
178 175
178 176
178 177
178 179
178 180
178 181
179 99
179 175
179 176
179 177
179 178
179 180
179 181
179 182
180 126
180 127
180 176
180 177
180 178
180 179
180 181
180 182
180 183
180 191
181 99
181 100
181 126
181 127
181 177
181 178
181 179
181 180
181 182
181 183
182 179
182 180
182 181
182 183
182 184
183 180
183 181
183 182
183 184
183 185
184 182
184 183
184 185
184 186
184 187
185 183
185 184
185 186
185 187
185 188
186 184
186 185
186 187
186 188
187 184
187 185
187 186
187 188
187 189
187 190
188 185
188 186
188 187
188 189
188 190
189 130
189 131
189 132
189 187
189 188
189 190
189 191
190 130
190 131
190 132
190 133
190 134
190 187
190 188
190 189
190 191
190 192
190 358
191 126
191 127
191 130
191 132
191 133
191 134
191 180
191 189
191 190
191 192
191 193
191 358
192 125
192 126
192 127
192 133
192 134
192 135
192 136
192 190
192 191
192 193
192 194
192 358
193 123
193 124
193 125
193 126
193 133
193 134
193 135
193 136
193 191
193 192
193 194
193 195
194 123
194 124
194 125
194 135
194 136
194 137
194 166
194 192
194 193
194 195
194 196
195 121
195 122
195 123
195 124
195 135
195 136
195 137
195 138
195 139
195 193
195 194
195 196
195 197
196 121
196 122
196 123
196 137
196 138
196 139
196 140
196 163
196 194
196 195
196 197
196 198
197 120
197 121
197 122
197 137
197 138
197 139
197 140
197 141
197 195
197 196
197 198
197 199
197 200
197 214
197 215
197 305
198 78
198 119
198 120
198 121
198 122
198 139
198 140
198 141
198 196
198 197
198 199
198 200
198 213
198 214
198 215
199 77
199 78
199 119
199 139
199 141
199 197
199 198
199 200
199 201
199 202
199 211
199 212
199 213
199 214
200 139
200 141
200 197
200 198
200 199
200 201
200 202
200 211
200 212
200 213
200 214
200 215
200 304
200 305
201 141
201 142
201 143
201 144
201 199
201 200
201 202
201 203
201 206
201 210
201 211
201 212
201 213
202 143
202 144
202 199
202 200
202 201
202 203
202 204
202 205
202 206
202 207
202 210
202 211
202 212
203 112
203 113
203 114
203 143
203 144
203 201
203 202
203 204
203 205
203 206
203 210
203 211
204 113
204 144
204 202
204 203
204 205
204 206
204 210
205 202
205 203
205 204
205 206
205 207
205 210
206 201
206 202
206 203
206 204
206 205
206 207
206 208
206 210
206 211
207 202
207 205
207 206
207 208
207 209
207 210
207 211
208 206
208 207
208 209
208 210
208 211
209 112
209 207
209 208
209 210
209 211
210 112
210 113
210 201
210 202
210 203
210 204
210 205
210 206
210 207
210 208
210 209
210 211
210 212
210 213
211 199
211 200
211 201
211 202
211 203
211 206
211 207
211 208
211 209
211 210
211 212
211 213
212 199
212 200
212 201
212 202
212 210
212 211
212 213
212 214
212 215
212 216
212 304
212 305
213 110
213 119
213 198
213 199
213 200
213 201
213 210
213 211
213 212
213 214
213 215
213 216
213 217
214 119
214 120
214 121
214 197
214 198
214 199
214 200
214 212
214 213
214 215
214 216
214 217
214 218
214 305
215 197
215 198
215 200
215 212
215 213
215 214
215 216
215 217
215 218
215 219
215 305
215 306
215 308
215 309
216 212
216 213
216 214
216 215
216 217
216 218
216 219
216 220
216 305
216 308
217 213
217 214
217 215
217 216
217 218
217 219
217 220
217 221
218 106
218 121
218 214
218 215
218 216
218 217
218 219
218 220
218 221
218 222
219 215
219 216
219 217
219 218
219 220
219 221
219 222
219 223
219 237
219 308
219 309
220 216
220 217
220 218
220 219
220 221
220 222
220 223
220 224
220 308
221 217
221 218
221 219
221 220
221 222
221 223
221 224
221 225
222 218
222 219
222 220
222 221
222 223
222 224
222 225
222 226
222 235
222 236
222 237
223 219
223 220
223 221
223 222
223 224
223 225
223 226
223 235
223 236
223 237
223 312
224 220
224 221
224 222
224 223
224 225
224 226
224 235
224 236
225 221
225 222
225 223
225 224
225 226
225 227
225 235
225 236
226 222
226 223
226 224
226 225
226 227
226 228
226 229
226 230
226 231
226 232
226 233
226 234
226 235
226 236
227 129
227 131
227 225
227 226
227 228
227 229
227 230
227 231
227 234
227 235
227 236
227 238
227 239
228 129
228 130
228 131
228 226
228 227
228 229
228 230
228 231
228 234
228 235
228 236
229 129
229 226
229 227
229 228
229 230
229 231
230 226
230 227
230 228
230 229
230 231
230 232
231 226
231 227
231 228
231 229
231 230
231 232
231 233
231 234
231 235
232 226
232 230
232 231
232 233
232 234
233 32
233 226
233 231
233 232
233 234
233 235
234 226
234 227
234 228
234 231
234 232
234 233
234 235
234 236
234 238
235 222
235 223
235 224
235 225
235 226
235 227
235 228
235 231
235 233
235 234
235 236
235 237
235 238
235 239
236 222
236 223
236 224
236 225
236 226
236 227
236 228
236 234
236 235
236 237
236 238
236 239
236 240
237 219
237 222
237 223
237 235
237 236
237 238
237 239
237 240
237 309
237 312
237 314
238 36
238 132
238 227
238 234
238 235
238 236
238 237
238 239
238 240
238 241
238 314
239 36
239 131
239 132
239 133
239 227
239 235
239 236
239 237
239 238
239 240
239 241
240 132
240 133
240 134
240 135
240 236
240 237
240 238
240 239
240 241
240 242
240 243
240 314
240 315
241 39
241 132
241 133
241 134
241 135
241 238
241 239
241 240
241 242
241 243
241 314
241 315
242 39
242 133
242 134
242 135
242 240
242 241
242 243
242 244
242 263
242 314
242 315
242 316
242 317
243 134
243 135
243 136
243 137
243 240
243 241
243 242
243 244
243 245
243 306
243 314
243 315
243 316
243 317
243 318
244 134
244 135
244 136
244 137
244 242
244 243
244 245
244 246
244 316
244 317
244 318
244 319
245 136
245 137
245 138
245 243
245 244
245 246
245 247
245 305
245 306
245 316
245 317
245 318
245 319
245 320
246 136
246 137
246 138
246 159
246 162
246 244
246 245
246 247
246 248
246 249
246 318
246 319
246 320
247 138
247 139
247 157
247 158
247 159
247 162
247 245
247 246
247 248
247 249
247 318
247 319
247 320
247 321
248 157
248 158
248 159
248 162
248 246
248 247
248 249
248 250
248 251
248 320
248 321
248 324
248 325
248 328
249 157
249 158
249 159
249 161
249 162
249 246
249 247
249 248
249 250
249 251
249 254
249 320
249 321
249 343
250 156
250 157
250 161
250 248
250 249
250 251
250 252
250 254
250 338
250 339
250 340
250 342
250 343
251 157
251 248
251 249
251 250
251 252
251 253
251 254
251 325
251 337
251 338
251 339
251 342
252 250
252 251
252 253
252 254
252 338
252 339
252 342
253 251
253 252
253 254
253 255
253 290
253 291
253 292
253 342
254 249
254 250
254 251
254 252
254 253
254 255
254 256
254 292
254 321
254 322
254 323
254 325
255 253
255 254
255 256
255 257
255 291
255 292
255 293
255 294
255 321
255 322
255 323
256 254
256 255
256 257
256 258
256 292
256 293
256 294
256 319
256 320
256 321
256 322
257 255
257 256
257 258
257 259
257 293
257 294
257 295
257 296
257 297
257 298
257 319
257 320
257 321
257 322
258 256
258 257
258 259
258 260
258 261
258 264
258 267
258 293
258 294
258 295
258 296
258 297
258 298
259 257
259 258
259 260
259 261
259 264
259 297
259 298
259 299
259 317
259 318
260 258
260 259
260 261
260 262
260 263
260 264
260 297
260 316
260 317
261 258
261 259
261 260
261 262
261 263
261 264
262 260
262 261
262 263
262 264
262 265
262 315
262 316
263 242
263 260
263 261
263 262
263 264
263 265
263 266
263 267
263 315
263 316
263 317
264 258
264 259
264 260
264 261
264 262
264 263
264 265
264 266
264 267
264 268
264 317
265 262
265 263
265 264
265 266
265 267
265 268
265 269
266 263
266 264
266 265
266 267
266 268
266 269
266 270
266 317
267 258
267 263
267 264
267 265
267 266
267 268
267 269
267 270
267 271
267 293
267 317
268 264
268 265
268 266
268 267
268 269
268 270
268 271
268 272
269 265
269 266
269 267
269 268
269 270
269 271
269 272
269 273
269 353
270 266
270 267
270 268
270 269
270 271
270 272
270 273
270 274
270 293
270 349
270 350
270 353
271 267
271 268
271 269
271 270
271 272
271 273
271 274
271 275
271 293
271 294
272 268
272 269
272 270
272 271
272 273
272 274
272 275
272 276
273 269
273 270
273 271
273 272
273 274
273 275
273 276
273 277
273 349
273 352
273 353
274 270
274 271
274 272
274 273
274 275
274 276
274 277
274 278
274 291
274 293
274 349
275 271
275 272
275 273
275 274
275 276
275 277
275 278
275 279
275 288
276 272
276 273
276 274
276 275
276 277
276 278
276 279
276 280
277 52
277 273
277 274
277 275
277 276
277 278
277 279
277 280
277 281
277 282
277 283
277 349
278 274
278 275
278 276
278 277
278 279
278 280
278 281
278 282
278 283
278 286
278 287
278 288
279 275
279 276
279 277
279 278
279 280
279 281
279 282
280 49
280 276
280 277
280 278
280 279
280 281
280 282
281 277
281 278
281 279
281 280
281 282
281 283
281 284
282 53
282 56
282 277
282 278
282 279
282 280
282 281
282 283
282 284
283 277
283 278
283 281
283 282
283 284
283 285
283 286
283 341
283 344
283 345
284 281
284 282
284 283
284 285
284 286
284 341
284 342
284 344
284 345
285 283
285 284
285 286
285 287
285 341
285 342
286 278
286 283
286 284
286 285
286 287
286 288
286 290
286 291
286 342
287 278
287 285
287 286
287 288
287 289
287 290
287 291
288 275
288 278
288 286
288 287
288 289
288 290
288 291
289 287
289 288
289 290
289 291
290 253
290 286
290 287
290 288
290 289
290 291
290 292
291 253
291 255
291 274
291 286
291 287
291 288
291 289
291 290
291 292
291 293
291 294
292 253
292 254
292 255
292 256
292 290
292 291
292 293
292 294
293 255
293 256
293 257
293 258
293 267
293 270
293 271
293 274
293 291
293 292
293 294
293 295
294 255
294 256
294 257
294 258
294 271
294 291
294 292
294 293
294 295
294 296
295 257
295 258
295 293
295 294
295 296
295 297
296 257
296 258
296 294
296 295
296 297
296 298
297 257
297 258
297 259
297 260
297 295
297 296
297 298
297 299
298 257
298 258
298 259
298 296
298 297
298 299
298 300
298 301
299 259
299 297
299 298
299 300
299 301
300 298
300 299
300 301
300 302
301 298
301 299
301 300
301 302
301 303
302 300
302 301
302 303
302 304
303 301
303 302
303 304
303 305
303 306
303 307
304 200
304 212
304 302
304 303
304 305
304 306
304 307
305 138
305 139
305 197
305 200
305 212
305 214
305 215
305 216
305 245
305 303
305 304
305 306
305 307
305 308
305 309
306 215
306 243
306 245
306 303
306 304
306 305
306 307
306 308
306 309
306 310
306 316
306 318
307 303
307 304
307 305
307 306
307 308
307 309
307 310
307 311
308 215
308 216
308 219
308 220
308 305
308 306
308 307
308 309
308 310
308 311
308 312
309 215
309 219
309 237
309 305
309 306
309 307
309 308
309 310
309 311
309 312
309 313
309 314
310 306
310 307
310 308
310 309
310 311
310 312
310 313
310 314
310 315
310 316
311 307
311 308
311 309
311 310
311 312
311 313
311 314
312 223
312 237
312 308
312 309
312 310
312 311
312 313
312 314
313 309
313 310
313 311
313 312
313 314
313 315
314 237
314 238
314 240
314 241
314 242
314 243
314 309
314 310
314 311
314 312
314 313
314 315
314 316
315 240
315 241
315 242
315 243
315 262
315 263
315 310
315 313
315 314
315 316
315 317
316 242
316 243
316 244
316 245
316 260
316 262
316 263
316 306
316 310
316 314
316 315
316 317
316 318
317 242
317 243
317 244
317 245
317 259
317 260
317 263
317 264
317 266
317 267
317 315
317 316
317 318
317 319
318 243
318 244
318 245
318 246
318 247
318 259
318 306
318 316
318 317
318 319
318 320
319 244
319 245
319 246
319 247
319 256
319 257
319 317
319 318
319 320
319 321
320 245
320 246
320 247
320 248
320 249
320 256
320 257
320 318
320 319
320 321
320 322
320 324
321 247
321 248
321 249
321 254
321 255
321 256
321 257
321 319
321 320
321 322
321 323
321 324
321 325
322 254
322 255
322 256
322 257
322 320
322 321
322 323
322 324
323 254
323 255
323 321
323 322
323 324
323 325
324 248
324 320
324 321
324 322
324 323
324 325
324 326
324 328
325 157
325 248
325 251
325 254
325 321
325 323
325 324
325 326
325 327
325 328
326 324
326 325
326 327
326 328
327 325
327 326
327 328
327 329
327 330
327 331
327 332
327 333
328 157
328 158
328 248
328 324
328 325
328 326
328 327
328 329
328 330
328 333
329 143
329 155
329 327
329 328
329 330
329 331
329 333
330 153
330 327
330 328
330 329
330 331
330 332
330 333
331 151
331 152
331 153
331 154
331 327
331 329
331 330
331 332
331 333
331 334
332 327
332 330
332 331
332 333
332 334
332 337
333 153
333 154
333 155
333 156
333 157
333 158
333 327
333 328
333 329
333 330
333 331
333 332
333 334
333 335
333 337
334 73
334 153
334 154
334 155
334 156
334 157
334 331
334 332
334 333
334 335
334 336
334 337
334 338
335 73
335 156
335 333
335 334
335 336
335 337
335 338
336 334
336 335
336 337
336 338
337 251
337 332
337 333
337 334
337 335
337 336
337 338
337 339
338 156
338 157
338 250
338 251
338 252
338 334
338 335
338 336
338 337
338 339
338 340
339 250
339 251
339 252
339 337
339 338
339 340
339 341
339 342
339 343
340 61
340 250
340 338
340 339
340 341
340 342
340 343
340 344
341 283
341 284
341 285
341 339
341 340
341 342
341 343
341 344
341 345
342 250
342 251
342 252
342 253
342 284
342 285
342 286
342 339
342 340
342 341
342 343
342 344
342 345
342 346
343 61
343 161
343 165
343 249
343 250
343 339
343 340
343 341
343 342
343 344
343 345
343 346
343 347
344 60
344 61
344 283
344 284
344 340
344 341
344 342
344 343
344 345
344 346
344 347
344 348
345 283
345 284
345 341
345 342
345 343
345 344
345 346
345 347
345 348
345 349
346 342
346 343
346 344
346 345
346 347
346 348
346 349
346 350
347 59
347 165
347 168
347 169
347 343
347 344
347 345
347 346
347 348
347 349
347 350
347 351
348 55
348 56
348 59
348 344
348 345
348 346
348 347
348 349
348 350
348 351
348 352
349 270
349 273
349 274
349 277
349 345
349 346
349 347
349 348
349 350
349 351
349 352
349 353
350 169
350 270
350 346
350 347
350 348
350 349
350 351
350 352
350 353
350 354
351 55
351 169
351 173
351 347
351 348
351 349
351 350
351 352
351 353
351 354
351 355
352 47
352 52
352 55
352 273
352 348
352 349
352 350
352 351
352 353
352 354
352 355
352 356
353 269
353 270
353 273
353 349
353 350
353 351
353 352
353 354
353 355
353 356
353 357
354 350
354 351
354 352
354 353
354 355
354 356
354 357
354 358
355 45
355 351
355 352
355 353
355 354
355 356
355 357
355 358
355 359
355 360
356 44
356 45
356 46
356 47
356 352
356 353
356 354
356 355
356 357
356 358
356 359
356 360
357 43
357 44
357 45
357 134
357 353
357 354
357 355
357 356
357 358
357 359
358 44
358 45
358 134
358 190
358 191
358 192
358 354
358 355
358 356
358 357
358 359
358 360
359 44
359 45
359 355
359 356
359 357
359 358
359 360
360 45
360 176
360 177
360 355
360 356
360 358
360 359
