0 1
0 2
0 3
0 4
1 0
1 2
1 3
1 4
1 5
2 0
2 1
2 3
2 4
2 5
2 6
3 0
3 1
3 2
3 4
3 5
3 6
3 7
4 0
4 1
4 2
4 3
4 5
4 6
4 7
4 8
5 1
5 2
5 3
5 4
5 6
5 7
5 8
5 9
6 2
6 3
6 4
6 5
6 7
6 8
6 9
6 10
7 3
7 4
7 5
7 6
7 8
7 9
7 10
7 66
7 67
8 4
8 5
8 6
8 7
8 9
8 10
8 22
8 23
8 24
8 64
8 65
8 66
8 67
9 5
9 6
9 7
9 8
9 10
9 11
9 21
9 22
9 23
9 24
9 67
10 6
10 7
10 8
10 9
10 11
10 12
10 21
10 22
10 23
10 146
11 9
11 10
11 12
11 13
11 14
11 19
11 20
11 21
11 22
12 10
12 11
12 13
12 14
12 18
12 19
12 20
12 21
12 22
12 147
13 11
13 12
13 14
13 15
13 16
13 17
13 18
13 19
13 20
14 11
14 12
14 13
14 15
14 16
14 19
14 20
15 13
15 14
15 16
15 17
15 19
16 13
16 14
16 15
16 17
16 18
16 19
17 13
17 15
17 16
17 18
17 19
18 12
18 13
18 16
18 17
18 19
18 20
19 11
19 12
19 13
19 14
19 15
19 16
19 17
19 18
19 20
19 21
19 77
19 78
20 11
20 12
20 13
20 14
20 18
20 19
20 21
20 22
20 75
20 76
20 77
20 78
21 9
21 10
21 11
21 12
21 19
21 20
21 22
21 23
21 75
21 76
21 77
21 78
22 8
22 9
22 10
22 11
22 12
22 20
22 21
22 23
22 24
22 73
22 74
22 75
22 76
23 8
23 9
23 10
23 21
23 22
23 24
23 25
23 64
23 67
23 73
23 74
23 75
24 8
24 9
24 22
24 23
24 25
24 26
24 64
24 65
24 66
24 67
24 68
24 69
24 70
24 71
24 72
24 73
24 74
25 23
25 24
25 26
25 27
25 58
25 62
25 63
25 64
25 65
25 66
25 67
25 69
25 70
25 71
25 72
25 73
25 74
26 24
26 25
26 27
26 28
26 62
26 63
26 64
26 65
26 69
26 70
26 71
26 72
27 25
27 26
27 28
27 29
27 32
27 61
27 62
27 63
27 71
27 72
28 26
28 27
28 29
28 30
28 31
28 32
28 61
28 62
28 63
29 27
29 28
29 30
29 31
29 32
29 33
29 61
30 28
30 29
30 31
30 32
30 33
30 34
31 28
31 29
31 30
31 32
31 33
31 34
31 35
31 60
31 61
31 62
32 27
32 28
32 29
32 30
32 31
32 33
32 34
32 35
32 36
32 60
32 61
32 62
33 29
33 30
33 31
33 32
33 34
33 35
33 36
33 37
34 30
34 31
34 32
34 33
34 35
34 36
34 37
34 38
35 31
35 32
35 33
35 34
35 36
35 37
35 38
35 39
35 60
35 61
36 32
36 33
36 34
36 35
36 37
36 38
36 39
36 40
37 33
37 34
37 35
37 36
37 38
37 39
37 40
37 41
38 34
38 35
38 36
38 37
38 39
38 40
38 41
38 42
38 46
39 35
39 36
39 37
39 38
39 40
39 41
39 42
39 43
39 44
39 45
39 46
39 47
40 36
40 37
40 38
40 39
40 41
40 42
40 43
40 44
41 37
41 38
41 39
41 40
41 42
41 43
41 44
42 38
42 39
42 40
42 41
42 43
42 44
42 45
42 46
43 39
43 40
43 41
43 42
43 44
43 45
43 46
44 39
44 40
44 41
44 42
44 43
44 45
44 46
44 47
44 48
45 39
45 42
45 43
45 44
45 46
45 47
45 48
45 49
46 38
46 39
46 42
46 43
46 44
46 45
46 47
46 48
46 49
46 50
47 39
47 44
47 45
47 46
47 48
47 49
47 50
47 51
48 44
48 45
48 46
48 47
48 49
48 50
48 51
48 52
48 203
49 45
49 46
49 47
49 48
49 50
49 51
49 52
49 53
50 46
50 47
50 48
50 49
50 51
50 52
50 53
50 54
50 55
50 56
50 57
51 47
51 48
51 49
51 50
51 52
51 53
51 54
51 57
52 48
52 49
52 50
52 51
52 53
52 54
52 205
53 49
53 50
53 51
53 52
53 54
53 55
53 56
53 57
54 50
54 51
54 52
54 53
54 55
54 56
54 57
54 58
54 84
54 85
54 86
55 50
55 53
55 54
55 56
55 57
55 58
55 59
55 74
55 84
55 85
55 86
56 50
56 53
56 54
56 55
56 57
56 58
56 59
56 60
57 50
57 51
57 53
57 54
57 55
57 56
57 58
57 59
57 60
57 61
58 25
58 54
58 55
58 56
58 57
58 59
58 60
58 61
58 62
58 72
58 74
58 86
59 55
59 56
59 57
59 58
59 60
59 61
59 62
59 63
60 31
60 32
60 35
60 56
60 57
60 58
60 59
60 61
60 62
61 27
61 28
61 29
61 31
61 32
61 35
61 57
61 58
61 59
61 60
61 62
61 63
62 25
62 26
62 27
62 28
62 31
62 32
62 58
62 59
62 60
62 61
62 63
62 64
62 72
63 25
63 26
63 27
63 28
63 59
63 61
63 62
63 64
63 65
64 8
64 23
64 24
64 25
64 26
64 62
64 63
64 65
64 66
65 8
65 24
65 25
65 26
65 63
65 64
65 66
65 67
65 69
65 70
66 7
66 8
66 24
66 25
66 64
66 65
66 67
66 68
66 69
66 70
67 7
67 8
67 9
67 23
67 24
67 25
67 65
67 66
67 68
67 69
67 70
67 73
67 146
68 24
68 66
68 67
68 69
68 70
68 140
68 142
68 145
69 24
69 25
69 26
69 65
69 66
69 67
69 68
69 70
69 71
70 24
70 25
70 26
70 65
70 66
70 67
70 68
70 69
70 71
70 72
70 73
70 89
71 24
71 25
71 26
71 27
71 69
71 70
71 72
71 73
71 88
71 89
71 90
72 24
72 25
72 26
72 27
72 58
72 62
72 70
72 71
72 73
72 74
72 86
72 87
72 88
72 89
73 22
73 23
73 24
73 25
73 67
73 70
73 71
73 72
73 74
73 75
73 86
73 87
73 88
73 89
74 22
74 23
74 24
74 25
74 55
74 58
74 72
74 73
74 75
74 76
74 84
74 85
74 86
74 87
75 20
75 21
75 22
75 23
75 73
75 74
75 76
75 77
75 83
75 84
75 85
75 86
75 87
76 20
76 21
76 22
76 74
76 75
76 77
76 78
76 82
76 83
76 84
76 85
77 19
77 20
77 21
77 75
77 76
77 78
77 79
77 81
77 82
77 83
77 84
78 19
78 20
78 21
78 76
78 77
78 79
78 80
78 81
78 82
79 77
79 78
79 80
79 81
79 82
79 83
80 78
80 79
80 81
80 82
80 390
81 77
81 78
81 79
81 80
81 82
81 83
81 388
81 390
82 76
82 77
82 78
82 79
82 80
82 81
82 83
82 84
83 75
83 76
83 77
83 79
83 81
83 82
83 84
83 85
84 54
84 55
84 74
84 75
84 76
84 77
84 82
84 83
84 85
84 86
85 54
85 55
85 74
85 75
85 76
85 83
85 84
85 86
85 87
86 54
86 55
86 58
86 72
86 73
86 74
86 75
86 84
86 85
86 87
86 88
87 72
87 73
87 74
87 75
87 85
87 86
87 88
87 89
87 131
87 132
87 133
88 71
88 72
88 73
88 86
88 87
88 89
88 90
88 131
89 70
89 71
89 72
89 73
89 87
89 88
89 90
89 91
89 129
89 130
89 131
89 132
90 71
90 88
90 89
90 91
90 92
90 129
90 130
90 131
91 89
91 90
91 92
91 93
91 127
91 128
91 129
91 130
92 90
92 91
92 93
92 94
92 127
92 128
92 129
92 130
92 181
93 91
93 92
93 94
93 95
93 96
93 125
93 126
93 127
93 128
94 92
94 93
94 95
94 96
94 97
94 101
94 126
94 127
94 128
94 177
95 93
95 94
95 96
95 97
95 98
95 101
95 126
96 93
96 94
96 95
96 97
96 98
97 94
97 95
97 96
97 98
97 99
97 100
97 176
97 177
98 95
98 96
98 97
98 99
98 100
99 97
99 98
99 100
99 101
99 173
100 97
100 98
100 99
100 101
100 102
101 94
101 95
101 99
101 100
101 102
101 103
101 109
102 100
102 101
102 103
102 104
102 107
103 101
103 102
103 104
103 105
103 123
103 124
103 126
104 102
104 103
104 105
104 106
104 107
105 103
105 104
105 106
105 107
105 123
106 104
106 105
106 107
106 108
107 102
107 104
107 105
107 106
107 108
107 109
108 106
108 107
108 109
108 110
108 111
108 112
108 113
108 118
109 101
109 107
109 108
109 110
109 111
109 118
109 174
110 108
110 109
110 111
110 112
110 113
110 115
110 117
110 118
110 174
111 108
111 109
111 110
111 112
111 113
111 165
112 108
112 110
112 111
112 113
112 114
112 115
112 165
113 108
113 110
113 111
113 112
113 114
113 115
113 118
114 112
114 113
114 115
114 116
114 118
114 119
115 110
115 112
115 113
115 114
115 116
115 117
115 118
115 119
115 154
116 114
116 115
116 117
116 118
116 119
116 120
116 141
116 148
116 150
117 110
117 115
117 116
117 118
117 119
117 120
117 121
117 150
117 181
118 108
118 109
118 110
118 113
118 114
118 115
118 116
118 117
118 119
118 120
118 121
119 114
119 115
119 116
119 117
119 118
119 120
119 121
119 141
119 142
119 143
120 116
120 117
120 118
120 119
120 121
120 122
120 128
120 129
120 139
120 140
120 141
120 142
120 143
121 117
121 118
121 119
121 120
121 122
121 123
121 126
121 127
121 128
121 141
122 120
122 121
122 123
122 124
122 125
122 126
122 127
122 128
122 142
123 103
123 105
123 121
123 122
123 124
123 125
123 126
123 127
124 103
124 122
124 123
124 125
124 126
125 93
125 122
125 123
125 124
125 126
125 127
126 93
126 94
126 95
126 103
126 121
126 122
126 123
126 124
126 125
126 127
126 128
127 91
127 92
127 93
127 94
127 121
127 122
127 123
127 125
127 126
127 128
127 129
128 91
128 92
128 93
128 94
128 120
128 121
128 122
128 126
128 127
128 129
128 130
128 139
128 140
129 89
129 90
129 91
129 92
129 120
129 127
129 128
129 130
129 131
129 139
129 140
130 89
130 90
130 91
130 92
130 128
130 129
130 131
130 132
130 137
130 138
130 139
130 140
131 87
131 88
131 89
131 90
131 129
131 130
131 132
131 133
131 137
131 138
131 139
132 87
132 89
132 130
132 131
132 133
132 134
132 135
132 136
132 137
132 138
133 87
133 131
133 132
133 134
133 135
133 136
133 137
133 138
134 132
134 133
134 135
134 136
134 381
134 385
135 132
135 133
135 134
135 136
135 137
135 372
135 381
136 132
136 133
136 134
136 135
136 137
136 138
136 149
136 150
136 372
136 373
137 130
137 131
137 132
137 133
137 135
137 136
137 138
137 139
137 149
137 150
137 151
137 182
137 183
138 130
138 131
138 132
138 133
138 136
138 137
138 139
138 140
138 147
138 148
138 149
138 150
139 120
139 128
139 129
139 130
139 131
139 137
139 138
139 140
139 141
139 147
139 148
139 149
139 150
140 68
140 120
140 128
140 129
140 130
140 138
140 139
140 141
140 142
140 145
140 146
140 147
140 148
141 116
141 119
141 120
141 121
141 139
141 140
141 142
141 143
141 144
141 145
141 146
141 147
141 148
142 68
142 119
142 120
142 122
142 140
142 141
142 143
142 144
142 145
142 146
143 119
143 120
143 141
143 142
143 144
143 145
144 141
144 142
144 143
144 145
144 146
145 68
145 140
145 141
145 142
145 143
145 144
145 146
145 147
146 10
146 67
146 140
146 141
146 142
146 144
146 145
146 147
146 148
147 12
147 138
147 139
147 140
147 141
147 145
147 146
147 148
147 149
148 116
148 138
148 139
148 140
148 141
148 146
148 147
148 149
148 150
149 136
149 137
149 138
149 139
149 147
149 148
149 150
149 151
149 152
150 116
150 117
150 136
150 137
150 138
150 139
150 148
150 149
150 151
150 152
150 181
150 182
151 137
151 149
151 150
151 152
151 153
151 181
151 182
151 183
151 281
151 282
151 369
151 370
151 371
151 373
152 149
152 150
152 151
152 153
152 154
152 282
152 368
152 369
152 370
152 373
153 151
153 152
153 154
153 155
153 282
153 283
153 367
153 368
153 369
154 115
154 152
154 153
154 155
154 156
154 157
155 153
155 154
155 156
155 157
155 332
155 333
155 334
156 154
156 155
156 157
156 158
156 332
156 333
157 154
157 155
157 156
157 158
157 159
157 161
157 162
157 331
157 332
157 333
158 156
158 157
158 159
158 160
158 161
158 162
158 329
158 330
158 331
158 332
158 333
159 157
159 158
159 160
159 161
159 162
159 163
159 324
159 325
159 326
159 327
159 328
159 329
159 331
159 332
159 333
159 336
160 158
160 159
160 161
160 162
160 163
160 164
160 326
160 327
160 328
160 329
160 330
161 157
161 158
161 159
161 160
161 162
161 163
161 164
161 165
161 166
162 157
162 158
162 159
162 160
162 161
162 163
162 164
162 165
162 166
162 167
163 159
163 160
163 161
163 162
163 164
163 165
163 166
163 167
163 301
163 326
164 160
164 161
164 162
164 163
164 165
164 166
164 167
164 168
165 111
165 112
165 161
165 162
165 163
165 164
165 166
165 167
165 168
166 161
166 162
166 163
166 164
166 165
166 167
166 168
166 169
166 170
166 283
166 284
166 285
166 366
167 162
167 163
167 164
167 165
167 166
167 168
167 169
167 285
167 301
167 366
168 164
168 165
168 166
168 167
168 169
168 170
168 266
168 267
168 268
168 285
169 166
169 167
169 168
169 170
169 171
169 266
169 267
169 268
169 283
169 284
169 285
170 166
170 168
170 169
170 171
170 172
170 174
170 175
170 266
170 267
170 268
170 283
170 284
170 285
171 169
171 170
171 172
171 173
171 174
171 175
171 267
171 268
171 269
172 170
172 171
172 173
172 174
172 175
172 176
172 267
172 268
172 269
173 99
173 171
173 172
173 174
173 175
173 176
173 177
174 109
174 110
174 170
174 171
174 172
174 173
174 175
174 176
174 177
174 178
175 170
175 171
175 172
175 173
175 174
175 176
175 177
175 178
175 179
175 281
175 284
176 97
176 172
176 173
176 174
176 175
176 177
176 178
176 179
176 180
177 94
177 97
177 173
177 174
177 175
177 176
177 178
177 179
177 180
177 181
178 174
178 175
178 176
178 177
178 179
178 180
178 181
178 182
178 183
178 281
178 282
179 175
179 176
179 177
179 178
179 180
179 181
179 182
179 183
179 184
179 279
179 280
179 281
180 176
180 177
180 178
180 179
180 181
180 182
180 183
181 92
181 117
181 150
181 151
181 177
181 178
181 179
181 180
181 182
181 183
182 137
182 150
182 151
182 178
182 179
182 180
182 181
182 183
182 184
182 281
183 137
183 151
183 178
183 179
183 180
183 181
183 182
183 184
183 185
184 179
184 182
184 183
184 185
184 186
184 278
184 279
184 280
184 281
184 370
184 371
185 183
185 184
185 186
185 187
185 259
185 277
185 278
185 279
185 280
185 281
185 296
185 370
185 371
185 372
186 184
186 185
186 187
186 188
186 259
186 277
186 278
186 370
186 371
186 372
187 185
187 186
187 188
187 189
187 255
187 256
187 259
187 371
187 372
187 377
188 186
188 187
188 189
188 190
188 252
188 255
188 256
189 187
189 188
189 190
189 191
189 251
189 252
189 255
190 188
190 189
190 191
190 192
190 252
191 189
191 190
191 192
191 193
191 245
191 248
191 249
191 252
192 190
192 191
192 193
192 194
192 196
192 197
192 245
192 248
193 191
193 192
193 194
193 195
193 196
193 197
194 192
194 193
194 195
194 196
194 197
194 198
194 241
194 245
195 193
195 194
195 196
195 197
195 198
195 199
196 192
196 193
196 194
196 195
196 197
196 198
196 199
196 200
197 192
197 193
197 194
197 195
197 196
197 198
197 199
197 200
197 201
197 241
197 244
197 245
198 194
198 195
198 196
198 197
198 199
198 200
198 201
198 202
198 237
198 241
199 195
199 196
199 197
199 198
199 200
199 201
199 202
199 203
200 196
200 197
200 198
200 199
200 201
200 202
200 203
200 204
201 197
201 198
201 199
201 200
201 202
201 203
201 204
201 237
201 241
202 198
202 199
202 200
202 201
202 203
202 204
202 207
202 208
202 237
203 48
203 199
203 200
203 201
203 202
203 204
203 205
203 207
203 208
204 200
204 201
204 202
204 203
204 205
204 206
204 207
204 208
205 52
205 203
205 204
205 206
205 207
205 208
205 209
206 204
206 205
206 207
206 208
206 209
206 210
207 202
207 203
207 204
207 205
207 206
207 208
207 209
207 210
207 211
208 202
208 203
208 204
208 205
208 206
208 207
208 209
208 210
208 211
208 212
209 205
209 206
209 207
209 208
209 210
209 211
209 212
209 213
210 206
210 207
210 208
210 209
210 211
210 212
210 213
210 214
210 443
211 207
211 208
211 209
211 210
211 212
211 213
211 214
211 215
212 208
212 209
212 210
212 211
212 213
212 214
212 215
212 216
213 209
213 210
213 211
213 212
213 214
213 215
213 216
213 217
213 435
213 438
214 210
214 211
214 212
214 213
214 215
214 216
214 217
214 218
214 226
214 230
215 211
215 212
215 213
215 214
215 216
215 217
215 218
215 219
216 212
216 213
216 214
216 215
216 217
216 218
216 219
216 220
216 431
216 434
216 435
217 213
217 214
217 215
217 216
217 218
217 219
217 220
217 221
217 222
217 223
217 226
217 435
218 214
218 215
218 216
218 217
218 219
218 220
218 221
218 222
218 223
218 226
219 215
219 216
219 217
219 218
219 220
219 221
219 222
220 216
220 217
220 218
220 219
220 221
220 222
221 217
221 218
221 219
221 220
221 222
221 223
222 217
222 218
222 219
222 220
222 221
222 223
222 224
222 225
222 226
222 931
223 217
223 218
223 221
223 222
223 224
223 225
223 226
223 227
223 931
224 222
224 223
224 225
224 226
224 227
224 228
224 931
224 932
225 222
225 223
225 224
225 226
225 227
225 228
225 229
225 931
225 932
225 934
225 935
226 214
226 217
226 218
226 222
226 223
226 224
226 225
226 227
226 228
226 229
226 230
227 223
227 224
227 225
227 226
227 228
227 229
227 230
227 231
228 224
228 225
228 226
228 227
228 229
228 230
228 231
228 232
228 935
228 939
229 225
229 226
229 227
229 228
229 230
229 231
229 232
229 233
230 214
230 226
230 227
230 228
230 229
230 231
230 232
230 233
230 234
231 227
231 228
231 229
231 230
231 232
231 233
231 234
231 235
232 228
232 229
232 230
232 231
232 233
232 234
232 235
232 236
233 229
233 230
233 231
233 232
233 234
233 235
233 236
233 237
234 230
234 231
234 232
234 233
234 235
234 236
234 237
234 238
235 231
235 232
235 233
235 234
235 236
235 237
235 238
235 239
236 232
236 233
236 234
236 235
236 237
236 238
236 239
236 240
236 447
237 198
237 201
237 202
237 233
237 234
237 235
237 236
237 238
237 239
237 240
237 241
238 234
238 235
238 236
238 237
238 239
238 240
238 241
238 242
239 235
239 236
239 237
239 238
239 240
239 241
239 242
239 243
240 236
240 237
240 238
240 239
240 241
240 242
240 243
240 244
241 194
241 197
241 198
241 201
241 237
241 238
241 239
241 240
241 242
241 243
241 244
241 245
242 238
242 239
242 240
242 241
242 243
242 244
242 245
242 246
243 239
243 240
243 241
243 242
243 244
243 245
243 246
243 247
244 197
244 240
244 241
244 242
244 243
244 245
244 246
244 247
244 248
245 191
245 192
245 194
245 197
245 241
245 242
245 243
245 244
245 246
245 247
245 248
245 249
246 242
246 243
246 244
246 245
246 247
246 248
246 249
246 250
247 243
247 244
247 245
247 246
247 248
247 249
247 250
247 251
248 191
248 192
248 244
248 245
248 246
248 247
248 249
248 250
248 251
248 252
249 191
249 245
249 246
249 247
249 248
249 250
249 251
249 252
249 253
250 246
250 247
250 248
250 249
250 251
250 252
250 253
250 254
251 189
251 247
251 248
251 249
251 250
251 252
251 253
251 254
251 255
252 188
252 189
252 190
252 191
252 248
252 249
252 250
252 251
252 253
252 254
252 255
252 256
253 249
253 250
253 251
253 252
253 254
253 255
253 256
253 257
254 250
254 251
254 252
254 253
254 255
254 256
254 257
255 187
255 188
255 189
255 251
255 252
255 253
255 254
255 256
255 257
255 258
255 259
256 187
256 188
256 252
256 253
256 254
256 255
256 257
256 258
256 259
256 260
257 253
257 254
257 255
257 256
257 258
257 259
257 260
257 261
258 255
258 256
258 257
258 259
258 260
258 261
258 295
258 349
259 185
259 186
259 187
259 255
259 256
259 257
259 258
259 260
259 261
259 277
259 278
259 295
260 256
260 257
260 258
260 259
260 261
260 262
260 276
260 277
260 278
261 257
261 258
261 259
261 260
261 262
261 263
261 276
261 277
261 295
262 260
262 261
262 263
262 264
262 274
262 275
262 276
262 277
263 261
263 262
263 264
263 265
263 274
263 275
263 276
263 277
263 286
263 287
264 262
264 263
264 265
264 266
264 272
264 273
264 274
264 275
264 286
264 287
264 288
265 263
265 264
265 266
265 267
265 272
265 273
265 274
265 275
265 284
265 285
265 286
265 287
266 168
266 169
266 170
266 264
266 265
266 267
266 268
266 270
266 271
266 272
266 273
266 284
266 285
266 286
266 287
267 168
267 169
267 170
267 171
267 172
267 265
267 266
267 268
267 269
267 270
267 271
267 272
267 273
267 284
267 285
268 168
268 169
268 170
268 171
268 172
268 266
268 267
268 269
268 270
268 271
269 171
269 172
269 267
269 268
269 270
269 271
270 266
270 267
270 268
270 269
270 271
270 272
270 273
271 266
271 267
271 268
271 269
271 270
271 272
271 273
272 264
272 265
272 266
272 267
272 270
272 271
272 273
272 274
273 264
273 265
273 266
273 267
273 270
273 271
273 272
273 274
273 275
274 262
274 263
274 264
274 265
274 272
274 273
274 275
274 276
275 262
275 263
275 264
275 265
275 273
275 274
275 276
275 277
275 279
275 280
276 260
276 261
276 262
276 263
276 274
276 275
276 277
276 278
276 279
276 280
277 185
277 186
277 259
277 260
277 261
277 262
277 263
277 275
277 276
277 278
277 279
277 280
277 295
278 184
278 185
278 186
278 259
278 260
278 276
278 277
278 279
278 280
279 179
279 184
279 185
279 275
279 276
279 277
279 278
279 280
279 281
280 179
280 184
280 185
280 275
280 276
280 277
280 278
280 279
280 281
280 282
280 284
280 367
280 370
281 151
281 175
281 178
281 179
281 182
281 184
281 185
281 279
281 280
281 282
281 283
281 284
281 367
281 369
281 370
282 151
282 152
282 153
282 178
282 280
282 281
282 283
282 284
282 366
282 367
282 368
282 369
282 370
283 153
283 166
283 169
283 170
283 281
283 282
283 284
283 285
283 366
283 367
283 368
284 166
284 169
284 170
284 175
284 265
284 266
284 267
284 280
284 281
284 282
284 283
284 285
284 286
284 366
284 367
285 166
285 167
285 168
285 169
285 170
285 265
285 266
285 267
285 283
285 284
285 286
285 287
285 364
285 365
285 366
285 367
286 263
286 264
286 265
286 266
286 284
286 285
286 287
286 288
286 364
286 365
286 366
286 367
287 263
287 264
287 265
287 266
287 285
287 286
287 288
287 289
287 362
287 363
287 364
287 365
288 264
288 286
288 287
288 289
288 290
288 291
288 292
288 355
288 362
288 363
288 364
288 365
289 287
289 288
289 290
289 291
289 292
289 355
289 362
289 363
290 288
290 289
290 291
290 292
290 352
290 353
290 354
290 355
291 288
291 289
291 290
291 292
291 293
291 351
291 352
291 353
291 354
291 355
292 288
292 289
292 290
292 291
292 293
292 294
292 351
292 352
292 353
293 291
293 292
293 294
293 295
293 348
293 349
293 350
293 351
293 352
294 292
294 293
294 295
294 296
294 297
294 346
294 347
294 348
294 349
294 350
294 351
294 352
295 258
295 259
295 261
295 277
295 293
295 294
295 296
295 297
295 348
295 349
296 185
296 294
296 295
296 297
296 298
296 347
296 348
296 349
296 367
296 368
296 369
296 370
296 371
296 374
297 294
297 295
297 296
297 298
297 299
297 345
297 346
297 347
297 348
297 367
297 368
297 369
297 370
297 374
297 375
298 296
298 297
298 299
298 300
298 345
298 346
298 347
298 348
298 365
298 366
298 367
298 368
298 369
299 297
299 298
299 300
299 301
299 323
299 324
299 344
299 345
299 346
299 365
299 366
299 367
299 368
300 298
300 299
300 301
300 302
300 303
300 304
300 321
300 322
300 323
300 324
300 344
300 345
300 346
300 363
300 364
300 365
300 366
301 163
301 167
301 299
301 300
301 302
301 303
301 323
301 324
301 325
301 363
301 364
301 365
301 366
302 300
302 301
302 303
302 304
302 323
302 324
302 357
302 358
302 360
302 361
302 362
302 363
302 364
302 365
303 300
303 301
303 302
303 304
303 305
303 322
303 323
303 355
303 356
303 357
303 358
303 361
303 362
303 363
303 364
304 300
304 302
304 303
304 305
304 306
304 320
304 321
304 322
304 323
304 355
304 356
304 357
304 358
304 363
305 303
305 304
305 306
305 307
305 320
305 321
305 322
305 352
305 353
305 354
305 355
305 356
305 363
306 304
306 305
306 307
306 308
306 318
306 319
306 320
306 321
306 352
306 353
306 354
306 355
307 305
307 306
307 308
307 309
307 318
307 319
307 320
307 321
307 346
307 350
307 351
307 352
307 353
307 354
308 306
308 307
308 309
308 310
308 311
308 316
308 317
308 318
308 319
308 350
308 351
308 352
308 353
309 307
309 308
309 310
309 311
309 312
309 313
309 314
309 315
309 316
309 317
309 318
309 319
309 347
309 350
309 351
310 308
310 309
310 311
310 312
310 313
310 314
310 315
310 316
310 317
310 318
310 350
310 851
310 869
310 870
310 871
311 308
311 309
311 310
311 312
311 313
311 314
311 315
311 349
311 350
311 869
311 870
311 871
312 309
312 310
312 311
312 313
312 314
312 349
312 350
312 375
312 376
312 870
312 871
313 309
313 310
313 311
313 312
313 314
313 315
313 851
313 852
313 871
314 309
314 310
314 311
314 312
314 313
314 315
314 316
314 849
314 850
314 851
314 852
314 867
314 869
314 870
314 871
314 872
315 309
315 310
315 311
315 313
315 314
315 316
315 317
315 851
316 308
316 309
316 310
316 314
316 315
316 317
316 318
317 308
317 309
317 310
317 315
317 316
317 318
317 319
317 543
317 544
317 545
318 306
318 307
318 308
318 309
318 310
318 316
318 317
318 319
318 320
318 543
318 544
319 306
319 307
319 308
319 309
319 317
319 318
319 320
319 321
319 544
320 304
320 305
320 306
320 307
320 318
320 319
320 321
320 322
320 343
320 534
320 598
321 300
321 304
321 305
321 306
321 307
321 319
321 320
321 322
321 323
321 343
321 344
321 345
321 346
322 300
322 303
322 304
322 305
322 320
322 321
322 323
322 324
322 343
322 344
323 299
323 300
323 301
323 302
323 303
323 304
323 321
323 322
323 324
323 325
323 344
324 159
324 299
324 300
324 301
324 302
324 322
324 323
324 325
324 326
324 344
325 159
325 301
325 323
325 324
325 326
325 327
326 159
326 160
326 163
326 324
326 325
326 327
326 328
327 159
327 160
327 325
327 326
327 328
327 329
328 159
328 160
328 326
328 327
328 329
328 330
329 158
329 159
329 160
329 327
329 328
329 330
329 331
330 158
330 160
330 328
330 329
330 331
330 332
331 157
331 158
331 159
331 329
331 330
331 332
331 333
331 335
331 336
332 155
332 156
332 157
332 158
332 159
332 330
332 331
332 333
332 334
332 335
332 336
333 155
333 156
333 157
333 158
333 159
333 331
333 332
333 334
333 335
333 336
333 337
334 155
334 332
334 333
334 335
334 336
334 337
334 341
335 331
335 332
335 333
335 334
335 336
335 337
335 338
336 159
336 331
336 332
336 333
336 334
336 335
336 337
336 338
337 333
337 334
337 335
337 336
337 338
337 339
337 340
337 341
338 335
338 336
338 337
338 339
338 340
339 337
339 338
339 340
339 341
339 600
339 602
339 603
340 337
340 338
340 339
340 341
340 342
340 343
340 600
340 601
340 602
341 334
341 337
341 339
341 340
341 342
341 343
341 344
341 345
342 340
342 341
342 343
342 344
342 345
342 346
343 320
343 321
343 322
343 340
343 341
343 342
343 344
343 345
344 299
344 300
344 321
344 322
344 323
344 324
344 341
344 342
344 343
344 345
344 346
345 297
345 298
345 299
345 300
345 321
345 341
345 342
345 343
345 344
345 346
345 347
346 294
346 297
346 298
346 299
346 300
346 307
346 321
346 342
346 344
346 345
346 347
346 348
346 350
347 294
347 296
347 297
347 298
347 309
347 345
347 346
347 348
347 349
347 350
347 374
347 375
347 376
348 293
348 294
348 295
348 296
348 297
348 298
348 346
348 347
348 349
348 350
348 374
348 375
348 376
348 377
349 258
349 293
349 294
349 295
349 296
349 311
349 312
349 347
349 348
349 350
349 351
349 376
350 293
350 294
350 307
350 308
350 309
350 310
350 311
350 312
350 346
350 347
350 348
350 349
350 351
350 352
351 291
351 292
351 293
351 294
351 307
351 308
351 309
351 349
351 350
351 352
351 353
352 290
352 291
352 292
352 293
352 294
352 305
352 306
352 307
352 308
352 350
352 351
352 353
352 354
352 355
353 290
353 291
353 292
353 305
353 306
353 307
353 308
353 351
353 352
353 354
353 355
354 290
354 291
354 305
354 306
354 307
354 352
354 353
354 355
354 356
355 288
355 289
355 290
355 291
355 303
355 304
355 305
355 306
355 352
355 353
355 354
355 356
355 357
355 363
356 303
356 304
356 305
356 354
356 355
356 357
356 358
356 363
357 302
357 303
357 304
357 355
357 356
357 358
357 359
357 360
357 361
357 362
357 363
358 302
358 303
358 304
358 356
358 357
358 359
358 360
358 361
358 362
358 363
358 572
359 357
359 358
359 360
359 361
359 572
360 302
360 357
360 358
360 359
360 361
360 362
361 302
361 303
361 357
361 358
361 359
361 360
361 362
361 363
362 287
362 288
362 289
362 302
362 303
362 357
362 358
362 360
362 361
362 363
362 364
363 287
363 288
363 289
363 300
363 301
363 302
363 303
363 304
363 305
363 355
363 356
363 357
363 358
363 361
363 362
363 364
363 365
364 285
364 286
364 287
364 288
364 300
364 301
364 302
364 303
364 362
364 363
364 365
364 366
365 285
365 286
365 287
365 288
365 298
365 299
365 300
365 301
365 302
365 363
365 364
365 366
365 367
366 166
366 167
366 282
366 283
366 284
366 285
366 286
366 298
366 299
366 300
366 301
366 364
366 365
366 367
366 368
367 153
367 280
367 281
367 282
367 283
367 284
367 285
367 286
367 296
367 297
367 298
367 299
367 365
367 366
367 368
367 369
367 370
368 152
368 153
368 282
368 283
368 296
368 297
368 298
368 299
368 366
368 367
368 369
368 370
369 151
369 152
369 153
369 281
369 282
369 296
369 297
369 298
369 367
369 368
369 370
369 371
369 373
369 374
370 151
370 152
370 184
370 185
370 186
370 280
370 281
370 282
370 296
370 297
370 367
370 368
370 369
370 371
370 372
370 373
370 374
371 151
371 184
371 185
371 186
371 187
371 296
371 369
371 370
371 372
371 373
371 374
371 377
372 135
372 136
372 185
372 186
372 187
372 370
372 371
372 373
372 374
372 375
372 376
372 377
372 378
372 380
372 381
373 136
373 151
373 152
373 369
373 370
373 371
373 372
373 374
373 375
373 377
373 378
374 296
374 297
374 347
374 348
374 369
374 370
374 371
374 372
374 373
374 375
374 376
374 377
374 378
375 297
375 312
375 347
375 348
375 372
375 373
375 374
375 376
375 377
375 378
375 379
376 312
376 347
376 348
376 349
376 372
376 374
376 375
376 377
376 378
376 379
376 380
377 187
377 348
377 371
377 372
377 373
377 374
377 375
377 376
377 378
377 379
377 380
377 381
378 372
378 373
378 374
378 375
378 376
378 377
378 379
378 380
378 381
378 382
379 375
379 376
379 377
379 378
379 380
379 381
379 382
379 383
379 871
379 874
380 372
380 376
380 377
380 378
380 379
380 381
380 382
380 383
380 384
381 134
381 135
381 372
381 377
381 378
381 379
381 380
381 382
381 383
381 384
381 385
382 378
382 379
382 380
382 381
382 383
382 384
382 385
382 386
382 874
383 379
383 380
383 381
383 382
383 384
383 385
383 386
383 874
384 380
384 381
384 382
384 383
384 385
384 386
385 134
385 381
385 382
385 383
385 384
385 386
385 387
386 382
386 383
386 384
386 385
386 387
386 388
387 385
387 386
387 388
387 389
388 81
388 386
388 387
388 389
388 390
389 387
389 388
389 390
389 391
389 861
390 80
390 81
390 388
390 389
390 391
390 392
391 389
391 390
391 392
391 393
391 394
391 395
391 475
392 390
392 391
392 393
392 394
392 395
392 396
392 965
392 966
392 967
393 391
393 392
393 394
393 395
393 396
393 397
393 965
393 966
393 967
394 391
394 392
394 393
394 395
394 396
394 397
394 398
395 391
395 392
395 393
395 394
395 396
395 397
395 398
395 399
396 392
396 393
396 394
396 395
396 397
396 398
396 399
396 400
396 966
396 967
396 968
397 393
397 394
397 395
397 396
397 398
397 399
397 400
397 401
397 967
398 394
398 395
398 396
398 397
398 399
398 400
398 401
398 402
399 395
399 396
399 397
399 398
399 400
399 401
399 402
399 403
400 396
400 397
400 398
400 399
400 401
400 402
400 403
400 404
401 397
401 398
401 399
401 400
401 402
401 403
401 404
401 405
401 441
402 398
402 399
402 400
402 401
402 403
402 404
402 405
402 406
403 399
403 400
403 401
403 402
403 404
403 405
403 406
403 407
404 400
404 401
404 402
404 403
404 405
404 406
404 407
404 408
404 440
404 441
405 401
405 402
405 403
405 404
405 406
405 407
405 408
405 409
405 437
405 438
405 440
405 441
406 402
406 403
406 404
406 405
406 407
406 408
406 409
406 410
407 403
407 404
407 405
407 406
407 408
407 409
407 410
407 411
407 437
407 440
408 404
408 405
408 406
408 407
408 409
408 410
408 411
408 412
408 436
408 437
408 438
408 439
408 440
408 916
409 405
409 406
409 407
409 408
409 410
409 411
409 412
409 413
409 437
410 406
410 407
410 408
410 409
410 411
410 412
410 413
410 414
411 407
411 408
411 409
411 410
411 412
411 413
411 414
411 415
411 433
411 436
411 437
411 920
412 408
412 409
412 410
412 411
412 413
412 414
412 415
412 416
412 433
412 434
412 436
412 437
413 409
413 410
413 411
413 412
413 414
413 415
413 416
413 417
413 433
414 410
414 411
414 412
414 413
414 415
414 416
414 417
414 418
414 433
415 411
415 412
415 413
415 414
415 416
415 417
415 418
415 419
415 429
415 432
415 433
415 436
415 920
415 923
416 412
416 413
416 414
416 415
416 417
416 418
416 419
416 420
416 429
416 430
416 433
417 413
417 414
417 415
417 416
417 418
417 419
417 420
417 421
418 414
418 415
418 416
418 417
418 419
418 420
418 421
418 422
418 923
418 924
419 415
419 416
419 417
419 418
419 420
419 421
419 422
419 423
419 424
419 429
419 926
420 416
420 417
420 418
420 419
420 421
420 422
420 423
420 424
420 426
420 429
421 417
421 418
421 419
421 420
421 422
421 423
421 424
422 418
422 419
422 420
422 421
422 423
422 424
423 419
423 420
423 421
423 422
423 424
423 425
424 419
424 420
424 421
424 422
424 423
424 425
424 426
424 428
424 429
425 423
425 424
425 426
425 427
425 428
425 429
426 420
426 424
426 425
426 427
426 428
426 429
426 430
427 425
427 426
427 428
427 429
427 430
427 431
428 424
428 425
428 426
428 427
428 429
428 430
428 431
428 432
429 415
429 416
429 419
429 420
429 424
429 425
429 426
429 427
429 428
429 430
429 431
429 432
429 433
430 416
430 426
430 427
430 428
430 429
430 431
430 432
430 433
430 434
431 216
431 427
431 428
431 429
431 430
431 432
431 433
431 434
431 435
432 415
432 428
432 429
432 430
432 431
432 433
432 434
432 435
432 436
433 411
433 412
433 413
433 414
433 415
433 416
433 429
433 430
433 431
433 432
433 434
433 435
433 436
433 437
434 216
434 412
434 430
434 431
434 432
434 433
434 435
434 436
434 437
434 438
435 213
435 216
435 217
435 431
435 432
435 433
435 434
435 436
435 437
435 438
435 439
436 408
436 411
436 412
436 415
436 432
436 433
436 434
436 435
436 437
436 438
436 439
436 440
436 916
436 919
437 405
437 407
437 408
437 409
437 411
437 412
437 433
437 434
437 435
437 436
437 438
437 439
437 440
438 213
438 405
438 408
438 434
438 435
438 436
438 437
438 439
438 440
438 441
439 408
439 435
439 436
439 437
439 438
439 440
439 441
439 442
439 912
439 915
439 916
440 404
440 405
440 407
440 408
440 436
440 437
440 438
440 439
440 441
440 442
440 912
440 913
440 915
440 916
441 401
441 404
441 405
441 438
441 439
441 440
441 442
441 443
441 445
441 912
442 439
442 440
442 441
442 443
442 444
442 445
442 908
442 911
442 912
443 210
443 441
443 442
443 444
443 445
443 446
444 442
444 443
444 445
444 446
444 447
444 448
444 943
444 946
445 441
445 442
445 443
445 444
445 446
445 447
445 448
445 449
445 905
445 908
446 443
446 444
446 445
446 447
446 448
446 449
446 450
447 236
447 444
447 445
447 446
447 448
447 449
447 450
447 451
448 444
448 445
448 446
448 447
448 449
448 450
448 451
448 452
448 904
448 946
448 947
449 445
449 446
449 447
449 448
449 450
449 451
449 452
449 453
449 901
449 904
449 905
450 446
450 447
450 448
450 449
450 451
450 452
450 453
450 454
451 447
451 448
451 449
451 450
451 452
451 453
451 454
451 455
451 947
451 950
452 448
452 449
452 450
452 451
452 453
452 454
452 455
452 456
452 897
452 900
452 901
452 950
452 951
453 449
453 450
453 451
453 452
453 454
453 455
453 456
453 457
453 470
453 471
453 473
453 474
453 897
454 450
454 451
454 452
454 453
454 455
454 456
454 457
454 458
454 470
455 451
455 452
455 453
455 454
455 456
455 457
455 458
455 459
455 950
455 951
456 452
456 453
456 454
456 455
456 457
456 458
456 459
456 460
456 473
456 893
456 894
456 897
457 453
457 454
457 455
457 456
457 458
457 459
457 460
457 461
457 466
457 467
457 470
457 473
458 454
458 455
458 456
458 457
458 459
458 460
458 461
458 462
459 455
459 456
459 457
459 458
459 460
459 461
459 462
459 463
460 456
460 457
460 458
460 459
460 461
460 462
460 463
460 464
460 465
460 466
460 467
460 890
460 893
461 457
461 458
461 459
461 460
461 462
461 463
461 464
461 465
461 466
461 467
462 458
462 459
462 460
462 461
462 463
462 464
462 465
463 459
463 460
463 461
463 462
463 464
463 465
464 460
464 461
464 462
464 463
464 465
464 466
464 879
464 880
464 881
465 460
465 461
465 462
465 463
465 464
465 466
465 467
465 877
465 878
465 879
465 880
465 886
466 457
466 460
466 461
466 464
466 465
466 467
466 468
466 877
466 878
466 879
467 457
467 460
467 461
467 465
467 466
467 468
467 469
467 470
467 876
467 877
467 878
468 466
468 467
468 469
468 470
468 875
468 876
468 877
469 467
469 468
469 470
469 471
469 472
469 473
469 876
470 453
470 454
470 457
470 467
470 468
470 469
470 471
470 472
470 473
471 453
471 469
471 470
471 472
471 473
471 474
471 475
472 469
472 470
472 471
472 473
472 474
472 475
472 476
472 861
472 862
472 876
473 453
473 456
473 457
473 469
473 470
473 471
473 472
473 474
473 475
473 476
473 477
473 890
473 893
473 894
473 897
473 898
474 453
474 471
474 472
474 473
474 475
474 476
474 477
474 478
474 894
474 895
474 897
474 898
475 391
475 471
475 472
475 473
475 474
475 476
475 477
475 478
475 479
475 843
475 861
475 862
475 894
475 898
476 472
476 473
476 474
476 475
476 477
476 478
476 479
476 845
476 861
476 862
476 890
476 891
476 893
476 894
476 895
477 473
477 474
477 475
477 476
477 478
477 479
477 891
477 892
477 893
477 894
477 895
477 896
477 897
477 898
477 962
477 963
478 474
478 475
478 476
478 477
478 479
478 480
478 843
478 894
478 895
478 962
478 963
478 965
479 475
479 476
479 477
479 478
479 480
479 481
479 482
479 712
479 842
479 843
479 844
479 845
479 891
479 962
480 478
480 479
480 481
480 482
480 711
480 712
480 713
480 842
480 843
480 844
480 962
481 479
481 480
481 482
481 483
481 712
481 713
481 714
481 715
481 842
481 843
481 844
481 845
482 479
482 480
482 481
482 483
482 484
482 712
482 713
482 714
482 715
482 844
482 845
482 846
482 847
483 481
483 482
483 484
483 485
483 714
483 715
483 716
483 717
483 844
483 845
483 846
483 847
484 482
484 483
484 485
484 486
484 489
484 490
484 714
484 715
484 716
484 717
484 846
484 847
484 848
485 483
485 484
485 486
485 487
485 488
485 489
485 490
485 716
485 717
485 718
485 847
485 848
485 849
485 853
486 484
486 485
486 487
486 488
486 489
486 490
486 491
486 716
486 717
486 718
486 725
486 848
487 485
487 486
487 488
487 489
487 490
487 491
487 492
487 493
487 718
487 849
488 485
488 486
488 487
488 489
488 490
488 491
488 492
488 493
488 494
488 848
488 849
488 882
489 484
489 485
489 486
489 487
489 488
489 490
489 491
489 492
489 493
489 847
489 848
489 849
489 866
489 882
489 883
489 884
490 484
490 485
490 486
490 487
490 488
490 489
490 491
490 492
490 696
490 697
490 700
490 883
490 884
491 486
491 487
491 488
491 489
491 490
491 492
491 493
491 694
491 695
491 696
491 697
492 487
492 488
492 489
492 490
492 491
492 493
492 494
492 495
492 694
492 695
492 696
492 697
493 487
493 488
493 489
493 491
493 492
493 494
493 495
494 488
494 492
494 493
494 495
494 496
494 546
494 694
495 492
495 493
495 494
495 496
495 497
495 546
495 547
495 550
495 692
495 693
495 694
495 695
496 494
496 495
496 497
496 498
496 550
496 692
496 693
496 694
496 695
497 495
497 496
497 498
497 499
497 514
497 550
497 551
497 554
497 691
497 692
497 693
498 496
498 497
498 499
498 500
498 513
498 514
498 515
498 691
498 692
498 693
499 497
499 498
499 500
499 501
499 511
499 512
499 513
499 514
499 515
499 690
499 691
499 692
500 498
500 499
500 501
500 502
500 511
500 512
500 513
500 688
500 689
500 690
500 691
501 499
501 500
501 502
501 503
501 508
501 509
501 510
501 511
501 512
501 688
501 689
501 690
501 691
502 500
502 501
502 503
502 504
502 508
502 509
502 510
502 511
502 512
502 525
502 687
502 688
502 689
503 501
503 502
503 504
503 505
503 506
503 507
503 508
503 509
503 639
503 686
503 687
503 688
504 502
504 503
504 505
504 506
504 507
504 508
504 509
504 687
505 503
505 504
505 506
505 507
505 637
506 503
506 504
506 505
506 507
506 508
506 636
506 637
506 638
506 639
506 640
507 503
507 504
507 505
507 506
507 508
507 509
507 639
507 640
507 641
508 501
508 502
508 503
508 504
508 506
508 507
508 509
508 510
508 639
508 688
509 501
509 502
509 503
509 504
509 507
509 508
509 510
509 511
510 501
510 502
510 508
510 509
510 511
510 512
511 499
511 500
511 501
511 502
511 509
511 510
511 512
511 513
512 499
512 500
512 501
512 502
512 510
512 511
512 513
512 514
512 520
513 498
513 499
513 500
513 511
513 512
513 514
513 515
513 516
514 497
514 498
514 499
514 512
514 513
514 515
514 516
514 517
514 518
514 519
514 554
515 498
515 499
515 513
515 514
515 516
515 517
515 518
516 513
516 514
516 515
516 517
516 518
517 514
517 515
517 516
517 518
517 519
518 514
518 515
518 516
518 517
518 519
518 520
519 514
519 517
519 518
519 520
519 521
519 554
519 555
519 556
519 582
519 583
519 584
520 512
520 518
520 519
520 521
520 522
520 526
520 554
520 555
520 584
521 519
521 520
521 522
521 523
521 526
521 584
521 585
522 520
522 521
522 523
522 524
522 525
522 526
522 527
522 584
522 585
522 586
523 521
523 522
523 524
523 525
523 526
523 527
524 522
524 523
524 525
524 526
524 527
524 528
524 661
524 687
525 502
525 522
525 523
525 524
525 526
525 527
525 528
525 529
525 659
525 660
525 687
525 688
526 520
526 521
526 522
526 523
526 524
526 525
526 527
526 528
526 529
526 530
526 555
527 522
527 523
527 524
527 525
527 526
527 528
527 529
527 530
527 531
528 524
528 525
528 526
528 527
528 529
528 530
528 531
528 532
528 621
528 622
528 659
528 660
528 661
529 525
529 526
529 527
529 528
529 530
529 531
529 532
529 533
529 551
529 552
529 555
530 526
530 527
530 528
530 529
530 531
530 532
530 533
530 551
530 552
530 555
530 557
530 577
531 527
531 528
531 529
531 530
531 532
531 533
531 577
531 591
531 593
531 608
531 610
531 621
532 528
532 529
532 530
532 531
532 533
532 534
532 606
532 607
532 608
532 621
532 622
532 623
533 529
533 530
533 531
533 532
533 534
533 535
533 548
533 552
533 608
534 320
534 532
534 533
534 535
534 536
534 544
534 545
534 548
534 598
535 533
535 534
535 536
535 537
535 542
535 543
535 544
535 545
535 548
535 549
536 534
536 535
536 537
536 538
536 542
536 543
536 544
537 535
537 536
537 538
537 539
537 540
537 541
537 542
537 543
537 559
537 560
537 561
538 536
538 537
538 539
538 540
538 541
538 542
538 543
539 537
539 538
539 540
539 541
540 537
540 538
540 539
540 541
540 542
541 537
541 538
541 539
541 540
541 542
541 543
542 535
542 536
542 537
542 538
542 540
542 541
542 543
542 544
542 549
542 559
543 317
543 318
543 535
543 536
543 537
543 538
543 541
543 542
543 544
543 545
543 549
544 317
544 318
544 319
544 534
544 535
544 536
544 542
544 543
544 545
544 546
544 548
544 549
545 317
545 534
545 535
545 543
545 544
545 546
545 547
545 548
545 549
546 494
546 495
546 544
546 545
546 547
546 548
546 549
546 550
547 495
547 545
547 546
547 548
547 549
547 550
547 551
548 533
548 534
548 535
548 544
548 545
548 546
548 547
548 549
548 550
548 551
548 552
549 535
549 542
549 543
549 544
549 545
549 546
549 547
549 548
549 550
549 551
549 552
549 553
550 495
550 496
550 497
550 546
550 547
550 548
550 549
550 551
550 552
550 553
550 554
551 497
551 529
551 530
551 547
551 548
551 549
551 550
551 552
551 553
551 554
551 555
552 529
552 530
552 533
552 548
552 549
552 550
552 551
552 553
552 554
552 555
552 556
552 557
553 549
553 550
553 551
553 552
553 554
553 555
553 556
553 557
554 497
554 514
554 519
554 520
554 550
554 551
554 552
554 553
554 555
554 556
555 519
555 520
555 526
555 529
555 530
555 551
555 552
555 553
555 554
555 556
555 557
555 583
556 519
556 552
556 553
556 554
556 555
556 557
556 558
556 579
556 580
556 581
556 582
556 583
557 530
557 552
557 553
557 555
557 556
557 558
557 559
557 577
557 578
557 579
557 580
557 582
557 583
558 556
558 557
558 559
558 560
558 577
558 578
558 579
558 580
559 537
559 542
559 557
559 558
559 560
559 561
559 575
559 576
559 577
559 578
560 537
560 558
560 559
560 561
560 562
560 575
560 576
560 577
560 578
561 537
561 559
561 560
561 562
561 563
561 564
561 575
561 576
562 560
562 561
562 563
562 564
562 565
562 566
562 573
562 574
562 575
562 576
563 561
563 562
563 564
563 565
563 566
564 561
564 562
564 563
564 565
564 566
565 562
565 563
565 564
565 566
565 567
565 568
566 562
566 563
566 564
566 565
566 567
566 568
566 569
566 570
566 571
566 572
567 565
567 566
567 568
567 569
567 570
568 565
568 566
568 567
568 569
568 570
569 566
569 567
569 568
569 570
569 571
569 573
570 566
570 567
570 568
570 569
570 571
570 572
571 566
571 569
571 570
571 572
571 573
572 358
572 359
572 566
572 570
572 571
572 573
572 574
573 562
573 569
573 571
573 572
573 574
573 575
573 576
573 592
573 593
573 594
574 562
574 572
574 573
574 575
574 576
574 592
574 593
574 594
574 595
575 559
575 560
575 561
575 562
575 573
575 574
575 576
575 577
575 592
575 593
575 594
576 559
576 560
576 561
576 562
576 573
576 574
576 575
576 577
576 578
576 590
576 591
576 592
576 593
577 530
577 531
577 557
577 558
577 559
577 560
577 575
577 576
577 578
577 579
577 590
577 591
577 592
578 557
578 558
578 559
578 560
578 576
578 577
578 579
578 580
578 589
578 590
578 591
579 556
579 557
579 558
579 577
579 578
579 580
579 581
579 583
579 586
579 589
579 590
580 556
580 557
580 558
580 578
580 579
580 581
580 582
580 583
581 556
581 579
581 580
581 582
581 583
582 519
582 556
582 557
582 580
582 581
582 583
582 584
583 519
583 555
583 556
583 557
583 579
583 580
583 581
583 582
583 584
583 585
583 586
584 519
584 520
584 521
584 522
584 582
584 583
584 585
584 586
585 521
585 522
585 583
585 584
585 586
585 587
586 522
586 579
586 583
586 584
586 585
586 587
586 588
586 589
587 585
587 586
587 588
587 589
588 586
588 587
588 589
588 590
588 591
588 612
588 613
588 614
589 578
589 579
589 586
589 587
589 588
589 590
589 591
589 612
589 613
589 614
590 576
590 577
590 578
590 579
590 588
590 589
590 591
590 592
590 612
590 613
591 531
591 576
591 577
591 578
591 588
591 589
591 590
591 592
591 593
591 610
591 611
591 612
591 613
592 573
592 574
592 575
592 576
592 577
592 590
592 591
592 593
592 594
592 610
592 611
592 612
592 613
593 531
593 573
593 574
593 575
593 576
593 591
593 592
593 594
593 595
593 596
593 608
593 609
593 610
593 611
594 573
594 574
594 575
594 592
594 593
594 595
594 596
594 608
594 609
594 610
594 611
595 574
595 593
595 594
595 596
595 597
595 608
595 609
595 610
595 672
595 673
596 593
596 594
596 595
596 597
596 598
596 607
596 608
596 609
597 595
597 596
597 598
597 599
597 606
597 607
597 608
597 677
598 320
598 534
598 596
598 597
598 599
598 600
598 606
598 607
599 597
599 598
599 600
599 601
599 603
599 604
599 605
599 606
599 607
600 339
600 340
600 598
600 599
600 601
600 602
600 603
600 604
600 605
600 606
601 340
601 599
601 600
601 602
601 603
601 604
601 605
602 339
602 340
602 600
602 601
602 603
602 604
603 339
603 599
603 600
603 601
603 602
603 604
603 605
604 599
604 600
604 601
604 602
604 603
604 605
604 606
604 624
604 625
604 628
605 599
605 600
605 601
605 603
605 604
605 606
605 607
605 622
605 623
605 624
605 625
605 628
605 629
606 532
606 597
606 598
606 599
606 600
606 604
606 605
606 607
606 608
606 622
606 623
606 624
607 532
607 596
607 597
607 598
607 599
607 605
607 606
607 608
607 609
607 620
607 621
607 622
607 623
607 681
608 531
608 532
608 533
608 593
608 594
608 595
608 596
608 597
608 606
608 607
608 609
608 610
608 620
608 621
608 622
609 593
609 594
609 595
609 596
609 607
609 608
609 610
609 611
609 618
609 619
609 620
609 621
610 531
610 591
610 592
610 593
610 594
610 595
610 608
610 609
610 611
610 612
610 618
610 619
610 620
610 621
611 591
611 592
611 593
611 594
611 609
611 610
611 612
611 613
611 615
611 616
611 617
611 618
611 619
612 588
612 589
612 590
612 591
612 592
612 610
612 611
612 613
612 614
612 615
612 617
612 618
612 619
613 588
613 589
613 590
613 591
613 592
613 611
613 612
613 614
613 615
614 588
614 589
614 612
614 613
614 615
614 616
615 611
615 612
615 613
615 614
615 616
615 617
615 618
616 611
616 614
616 615
616 617
616 618
616 667
617 611
617 612
617 615
617 616
617 618
617 619
617 663
617 664
617 665
617 666
617 667
618 609
618 610
618 611
618 612
618 615
618 616
618 617
618 619
618 620
618 663
618 664
618 665
618 666
619 609
619 610
619 611
619 612
619 617
619 618
619 620
619 621
619 661
619 662
619 663
619 664
620 607
620 608
620 609
620 610
620 618
620 619
620 621
620 622
620 661
620 662
620 663
620 664
620 680
620 681
621 528
621 531
621 532
621 607
621 608
621 609
621 610
621 619
621 620
621 622
621 623
621 659
621 660
621 661
621 662
622 528
622 532
622 605
622 606
622 607
622 608
622 620
622 621
622 623
622 624
622 629
622 659
622 660
622 661
622 681
623 532
623 605
623 606
623 607
623 621
623 622
623 624
623 625
623 629
623 657
623 658
623 659
623 660
624 604
624 605
624 606
624 622
624 623
624 625
624 626
624 628
624 629
624 657
624 658
624 659
625 604
625 605
625 623
625 624
625 626
625 627
625 628
625 629
625 656
625 657
625 658
626 624
626 625
626 627
626 628
626 629
626 630
626 646
626 656
626 657
626 658
626 659
626 689
627 625
627 626
627 628
627 629
627 630
627 631
628 604
628 605
628 624
628 625
628 626
628 627
628 629
628 630
628 631
628 632
629 605
629 622
629 623
629 624
629 625
629 626
629 627
629 628
629 630
629 631
629 632
629 633
629 658
629 659
629 660
629 686
630 626
630 627
630 628
630 629
630 631
630 632
630 633
630 634
630 635
630 638
630 658
630 686
631 627
631 628
631 629
631 630
631 632
631 633
631 634
632 628
632 629
632 630
632 631
632 633
632 634
632 681
632 682
632 683
632 684
633 629
633 630
633 631
633 632
633 634
633 635
633 637
633 638
633 660
633 682
633 683
633 684
633 685
633 686
634 630
634 631
634 632
634 633
634 635
634 636
634 637
634 638
634 683
634 684
634 685
634 686
635 630
635 633
635 634
635 636
635 637
635 638
636 506
636 634
636 635
636 637
636 638
636 639
637 505
637 506
637 633
637 634
637 635
637 636
637 638
637 639
637 685
637 686
638 506
638 630
638 633
638 634
638 635
638 636
638 637
638 639
638 640
638 642
638 685
638 686
639 503
639 506
639 507
639 508
639 636
639 637
639 638
639 640
639 641
639 642
640 506
640 507
640 638
640 639
640 641
640 642
640 643
641 507
641 639
641 640
641 642
641 643
641 644
641 645
642 638
642 639
642 640
642 641
642 643
642 644
642 645
642 646
643 640
643 641
643 642
643 644
643 645
643 646
643 647
644 641
644 642
644 643
644 645
644 646
644 647
644 648
645 641
645 642
645 643
645 644
645 646
645 647
645 648
645 649
646 626
646 642
646 643
646 644
646 645
646 647
646 648
646 649
646 650
646 656
647 643
647 644
647 645
647 646
647 648
647 649
647 650
647 651
648 644
648 645
648 646
648 647
648 649
648 650
648 651
648 652
649 645
649 646
649 647
649 648
649 650
649 651
649 652
649 653
649 654
649 655
649 656
649 691
650 646
650 647
650 648
650 649
650 651
650 652
650 653
650 654
650 655
650 656
650 723
650 724
651 647
651 648
651 649
651 650
651 652
651 653
651 654
651 723
651 724
651 727
652 648
652 649
652 650
652 651
652 653
652 654
652 727
653 649
653 650
653 651
653 652
653 654
653 655
653 693
653 723
653 724
653 725
653 727
653 728
654 649
654 650
654 651
654 652
654 653
654 655
654 656
654 691
654 692
654 693
654 694
654 724
655 649
655 650
655 653
655 654
655 656
655 657
655 691
655 692
655 693
655 694
655 724
656 625
656 626
656 646
656 649
656 650
656 654
656 655
656 657
656 658
656 689
656 690
656 691
656 692
657 623
657 624
657 625
657 626
657 655
657 656
657 658
657 659
657 689
657 690
657 691
658 623
658 624
658 625
658 626
658 629
658 630
658 656
658 657
658 659
658 660
658 686
658 687
658 688
658 689
658 690
659 525
659 528
659 621
659 622
659 623
659 624
659 626
659 629
659 657
659 658
659 660
659 661
659 686
659 687
659 688
659 689
659 690
660 525
660 528
660 621
660 622
660 623
660 629
660 633
660 658
660 659
660 661
660 662
660 684
660 685
660 686
660 687
660 688
661 524
661 528
661 619
661 620
661 621
661 622
661 659
661 660
661 662
661 663
661 684
661 685
661 686
661 687
662 619
662 620
662 621
662 660
662 661
662 663
662 664
662 683
662 684
662 685
663 617
663 618
663 619
663 620
663 661
663 662
663 664
663 665
664 617
664 618
664 619
664 620
664 662
664 663
664 665
664 666
665 617
665 618
665 663
665 664
665 666
665 667
666 617
666 618
666 664
666 665
666 667
666 668
667 616
667 617
667 665
667 666
667 668
667 669
668 666
668 667
668 669
668 670
668 671
668 672
669 667
669 668
669 670
669 671
669 672
669 673
670 668
670 669
670 671
670 672
670 673
670 674
671 668
671 669
671 670
671 672
671 673
671 674
671 675
672 595
672 668
672 669
672 670
672 671
672 673
672 674
672 675
673 595
673 669
673 670
673 671
673 672
673 674
673 675
674 670
674 671
674 672
674 673
674 675
674 676
675 671
675 672
675 673
675 674
675 676
675 677
675 679
675 680
676 674
676 675
676 677
676 678
676 679
676 680
677 597
677 675
677 676
677 678
677 679
677 680
677 681
678 676
678 677
678 679
678 680
678 681
678 682
679 675
679 676
679 677
679 678
679 680
679 681
679 682
680 620
680 675
680 676
680 677
680 678
680 679
680 681
680 682
681 607
681 620
681 622
681 632
681 677
681 678
681 679
681 680
681 682
681 683
681 684
682 632
682 633
682 678
682 679
682 680
682 681
682 683
682 684
683 632
683 633
683 634
683 662
683 681
683 682
683 684
683 685
684 632
684 633
684 634
684 660
684 661
684 662
684 681
684 682
684 683
684 685
684 686
685 633
685 634
685 637
685 638
685 660
685 661
685 662
685 683
685 684
685 686
685 687
686 503
686 629
686 630
686 633
686 634
686 637
686 638
686 658
686 659
686 660
686 661
686 684
686 685
686 687
686 688
687 502
687 503
687 504
687 524
687 525
687 658
687 659
687 660
687 661
687 685
687 686
687 688
687 689
688 500
688 501
688 502
688 503
688 508
688 525
688 658
688 659
688 660
688 686
688 687
688 689
688 690
689 500
689 501
689 502
689 626
689 656
689 657
689 658
689 659
689 687
689 688
689 690
689 691
690 499
690 500
690 501
690 656
690 657
690 658
690 659
690 688
690 689
690 691
690 692
691 497
691 498
691 499
691 500
691 501
691 649
691 654
691 655
691 656
691 657
691 689
691 690
691 692
691 693
692 495
692 496
692 497
692 498
692 499
692 654
692 655
692 656
692 690
692 691
692 693
692 694
693 495
693 496
693 497
693 498
693 653
693 654
693 655
693 691
693 692
693 694
693 695
694 491
694 492
694 494
694 495
694 496
694 654
694 655
694 692
694 693
694 695
694 696
695 491
695 492
695 495
695 496
695 693
695 694
695 696
695 697
696 490
696 491
696 492
696 694
696 695
696 697
696 698
696 700
696 728
696 732
697 490
697 491
697 492
697 695
697 696
697 698
697 699
697 700
697 883
698 696
698 697
698 699
698 700
698 701
699 697
699 698
699 700
699 701
699 702
699 703
699 883
699 884
699 885
700 490
700 696
700 697
700 698
700 699
700 701
700 702
700 703
700 704
700 732
700 883
700 884
700 885
701 698
701 699
701 700
701 702
701 703
701 704
701 705
701 732
701 733
702 699
702 700
702 701
702 703
702 704
702 705
702 706
703 699
703 700
703 701
703 702
703 704
703 705
703 706
703 707
703 884
703 885
703 888
704 700
704 701
704 702
704 703
704 705
704 706
704 707
704 708
704 714
704 732
704 733
704 734
705 701
705 702
705 703
705 704
705 706
705 707
705 708
705 709
705 733
705 734
706 702
706 703
706 704
706 705
706 707
706 708
706 709
706 710
706 888
706 958
707 703
707 704
707 705
707 706
707 708
707 709
707 710
707 711
707 712
707 713
707 714
707 888
707 958
708 704
708 705
708 706
708 707
708 709
708 710
708 711
708 712
708 713
708 714
709 705
709 706
709 707
709 708
709 710
709 711
709 712
709 960
710 706
710 707
710 708
710 709
710 711
710 712
710 958
710 959
710 960
710 961
711 480
711 707
711 708
711 709
711 710
711 712
711 713
711 960
711 961
712 479
712 480
712 481
712 482
712 707
712 708
712 709
712 710
712 711
712 713
712 714
713 480
713 481
713 482
713 707
713 708
713 711
713 712
713 714
713 715
714 481
714 482
714 483
714 484
714 704
714 707
714 708
714 712
714 713
714 715
714 716
714 734
714 820
715 481
715 482
715 483
715 484
715 713
715 714
715 716
715 717
715 734
715 819
715 820
715 821
715 822
716 483
716 484
716 485
716 486
716 714
716 715
716 717
716 718
716 725
716 729
716 820
716 821
716 822
716 823
717 483
717 484
717 485
717 486
717 715
717 716
717 718
717 719
717 821
717 822
717 823
717 825
717 830
718 485
718 486
718 487
718 716
718 717
718 719
718 720
718 725
718 822
718 823
718 824
718 825
719 717
719 718
719 720
719 721
719 823
719 824
719 825
719 826
720 718
720 719
720 721
720 722
720 724
720 725
720 823
720 824
720 825
721 719
721 720
721 722
721 723
721 724
721 725
721 823
721 824
722 720
722 721
722 723
722 724
722 725
722 726
722 795
722 796
722 797
722 821
722 822
722 823
722 824
723 650
723 651
723 653
723 721
723 722
723 724
723 725
723 726
723 727
724 650
724 651
724 653
724 654
724 655
724 720
724 721
724 722
724 723
724 725
724 726
724 727
724 728
725 486
725 653
725 716
725 718
725 720
725 721
725 722
725 723
725 724
725 726
725 727
725 728
725 729
725 821
725 823
726 722
726 723
726 724
726 725
726 727
726 728
726 729
726 730
726 795
726 821
727 651
727 652
727 653
727 723
727 724
727 725
727 726
727 728
727 729
727 730
727 731
728 653
728 696
728 724
728 725
728 726
728 727
728 729
728 730
728 731
728 732
729 716
729 725
729 726
729 727
729 728
729 730
729 731
729 732
729 733
729 734
729 735
729 821
730 726
730 727
730 728
730 729
730 731
730 732
730 733
730 734
730 735
730 736
730 737
731 727
731 728
731 729
731 730
731 732
731 733
731 734
732 696
732 700
732 701
732 704
732 728
732 729
732 730
732 731
732 733
732 734
732 735
733 701
733 704
733 705
733 729
733 730
733 731
733 732
733 734
733 735
733 736
733 737
734 704
734 705
734 714
734 715
734 729
734 730
734 731
734 732
734 733
734 735
734 736
735 729
735 730
735 732
735 733
735 734
735 736
735 737
735 739
735 793
735 820
736 730
736 733
736 734
736 735
736 737
736 738
736 739
737 730
737 733
737 735
737 736
737 738
737 739
738 736
738 737
738 739
738 740
739 735
739 736
739 737
739 738
739 740
739 741
739 790
739 791
739 792
739 793
740 738
740 739
740 741
740 742
740 761
740 762
740 790
740 791
740 792
740 793
741 739
741 740
741 742
741 743
741 761
741 762
741 792
741 793
741 794
741 795
742 740
742 741
742 743
742 744
742 759
742 760
742 761
742 762
742 792
742 793
742 794
742 795
742 1172
743 741
743 742
743 744
743 745
743 759
743 760
743 761
743 762
743 794
743 795
743 796
744 742
744 743
744 745
744 746
744 757
744 758
744 759
744 760
744 794
744 795
744 796
744 797
744 800
745 743
745 744
745 746
745 747
745 757
745 758
745 759
745 760
745 796
745 797
745 800
746 744
746 745
746 747
746 748
746 755
746 756
746 757
746 758
746 799
746 800
746 801
746 803
746 804
747 745
747 746
747 748
747 749
747 755
747 756
747 757
747 799
747 800
747 803
748 746
748 747
748 749
748 750
748 754
748 755
748 756
748 803
749 747
749 748
749 750
749 751
749 752
749 753
749 754
749 755
749 756
750 748
750 749
750 751
750 752
750 753
750 754
750 755
751 749
751 750
751 752
751 753
752 749
752 750
752 751
752 753
752 754
753 749
753 750
753 751
753 752
753 754
753 755
754 748
754 749
754 750
754 752
754 753
754 755
754 756
754 1177
754 1178
754 1179
755 746
755 747
755 748
755 749
755 750
755 753
755 754
755 756
755 757
755 803
755 807
755 1177
755 1178
756 746
756 747
756 748
756 749
756 754
756 755
756 757
756 758
756 1175
756 1176
756 1177
756 1178
757 744
757 745
757 746
757 747
757 755
757 756
757 758
757 759
757 1175
757 1176
757 1177
758 744
758 745
758 746
758 756
758 757
758 759
758 760
758 1173
758 1174
758 1175
758 1176
759 742
759 743
759 744
759 745
759 757
759 758
759 760
759 761
759 1171
759 1172
759 1173
759 1174
759 1175
760 742
760 743
760 744
760 745
760 758
760 759
760 761
760 762
760 1172
760 1173
760 1174
761 740
761 741
761 742
761 743
761 759
761 760
761 762
761 763
761 1172
761 1173
762 740
762 741
762 742
762 743
762 760
762 761
762 763
762 764
763 761
763 762
763 764
763 765
764 762
764 763
764 765
764 766
764 767
765 763
765 764
765 766
765 767
765 768
766 764
766 765
766 767
766 768
767 764
767 765
767 766
767 768
767 769
767 770
768 765
768 766
768 767
768 769
768 770
768 771
769 767
769 768
769 770
769 771
770 767
770 768
770 769
770 771
770 772
771 768
771 769
771 770
771 772
771 773
772 770
772 771
772 773
772 774
773 771
773 772
773 774
773 775
774 772
774 773
774 775
774 776
775 773
775 774
775 776
775 777
776 774
776 775
776 777
776 778
777 775
777 776
777 778
777 779
778 776
778 777
778 779
778 780
779 777
779 778
779 780
779 781
780 778
780 779
780 781
780 782
781 779
781 780
781 782
781 783
782 780
782 781
782 783
782 784
783 781
783 782
783 784
783 785
784 782
784 783
784 785
784 786
785 783
785 784
785 786
785 787
785 788
786 784
786 785
786 787
786 788
787 785
787 786
787 788
787 789
788 785
788 786
788 787
788 789
788 790
789 787
789 788
789 790
789 791
790 739
790 740
790 788
790 789
790 791
790 792
791 739
791 740
791 789
791 790
791 792
791 793
792 739
792 740
792 741
792 742
792 790
792 791
792 793
792 794
792 818
792 1170
793 735
793 739
793 740
793 741
793 742
793 791
793 792
793 794
793 795
793 818
793 819
793 820
794 741
794 742
794 743
794 744
794 792
794 793
794 795
794 796
794 815
794 818
794 819
794 820
794 821
795 722
795 726
795 741
795 742
795 743
795 744
795 793
795 794
795 796
795 797
795 819
795 820
795 821
795 822
795 823
796 722
796 743
796 744
796 745
796 794
796 795
796 797
796 798
796 800
796 801
796 819
796 821
796 822
796 823
797 722
797 744
797 745
797 795
797 796
797 798
797 799
797 800
797 801
797 822
797 823
797 824
797 825
798 796
798 797
798 799
798 800
798 801
798 802
798 822
798 823
798 824
798 825
798 826
798 829
799 746
799 747
799 797
799 798
799 800
799 801
799 802
799 803
799 824
799 825
800 744
800 745
800 746
800 747
800 796
800 797
800 798
800 799
800 801
800 802
800 803
800 804
801 746
801 796
801 797
801 798
801 799
801 800
801 802
801 803
801 804
801 805
802 798
802 799
802 800
802 801
802 803
802 804
802 805
802 806
803 746
803 747
803 748
803 755
803 799
803 800
803 801
803 802
803 804
803 805
803 806
803 807
803 808
804 746
804 800
804 801
804 802
804 803
804 805
804 806
804 807
804 808
804 809
804 811
804 812
805 801
805 802
805 803
805 804
805 806
805 807
805 808
805 809
805 812
806 802
806 803
806 804
806 805
806 807
806 808
806 809
807 755
807 803
807 804
807 805
807 806
807 808
807 809
807 1178
808 803
808 804
808 805
808 806
808 807
808 809
808 810
808 811
808 812
808 1178
809 804
809 805
809 806
809 807
809 808
809 810
809 811
809 812
809 813
810 808
810 809
810 811
810 812
810 813
810 814
810 1186
810 1188
811 804
811 808
811 809
811 810
811 812
811 813
811 814
811 815
812 804
812 805
812 808
812 809
812 810
812 811
812 813
812 814
812 815
812 816
813 809
813 810
813 811
813 812
813 814
813 815
813 816
813 817
813 840
813 1156
813 1159
814 810
814 811
814 812
814 813
814 815
814 816
814 817
814 818
814 1159
814 1163
815 794
815 811
815 812
815 813
815 814
815 816
815 817
815 818
815 819
816 812
816 813
816 814
816 815
816 817
816 818
816 819
816 837
817 813
817 814
817 815
817 816
817 818
817 819
817 1156
817 1159
817 1160
818 792
818 793
818 794
818 814
818 815
818 816
818 817
818 819
818 820
819 715
819 793
819 794
819 795
819 796
819 815
819 816
819 817
819 818
819 820
819 821
819 822
820 714
820 715
820 716
820 735
820 793
820 794
820 795
820 818
820 819
820 821
820 822
821 715
821 716
821 717
821 722
821 725
821 726
821 729
821 794
821 795
821 796
821 819
821 820
821 822
821 823
822 715
822 716
822 717
822 718
822 722
822 795
822 796
822 797
822 798
822 819
822 820
822 821
822 823
822 824
822 825
823 716
823 717
823 718
823 719
823 720
823 721
823 722
823 725
823 795
823 796
823 797
823 798
823 821
823 822
823 824
823 825
824 718
824 719
824 720
824 721
824 722
824 797
824 798
824 799
824 822
824 823
824 825
824 826
825 717
825 718
825 719
825 720
825 797
825 798
825 799
825 822
825 823
825 824
825 826
825 827
825 829
825 830
826 719
826 798
826 824
826 825
826 827
826 828
826 829
826 830
827 825
827 826
827 828
827 829
827 830
827 831
827 852
827 853
827 854
827 855
827 856
828 826
828 827
828 829
828 830
828 831
828 832
828 855
828 856
829 798
829 825
829 826
829 827
829 828
829 830
829 831
829 832
829 833
830 717
830 825
830 826
830 827
830 828
830 829
830 831
830 832
830 833
830 834
830 853
830 855
830 856
831 827
831 828
831 829
831 830
831 832
831 833
831 834
831 835
831 853
831 855
831 856
831 857
831 859
832 828
832 829
832 830
832 831
832 833
832 834
832 835
832 836
832 856
833 829
833 830
833 831
833 832
833 834
833 835
833 836
833 837
834 830
834 831
834 832
834 833
834 835
834 836
834 837
834 838
834 844
834 856
834 859
834 860
835 831
835 832
835 833
835 834
835 836
835 837
835 838
835 839
835 859
835 860
836 832
836 833
836 834
836 835
836 837
836 838
836 839
836 840
837 816
837 833
837 834
837 835
837 836
837 838
837 839
837 840
837 841
837 842
837 843
837 844
838 834
838 835
838 836
838 837
838 839
838 840
838 841
838 842
838 843
838 844
839 835
839 836
839 837
839 838
839 840
839 841
839 842
840 813
840 836
840 837
840 838
840 839
840 841
840 842
840 1154
840 1155
840 1156
841 837
841 838
841 839
841 840
841 842
841 843
841 1154
841 1155
841 1156
842 479
842 480
842 481
842 837
842 838
842 839
842 840
842 841
842 843
842 844
842 1156
843 475
843 478
843 479
843 480
843 481
843 837
843 838
843 841
843 842
843 844
843 845
843 861
844 479
844 480
844 481
844 482
844 483
844 834
844 837
844 838
844 842
844 843
844 845
844 846
844 860
844 861
844 862
845 476
845 479
845 481
845 482
845 483
845 843
845 844
845 846
845 847
845 860
845 861
845 862
845 863
845 864
846 482
846 483
846 484
846 844
846 845
846 847
846 848
846 856
846 857
846 860
846 862
846 863
846 864
847 482
847 483
847 484
847 485
847 489
847 845
847 846
847 848
847 849
847 857
847 863
847 864
847 865
847 866
847 884
847 887
848 484
848 485
848 486
848 488
848 489
848 846
848 847
848 849
848 850
848 851
848 853
848 857
848 864
848 865
848 866
849 314
849 485
849 487
849 488
849 489
849 847
849 848
849 850
849 851
849 852
849 853
849 865
849 866
849 867
849 872
850 314
850 848
850 849
850 851
850 852
850 853
850 854
850 857
850 865
850 866
850 867
850 871
850 872
850 875
851 310
851 313
851 314
851 315
851 848
851 849
851 850
851 852
851 853
851 854
851 871
851 872
852 313
852 314
852 827
852 849
852 850
852 851
852 853
852 854
853 485
853 827
853 830
853 831
853 848
853 849
853 850
853 851
853 852
853 854
853 855
853 856
853 857
854 827
854 850
854 851
854 852
854 853
854 855
854 856
854 857
854 858
854 871
854 872
854 874
854 875
855 827
855 828
855 830
855 831
855 853
855 854
855 856
855 857
855 858
855 859
856 827
856 828
856 830
856 831
856 832
856 834
856 846
856 853
856 854
856 855
856 857
856 858
856 859
856 860
856 863
857 831
857 846
857 847
857 848
857 850
857 853
857 854
857 855
857 856
857 858
857 859
857 860
857 862
857 863
857 864
857 865
857 875
857 876
858 854
858 855
858 856
858 857
858 859
858 860
858 861
858 863
858 874
858 875
858 876
859 831
859 834
859 835
859 855
859 856
859 857
859 858
859 860
859 861
859 863
860 834
860 835
860 844
860 845
860 846
860 856
860 857
860 858
860 859
860 861
860 862
860 863
861 389
861 472
861 475
861 476
861 843
861 844
861 845
861 858
861 859
861 860
861 862
861 863
862 472
862 475
862 476
862 844
862 845
862 846
862 857
862 860
862 861
862 863
862 864
862 876
862 877
863 845
863 846
863 847
863 856
863 857
863 858
863 859
863 860
863 861
863 862
863 864
863 865
863 875
863 876
863 877
864 845
864 846
864 847
864 848
864 857
864 862
864 863
864 865
864 866
864 875
864 876
864 877
864 878
864 879
864 887
865 847
865 848
865 849
865 850
865 857
865 863
865 864
865 866
865 867
865 868
865 872
865 873
865 875
865 877
865 878
865 879
866 489
866 847
866 848
866 849
866 850
866 864
866 865
866 867
866 868
866 878
866 879
866 880
866 881
866 882
866 883
867 314
867 849
867 850
867 865
867 866
867 868
867 869
867 872
867 878
867 879
867 880
867 882
868 865
868 866
868 867
868 869
868 870
868 872
868 873
868 878
868 879
868 880
869 310
869 311
869 314
869 867
869 868
869 870
869 871
869 872
869 873
870 310
870 311
870 312
870 314
870 868
870 869
870 871
870 872
870 873
870 874
871 310
871 311
871 312
871 313
871 314
871 379
871 850
871 851
871 854
871 869
871 870
871 872
871 873
871 874
872 314
872 849
872 850
872 851
872 854
872 865
872 867
872 868
872 869
872 870
872 871
872 873
872 874
872 875
872 878
873 865
873 868
873 869
873 870
873 871
873 872
873 874
873 875
873 876
873 877
873 878
874 379
874 382
874 383
874 854
874 858
874 870
874 871
874 872
874 873
874 875
874 876
875 468
875 850
875 854
875 857
875 858
875 863
875 864
875 865
875 872
875 873
875 874
875 876
875 877
875 878
876 467
876 468
876 469
876 472
876 857
876 858
876 862
876 863
876 864
876 873
876 874
876 875
876 877
876 878
877 465
877 466
877 467
877 468
877 862
877 863
877 864
877 865
877 873
877 875
877 876
877 878
877 879
878 465
878 466
878 467
878 864
878 865
878 866
878 867
878 868
878 872
878 873
878 875
878 876
878 877
878 879
878 880
879 464
879 465
879 466
879 864
879 865
879 866
879 867
879 868
879 877
879 878
879 880
879 881
879 882
879 886
880 464
880 465
880 866
880 867
880 868
880 878
880 879
880 881
880 882
881 464
881 866
881 879
881 880
881 882
881 883
881 886
882 488
882 489
882 866
882 867
882 879
882 880
882 881
882 883
882 884
883 489
883 490
883 697
883 699
883 700
883 866
883 881
883 882
883 884
883 885
883 886
884 489
884 490
884 699
884 700
884 703
884 847
884 882
884 883
884 885
884 886
884 887
885 699
885 700
885 703
885 883
885 884
885 886
885 887
885 888
885 889
886 465
886 879
886 881
886 883
886 884
886 885
886 887
886 888
886 889
886 890
887 847
887 864
887 884
887 885
887 886
887 888
887 889
887 890
887 891
888 703
888 706
888 707
888 885
888 886
888 887
888 889
888 890
888 891
888 892
888 958
889 885
889 886
889 887
889 888
889 890
889 891
889 892
889 893
890 460
890 473
890 476
890 886
890 887
890 888
890 889
890 891
890 892
890 893
890 894
891 476
891 477
891 479
891 887
891 888
891 889
891 890
891 892
891 893
891 894
891 895
892 477
892 888
892 889
892 890
892 891
892 893
892 894
892 895
892 896
892 954
892 955
892 956
892 957
892 958
892 1067
893 456
893 460
893 473
893 476
893 477
893 889
893 890
893 891
893 892
893 894
893 895
893 896
893 897
893 953
893 954
894 456
894 473
894 474
894 475
894 476
894 477
894 478
894 890
894 891
894 892
894 893
894 895
894 896
894 897
894 898
895 474
895 476
895 477
895 478
895 891
895 892
895 893
895 894
895 896
895 897
895 898
895 899
895 954
895 962
895 963
895 1067
896 477
896 892
896 893
896 894
896 895
896 897
896 898
896 899
896 900
896 952
896 953
896 954
896 955
896 1067
896 1068
897 452
897 453
897 456
897 473
897 474
897 477
897 893
897 894
897 895
897 896
897 898
897 899
897 900
897 901
897 950
897 954
898 473
898 474
898 475
898 477
898 894
898 895
898 896
898 897
898 899
898 900
898 901
898 902
898 963
899 895
899 896
899 897
899 898
899 900
899 901
899 902
899 903
899 963
899 1067
899 1068
900 452
900 896
900 897
900 898
900 899
900 901
900 902
900 903
900 904
900 949
900 950
900 952
900 1062
901 449
901 452
901 897
901 898
901 899
901 900
901 902
901 903
901 904
901 905
901 950
902 898
902 899
902 900
902 901
902 903
902 904
902 905
902 906
902 967
903 899
903 900
903 901
903 902
903 904
903 905
903 906
903 907
903 1061
903 1062
904 448
904 449
904 900
904 901
904 902
904 903
904 905
904 906
904 907
904 908
904 946
904 949
904 950
904 1061
905 445
905 449
905 901
905 902
905 903
905 904
905 906
905 907
905 908
905 909
906 902
906 903
906 904
906 905
906 907
906 908
906 909
906 910
906 972
906 976
906 1061
907 903
907 904
907 905
907 906
907 908
907 909
907 910
907 911
907 1054
907 1057
907 1058
907 1061
908 442
908 445
908 904
908 905
908 906
908 907
908 909
908 910
908 911
908 912
908 942
909 905
909 906
909 907
909 908
909 910
909 911
909 912
909 913
909 976
910 906
910 907
910 908
910 909
910 911
910 912
910 913
910 914
910 976
910 979
910 980
910 1057
911 442
911 907
911 908
911 909
911 910
911 912
911 913
911 914
911 915
911 1054
912 439
912 440
912 441
912 442
912 908
912 909
912 910
912 911
912 913
912 914
912 915
912 916
913 440
913 909
913 910
913 911
913 912
913 914
913 915
913 916
913 917
913 980
914 910
914 911
914 912
914 913
914 915
914 916
914 917
914 918
914 980
914 983
914 984
914 1050
915 439
915 440
915 911
915 912
915 913
915 914
915 916
915 917
915 918
915 919
915 1050
916 408
916 436
916 439
916 440
916 912
916 913
916 914
916 915
916 917
916 918
916 919
916 920
917 913
917 914
917 915
917 916
917 918
917 919
917 920
917 921
917 984
917 987
918 914
918 915
918 916
918 917
918 919
918 920
918 921
918 922
918 987
918 1046
918 1050
919 436
919 915
919 916
919 917
919 918
919 920
919 921
919 922
919 923
919 928
919 929
920 411
920 415
920 916
920 917
920 918
920 919
920 921
920 922
920 923
920 924
921 917
921 918
921 919
921 920
921 922
921 923
921 924
921 925
921 988
921 991
922 918
922 919
922 920
922 921
922 923
922 924
922 925
922 926
922 927
922 928
922 1042
922 1043
923 415
923 418
923 919
923 920
923 921
923 922
923 924
923 925
923 926
923 927
923 928
924 418
924 920
924 921
924 922
924 923
924 925
924 926
924 927
925 921
925 922
925 923
925 924
925 926
925 927
926 419
926 922
926 923
926 924
926 925
926 927
926 928
927 922
927 923
927 924
927 925
927 926
927 928
927 929
927 1038
928 919
928 922
928 923
928 926
928 927
928 929
928 930
928 1038
928 1043
929 919
929 927
929 928
929 930
929 931
929 933
929 934
929 1038
929 1043
929 1047
930 928
930 929
930 931
930 932
930 933
930 934
930 1038
930 1103
930 1104
931 222
931 223
931 224
931 225
931 929
931 930
931 932
931 933
931 934
931 935
931 1103
932 224
932 225
932 930
932 931
932 933
932 934
932 935
932 936
932 1102
932 1103
933 929
933 930
933 931
933 932
933 934
933 935
933 936
933 937
933 1047
933 1103
933 1104
934 225
934 929
934 930
934 931
934 932
934 933
934 935
934 936
934 937
934 938
934 939
935 225
935 228
935 931
935 932
935 933
935 934
935 936
935 937
935 938
935 939
935 940
936 932
936 933
936 934
936 935
936 937
936 938
936 939
936 940
936 941
937 933
937 934
937 935
937 936
937 938
937 939
937 940
937 941
937 942
937 1051
938 934
938 935
938 936
938 937
938 939
938 940
938 941
938 942
938 943
939 228
939 934
939 935
939 936
939 937
939 938
939 940
939 941
939 942
939 943
939 944
940 935
940 936
940 937
940 938
940 939
940 941
940 942
940 943
940 944
941 936
941 937
941 938
941 939
941 940
941 942
941 943
941 944
941 945
941 1054
941 1055
941 1084
942 908
942 937
942 938
942 939
942 940
942 941
942 943
942 944
942 945
942 946
942 1054
943 444
943 938
943 939
943 940
943 941
943 942
943 944
943 945
943 946
943 947
944 939
944 940
944 941
944 942
944 943
944 945
944 946
944 947
944 948
944 1080
945 941
945 942
945 943
945 944
945 946
945 947
945 948
945 949
945 1058
945 1077
945 1081
946 444
946 448
946 904
946 942
946 943
946 944
946 945
946 947
946 948
946 949
946 950
947 448
947 451
947 943
947 944
947 945
947 946
947 948
947 949
947 950
947 951
948 944
948 945
948 946
948 947
948 949
948 950
948 951
948 1076
948 1077
949 900
949 904
949 945
949 946
949 947
949 948
949 950
949 951
949 952
949 1058
949 1062
949 1077
950 451
950 452
950 455
950 897
950 900
950 901
950 904
950 946
950 947
950 948
950 949
950 951
950 952
951 452
951 455
951 947
951 948
951 949
951 950
951 952
951 953
951 1074
951 1077
952 896
952 900
952 949
952 950
952 951
952 953
952 954
952 1068
952 1069
952 1070
952 1071
952 1073
952 1074
953 893
953 896
953 951
953 952
953 954
953 955
953 1068
953 1069
953 1074
954 892
954 893
954 895
954 896
954 897
954 952
954 953
954 955
954 956
954 1067
954 1068
954 1069
955 892
955 896
955 953
955 954
955 956
955 957
955 958
955 1064
955 1065
955 1066
955 1067
955 1068
955 1069
956 892
956 954
956 955
956 957
956 958
957 892
957 955
957 956
957 958
957 959
958 706
958 707
958 710
958 888
958 892
958 955
958 956
958 957
958 959
958 960
958 1067
959 710
959 957
959 958
959 960
959 961
959 962
959 1066
959 1067
960 709
960 710
960 711
960 958
960 959
960 961
960 962
961 710
961 711
961 959
961 960
961 962
961 963
962 477
962 478
962 479
962 480
962 895
962 959
962 960
962 961
962 963
962 964
963 477
963 478
963 895
963 898
963 899
963 961
963 962
963 964
963 965
963 1067
964 962
964 963
964 965
964 966
964 967
964 969
965 392
965 393
965 478
965 963
965 964
965 966
965 967
965 969
966 392
966 393
966 396
966 964
966 965
966 967
966 968
966 969
967 392
967 393
967 396
967 397
967 902
967 964
967 965
967 966
967 968
967 969
967 972
968 396
968 966
968 967
968 969
968 970
968 972
968 973
969 964
969 965
969 966
969 967
969 968
969 970
969 971
969 972
969 973
970 968
970 969
970 971
970 972
970 973
970 974
971 969
971 970
971 972
971 973
971 974
971 975
971 1135
971 1136
972 906
972 967
972 968
972 969
972 970
972 971
972 973
972 974
972 975
972 976
973 968
973 969
973 970
973 971
973 972
973 974
973 975
973 976
973 977
974 970
974 971
974 972
974 973
974 975
974 976
974 977
974 978
974 1135
975 971
975 972
975 973
975 974
975 976
975 977
975 978
975 979
975 1131
975 1135
976 906
976 909
976 910
976 972
976 973
976 974
976 975
976 977
976 978
976 979
976 980
977 973
977 974
977 975
977 976
977 978
977 979
977 980
977 981
978 974
978 975
978 976
978 977
978 979
978 980
978 981
978 982
979 910
979 975
979 976
979 977
979 978
979 980
979 981
979 982
979 983
979 1127
980 910
980 913
980 914
980 976
980 977
980 978
980 979
980 981
980 982
980 983
980 984
981 977
981 978
981 979
981 980
981 982
981 983
981 984
981 985
982 978
982 979
982 980
982 981
982 983
982 984
982 985
982 986
982 1123
982 1127
983 914
983 979
983 980
983 981
983 982
983 984
983 985
983 986
983 987
983 1053
983 1123
984 914
984 917
984 980
984 981
984 982
984 983
984 985
984 986
984 987
984 988
985 981
985 982
985 983
985 984
985 986
985 987
985 988
985 989
986 982
986 983
986 984
986 985
986 987
986 988
986 989
986 990
986 1119
986 1123
987 917
987 918
987 983
987 984
987 985
987 986
987 988
987 989
987 990
987 991
987 1046
987 1049
987 1050
988 921
988 984
988 985
988 986
988 987
988 989
988 990
988 991
988 992
989 985
989 986
989 987
989 988
989 990
989 991
989 992
989 993
990 986
990 987
990 988
990 989
990 991
990 992
990 993
990 994
990 1045
990 1046
991 921
991 987
991 988
991 989
991 990
991 992
991 993
991 994
991 995
991 1042
991 1045
991 1046
992 988
992 989
992 990
992 991
992 993
992 994
992 995
992 996
993 989
993 990
993 991
993 992
993 994
993 995
993 996
993 997
994 990
994 991
994 992
994 993
994 995
994 996
994 997
994 1000
994 1041
994 1042
994 1045
995 991
995 992
995 993
995 994
995 996
995 997
995 1000
995 1001
996 992
996 993
996 994
996 995
996 997
996 998
996 1000
997 993
997 994
997 995
997 996
997 998
997 999
997 1000
998 996
998 997
998 999
998 1000
999 997
999 998
999 1000
999 1001
1000 994
1000 995
1000 996
1000 997
1000 998
1000 999
1000 1001
1000 1002
1000 1041
1001 995
1001 999
1001 1000
1001 1002
1001 1003
1001 1005
1001 1006
1002 1000
1002 1001
1002 1003
1002 1004
1002 1005
1002 1006
1002 1040
1003 1001
1003 1002
1003 1004
1003 1005
1003 1006
1003 1007
1003 1039
1003 1040
1004 1002
1004 1003
1004 1005
1004 1006
1004 1007
1004 1008
1005 1001
1005 1002
1005 1003
1005 1004
1005 1006
1005 1007
1005 1008
1005 1009
1006 1001
1006 1002
1006 1003
1006 1004
1006 1005
1006 1007
1006 1008
1006 1009
1006 1010
1007 1003
1007 1004
1007 1005
1007 1006
1007 1008
1007 1009
1007 1010
1007 1011
1008 1004
1008 1005
1008 1006
1008 1007
1008 1009
1008 1010
1008 1011
1008 1012
1009 1005
1009 1006
1009 1007
1009 1008
1009 1010
1009 1011
1009 1012
1009 1013
1010 1006
1010 1007
1010 1008
1010 1009
1010 1011
1010 1012
1010 1013
1010 1014
1011 1007
1011 1008
1011 1009
1011 1010
1011 1012
1011 1013
1011 1014
1011 1015
1012 1008
1012 1009
1012 1010
1012 1011
1012 1013
1012 1014
1012 1015
1013 1009
1013 1010
1013 1011
1013 1012
1013 1014
1013 1015
1014 1010
1014 1011
1014 1012
1014 1013
1014 1015
1014 1016
1014 1017
1015 1011
1015 1012
1015 1013
1015 1014
1015 1016
1015 1017
1016 1014
1016 1015
1016 1017
1016 1018
1017 1014
1017 1015
1017 1016
1017 1018
1017 1019
1018 1016
1018 1017
1018 1019
1018 1020
1019 1017
1019 1018
1019 1020
1019 1021
1019 1022
1020 1018
1020 1019
1020 1021
1020 1022
1021 1019
1021 1020
1021 1022
1021 1023
1022 1019
1022 1020
1022 1021
1022 1023
1022 1024
1023 1021
1023 1022
1023 1024
1023 1025
1024 1022
1024 1023
1024 1025
1024 1026
1025 1023
1025 1024
1025 1026
1025 1027
1026 1024
1026 1025
1026 1027
1026 1028
1027 1025
1027 1026
1027 1028
1027 1029
1028 1026
1028 1027
1028 1029
1028 1030
1029 1027
1029 1028
1029 1030
1029 1031
1030 1028
1030 1029
1030 1031
1030 1032
1031 1029
1031 1030
1031 1032
1031 1033
1032 1030
1032 1031
1032 1033
1032 1034
1032 1035
1033 1031
1033 1032
1033 1034
1033 1035
1034 1032
1034 1033
1034 1035
1034 1036
1034 1037
1035 1032
1035 1033
1035 1034
1035 1036
1035 1037
1035 1038
1036 1034
1036 1035
1036 1037
1036 1038
1037 1034
1037 1035
1037 1036
1037 1038
1037 1039
1038 927
1038 928
1038 929
1038 930
1038 1035
1038 1036
1038 1037
1038 1039
1038 1040
1038 1104
1039 1003
1039 1037
1039 1038
1039 1040
1039 1041
1039 1043
1039 1044
1039 1104
1039 1105
1039 1106
1040 1002
1040 1003
1040 1038
1040 1039
1040 1041
1040 1042
1040 1043
1040 1044
1040 1105
1040 1106
1041 994
1041 1000
1041 1039
1041 1040
1041 1042
1041 1043
1041 1044
1041 1045
1041 1105
1041 1106
1041 1108
1042 922
1042 991
1042 994
1042 1040
1042 1041
1042 1043
1042 1044
1042 1045
1042 1046
1043 922
1043 928
1043 929
1043 1039
1043 1040
1043 1041
1043 1042
1043 1044
1043 1045
1043 1046
1043 1047
1043 1105
1044 1039
1044 1040
1044 1041
1044 1042
1044 1043
1044 1045
1044 1046
1044 1047
1044 1048
1044 1104
1044 1105
1044 1106
1045 990
1045 991
1045 994
1045 1041
1045 1042
1045 1043
1045 1044
1045 1046
1045 1047
1045 1048
1045 1049
1045 1116
1046 918
1046 987
1046 990
1046 991
1046 1042
1046 1043
1046 1044
1046 1045
1046 1047
1046 1048
1046 1049
1046 1050
1047 929
1047 933
1047 1043
1047 1044
1047 1045
1047 1046
1047 1048
1047 1049
1047 1050
1047 1051
1048 1044
1048 1045
1048 1046
1048 1047
1048 1049
1048 1050
1048 1051
1048 1052
1048 1088
1048 1092
1048 1116
1049 987
1049 1045
1049 1046
1049 1047
1049 1048
1049 1050
1049 1051
1049 1052
1049 1053
1049 1116
1049 1117
1049 1119
1049 1120
1050 914
1050 915
1050 918
1050 987
1050 1046
1050 1047
1050 1048
1050 1049
1050 1051
1050 1052
1050 1053
1050 1054
1051 937
1051 1047
1051 1048
1051 1049
1051 1050
1051 1052
1051 1053
1051 1054
1051 1055
1051 1088
1052 1048
1052 1049
1052 1050
1052 1051
1052 1053
1052 1054
1052 1055
1052 1056
1052 1085
1052 1088
1052 1120
1053 983
1053 1049
1053 1050
1053 1051
1053 1052
1053 1054
1053 1055
1053 1056
1053 1057
1053 1120
1053 1123
1053 1124
1054 907
1054 911
1054 941
1054 942
1054 1050
1054 1051
1054 1052
1054 1053
1054 1055
1054 1056
1054 1057
1054 1058
1055 941
1055 1051
1055 1052
1055 1053
1055 1054
1055 1056
1055 1057
1055 1058
1055 1059
1055 1081
1055 1084
1055 1085
1056 1052
1056 1053
1056 1054
1056 1055
1056 1057
1056 1058
1056 1059
1056 1060
1056 1124
1057 907
1057 910
1057 1053
1057 1054
1057 1055
1057 1056
1057 1058
1057 1059
1057 1060
1057 1061
1058 907
1058 945
1058 949
1058 1054
1058 1055
1058 1056
1058 1057
1058 1059
1058 1060
1058 1061
1058 1062
1059 1055
1059 1056
1059 1057
1059 1058
1059 1060
1059 1061
1059 1062
1059 1063
1059 1081
1060 1056
1060 1057
1060 1058
1060 1059
1060 1061
1060 1062
1060 1063
1060 1127
1060 1128
1060 1131
1061 903
1061 904
1061 906
1061 907
1061 1057
1061 1058
1061 1059
1061 1060
1061 1062
1061 1063
1062 900
1062 903
1062 949
1062 1058
1062 1059
1062 1060
1062 1061
1062 1063
1062 1064
1062 1071
1063 1059
1063 1060
1063 1061
1063 1062
1063 1064
1063 1065
1063 1068
1063 1070
1063 1071
1064 955
1064 1062
1064 1063
1064 1065
1064 1066
1064 1067
1064 1068
1064 1069
1064 1070
1064 1071
1065 955
1065 1063
1065 1064
1065 1066
1065 1067
1065 1068
1065 1069
1065 1070
1066 955
1066 959
1066 1064
1066 1065
1066 1067
1066 1068
1066 1069
1067 892
1067 895
1067 896
1067 899
1067 954
1067 955
1067 958
1067 959
1067 963
1067 1064
1067 1065
1067 1066
1067 1068
1067 1069
1068 896
1068 899
1068 952
1068 953
1068 954
1068 955
1068 1063
1068 1064
1068 1065
1068 1066
1068 1067
1068 1069
1068 1070
1069 952
1069 953
1069 954
1069 955
1069 1064
1069 1065
1069 1066
1069 1067
1069 1068
1069 1070
1069 1071
1069 1073
1070 952
1070 1063
1070 1064
1070 1065
1070 1068
1070 1069
1070 1071
1070 1072
1070 1073
1070 1074
1071 952
1071 1062
1071 1063
1071 1064
1071 1069
1071 1070
1071 1072
1071 1073
1071 1074
1071 1075
1071 1077
1071 1078
1072 1070
1072 1071
1072 1073
1072 1074
1072 1075
1072 1078
1073 952
1073 1069
1073 1070
1073 1071
1073 1072
1073 1074
1073 1075
1074 951
1074 952
1074 953
1074 1070
1074 1071
1074 1072
1074 1073
1074 1075
1074 1076
1074 1077
1074 1078
1075 1071
1075 1072
1075 1073
1075 1074
1075 1076
1075 1077
1075 1078
1075 1079
1076 948
1076 1074
1076 1075
1076 1077
1076 1078
1076 1079
1076 1080
1077 945
1077 948
1077 949
1077 951
1077 1071
1077 1074
1077 1075
1077 1076
1077 1078
1077 1079
1077 1080
1077 1081
1078 1071
1078 1072
1078 1074
1078 1075
1078 1076
1078 1077
1078 1079
1078 1080
1078 1081
1078 1082
1079 1075
1079 1076
1079 1077
1079 1078
1079 1080
1079 1081
1079 1082
1079 1083
1080 944
1080 1076
1080 1077
1080 1078
1080 1079
1080 1081
1080 1082
1080 1083
1080 1084
1081 945
1081 1055
1081 1059
1081 1077
1081 1078
1081 1079
1081 1080
1081 1082
1081 1083
1081 1084
1081 1085
1082 1078
1082 1079
1082 1080
1082 1081
1082 1083
1082 1084
1082 1085
1082 1086
1083 1079
1083 1080
1083 1081
1083 1082
1083 1084
1083 1085
1083 1086
1083 1087
1084 941
1084 1055
1084 1080
1084 1081
1084 1082
1084 1083
1084 1085
1084 1086
1084 1087
1084 1088
1085 1052
1085 1055
1085 1081
1085 1082
1085 1083
1085 1084
1085 1086
1085 1087
1085 1088
1085 1089
1086 1082
1086 1083
1086 1084
1086 1085
1086 1087
1086 1088
1086 1089
1086 1090
1087 1083
1087 1084
1087 1085
1087 1086
1087 1088
1087 1089
1087 1090
1087 1091
1088 1048
1088 1051
1088 1052
1088 1084
1088 1085
1088 1086
1088 1087
1088 1089
1088 1090
1088 1091
1088 1092
1089 1085
1089 1086
1089 1087
1089 1088
1089 1090
1089 1091
1089 1092
1089 1093
1090 1086
1090 1087
1090 1088
1090 1089
1090 1091
1090 1092
1090 1093
1090 1094
1091 1087
1091 1088
1091 1089
1091 1090
1091 1092
1091 1093
1091 1094
1091 1099
1092 1048
1092 1088
1092 1089
1092 1090
1092 1091
1092 1093
1092 1094
1092 1113
1093 1089
1093 1090
1093 1091
1093 1092
1093 1094
1093 1095
1093 1110
1093 1113
1094 1090
1094 1091
1094 1092
1094 1093
1094 1095
1094 1096
1094 1099
1095 1093
1095 1094
1095 1096
1095 1097
1095 1100
1095 1107
1096 1094
1096 1095
1096 1097
1096 1098
1096 1099
1096 1100
1097 1095
1097 1096
1097 1098
1097 1099
1097 1100
1097 1101
1098 1096
1098 1097
1098 1099
1098 1100
1098 1101
1098 1102
1099 1091
1099 1094
1099 1096
1099 1097
1099 1098
1099 1100
1099 1101
1099 1102
1099 1103
1100 1095
1100 1096
1100 1097
1100 1098
1100 1099
1100 1101
1100 1102
1100 1103
1100 1104
1100 1105
1100 1106
1100 1107
1101 1097
1101 1098
1101 1099
1101 1100
1101 1102
1101 1103
1101 1104
1101 1105
1102 932
1102 1098
1102 1099
1102 1100
1102 1101
1102 1103
1102 1104
1102 1105
1103 930
1103 931
1103 932
1103 933
1103 1099
1103 1100
1103 1101
1103 1102
1103 1104
1103 1105
1104 930
1104 933
1104 1038
1104 1039
1104 1044
1104 1100
1104 1101
1104 1102
1104 1103
1104 1105
1104 1106
1105 1039
1105 1040
1105 1041
1105 1043
1105 1044
1105 1100
1105 1101
1105 1102
1105 1103
1105 1104
1105 1106
1105 1107
1106 1039
1106 1040
1106 1041
1106 1044
1106 1100
1106 1104
1106 1105
1106 1107
1106 1108
1107 1095
1107 1100
1107 1105
1107 1106
1107 1108
1107 1109
1108 1041
1108 1106
1108 1107
1108 1109
1108 1110
1108 1112
1108 1113
1109 1107
1109 1108
1109 1110
1109 1111
1109 1112
1109 1113
1110 1093
1110 1108
1110 1109
1110 1111
1110 1112
1110 1113
1110 1114
1111 1109
1111 1110
1111 1112
1111 1113
1111 1114
1111 1115
1112 1108
1112 1109
1112 1110
1112 1111
1112 1113
1112 1114
1112 1115
1112 1116
1113 1092
1113 1093
1113 1108
1113 1109
1113 1110
1113 1111
1113 1112
1113 1114
1113 1115
1113 1116
1113 1117
1114 1110
1114 1111
1114 1112
1114 1113
1114 1115
1114 1116
1114 1117
1114 1118
1115 1111
1115 1112
1115 1113
1115 1114
1115 1116
1115 1117
1115 1118
1115 1119
1116 1045
1116 1048
1116 1049
1116 1112
1116 1113
1116 1114
1116 1115
1116 1117
1116 1118
1116 1119
1116 1120
1117 1049
1117 1113
1117 1114
1117 1115
1117 1116
1117 1118
1117 1119
1117 1120
1117 1121
1118 1114
1118 1115
1118 1116
1118 1117
1118 1119
1118 1120
1118 1121
1118 1122
1119 986
1119 1049
1119 1115
1119 1116
1119 1117
1119 1118
1119 1120
1119 1121
1119 1122
1119 1123
1120 1049
1120 1052
1120 1053
1120 1116
1120 1117
1120 1118
1120 1119
1120 1121
1120 1122
1120 1123
1120 1124
1121 1117
1121 1118
1121 1119
1121 1120
1121 1122
1121 1123
1121 1124
1121 1125
1122 1118
1122 1119
1122 1120
1122 1121
1122 1123
1122 1124
1122 1125
1122 1126
1123 982
1123 983
1123 986
1123 1053
1123 1119
1123 1120
1123 1121
1123 1122
1123 1124
1123 1125
1123 1126
1123 1127
1124 1053
1124 1056
1124 1120
1124 1121
1124 1122
1124 1123
1124 1125
1124 1126
1124 1127
1124 1128
1125 1121
1125 1122
1125 1123
1125 1124
1125 1126
1125 1127
1125 1128
1125 1129
1126 1122
1126 1123
1126 1124
1126 1125
1126 1127
1126 1128
1126 1129
1126 1130
1127 979
1127 982
1127 1060
1127 1123
1127 1124
1127 1125
1127 1126
1127 1128
1127 1129
1127 1130
1127 1131
1128 1060
1128 1124
1128 1125
1128 1126
1128 1127
1128 1129
1128 1130
1128 1131
1128 1132
1129 1125
1129 1126
1129 1127
1129 1128
1129 1130
1129 1131
1129 1132
1129 1133
1129 1134
1130 1126
1130 1127
1130 1128
1130 1129
1130 1131
1130 1132
1130 1133
1130 1134
1130 1135
1131 975
1131 1060
1131 1127
1131 1128
1131 1129
1131 1130
1131 1132
1131 1133
1131 1134
1131 1135
1131 1136
1132 1128
1132 1129
1132 1130
1132 1131
1132 1133
1132 1134
1132 1135
1132 1136
1132 1137
1133 1129
1133 1130
1133 1131
1133 1132
1133 1134
1133 1135
1133 1136
1133 1137
1134 1129
1134 1130
1134 1131
1134 1132
1134 1133
1134 1135
1134 1136
1134 1137
1134 1140
1135 971
1135 974
1135 975
1135 1130
1135 1131
1135 1132
1135 1133
1135 1134
1135 1136
1135 1137
1135 1141
1136 971
1136 1131
1136 1132
1136 1133
1136 1134
1136 1135
1136 1137
1136 1138
1137 1132
1137 1133
1137 1134
1137 1135
1137 1136
1137 1138
1137 1139
1137 1140
1137 1141
1138 1136
1138 1137
1138 1139
1138 1140
1138 1141
1138 1142
1139 1137
1139 1138
1139 1140
1139 1141
1139 1142
1139 1143
1140 1134
1140 1137
1140 1138
1140 1139
1140 1141
1140 1142
1140 1143
1140 1144
1141 1135
1141 1137
1141 1138
1141 1139
1141 1140
1141 1142
1141 1143
1141 1144
1141 1145
1142 1138
1142 1139
1142 1140
1142 1141
1142 1143
1142 1144
1142 1145
1142 1146
1143 1139
1143 1140
1143 1141
1143 1142
1143 1144
1143 1145
1143 1146
1143 1147
1144 1140
1144 1141
1144 1142
1144 1143
1144 1145
1144 1146
1144 1147
1144 1148
1145 1141
1145 1142
1145 1143
1145 1144
1145 1146
1145 1147
1145 1148
1145 1149
1145 1150
1145 1151
1146 1142
1146 1143
1146 1144
1146 1145
1146 1147
1146 1148
1146 1149
1146 1150
1147 1143
1147 1144
1147 1145
1147 1146
1147 1148
1147 1149
1147 1150
1148 1144
1148 1145
1148 1146
1148 1147
1148 1149
1148 1150
1149 1145
1149 1146
1149 1147
1149 1148
1149 1150
1149 1151
1150 1145
1150 1146
1150 1147
1150 1148
1150 1149
1150 1151
1150 1152
1151 1145
1151 1149
1151 1150
1151 1152
1151 1153
1152 1150
1152 1151
1152 1153
1152 1154
1152 1157
1152 1158
1153 1151
1153 1152
1153 1154
1153 1155
1153 1157
1153 1158
1154 840
1154 841
1154 1152
1154 1153
1154 1155
1154 1156
1154 1157
1154 1158
1155 840
1155 841
1155 1153
1155 1154
1155 1156
1155 1157
1155 1158
1155 1159
1156 813
1156 817
1156 840
1156 841
1156 842
1156 1154
1156 1155
1156 1157
1156 1158
1156 1159
1156 1160
1157 1152
1157 1153
1157 1154
1157 1155
1157 1156
1157 1158
1157 1159
1157 1160
1157 1161
1158 1152
1158 1153
1158 1154
1158 1155
1158 1156
1158 1157
1158 1159
1158 1160
1158 1161
1158 1162
1159 813
1159 814
1159 817
1159 1155
1159 1156
1159 1157
1159 1158
1159 1160
1159 1161
1159 1162
1159 1163
1160 817
1160 1156
1160 1157
1160 1158
1160 1159
1160 1161
1160 1162
1160 1163
1160 1164
1161 1157
1161 1158
1161 1159
1161 1160
1161 1162
1161 1163
1161 1164
1161 1165
1162 1158
1162 1159
1162 1160
1162 1161
1162 1163
1162 1164
1162 1165
1162 1166
1163 814
1163 1159
1163 1160
1163 1161
1163 1162
1163 1164
1163 1165
1163 1166
1163 1167
1163 1169
1164 1160
1164 1161
1164 1162
1164 1163
1164 1165
1164 1166
1164 1167
1164 1169
1165 1161
1165 1162
1165 1163
1165 1164
1165 1166
1165 1167
1166 1162
1166 1163
1166 1164
1166 1165
1166 1167
1166 1168
1166 1169
1167 1163
1167 1164
1167 1165
1167 1166
1167 1168
1167 1169
1168 1166
1168 1167
1168 1169
1168 1170
1168 1171
1169 1163
1169 1164
1169 1166
1169 1167
1169 1168
1169 1170
1169 1171
1170 792
1170 1168
1170 1169
1170 1171
1170 1172
1171 759
1171 1168
1171 1169
1171 1170
1171 1172
1171 1173
1171 1174
1172 742
1172 759
1172 760
1172 761
1172 1170
1172 1171
1172 1173
1172 1174
1173 758
1173 759
1173 760
1173 761
1173 1171
1173 1172
1173 1174
1173 1175
1174 758
1174 759
1174 760
1174 1171
1174 1172
1174 1173
1174 1175
1174 1176
1175 756
1175 757
1175 758
1175 759
1175 1173
1175 1174
1175 1176
1175 1177
1176 756
1176 757
1176 758
1176 1174
1176 1175
1176 1177
1176 1178
1177 754
1177 755
1177 756
1177 757
1177 1175
1177 1176
1177 1178
1177 1179
1177 1180
1178 754
1178 755
1178 756
1178 807
1178 808
1178 1176
1178 1177
1178 1179
1178 1180
1179 754
1179 1177
1179 1178
1179 1180
1179 1181
1180 1177
1180 1178
1180 1179
1180 1181
1180 1182
1180 1183
1181 1179
1181 1180
1181 1182
1181 1183
1181 1184
1181 1185
1182 1180
1182 1181
1182 1183
1182 1184
1183 1180
1183 1181
1183 1182
1183 1184
1183 1185
1183 1186
1184 1181
1184 1182
1184 1183
1184 1185
1184 1186
1185 1181
1185 1183
1185 1184
1185 1186
1185 1187
1186 810
1186 1183
1186 1184
1186 1185
1186 1187
1186 1188
1187 1185
1187 1186
1187 1188
1187 1189
1188 810
1188 1186
1188 1187
1188 1189
1188 1190
1188 1191
1188 1192
1189 1187
1189 1188
1189 1190
1189 1191
1189 1192
1189 1193
1189 1194
1190 1188
1190 1189
1190 1191
1190 1192
1190 1193
1191 1188
1191 1189
1191 1190
1191 1192
1191 1193
1192 1188
1192 1189
1192 1190
1192 1191
1192 1193
1192 1194
1192 1195
1192 1196
1193 1189
1193 1190
1193 1191
1193 1192
1193 1194
1193 1195
1193 1196
1194 1189
1194 1192
1194 1193
1194 1195
1194 1196
1194 1197
1195 1192
1195 1193
1195 1194
1195 1196
1195 1197
1196 1192
1196 1193
1196 1194
1196 1195
1196 1197
1196 1198
1197 1194
1197 1195
1197 1196
1197 1198
1197 1199
1197 1201
1198 1196
1198 1197
1198 1199
1198 1200
1198 1201
1199 1197
1199 1198
1199 1200
1199 1201
1199 1202
1200 1198
1200 1199
1200 1201
1200 1202
1200 1203
1201 1197
1201 1198
1201 1199
1201 1200
1201 1202
1201 1203
1201 1204
1202 1199
1202 1200
1202 1201
1202 1203
1202 1204
1202 1205
1203 1200
1203 1201
1203 1202
1203 1204
1203 1205
1204 1201
1204 1202
1204 1203
1204 1205
1204 1206
1205 1202
1205 1203
1205 1204
1205 1206
1205 1207
1206 1204
1206 1205
1206 1207
1206 1208
1207 1205
1207 1206
1207 1208
1207 1209
1208 1206
1208 1207
1208 1209
1208 1210
1209 1207
1209 1208
1209 1210
1209 1211
1209 1212
1210 1208
1210 1209
1210 1211
1210 1212
1210 1213
1211 1209
1211 1210
1211 1212
1211 1213
1211 1214
1211 1215
1212 1209
1212 1210
1212 1211
1212 1213
1212 1214
1212 1215
1212 1216
1213 1210
1213 1211
1213 1212
1213 1214
1213 1215
1213 1216
1213 1217
1214 1211
1214 1212
1214 1213
1214 1215
1214 1216
1214 1217
1215 1211
1215 1212
1215 1213
1215 1214
1215 1216
1215 1217
1216 1212
1216 1213
1216 1214
1216 1215
1216 1217
1217 1213
1217 1214
1217 1215
1217 1216
