0 1
0 2
0 3
1 0
1 2
1 3
1 4
2 0
2 1
2 3
2 4
3 0
3 1
3 2
3 4
3 5
3 374
3 375
3 377
4 1
4 2
4 3
4 5
4 6
4 374
5 3
5 4
5 6
5 7
5 372
5 373
5 374
5 375
6 4
6 5
6 7
6 8
6 52
6 53
6 54
6 372
6 373
6 374
7 5
7 6
7 8
7 9
7 370
7 371
7 372
7 373
8 6
8 7
8 9
8 10
8 54
8 370
8 371
8 372
9 7
9 8
9 10
9 11
9 369
9 370
9 371
10 8
10 9
10 11
10 12
10 13
10 14
10 368
10 369
10 370
10 371
11 9
11 10
11 12
11 13
11 369
12 10
12 11
12 13
12 14
12 33
12 34
12 35
12 368
12 369
13 10
13 11
13 12
13 14
13 15
13 33
13 34
13 35
13 367
13 368
13 369
14 10
14 12
14 13
14 15
14 16
14 31
14 32
14 33
14 34
14 66
14 365
14 366
14 367
14 368
14 369
15 13
15 14
15 16
15 17
15 31
15 32
15 33
15 34
15 66
15 67
15 68
15 350
15 351
15 365
15 366
15 367
15 369
16 14
16 15
16 17
16 18
16 31
16 32
16 33
16 66
16 67
16 68
16 69
16 350
16 351
16 365
17 15
17 16
17 18
17 19
17 29
17 30
17 31
17 32
17 68
17 69
17 70
17 351
17 352
17 353
17 364
17 365
18 16
18 17
18 19
18 20
18 29
18 30
18 31
18 69
18 70
18 71
18 353
19 17
19 18
19 20
19 21
19 27
19 28
19 29
19 30
19 71
19 353
19 354
19 355
19 356
20 18
20 19
20 21
20 22
20 23
20 28
20 29
20 30
20 71
20 72
20 73
20 76
20 356
21 19
21 20
21 22
21 23
21 24
21 71
21 72
21 73
21 74
21 76
21 356
22 20
22 21
22 23
22 24
22 71
22 72
22 73
22 74
22 75
22 76
22 356
23 20
23 21
23 22
23 24
23 25
23 26
23 27
23 28
23 76
23 356
23 357
24 21
24 22
24 23
24 25
24 26
24 27
24 356
24 357
25 23
25 24
25 26
25 27
25 357
26 23
26 24
26 25
26 27
26 28
26 46
26 47
26 357
27 19
27 23
27 24
27 25
27 26
27 28
27 29
27 46
27 47
27 48
27 49
27 355
27 356
27 357
27 358
28 19
28 20
28 23
28 26
28 27
28 29
28 30
28 44
28 45
28 46
28 47
28 355
28 356
28 357
29 17
29 18
29 19
29 20
29 27
29 28
29 30
29 31
29 44
29 45
29 46
29 355
29 363
30 17
30 18
30 19
30 20
30 28
30 29
30 31
30 32
30 42
30 43
30 44
30 45
30 69
31 14
31 15
31 16
31 17
31 18
31 29
31 30
31 32
31 33
31 42
31 43
31 44
31 45
31 69
32 14
32 15
32 16
32 17
32 30
32 31
32 33
32 34
32 40
32 41
32 42
32 43
32 65
32 66
32 67
32 68
32 69
33 12
33 13
33 14
33 15
33 16
33 31
33 32
33 34
33 35
33 40
33 41
33 42
33 65
33 66
33 369
34 12
34 13
34 14
34 15
34 32
34 33
34 35
34 36
34 40
34 64
34 65
34 66
34 67
35 12
35 13
35 33
35 34
35 36
35 37
35 38
35 39
35 40
35 64
35 65
36 34
36 35
36 37
36 38
36 39
36 64
36 65
37 35
37 36
37 38
37 39
38 35
38 36
38 37
38 39
38 40
39 35
39 36
39 37
39 38
39 40
39 41
39 60
39 61
39 62
39 64
40 32
40 33
40 34
40 35
40 38
40 39
40 41
40 42
40 60
40 61
40 62
40 63
40 64
40 65
40 66
41 32
41 33
41 39
41 40
41 42
41 43
41 58
41 59
41 60
41 61
41 62
42 30
42 31
42 32
42 33
42 40
42 41
42 43
42 44
42 58
42 59
42 60
42 61
43 30
43 31
43 32
43 41
43 42
43 44
43 45
43 56
43 57
43 58
43 59
44 28
44 29
44 30
44 31
44 42
44 43
44 45
44 46
44 56
44 57
44 58
44 59
45 28
45 29
45 30
45 31
45 43
45 44
45 46
45 47
45 54
45 55
45 56
45 57
46 26
46 27
46 28
46 29
46 44
46 45
46 47
46 48
46 54
46 55
46 56
47 26
47 27
47 28
47 45
47 46
47 48
47 49
47 52
47 53
47 54
47 55
48 27
48 46
48 47
48 49
48 50
48 51
48 52
48 53
48 54
48 55
49 27
49 47
49 48
49 50
49 51
49 52
49 53
50 48
50 49
50 51
50 52
51 48
51 49
51 50
51 52
51 53
52 6
52 47
52 48
52 49
52 50
52 51
52 53
52 54
53 6
53 47
53 48
53 49
53 51
53 52
53 54
53 55
54 6
54 8
54 45
54 46
54 47
54 48
54 52
54 53
54 55
54 56
55 45
55 46
55 47
55 48
55 53
55 54
55 56
55 57
56 43
56 44
56 45
56 46
56 54
56 55
56 57
56 58
57 43
57 44
57 45
57 55
57 56
57 58
57 59
58 41
58 42
58 43
58 44
58 56
58 57
58 59
58 60
58 120
59 41
59 42
59 43
59 44
59 57
59 58
59 60
59 61
59 119
59 120
59 121
59 122
60 39
60 40
60 41
60 42
60 58
60 59
60 61
60 62
60 119
60 120
60 121
60 122
61 39
61 40
61 41
61 42
61 59
61 60
61 62
61 63
61 64
61 121
61 122
62 39
62 40
62 41
62 60
62 61
62 63
62 64
63 40
63 61
63 62
63 64
63 65
63 83
63 84
63 85
64 34
64 35
64 36
64 39
64 40
64 61
64 62
64 63
64 65
64 66
64 83
64 84
64 85
65 32
65 33
65 34
65 35
65 36
65 40
65 63
65 64
65 66
65 67
65 83
65 84
65 85
66 14
66 15
66 16
66 32
66 33
66 34
66 40
66 64
66 65
66 67
66 68
66 69
66 81
66 82
66 83
66 84
67 15
67 16
67 32
67 34
67 65
67 66
67 68
67 69
67 81
67 82
67 83
67 84
67 137
68 15
68 16
68 17
68 32
68 66
68 67
68 69
68 70
68 81
68 82
68 83
68 137
68 138
68 139
69 16
69 17
69 18
69 30
69 31
69 32
69 66
69 67
69 68
69 70
69 71
69 79
69 80
69 81
69 82
69 139
70 17
70 18
70 68
70 69
70 71
70 72
70 79
70 80
70 81
70 139
70 140
70 141
71 18
71 19
71 20
71 21
71 22
71 69
71 70
71 72
71 73
71 76
71 78
71 79
71 80
71 141
72 20
72 21
72 22
72 70
72 71
72 73
72 74
72 75
72 76
72 77
72 78
72 79
72 80
72 141
72 147
73 20
73 21
73 22
73 71
73 72
73 74
73 75
73 76
73 141
73 142
73 143
73 144
73 145
73 146
73 147
74 21
74 22
74 72
74 73
74 75
74 76
74 144
74 145
74 146
74 147
75 22
75 72
75 73
75 74
75 76
75 77
75 78
75 147
76 20
76 21
76 22
76 23
76 71
76 72
76 73
76 74
76 75
76 77
76 78
76 79
76 105
77 72
77 75
77 76
77 78
77 79
77 99
77 100
77 101
77 102
77 105
78 71
78 72
78 75
78 76
78 77
78 79
78 80
78 97
78 98
78 99
78 100
79 69
79 70
79 71
79 72
79 76
79 77
79 78
79 80
79 81
79 97
79 98
79 99
80 69
80 70
80 71
80 72
80 78
80 79
80 81
80 82
80 95
80 96
80 97
80 98
80 139
81 66
81 67
81 68
81 69
81 70
81 79
81 80
81 82
81 83
81 95
81 96
81 97
81 98
81 139
82 66
82 67
82 68
82 69
82 80
82 81
82 83
82 84
82 93
82 94
82 95
82 96
82 136
82 137
82 138
82 139
83 63
83 64
83 65
83 66
83 67
83 68
83 81
83 82
83 84
83 85
83 93
83 94
83 95
84 63
84 64
84 65
84 66
84 67
84 82
84 83
84 85
84 86
84 91
84 92
84 93
84 94
85 63
85 64
85 65
85 83
85 84
85 86
85 87
85 91
85 92
85 93
85 94
86 84
86 85
86 87
86 88
86 89
86 90
86 91
86 92
87 85
87 86
87 88
87 89
87 90
87 91
87 92
88 86
88 87
88 89
88 90
89 86
89 87
89 88
89 90
89 91
90 86
90 87
90 88
90 89
90 91
90 92
91 84
91 85
91 86
91 87
91 89
91 90
91 92
91 93
92 84
92 85
92 86
92 87
92 90
92 91
92 93
92 94
92 135
93 82
93 83
93 84
93 85
93 91
93 92
93 94
93 95
93 135
93 136
93 137
94 82
94 83
94 84
94 85
94 92
94 93
94 95
94 96
94 128
94 129
94 130
94 135
94 136
95 80
95 81
95 82
95 83
95 93
95 94
95 96
95 97
95 127
95 128
95 129
95 130
95 136
95 139
96 80
96 81
96 82
96 94
96 95
96 97
96 98
96 124
96 125
96 126
96 127
96 128
97 78
97 79
97 80
97 81
97 95
97 96
97 98
97 99
97 124
97 125
97 126
97 127
97 128
98 78
98 79
98 80
98 81
98 96
98 97
98 99
98 100
98 122
98 123
98 124
98 125
98 126
99 77
99 78
99 79
99 97
99 98
99 100
99 101
99 122
99 123
99 124
99 125
100 77
100 78
100 98
100 99
100 101
100 102
100 104
100 121
100 122
100 123
101 77
101 99
101 100
101 102
101 103
101 104
101 105
101 120
101 121
101 122
101 123
102 77
102 100
102 101
102 103
102 104
102 105
102 106
103 101
103 102
103 104
103 105
103 106
104 100
104 101
104 102
104 103
104 105
104 106
104 107
105 76
105 77
105 101
105 102
105 103
105 104
105 106
105 107
106 102
106 103
106 104
106 105
106 107
106 108
107 104
107 105
107 106
107 108
107 109
108 106
108 107
108 109
108 110
109 107
109 108
109 110
109 111
110 108
110 109
110 111
110 112
110 113
111 109
111 110
111 112
111 113
112 110
112 111
112 113
112 114
112 115
112 117
113 110
113 111
113 112
113 114
113 115
114 112
114 113
114 115
114 116
114 117
115 112
115 113
115 114
115 116
115 117
116 114
116 115
116 117
116 118
117 112
117 114
117 115
117 116
117 118
117 119
118 116
118 117
118 119
118 120
119 59
119 60
119 117
119 118
119 120
119 121
120 58
120 59
120 60
120 101
120 118
120 119
120 121
120 122
121 59
121 60
121 61
121 100
121 101
121 119
121 120
121 122
121 123
122 59
122 60
122 61
122 98
122 99
122 100
122 101
122 120
122 121
122 123
122 124
123 98
123 99
123 100
123 101
123 121
123 122
123 124
123 125
124 96
124 97
124 98
124 99
124 122
124 123
124 125
124 126
124 127
125 96
125 97
125 98
125 99
125 123
125 124
125 126
125 127
125 168
125 169
126 96
126 97
126 98
126 124
126 125
126 127
126 128
126 168
126 169
126 170
127 95
127 96
127 97
127 124
127 125
127 126
127 128
127 129
127 169
127 170
128 94
128 95
128 96
128 97
128 126
128 127
128 129
128 130
128 161
128 170
129 94
129 95
129 127
129 128
129 130
129 131
129 132
130 94
130 95
130 128
130 129
130 131
130 132
130 133
130 134
130 135
130 136
130 154
131 129
131 130
131 132
131 133
131 134
132 129
132 130
132 131
132 133
132 134
133 130
133 131
133 132
133 134
133 135
133 154
133 155
133 156
133 157
134 130
134 131
134 132
134 133
134 135
134 136
134 154
134 155
134 156
135 92
135 93
135 94
135 130
135 133
135 134
135 136
135 137
135 154
135 155
136 82
136 93
136 94
136 95
136 130
136 134
136 135
136 137
136 138
136 139
136 152
136 153
136 154
136 155
137 67
137 68
137 82
137 93
137 135
137 136
137 138
137 139
137 152
137 153
137 154
137 155
137 186
137 187
137 188
138 68
138 82
138 136
138 137
138 139
138 140
138 152
138 153
138 154
138 187
138 188
138 189
139 68
139 69
139 70
139 80
139 81
139 82
139 95
139 136
139 137
139 138
139 140
139 141
139 150
139 151
139 152
139 153
140 70
140 138
140 139
140 141
140 142
140 150
140 151
140 152
140 189
140 190
140 191
141 70
141 71
141 72
141 73
141 139
141 140
141 142
141 143
141 147
141 149
141 150
141 151
141 191
142 73
142 140
142 141
142 143
142 144
142 145
142 147
142 148
142 149
142 150
142 151
142 191
142 197
143 73
143 141
143 142
143 144
143 145
143 191
143 193
143 197
144 73
144 74
144 142
144 143
144 145
144 146
144 193
145 73
145 74
145 142
145 143
145 144
145 146
145 147
145 148
145 149
146 73
146 74
146 144
146 145
146 147
146 148
146 149
147 72
147 73
147 74
147 75
147 141
147 142
147 145
147 146
147 148
147 149
147 150
147 163
148 142
148 145
148 146
148 147
148 149
148 150
148 161
148 162
148 163
148 164
149 141
149 142
149 145
149 146
149 147
149 148
149 150
149 151
149 160
149 161
149 162
149 163
150 139
150 140
150 141
150 142
150 147
150 148
150 149
150 151
150 152
150 160
150 161
150 162
150 163
151 139
151 140
151 141
151 142
151 149
151 150
151 152
151 153
151 158
151 159
151 160
151 161
152 136
152 137
152 138
152 139
152 140
152 150
152 151
152 153
152 154
152 158
152 159
152 160
152 161
153 136
153 137
153 138
153 139
153 151
153 152
153 154
153 155
153 156
153 157
153 158
153 159
153 186
153 187
153 188
153 189
154 130
154 133
154 134
154 135
154 136
154 137
154 138
154 152
154 153
154 155
154 156
154 157
154 158
154 159
154 185
154 186
155 133
155 134
155 135
155 136
155 137
155 153
155 154
155 156
155 157
155 184
155 185
155 186
156 133
156 134
156 153
156 154
156 155
156 157
156 158
156 177
156 178
156 183
156 184
156 185
156 186
157 133
157 153
157 154
157 155
157 156
157 158
157 159
157 175
157 176
157 177
157 178
157 186
158 151
158 152
158 153
158 154
158 156
158 157
158 159
158 160
158 175
158 176
158 177
159 151
159 152
159 153
159 154
159 157
159 158
159 160
159 161
159 172
159 173
159 174
159 175
159 176
160 149
160 150
160 151
160 152
160 158
160 159
160 161
160 162
160 172
160 173
160 174
160 175
160 213
161 128
161 148
161 149
161 150
161 151
161 152
161 159
161 160
161 162
161 163
161 170
161 171
161 172
161 173
161 174
162 148
162 149
162 150
162 160
162 161
162 163
162 164
162 170
162 171
162 172
162 173
163 147
163 148
163 149
163 150
163 161
163 162
163 164
163 165
163 168
163 169
163 170
163 171
164 148
164 162
164 163
164 165
164 166
164 167
164 168
164 169
164 170
164 171
165 163
165 164
165 166
165 167
165 168
165 169
166 164
166 165
166 167
166 168
167 164
167 165
167 166
167 168
167 169
168 125
168 126
168 163
168 164
168 165
168 166
168 167
168 169
168 170
169 125
169 126
169 127
169 163
169 164
169 165
169 167
169 168
169 170
169 171
170 126
170 127
170 128
170 161
170 162
170 163
170 164
170 168
170 169
170 171
170 172
171 161
171 162
171 163
171 164
171 169
171 170
171 172
171 173
172 159
172 160
172 161
172 162
172 170
172 171
172 173
172 174
172 175
173 159
173 160
173 161
173 162
173 171
173 172
173 174
173 175
174 159
174 160
174 161
174 172
174 173
174 175
174 176
174 216
175 157
175 158
175 159
175 160
175 172
175 173
175 174
175 176
175 177
175 216
176 157
176 158
176 159
176 174
176 175
176 177
176 178
176 216
176 217
177 156
177 157
177 158
177 175
177 176
177 178
177 179
178 156
178 157
178 176
178 177
178 179
178 180
178 184
179 177
179 178
179 180
179 181
180 178
180 179
180 181
180 182
180 184
181 179
181 180
181 182
181 183
181 184
182 180
182 181
182 183
182 184
183 156
183 181
183 182
183 184
183 185
184 155
184 156
184 178
184 180
184 181
184 182
184 183
184 185
184 186
184 204
184 205
185 154
185 155
185 156
185 183
185 184
185 186
185 187
185 204
185 205
186 137
186 153
186 154
186 155
186 156
186 157
186 184
186 185
186 187
186 188
186 189
186 202
186 203
186 204
186 205
187 137
187 138
187 153
187 185
187 186
187 188
187 189
187 202
187 203
187 204
187 205
187 230
187 231
187 232
188 137
188 138
188 153
188 186
188 187
188 189
188 190
188 202
188 203
188 204
188 231
188 232
188 233
189 138
189 140
189 153
189 186
189 187
189 188
189 190
189 191
189 200
189 201
189 202
189 203
189 232
189 233
190 140
190 188
190 189
190 191
190 192
190 200
190 201
190 202
190 233
190 234
190 235
191 140
191 141
191 142
191 143
191 189
191 190
191 192
191 193
191 197
191 198
191 199
191 200
191 201
191 235
192 190
192 191
192 193
192 194
192 195
192 197
192 198
192 199
192 200
192 201
192 235
193 143
193 144
193 191
193 192
193 194
193 195
193 196
193 197
193 235
193 237
194 192
194 193
194 195
194 196
194 197
194 198
194 199
194 237
194 240
195 192
195 193
195 194
195 196
195 197
195 198
195 199
196 193
196 194
196 195
196 197
196 198
197 142
197 143
197 191
197 192
197 193
197 194
197 195
197 196
197 198
197 199
197 200
198 191
198 192
198 194
198 195
198 196
198 197
198 199
198 200
198 212
198 213
198 214
199 191
199 192
199 194
199 195
199 197
199 198
199 200
199 201
199 210
199 211
199 212
199 213
200 189
200 190
200 191
200 192
200 197
200 198
200 199
200 201
200 202
200 210
200 211
200 212
200 213
201 189
201 190
201 191
201 192
201 199
201 200
201 202
201 203
201 208
201 209
201 210
201 211
201 233
202 186
202 187
202 188
202 189
202 190
202 200
202 201
202 203
202 204
202 208
202 209
202 210
202 211
202 233
203 186
203 187
203 188
203 189
203 201
203 202
203 204
203 205
203 206
203 207
203 208
203 209
203 230
203 231
203 232
203 233
204 184
204 185
204 186
204 187
204 188
204 202
204 203
204 205
204 206
204 207
204 208
204 229
204 230
205 184
205 185
205 186
205 187
205 203
205 204
205 206
205 207
205 228
205 229
205 230
206 203
206 204
206 205
206 207
206 208
206 223
206 224
206 225
206 226
206 227
206 228
206 229
206 230
207 203
207 204
207 205
207 206
207 208
207 209
207 221
207 222
207 223
207 224
207 225
207 226
207 229
207 230
208 201
208 202
208 203
208 204
208 206
208 207
208 209
208 210
208 221
208 222
208 223
208 225
208 230
209 201
209 202
209 203
209 207
209 208
209 210
209 211
209 218
209 219
209 220
209 221
209 222
210 199
210 200
210 201
210 202
210 208
210 209
210 211
210 212
210 218
210 219
210 220
210 221
211 199
211 200
211 201
211 202
211 209
211 210
211 212
211 213
211 216
211 217
211 218
211 219
211 220
212 198
212 199
212 200
212 210
212 211
212 213
212 214
212 215
212 216
212 217
212 218
212 219
213 160
213 198
213 199
213 200
213 211
213 212
213 214
213 215
213 216
213 217
214 198
214 212
214 213
214 215
214 216
215 212
215 213
215 214
215 216
215 217
216 174
216 175
216 176
216 211
216 212
216 213
216 214
216 215
216 217
216 218
217 176
217 211
217 212
217 213
217 215
217 216
217 218
217 219
218 209
218 210
218 211
218 212
218 216
218 217
218 219
218 220
218 221
219 209
219 210
219 211
219 212
219 217
219 218
219 220
219 221
220 209
220 210
220 211
220 218
220 219
220 221
220 222
220 257
220 260
221 207
221 208
221 209
221 210
221 218
221 219
221 220
221 222
221 223
221 260
222 207
222 208
222 209
222 220
222 221
222 223
222 224
222 225
222 260
222 261
223 206
223 207
223 208
223 221
223 222
223 224
223 225
224 206
224 207
224 222
224 223
224 225
224 226
224 227
225 206
225 207
225 208
225 222
225 223
225 224
225 226
225 227
225 230
226 206
226 207
226 224
226 225
226 227
226 228
226 229
226 230
226 246
226 247
226 248
226 249
226 251
227 206
227 224
227 225
227 226
227 228
227 229
227 248
227 249
228 205
228 206
228 226
228 227
228 229
228 230
228 247
228 248
228 249
229 204
229 205
229 206
229 207
229 226
229 227
229 228
229 230
229 231
229 247
229 248
229 249
230 187
230 203
230 204
230 205
230 206
230 207
230 208
230 225
230 226
230 228
230 229
230 231
230 232
230 233
230 245
230 246
230 247
230 248
231 187
231 188
231 203
231 229
231 230
231 232
231 233
231 245
231 246
231 247
231 248
231 274
231 275
231 276
232 187
232 188
232 189
232 203
232 230
232 231
232 233
232 234
232 245
232 246
232 247
232 275
232 276
232 277
233 188
233 189
233 190
233 201
233 202
233 203
233 230
233 231
233 232
233 234
233 235
233 243
233 244
233 245
233 246
233 276
233 277
233 278
234 190
234 232
234 233
234 235
234 236
234 243
234 244
234 245
234 277
234 278
234 279
235 190
235 191
235 192
235 193
235 233
235 234
235 236
235 237
235 241
235 242
235 243
235 244
235 279
236 234
236 235
236 237
236 238
236 239
236 240
236 241
236 242
236 243
236 244
236 279
236 284
237 193
237 194
237 235
237 236
237 238
237 239
237 240
237 279
237 280
237 281
237 282
237 284
238 236
238 237
238 239
238 240
238 282
238 284
238 306
239 236
239 237
239 238
239 240
239 241
239 242
239 284
239 305
239 306
240 194
240 236
240 237
240 238
240 239
240 241
240 242
241 235
241 236
241 239
241 240
241 242
241 243
241 255
241 256
241 257
241 258
242 235
242 236
242 239
242 240
242 241
242 243
242 244
242 254
242 255
242 256
242 257
243 233
243 234
243 235
243 236
243 241
243 242
243 244
243 245
243 254
243 255
243 256
243 257
244 233
244 234
244 235
244 236
244 242
244 243
244 245
244 246
244 252
244 253
244 254
244 255
244 277
244 278
245 230
245 231
245 232
245 233
245 234
245 243
245 244
245 246
245 247
245 252
245 253
245 254
245 277
246 226
246 230
246 231
246 232
246 233
246 244
246 245
246 247
246 248
246 250
246 251
246 252
246 253
246 274
246 275
246 276
246 277
247 226
247 228
247 229
247 230
247 231
247 232
247 245
247 246
247 248
247 249
247 250
247 251
247 252
247 273
247 274
247 275
248 226
248 227
248 228
248 229
248 230
248 231
248 246
248 247
248 249
248 250
248 251
248 272
248 273
248 274
248 275
249 226
249 227
249 228
249 229
249 247
249 248
249 250
249 251
249 272
249 273
249 274
250 246
250 247
250 248
250 249
250 251
250 252
250 268
250 269
250 270
250 271
250 272
250 273
250 274
251 226
251 246
251 247
251 248
251 249
251 250
251 252
251 253
251 266
251 267
251 268
251 269
251 270
251 273
251 274
252 244
252 245
252 246
252 247
252 250
252 251
252 253
252 254
252 266
252 267
252 268
252 274
252 277
253 244
253 245
253 246
253 251
253 252
253 254
253 255
253 263
253 264
253 265
253 266
253 267
254 242
254 243
254 244
254 245
254 252
254 253
254 255
254 256
254 263
254 264
254 265
254 266
255 241
255 242
255 243
255 244
255 253
255 254
255 256
255 257
255 259
255 260
255 262
255 263
255 264
255 265
256 241
256 242
256 243
256 254
256 255
256 257
256 258
256 259
256 260
256 263
256 264
257 220
257 241
257 242
257 243
257 255
257 256
257 258
257 259
257 260
258 241
258 256
258 257
258 259
258 260
259 255
259 256
259 257
259 258
259 260
259 261
259 262
260 220
260 221
260 222
260 255
260 256
260 257
260 258
260 259
260 261
260 262
260 263
261 222
261 259
261 260
261 262
261 263
262 255
262 259
262 260
262 261
262 263
262 264
263 253
263 254
263 255
263 256
263 260
263 261
263 262
263 264
263 265
263 266
264 253
264 254
264 255
264 256
264 262
264 263
264 265
264 266
264 304
265 253
265 254
265 255
265 263
265 264
265 266
265 267
266 251
266 252
266 253
266 254
266 263
266 264
266 265
266 267
266 268
267 251
267 252
267 253
267 265
267 266
267 268
267 269
268 250
268 251
268 252
268 266
268 267
268 269
268 270
268 271
269 250
269 251
269 267
269 268
269 270
269 271
270 250
270 251
270 268
270 269
270 271
270 272
270 273
270 274
270 291
270 293
270 295
271 250
271 268
271 269
271 270
271 272
271 273
271 293
272 248
272 249
272 250
272 270
272 271
272 273
272 274
272 291
272 292
272 293
273 247
273 248
273 249
273 250
273 251
273 270
273 271
273 272
273 274
273 275
273 291
273 292
273 293
274 231
274 246
274 247
274 248
274 249
274 250
274 251
274 252
274 270
274 272
274 273
274 275
274 276
274 277
274 289
274 290
274 291
274 292
275 231
275 232
275 246
275 247
275 248
275 273
275 274
275 276
275 277
275 289
275 290
275 291
275 292
275 349
275 350
275 351
276 231
276 232
276 233
276 246
276 274
276 275
276 277
276 278
276 288
276 289
276 290
276 291
276 350
276 351
276 352
277 232
277 233
277 234
277 244
277 245
277 246
277 252
277 274
277 275
277 276
277 278
277 279
277 287
277 288
277 289
277 290
277 352
278 233
278 234
278 244
278 276
278 277
278 279
278 280
278 287
278 288
278 289
278 352
278 353
278 354
279 234
279 235
279 236
279 237
279 277
279 278
279 280
279 281
279 283
279 284
279 285
279 286
279 287
279 288
280 237
280 278
280 279
280 281
280 282
280 283
280 284
280 285
280 286
280 287
280 288
280 354
280 359
281 237
281 279
281 280
281 282
281 283
281 284
281 354
281 356
281 359
282 237
282 238
282 280
282 281
282 283
282 284
282 359
283 279
283 280
283 281
283 282
283 284
283 285
283 286
283 359
284 236
284 237
284 238
284 239
284 279
284 280
284 281
284 282
284 283
284 285
284 286
284 287
284 301
284 305
284 306
285 279
285 280
285 283
285 284
285 286
285 287
285 299
285 300
285 301
285 302
285 304
285 305
285 306
285 308
286 279
286 280
286 283
286 284
286 285
286 287
286 288
286 298
286 299
286 300
286 301
287 277
287 278
287 279
287 280
287 284
287 285
287 286
287 288
287 289
287 298
287 299
287 300
287 301
288 276
288 277
288 278
288 279
288 280
288 286
288 287
288 289
288 290
288 296
288 297
288 298
288 299
288 352
288 353
289 274
289 275
289 276
289 277
289 278
289 287
289 288
289 290
289 291
289 296
289 297
289 298
289 352
290 274
290 275
290 276
290 277
290 288
290 289
290 291
290 292
290 294
290 295
290 296
290 297
290 349
290 350
290 351
290 352
290 364
291 270
291 272
291 273
291 274
291 275
291 276
291 289
291 290
291 292
291 293
291 294
291 295
291 296
291 348
291 349
291 350
292 272
292 273
292 274
292 275
292 290
292 291
292 293
292 294
292 295
292 347
292 348
292 349
292 350
293 270
293 271
293 272
293 273
293 291
293 292
293 294
293 295
293 347
293 348
293 349
294 290
294 291
294 292
294 293
294 295
294 296
294 343
294 344
294 345
294 346
294 347
294 348
294 349
294 366
295 270
295 290
295 291
295 292
295 293
295 294
295 296
295 297
295 341
295 342
295 343
295 344
295 345
295 348
295 349
296 288
296 289
296 290
296 291
296 294
296 295
296 297
296 298
296 341
296 342
296 343
296 349
296 352
296 364
297 288
297 289
297 290
297 295
297 296
297 298
297 299
297 338
297 339
297 340
297 341
297 342
298 286
298 287
298 288
298 289
298 296
298 297
298 299
298 300
298 338
298 339
298 340
298 341
298 376
299 285
299 286
299 287
299 288
299 297
299 298
299 300
299 301
299 336
299 337
299 338
299 339
299 340
300 285
300 286
300 287
300 298
300 299
300 301
300 302
300 336
300 337
300 338
300 339
301 284
301 285
301 286
301 287
301 299
301 300
301 302
301 303
301 304
301 305
301 335
301 336
301 337
302 285
302 300
302 301
302 303
302 304
302 305
302 307
302 308
302 334
302 335
302 336
303 301
303 302
303 304
303 305
303 308
303 335
303 336
304 264
304 285
304 301
304 302
304 303
304 305
304 306
304 308
305 239
305 284
305 285
305 301
305 302
305 303
305 304
305 306
305 307
305 308
306 238
306 239
306 284
306 285
306 304
306 305
306 307
306 308
307 302
307 305
307 306
307 308
307 309
307 310
308 285
308 302
308 303
308 304
308 305
308 306
308 307
308 309
308 310
309 307
309 308
309 310
309 311
309 384
310 307
310 308
310 309
310 311
310 312
310 313
310 384
310 385
310 386
311 309
311 310
311 312
311 313
311 314
312 310
312 311
312 313
312 314
312 386
313 310
313 311
313 312
313 314
313 315
314 311
314 312
314 313
314 315
314 316
314 317
315 313
315 314
315 316
315 317
315 318
316 314
316 315
316 317
316 318
316 319
317 314
317 315
317 316
317 318
317 319
318 315
318 316
318 317
318 319
318 320
318 321
319 316
319 317
319 318
319 320
319 321
320 318
320 319
320 321
320 322
321 318
321 319
321 320
321 322
321 323
321 324
322 320
322 321
322 323
322 324
323 321
323 322
323 324
323 325
324 321
324 322
324 323
324 325
324 326
325 323
325 324
325 326
325 327
326 324
326 325
326 327
326 328
327 325
327 326
327 328
327 329
328 326
328 327
328 329
328 330
329 327
329 328
329 330
329 331
330 328
330 329
330 331
330 332
331 329
331 330
331 332
331 333
331 334
332 330
332 331
332 333
332 334
333 331
333 332
333 334
333 335
334 302
334 331
334 332
334 333
334 335
334 336
335 301
335 302
335 303
335 333
335 334
335 336
335 337
336 299
336 300
336 301
336 302
336 303
336 334
336 335
336 337
336 338
337 299
337 300
337 301
337 335
337 336
337 338
337 339
338 297
338 298
338 299
338 300
338 336
338 337
338 339
338 340
338 341
339 297
339 298
339 299
339 300
339 337
339 338
339 340
339 341
340 297
340 298
340 299
340 338
340 339
340 341
340 342
341 295
341 296
341 297
341 298
341 338
341 339
341 340
341 342
341 343
342 295
342 296
342 297
342 340
342 341
342 343
342 344
343 294
343 295
343 296
343 341
343 342
343 344
343 345
343 346
344 294
344 295
344 342
344 343
344 345
344 346
344 372
345 294
345 295
345 343
345 344
345 346
345 347
345 348
345 349
345 366
345 370
345 372
346 294
346 343
346 344
346 345
346 347
346 348
346 366
347 292
347 293
347 294
347 345
347 346
347 348
347 349
347 366
347 367
347 368
348 291
348 292
348 293
348 294
348 295
348 345
348 346
348 347
348 349
348 350
348 366
348 367
349 275
349 290
349 291
349 292
349 293
349 294
349 295
349 296
349 345
349 347
349 348
349 350
349 351
349 352
349 364
349 365
349 366
349 367
350 15
350 16
350 275
350 276
350 290
350 291
350 292
350 348
350 349
350 351
350 352
350 364
350 365
350 366
350 367
351 15
351 16
351 17
351 275
351 276
351 290
351 349
351 350
351 352
351 353
351 364
351 365
351 366
352 17
352 276
352 277
352 278
352 288
352 289
352 290
352 296
352 349
352 350
352 351
352 353
352 354
352 362
352 363
352 364
352 365
353 17
353 18
353 19
353 278
353 288
353 351
353 352
353 354
353 355
353 362
353 363
353 364
354 19
354 278
354 280
354 281
354 352
354 353
354 355
354 356
354 358
354 359
354 360
354 361
354 362
354 363
355 19
355 27
355 28
355 29
355 353
355 354
355 356
355 357
355 358
355 359
355 360
355 361
355 362
355 363
356 19
356 20
356 21
356 22
356 23
356 24
356 27
356 28
356 281
356 354
356 355
356 357
356 358
356 359
357 23
357 24
357 25
357 26
357 27
357 28
357 355
357 356
357 358
357 359
358 27
358 354
358 355
358 356
358 357
358 359
358 360
358 361
359 280
359 281
359 282
359 283
359 354
359 355
359 356
359 357
359 358
359 360
359 361
359 362
360 354
360 355
360 358
360 359
360 361
360 362
360 375
360 376
360 381
361 354
361 355
361 358
361 359
361 360
361 362
361 363
361 373
361 374
361 375
361 376
362 352
362 353
362 354
362 355
362 359
362 360
362 361
362 363
362 364
362 373
362 374
362 375
363 29
363 352
363 353
363 354
363 355
363 361
363 362
363 364
363 365
363 371
363 372
363 373
363 374
364 17
364 290
364 296
364 349
364 350
364 351
364 352
364 353
364 362
364 363
364 365
364 366
364 371
364 372
364 373
364 374
365 14
365 15
365 16
365 17
365 349
365 350
365 351
365 352
365 363
365 364
365 366
365 367
365 369
365 370
365 371
365 372
366 14
366 15
366 294
366 345
366 346
366 347
366 348
366 349
366 350
366 351
366 364
366 365
366 367
366 368
366 369
366 370
366 371
367 13
367 14
367 15
367 347
367 348
367 349
367 350
367 365
367 366
367 368
367 369
367 370
368 10
368 12
368 13
368 14
368 347
368 366
368 367
368 369
368 370
369 9
369 10
369 11
369 12
369 13
369 14
369 15
369 33
369 365
369 366
369 367
369 368
369 370
369 371
370 7
370 8
370 9
370 10
370 345
370 365
370 366
370 367
370 368
370 369
370 371
370 372
371 7
371 8
371 9
371 10
371 363
371 364
371 365
371 366
371 369
371 370
371 372
371 373
372 5
372 6
372 7
372 8
372 344
372 345
372 363
372 364
372 365
372 370
372 371
372 373
372 374
373 5
373 6
373 7
373 361
373 362
373 363
373 364
373 371
373 372
373 374
373 375
374 3
374 4
374 5
374 6
374 361
374 362
374 363
374 364
374 372
374 373
374 375
374 376
375 3
375 5
375 360
375 361
375 362
375 373
375 374
375 376
375 377
376 298
376 360
376 361
376 374
376 375
376 377
376 378
376 380
376 381
377 3
377 375
377 376
377 378
377 379
377 380
377 381
378 376
378 377
378 379
378 380
378 381
378 382
379 377
379 378
379 380
379 381
379 382
379 383
380 376
380 377
380 378
380 379
380 381
380 382
380 383
380 384
381 360
381 376
381 377
381 378
381 379
381 380
381 382
381 383
381 384
381 385
382 378
382 379
382 380
382 381
382 383
382 384
382 385
382 386
383 379
383 380
383 381
383 382
383 384
383 385
383 386
384 309
384 310
384 380
384 381
384 382
384 383
384 385
384 386
385 310
385 381
385 382
385 383
385 384
385 386
386 310
386 312
386 382
386 383
386 384
386 385
