0 1
0 2
1 0
1 2
1 3
2 0
2 1
2 3
2 4
3 1
3 2
3 4
3 5
4 2
4 3
4 5
4 6
5 3
5 4
5 6
5 7
6 4
6 5
6 7
6 8
7 5
7 6
7 8
7 9
8 6
8 7
8 9
8 10
9 7
9 8
9 10
9 11
10 8
10 9
10 11
10 12
11 9
11 10
11 12
11 13
12 10
12 11
12 13
12 14
13 11
13 12
13 14
13 15
14 12
14 13
14 15
14 16
15 13
15 14
15 16
15 17
16 14
16 15
16 17
16 18
16 19
17 15
17 16
17 18
17 19
17 20
18 16
18 17
18 19
18 20
19 16
19 17
19 18
19 20
19 21
19 22
20 17
20 18
20 19
20 21
20 22
21 19
21 20
21 22
21 23
22 19
22 20
22 21
22 23
22 24
23 21
23 22
23 24
23 25
24 22
24 23
24 25
24 26
24 27
24 34
24 35
24 36
25 23
25 24
25 26
25 27
25 28
25 35
25 36
26 24
26 25
26 27
26 28
26 35
26 36
26 37
26 38
26 472
26 489
27 24
27 25
27 26
27 28
27 29
27 35
27 36
27 471
27 472
27 473
27 481
27 485
28 25
28 26
28 27
28 29
28 30
28 33
28 34
28 35
28 472
28 473
28 474
28 478
28 481
29 27
29 28
29 30
29 31
29 33
29 472
29 473
29 474
29 475
29 476
29 477
29 478
29 481
30 28
30 29
30 31
30 32
30 33
30 475
30 476
31 29
31 30
31 32
31 33
31 104
31 222
31 223
31 240
31 475
32 30
32 31
32 33
32 34
32 104
32 222
32 223
33 28
33 29
33 30
33 31
33 32
33 34
33 35
33 222
33 223
34 24
34 28
34 32
34 33
34 35
34 36
34 221
34 222
34 223
35 24
35 25
35 26
35 27
35 28
35 33
35 34
35 36
35 37
35 221
35 222
35 472
36 24
36 25
36 26
36 27
36 34
36 35
36 37
36 38
36 221
37 26
37 35
37 36
37 38
37 39
37 221
37 244
37 468
38 26
38 36
38 37
38 39
38 40
38 45
38 467
38 468
39 37
39 38
39 40
39 41
39 45
39 46
39 467
39 468
40 38
40 39
40 41
40 42
40 43
40 44
40 45
40 46
40 447
41 39
41 40
41 42
41 43
41 45
41 46
42 40
42 41
42 43
42 44
42 45
42 46
43 40
43 41
43 42
43 44
43 45
43 46
43 47
43 446
43 447
44 40
44 42
44 43
44 45
44 46
44 47
44 252
44 446
44 447
45 38
45 39
45 40
45 41
45 42
45 43
45 44
45 46
45 47
45 447
45 448
45 467
45 468
46 39
46 40
46 41
46 42
46 43
46 44
46 45
46 47
46 48
47 43
47 44
47 45
47 46
47 48
47 49
48 46
48 47
48 49
48 50
49 47
49 48
49 50
49 51
49 220
49 244
49 248
50 48
50 49
50 51
50 52
50 54
50 55
50 219
50 220
50 243
50 244
50 247
51 49
51 50
51 52
51 53
51 54
51 55
51 218
51 219
51 220
51 243
51 244
51 247
52 50
52 51
52 53
52 54
52 55
52 56
52 125
52 220
52 243
52 244
52 246
52 247
53 51
53 52
53 54
53 55
53 56
53 57
53 125
53 126
53 215
54 50
54 51
54 52
54 53
54 55
54 56
54 57
54 58
55 50
55 51
55 52
55 53
55 54
55 56
55 57
55 58
55 59
55 247
55 286
55 287
56 52
56 53
56 54
56 55
56 57
56 58
56 59
56 60
56 86
56 286
56 287
57 53
57 54
57 55
57 56
57 58
57 59
57 60
57 61
58 54
58 55
58 56
58 57
58 59
58 60
58 61
58 62
59 55
59 56
59 57
59 58
59 60
59 61
59 62
59 63
59 64
59 82
59 286
59 287
59 288
59 289
60 56
60 57
60 58
60 59
60 61
60 62
60 63
60 64
60 82
60 83
60 86
61 57
61 58
61 59
61 60
61 62
61 63
61 64
62 58
62 59
62 60
62 61
62 63
62 64
62 289
63 59
63 60
63 61
63 62
63 64
63 65
63 66
63 82
63 262
63 289
64 59
64 60
64 61
64 62
64 63
64 65
64 66
64 81
64 82
64 83
65 63
65 64
65 66
65 67
65 81
65 82
65 83
66 63
66 64
66 65
66 67
66 68
66 81
66 82
66 262
66 289
67 65
67 66
67 68
67 69
67 70
67 79
67 80
67 81
67 82
67 289
67 290
67 291
68 66
68 67
68 69
68 70
68 79
68 80
68 81
68 82
68 85
68 285
68 289
68 290
68 291
68 292
69 67
69 68
69 70
69 71
69 79
69 80
69 81
69 82
69 85
69 115
69 291
69 292
69 293
69 294
70 67
70 68
70 69
70 71
70 72
70 77
70 78
70 79
70 80
70 115
70 291
70 292
70 293
70 294
71 69
71 70
71 72
71 73
71 77
71 78
71 79
71 114
71 115
71 293
71 294
72 70
72 71
72 73
72 74
72 75
72 76
72 77
72 78
72 294
72 296
73 71
73 72
73 74
73 75
73 76
73 77
73 78
74 72
74 73
74 75
74 76
75 72
75 73
75 74
75 76
75 77
76 72
76 73
76 74
76 75
76 77
76 78
77 70
77 71
77 72
77 73
77 75
77 76
77 78
77 79
78 70
78 71
78 72
78 73
78 76
78 77
78 79
78 80
79 67
79 68
79 69
79 70
79 71
79 77
79 78
79 80
79 81
80 67
80 68
80 69
80 70
80 78
80 79
80 81
80 82
80 83
80 84
80 85
81 64
81 65
81 66
81 67
81 68
81 69
81 79
81 80
81 82
81 83
81 84
81 85
82 59
82 60
82 63
82 64
82 65
82 66
82 67
82 68
82 69
82 80
82 81
82 83
82 84
82 85
82 86
82 289
83 60
83 64
83 65
83 80
83 81
83 82
83 84
83 85
83 86
83 87
84 80
84 81
84 82
84 83
84 85
84 86
84 87
84 88
85 68
85 69
85 80
85 81
85 82
85 83
85 84
85 86
85 87
85 88
85 89
85 119
86 56
86 60
86 82
86 83
86 84
86 85
86 87
86 88
86 89
86 90
86 119
87 83
87 84
87 85
87 86
87 88
87 89
87 90
87 91
88 84
88 85
88 86
88 87
88 89
88 90
88 91
88 92
88 119
89 85
89 86
89 87
89 88
89 90
89 91
89 92
89 93
89 119
89 120
89 122
89 123
89 126
90 86
90 87
90 88
90 89
90 91
90 92
90 93
90 94
90 123
90 126
90 211
91 87
91 88
91 89
91 90
91 92
91 93
91 94
91 95
91 123
91 200
91 201
91 203
91 204
92 88
92 89
92 90
92 91
92 93
92 94
92 95
92 96
92 119
92 120
92 123
92 124
92 199
92 200
92 203
93 89
93 90
93 91
93 92
93 94
93 95
93 96
93 97
93 120
93 123
93 124
93 125
93 126
93 127
93 203
93 211
94 90
94 91
94 92
94 93
94 95
94 96
94 97
94 98
94 127
94 202
94 203
94 204
94 206
94 211
95 91
95 92
95 93
95 94
95 96
95 97
95 98
95 99
95 199
95 200
95 201
95 202
95 203
95 204
95 206
96 92
96 93
96 94
96 95
96 97
96 98
96 99
96 100
96 101
96 123
96 124
96 127
96 154
96 203
97 93
97 94
97 95
97 96
97 98
97 99
97 100
97 101
97 102
97 127
97 203
97 206
98 94
98 95
98 96
98 97
98 99
98 100
98 101
98 202
98 203
98 205
98 206
99 95
99 96
99 97
99 98
99 100
99 101
99 154
99 178
99 179
100 96
100 97
100 98
100 99
100 101
100 102
100 153
100 178
101 96
101 97
101 98
101 99
101 100
101 102
101 103
101 105
101 107
101 127
101 129
101 153
101 154
102 97
102 100
102 101
102 103
102 104
102 105
102 128
102 129
102 153
103 101
103 102
103 104
103 105
103 127
103 128
103 129
104 31
104 32
104 102
104 103
104 105
104 106
104 128
104 129
104 130
104 223
104 224
105 101
105 102
105 103
105 104
105 106
105 107
105 129
105 130
105 150
105 151
105 152
105 153
106 104
106 105
106 107
106 108
106 124
106 129
106 130
106 131
106 132
106 147
106 150
106 151
106 152
106 153
106 154
107 101
107 105
107 106
107 108
107 109
107 120
107 121
107 124
107 129
107 130
107 131
107 132
107 152
107 153
107 154
107 155
107 156
108 106
108 107
108 109
108 110
108 131
108 132
108 133
108 134
108 147
108 152
108 153
108 154
108 155
108 156
109 107
109 108
109 110
109 111
109 117
109 120
109 121
109 131
109 132
109 133
109 134
109 155
109 156
109 157
110 108
110 109
110 111
110 112
110 133
110 134
110 135
110 136
110 155
110 156
110 157
110 158
110 162
111 109
111 110
111 112
111 113
111 117
111 134
111 135
111 136
111 156
111 157
111 158
111 159
111 162
112 110
112 111
112 113
112 114
112 117
112 136
112 158
112 269
112 271
112 272
112 297
113 111
113 112
113 114
113 115
113 117
113 268
113 269
113 270
113 271
113 272
113 294
113 295
113 297
114 71
114 112
114 113
114 115
114 116
114 117
114 118
114 294
115 69
115 70
115 71
115 113
115 114
115 116
115 117
115 118
115 119
115 294
116 114
116 115
116 117
116 118
116 119
116 120
116 183
116 196
117 109
117 111
117 112
117 113
117 114
117 115
117 116
117 118
117 119
117 120
117 121
117 156
118 114
118 115
118 116
118 117
118 119
118 120
118 121
118 122
118 282
119 85
119 86
119 88
119 89
119 92
119 115
119 116
119 117
119 118
119 120
119 121
119 122
119 123
120 89
120 92
120 93
120 107
120 109
120 116
120 117
120 118
120 119
120 121
120 122
120 123
120 124
120 131
120 156
121 107
121 109
121 117
121 118
121 119
121 120
121 122
121 123
121 124
121 125
121 131
121 132
122 89
122 118
122 119
122 120
122 121
122 123
122 124
122 125
122 126
122 131
123 89
123 90
123 91
123 92
123 93
123 96
123 119
123 120
123 121
123 122
123 124
123 125
123 126
123 127
124 92
124 93
124 96
124 106
124 107
124 120
124 121
124 122
124 123
124 125
124 126
124 127
124 128
124 129
124 130
124 131
125 52
125 53
125 93
125 121
125 122
125 123
125 124
125 126
125 127
125 128
125 129
125 130
125 131
125 224
126 53
126 89
126 90
126 93
126 122
126 123
126 124
126 125
126 127
126 128
126 129
126 211
126 214
126 215
127 93
127 94
127 96
127 97
127 101
127 103
127 123
127 124
127 125
127 126
127 128
127 129
127 211
127 214
127 215
128 102
128 103
128 104
128 124
128 125
128 126
128 127
128 129
128 130
128 214
128 215
128 218
128 224
129 101
129 102
129 103
129 104
129 105
129 106
129 107
129 124
129 125
129 126
129 127
129 128
129 130
129 131
129 224
130 104
130 105
130 106
130 107
130 124
130 125
130 128
130 129
130 131
130 132
130 223
130 224
130 225
130 226
131 106
131 107
131 108
131 109
131 120
131 121
131 122
131 124
131 125
131 129
131 130
131 132
131 133
131 224
131 225
131 226
132 106
132 107
132 108
132 109
132 121
132 130
132 131
132 133
132 134
132 150
132 152
132 225
132 226
132 227
132 228
132 273
133 108
133 109
133 110
133 131
133 132
133 134
133 135
133 226
133 227
133 228
133 272
133 273
133 274
134 108
134 109
134 110
134 111
134 132
134 133
134 135
134 136
134 138
134 143
134 146
134 228
134 273
135 110
135 111
135 133
135 134
135 136
135 137
135 138
135 271
135 273
135 643
136 110
136 111
136 112
136 134
136 135
136 137
136 138
136 162
137 135
137 136
137 138
137 139
137 637
137 643
138 134
138 135
138 136
138 137
138 139
138 140
138 142
138 143
139 137
139 138
139 140
139 141
139 142
139 143
139 165
140 138
140 139
140 141
140 142
140 143
140 144
140 165
140 166
140 168
140 169
141 139
141 140
141 142
141 143
141 144
141 145
141 169
142 138
142 139
142 140
142 141
142 143
142 144
142 145
142 146
142 236
143 134
143 138
143 139
143 140
143 141
143 142
143 144
143 145
143 146
143 147
143 166
144 140
144 141
144 142
144 143
144 145
144 146
144 147
144 148
144 166
144 169
144 173
144 174
145 141
145 142
145 143
145 144
145 146
145 147
145 148
145 149
146 134
146 142
146 143
146 144
146 145
146 147
146 148
146 149
146 150
146 152
146 228
146 236
147 106
147 108
147 143
147 144
147 145
147 146
147 148
147 149
147 150
147 151
147 152
147 174
147 176
147 177
148 144
148 145
148 146
148 147
148 149
148 150
148 151
148 152
148 173
148 174
148 175
148 176
149 145
149 146
149 147
149 148
149 150
149 151
149 152
150 105
150 106
150 132
150 146
150 147
150 148
150 149
150 151
150 152
150 226
150 238
151 105
151 106
151 147
151 148
151 149
151 150
151 152
151 153
151 176
151 177
152 105
152 106
152 107
152 108
152 132
152 146
152 147
152 148
152 149
152 150
152 151
152 153
152 154
152 155
152 176
152 177
153 100
153 101
153 102
153 105
153 106
153 107
153 108
153 151
153 152
153 154
153 155
153 176
153 177
153 178
153 179
154 96
154 99
154 101
154 106
154 107
154 108
154 152
154 153
154 155
154 156
154 177
154 178
154 179
154 180
154 181
155 107
155 108
155 109
155 110
155 152
155 153
155 154
155 156
155 157
155 177
155 179
155 180
155 181
156 107
156 108
156 109
156 110
156 111
156 117
156 120
156 154
156 155
156 157
156 158
156 180
156 181
156 182
156 183
157 109
157 110
157 111
157 155
157 156
157 158
157 159
157 162
157 163
157 180
157 181
157 182
157 183
158 110
158 111
158 112
158 156
158 157
158 159
158 160
158 162
158 163
158 182
158 183
158 184
159 111
159 157
159 158
159 160
159 161
159 162
159 163
159 182
159 183
159 184
159 185
159 186
159 187
160 158
160 159
160 161
160 162
160 163
160 164
160 182
160 185
160 186
160 187
161 159
161 160
161 162
161 163
161 164
161 165
162 110
162 111
162 136
162 157
162 158
162 159
162 160
162 161
162 163
162 164
162 165
162 166
163 157
163 158
163 159
163 160
163 161
163 162
163 164
163 165
163 166
163 167
163 182
164 160
164 161
164 162
164 163
164 165
164 166
164 167
164 168
165 139
165 140
165 161
165 162
165 163
165 164
165 166
165 167
165 168
165 169
166 140
166 143
166 144
166 162
166 163
166 164
166 165
166 167
166 168
166 169
167 163
167 164
167 165
167 166
167 168
167 169
167 170
167 171
168 140
168 164
168 165
168 166
168 167
168 169
168 170
169 140
169 141
169 144
169 165
169 166
169 167
169 168
169 170
169 171
169 173
169 174
170 167
170 168
170 169
170 171
170 172
170 173
170 174
171 167
171 169
171 170
171 172
171 173
171 174
171 175
172 170
172 171
172 173
172 174
172 175
173 144
173 148
173 169
173 170
173 171
173 172
173 174
173 175
174 144
174 147
174 148
174 169
174 170
174 171
174 172
174 173
174 175
174 176
174 177
175 148
175 171
175 172
175 173
175 174
175 176
175 177
175 178
176 147
176 148
176 151
176 152
176 153
176 174
176 175
176 177
176 178
177 147
177 151
177 152
177 153
177 154
177 155
177 174
177 175
177 176
177 178
177 179
177 180
178 99
178 100
178 153
178 154
178 175
178 176
178 177
178 179
178 180
178 192
179 99
179 153
179 154
179 155
179 177
179 178
179 180
179 181
179 192
179 193
179 194
180 154
180 155
180 156
180 157
180 177
180 178
180 179
180 181
180 182
180 192
180 193
180 194
181 154
181 155
181 156
181 157
181 179
181 180
181 182
181 183
181 193
181 194
181 195
181 196
181 199
182 156
182 157
182 158
182 159
182 160
182 163
182 180
182 181
182 183
182 184
182 185
182 187
182 193
182 194
182 195
182 196
183 116
183 156
183 157
183 158
183 159
183 181
183 182
183 184
183 185
183 195
183 196
184 158
184 159
184 182
184 183
184 185
184 186
184 187
184 195
184 196
185 159
185 160
185 182
185 183
185 184
185 186
185 187
185 195
186 159
186 160
186 184
186 185
186 187
186 188
187 159
187 160
187 182
187 184
187 185
187 186
187 188
187 189
187 195
188 186
188 187
188 189
188 190
189 187
189 188
189 190
189 191
189 193
189 194
189 195
190 188
190 189
190 191
190 192
190 193
190 194
191 189
191 190
191 192
191 193
192 178
192 179
192 180
192 190
192 191
192 193
192 194
193 179
193 180
193 181
193 182
193 189
193 190
193 191
193 192
193 194
193 195
194 179
194 180
194 181
194 182
194 189
194 190
194 192
194 193
194 195
194 196
194 198
194 199
195 181
195 182
195 183
195 184
195 185
195 187
195 189
195 193
195 194
195 196
195 197
195 198
195 199
196 116
196 181
196 182
196 183
196 184
196 194
196 195
196 197
196 198
196 199
196 200
197 195
197 196
197 198
197 199
197 200
197 201
198 194
198 195
198 196
198 197
198 199
198 200
198 201
198 202
199 92
199 95
199 181
199 194
199 195
199 196
199 197
199 198
199 200
199 201
199 202
199 203
200 91
200 92
200 95
200 196
200 197
200 198
200 199
200 201
200 202
200 203
201 91
201 95
201 197
201 198
201 199
201 200
201 202
201 203
201 204
202 94
202 95
202 98
202 198
202 199
202 200
202 201
202 203
202 204
202 205
203 91
203 92
203 93
203 94
203 95
203 96
203 97
203 98
203 199
203 200
203 201
203 202
203 204
203 205
203 206
204 91
204 94
204 95
204 201
204 202
204 203
204 205
204 206
204 207
205 98
205 202
205 203
205 204
205 206
205 207
206 94
206 95
206 97
206 98
206 203
206 204
206 205
206 207
206 208
206 210
206 211
207 204
207 205
207 206
207 208
207 209
207 210
207 211
208 206
208 207
208 209
208 210
208 211
208 212
209 207
209 208
209 210
209 211
209 212
209 213
210 206
210 207
210 208
210 209
210 211
210 212
210 213
210 214
211 90
211 93
211 94
211 126
211 127
211 206
211 207
211 208
211 209
211 210
211 212
211 213
211 214
211 215
212 208
212 209
212 210
212 211
212 213
212 214
212 215
212 216
213 209
213 210
213 211
213 212
213 214
213 215
213 216
213 217
214 126
214 127
214 128
214 210
214 211
214 212
214 213
214 215
214 216
214 217
214 218
215 53
215 126
215 127
215 128
215 211
215 212
215 213
215 214
215 216
215 217
215 218
216 212
216 213
216 214
216 215
216 217
216 218
217 213
217 214
217 215
217 216
217 218
217 219
218 51
218 128
218 214
218 215
218 216
218 217
218 219
218 220
218 222
219 50
219 51
219 217
219 218
219 220
219 221
219 222
219 243
220 49
220 50
220 51
220 52
220 218
220 219
220 221
220 222
220 242
220 243
220 244
221 34
221 35
221 36
221 37
221 219
221 220
221 222
221 223
221 242
221 243
221 244
222 31
222 32
222 33
222 34
222 35
222 218
222 219
222 220
222 221
222 223
222 224
222 242
222 243
223 31
223 32
223 33
223 34
223 104
223 130
223 221
223 222
223 224
223 225
223 226
223 240
223 241
223 242
223 243
223 472
224 104
224 125
224 128
224 129
224 130
224 131
224 222
224 223
224 225
224 226
224 240
224 241
224 242
224 243
225 130
225 131
225 132
225 223
225 224
225 226
225 227
225 240
225 241
225 242
225 243
226 130
226 131
226 132
226 133
226 150
226 223
226 224
226 225
226 227
226 228
226 238
226 239
226 240
226 241
227 132
227 133
227 225
227 226
227 228
227 229
227 237
227 238
227 239
227 240
227 241
227 273
227 274
227 275
227 422
228 132
228 133
228 134
228 146
228 226
228 227
228 229
228 230
228 236
228 237
228 238
228 239
228 273
228 274
229 227
229 228
229 230
229 231
229 236
229 237
229 238
229 239
229 422
230 228
230 229
230 231
230 232
230 234
230 235
230 236
230 237
231 229
231 230
231 232
231 233
231 234
231 235
231 236
231 237
232 230
232 231
232 233
232 234
232 235
233 231
233 232
233 234
233 235
234 230
234 231
234 232
234 233
234 235
234 236
235 230
235 231
235 232
235 233
235 234
235 236
235 237
236 142
236 146
236 228
236 229
236 230
236 231
236 234
236 235
236 237
236 238
237 227
237 228
237 229
237 230
237 231
237 235
237 236
237 238
237 239
237 474
237 475
238 150
238 226
238 227
238 228
238 229
238 236
238 237
238 239
238 240
238 474
238 475
239 226
239 227
239 228
239 229
239 237
239 238
239 240
239 241
239 422
239 423
239 471
239 472
239 473
239 474
239 475
240 31
240 223
240 224
240 225
240 226
240 227
240 238
240 239
240 241
240 242
240 423
240 471
240 472
240 473
240 474
240 475
241 223
241 224
241 225
241 226
241 227
241 239
241 240
241 242
241 243
241 245
241 246
241 423
241 425
241 471
241 472
242 220
242 221
242 222
242 223
242 224
242 225
242 240
242 241
242 243
242 244
242 245
242 246
242 471
242 472
243 50
243 51
243 52
243 219
243 220
243 221
243 222
243 223
243 224
243 225
243 241
243 242
243 244
243 245
243 246
243 247
244 37
244 49
244 50
244 51
244 52
244 220
244 221
244 242
244 243
244 245
244 246
244 247
244 248
244 468
244 469
245 241
245 242
245 243
245 244
245 246
245 247
245 248
245 249
245 425
245 468
245 469
245 470
245 471
246 52
246 241
246 242
246 243
246 244
246 245
246 247
246 248
246 249
246 250
246 279
246 283
246 425
246 469
247 50
247 51
247 52
247 55
247 243
247 244
247 245
247 246
247 248
247 249
247 250
247 251
247 283
248 49
248 244
248 245
248 246
248 247
248 249
248 250
248 251
248 252
248 468
248 469
249 245
249 246
249 247
249 248
249 250
249 251
249 252
249 253
249 425
249 427
249 468
249 469
250 246
250 247
250 248
250 249
250 251
250 252
250 253
250 254
250 279
250 283
250 284
250 287
251 247
251 248
251 249
251 250
251 252
251 253
251 254
251 255
251 284
251 287
252 44
252 248
252 249
252 250
252 251
252 253
252 254
252 255
252 256
252 445
252 446
252 447
253 249
253 250
253 251
253 252
253 254
253 255
253 256
253 257
253 284
253 427
253 445
254 250
254 251
254 252
254 253
254 255
254 256
254 257
254 258
254 259
254 284
254 287
254 288
255 251
255 252
255 253
255 254
255 256
255 257
255 258
255 259
256 252
256 253
256 254
256 255
256 257
256 258
256 259
256 430
256 432
256 445
256 446
257 253
257 254
257 255
257 256
257 258
257 259
257 392
257 430
257 432
258 254
258 255
258 256
258 257
258 259
258 260
259 254
259 255
259 256
259 257
259 258
259 260
259 261
259 264
259 288
260 258
260 259
260 261
260 262
260 263
260 264
260 288
261 259
261 260
261 262
261 263
261 264
261 288
261 289
261 290
262 63
262 66
262 260
262 261
262 263
262 264
262 288
262 289
262 290
262 291
263 260
263 261
263 262
263 264
263 265
263 289
263 290
263 291
264 259
264 260
264 261
264 262
264 263
264 265
264 266
264 285
264 288
264 289
264 290
264 291
264 313
264 314
264 315
265 263
265 264
265 266
265 267
265 290
265 291
265 292
265 293
265 312
265 313
265 314
265 315
266 264
266 265
266 267
266 268
266 280
266 281
266 290
266 291
266 292
266 293
266 313
266 314
266 315
266 316
267 265
267 266
267 268
267 269
267 281
267 292
267 293
267 294
267 295
267 308
267 311
267 313
267 316
268 113
268 266
268 267
268 269
268 270
268 277
268 281
268 292
268 293
268 294
268 295
269 112
269 113
269 267
269 268
269 270
269 271
269 294
269 295
269 296
269 297
269 299
269 300
270 113
270 268
270 269
270 271
270 272
270 277
270 318
271 112
271 113
271 135
271 269
271 270
271 272
271 273
271 274
271 277
271 643
271 644
272 112
272 113
272 133
272 270
272 271
272 273
272 274
272 275
272 277
272 278
273 132
273 133
273 134
273 135
273 227
273 228
273 271
273 272
273 274
273 275
273 277
273 278
274 133
274 227
274 228
274 271
274 272
274 273
274 275
274 276
274 277
274 278
274 422
275 227
275 272
275 273
275 274
275 276
275 277
275 278
275 279
275 422
275 425
275 426
276 274
276 275
276 277
276 278
276 279
276 280
276 422
276 425
276 426
276 427
277 268
277 270
277 271
277 272
277 273
277 274
277 275
277 276
277 278
277 279
277 280
277 281
277 282
278 272
278 273
278 274
278 275
278 276
278 277
278 279
278 280
278 281
278 282
278 283
279 246
279 250
279 275
279 276
279 277
279 278
279 280
279 281
279 282
279 283
279 284
279 426
280 266
280 276
280 277
280 278
280 279
280 281
280 282
280 283
280 284
280 285
280 317
281 266
281 267
281 268
281 277
281 278
281 279
281 280
281 282
281 283
281 284
281 285
281 292
282 118
282 277
282 278
282 279
282 280
282 281
282 283
282 284
282 285
282 286
282 292
283 246
283 247
283 250
283 278
283 279
283 280
283 281
283 282
283 284
283 285
283 286
283 287
284 250
284 251
284 253
284 254
284 279
284 280
284 281
284 282
284 283
284 285
284 286
284 287
284 288
284 290
285 68
285 264
285 280
285 281
285 282
285 283
285 284
285 286
285 287
285 288
285 289
285 290
285 291
285 292
286 55
286 56
286 59
286 282
286 283
286 284
286 285
286 287
286 288
286 289
286 290
287 55
287 56
287 59
287 250
287 251
287 254
287 283
287 284
287 285
287 286
287 288
287 289
287 290
288 59
288 254
288 259
288 260
288 261
288 262
288 264
288 284
288 285
288 286
288 287
288 289
288 290
289 59
289 62
289 63
289 66
289 67
289 68
289 82
289 261
289 262
289 263
289 264
289 285
289 286
289 287
289 288
289 290
289 291
290 67
290 68
290 261
290 262
290 263
290 264
290 265
290 266
290 284
290 285
290 286
290 287
290 288
290 289
290 291
290 292
291 67
291 68
291 69
291 70
291 262
291 263
291 264
291 265
291 266
291 285
291 289
291 290
291 292
291 293
292 68
292 69
292 70
292 265
292 266
292 267
292 268
292 281
292 282
292 285
292 290
292 291
292 293
292 294
293 69
293 70
293 71
293 265
293 266
293 267
293 268
293 291
293 292
293 294
293 295
293 311
294 69
294 70
294 71
294 72
294 113
294 114
294 115
294 267
294 268
294 269
294 292
294 293
294 295
294 296
295 113
295 267
295 268
295 269
295 293
295 294
295 296
295 297
295 299
295 304
295 307
296 72
296 269
296 294
296 295
296 297
296 298
296 299
296 303
296 304
296 307
297 112
297 113
297 269
297 295
297 296
297 298
297 299
297 300
298 296
298 297
298 299
298 300
298 301
298 302
298 303
298 304
299 269
299 295
299 296
299 297
299 298
299 300
299 301
299 302
299 303
299 304
299 305
299 307
300 269
300 297
300 298
300 299
300 301
300 302
300 303
300 304
301 298
301 299
301 300
301 302
301 303
301 304
301 564
301 565
301 567
302 298
302 299
302 300
302 301
302 303
302 304
302 305
302 564
303 296
303 298
303 299
303 300
303 301
303 302
303 304
303 305
303 306
303 307
304 295
304 296
304 298
304 299
304 300
304 301
304 302
304 303
304 305
304 306
304 307
304 308
305 299
305 302
305 303
305 304
305 306
305 307
305 308
305 309
305 385
305 386
306 303
306 304
306 305
306 307
306 308
306 309
306 310
306 386
307 295
307 296
307 299
307 303
307 304
307 305
307 306
307 308
307 309
307 310
307 311
307 386
308 267
308 304
308 305
308 306
308 307
308 309
308 310
308 311
308 312
308 313
308 385
308 386
308 387
309 305
309 306
309 307
309 308
309 310
309 311
309 312
309 383
309 384
309 385
309 386
309 387
310 306
310 307
310 308
310 309
310 311
310 312
310 386
311 267
311 293
311 307
311 308
311 309
311 310
311 312
311 313
311 386
312 265
312 308
312 309
312 310
312 311
312 313
312 314
312 386
312 387
312 388
312 389
312 390
313 264
313 265
313 266
313 267
313 308
313 311
313 312
313 314
313 315
313 316
313 386
313 387
313 389
313 390
314 264
314 265
314 266
314 312
314 313
314 315
314 316
314 387
314 389
314 390
314 391
314 392
315 264
315 265
315 266
315 313
315 314
315 316
315 317
315 390
315 391
315 392
315 393
315 394
316 266
316 267
316 313
316 314
316 315
316 317
316 318
316 390
316 392
316 393
316 394
317 280
317 315
317 316
317 318
317 319
317 393
317 394
317 395
317 396
318 270
318 316
318 317
318 319
318 320
318 321
318 322
318 323
318 394
318 395
318 396
319 317
319 318
319 320
319 321
319 322
319 323
319 395
319 396
319 397
319 398
319 644
320 318
320 319
320 321
320 322
320 323
320 324
320 395
320 396
320 398
320 399
320 400
320 401
321 318
321 319
321 320
321 322
321 323
321 324
321 325
321 645
322 318
322 319
322 320
322 321
322 323
322 324
322 325
322 326
323 318
323 319
323 320
323 321
323 322
323 324
323 325
323 326
323 327
323 404
324 320
324 321
324 322
324 323
324 325
324 326
324 327
324 328
324 404
325 321
325 322
325 323
325 324
325 326
325 327
325 328
325 329
326 322
326 323
326 324
326 325
326 327
326 328
326 329
326 330
327 323
327 324
327 325
327 326
327 328
327 329
327 330
327 331
327 404
327 407
327 408
328 324
328 325
328 326
328 327
328 329
328 330
328 331
328 332
329 325
329 326
329 327
329 328
329 330
329 331
329 332
329 333
330 326
330 327
330 328
330 329
330 331
330 332
330 333
330 334
330 381
331 327
331 328
331 329
331 330
331 332
331 333
331 334
331 335
332 328
332 329
332 330
332 331
332 333
332 334
332 335
332 336
333 329
333 330
333 331
333 332
333 334
333 335
333 336
333 337
334 330
334 331
334 332
334 333
334 335
334 336
334 337
334 342
334 345
335 331
335 332
335 333
335 334
335 336
335 337
335 338
335 342
336 332
336 333
336 334
336 335
336 337
336 338
337 333
337 334
337 335
337 336
337 338
337 339
337 341
337 342
338 335
338 336
338 337
338 339
338 340
338 341
338 342
339 337
339 338
339 340
339 341
339 342
339 343
340 338
340 339
340 341
340 342
340 343
340 344
341 337
341 338
341 339
341 340
341 342
341 343
341 344
341 345
342 334
342 335
342 337
342 338
342 339
342 340
342 341
342 343
342 344
342 345
342 346
343 339
343 340
343 341
343 342
343 344
343 345
343 346
343 347
344 340
344 341
344 342
344 343
344 345
344 346
344 347
344 348
344 376
344 377
345 334
345 341
345 342
345 343
345 344
345 346
345 347
345 348
345 349
345 377
346 342
346 343
346 344
346 345
346 347
346 348
346 349
346 350
347 343
347 344
347 345
347 346
347 348
347 349
347 350
347 351
347 373
348 344
348 345
348 346
348 347
348 349
348 350
348 351
348 352
348 370
348 373
348 374
348 377
348 378
348 410
348 411
349 345
349 346
349 347
349 348
349 350
349 351
349 352
349 353
349 373
349 410
349 411
350 346
350 347
350 348
350 349
350 351
350 352
350 353
350 354
350 410
351 347
351 348
351 349
351 350
351 352
351 353
351 354
351 355
351 369
351 370
351 373
351 410
352 348
352 349
352 350
352 351
352 353
352 354
352 355
352 356
352 370
352 373
352 409
352 410
352 411
352 412
353 349
353 350
353 351
353 352
353 354
353 355
353 356
353 357
353 406
353 409
353 410
353 411
353 412
354 350
354 351
354 352
354 353
354 355
354 356
354 357
354 358
354 410
355 351
355 352
355 353
355 354
355 356
355 357
355 358
355 359
355 364
355 365
355 366
355 370
356 352
356 353
356 354
356 355
356 357
356 358
356 359
356 360
356 409
356 410
356 412
357 353
357 354
357 355
357 356
357 358
357 359
357 360
357 361
357 409
358 354
358 355
358 356
358 357
358 359
358 360
358 361
358 362
358 363
358 364
359 355
359 356
359 357
359 358
359 360
359 361
359 362
359 363
359 364
359 365
360 356
360 357
360 358
360 359
360 361
360 362
360 363
360 435
360 436
360 437
361 357
361 358
361 359
361 360
361 362
361 363
362 358
362 359
362 360
362 361
362 363
362 364
363 358
363 359
363 360
363 361
363 362
363 364
363 365
364 355
364 358
364 359
364 362
364 363
364 365
364 366
365 355
365 359
365 363
365 364
365 366
365 367
366 355
366 364
366 365
366 367
366 368
366 370
366 371
367 365
367 366
367 368
367 369
367 370
367 371
368 366
368 367
368 369
368 370
368 371
368 372
369 351
369 367
369 368
369 370
369 371
369 372
369 373
370 348
370 351
370 352
370 355
370 366
370 367
370 368
370 369
370 371
370 372
370 373
370 374
371 366
371 367
371 368
371 369
371 370
371 372
371 373
371 374
371 375
372 368
372 369
372 370
372 371
372 373
372 374
372 375
372 376
373 347
373 348
373 349
373 351
373 352
373 369
373 370
373 371
373 372
373 374
373 375
373 376
373 377
373 378
374 348
374 370
374 371
374 372
374 373
374 375
374 376
374 377
374 378
374 379
374 412
375 371
375 372
375 373
375 374
375 376
375 377
375 378
375 379
375 380
376 344
376 372
376 373
376 374
376 375
376 377
376 378
376 379
376 380
377 344
377 345
377 348
377 373
377 374
377 375
377 376
377 378
377 379
377 380
377 381
377 411
378 348
378 373
378 374
378 375
378 376
378 377
378 379
378 380
378 381
378 382
378 411
378 412
379 374
379 375
379 376
379 377
379 378
379 380
379 381
379 382
379 383
379 388
380 375
380 376
380 377
380 378
380 379
380 381
380 382
380 383
380 384
381 330
381 377
381 378
381 379
381 380
381 382
381 383
381 384
381 385
381 411
382 378
382 379
382 380
382 381
382 383
382 384
382 385
382 386
382 387
382 388
383 309
383 379
383 380
383 381
383 382
383 384
383 385
383 386
383 387
383 388
384 309
384 380
384 381
384 382
384 383
384 385
384 386
384 387
385 305
385 308
385 309
385 381
385 382
385 383
385 384
385 386
385 387
385 388
386 305
386 306
386 307
386 308
386 309
386 310
386 311
386 312
386 313
386 382
386 383
386 384
386 385
386 387
386 388
386 389
387 308
387 309
387 312
387 313
387 314
387 382
387 383
387 384
387 385
387 386
387 388
387 389
387 390
388 312
388 379
388 382
388 383
388 385
388 386
388 387
388 389
388 390
389 312
389 313
389 314
389 386
389 387
389 388
389 390
389 391
390 312
390 313
390 314
390 315
390 316
390 387
390 388
390 389
390 391
390 392
390 393
391 314
391 315
391 389
391 390
391 392
391 393
392 257
392 314
392 315
392 316
392 390
392 391
392 393
392 394
392 415
392 416
392 432
392 433
393 315
393 316
393 317
393 390
393 391
393 392
393 394
393 395
393 413
393 414
393 415
393 416
394 315
394 316
394 317
394 318
394 392
394 393
394 395
394 396
394 415
394 416
394 417
394 418
394 431
395 317
395 318
395 319
395 320
395 393
395 394
395 396
395 397
395 398
395 400
395 415
395 416
395 417
395 418
396 317
396 318
396 319
396 320
396 394
396 395
396 397
396 398
396 399
396 417
396 418
396 419
397 319
397 395
397 396
397 398
397 399
397 419
397 420
397 644
397 646
398 319
398 320
398 395
398 396
398 397
398 399
398 400
398 646
399 320
399 396
399 397
399 398
399 400
399 401
399 417
399 439
400 320
400 395
400 398
400 399
400 401
400 402
400 404
400 405
400 417
400 439
401 320
401 399
401 400
401 402
401 403
401 404
401 405
401 439
401 530
402 400
402 401
402 403
402 404
402 405
402 406
402 438
402 439
403 401
403 402
403 404
403 405
403 406
403 407
403 534
404 323
404 324
404 327
404 400
404 401
404 402
404 403
404 405
404 406
404 407
404 408
405 400
405 401
405 402
405 403
405 404
405 406
405 407
405 408
405 409
405 414
405 415
405 438
405 439
406 353
406 402
406 403
406 404
406 405
406 407
406 408
406 409
406 410
406 438
407 327
407 403
407 404
407 405
407 406
407 408
407 409
407 410
407 411
408 327
408 404
408 405
408 406
408 407
408 409
408 410
408 411
408 412
408 413
408 414
408 415
409 352
409 353
409 356
409 357
409 405
409 406
409 407
409 408
409 410
409 411
409 412
409 413
409 414
409 415
410 348
410 349
410 350
410 351
410 352
410 353
410 354
410 356
410 406
410 407
410 408
410 409
410 411
410 412
410 413
411 348
411 349
411 352
411 353
411 377
411 378
411 381
411 407
411 408
411 409
411 410
411 412
411 413
412 352
412 353
412 356
412 374
412 378
412 408
412 409
412 410
412 411
412 413
412 414
413 393
413 408
413 409
413 410
413 411
413 412
413 414
413 415
414 393
414 405
414 408
414 409
414 412
414 413
414 415
414 416
414 433
414 436
415 392
415 393
415 394
415 395
415 405
415 408
415 409
415 413
415 414
415 416
415 417
416 392
416 393
416 394
416 395
416 414
416 415
416 417
416 418
416 430
416 431
416 432
416 436
416 437
416 438
416 440
416 441
416 442
417 394
417 395
417 396
417 399
417 400
417 415
417 416
417 418
417 419
417 430
417 431
417 439
417 440
417 441
417 442
418 394
418 395
418 396
418 416
418 417
418 419
418 420
418 427
418 428
418 429
418 430
418 431
418 441
418 442
419 396
419 397
419 417
419 418
419 420
419 421
419 427
419 428
419 429
419 430
419 441
419 442
420 397
420 418
420 419
420 421
420 422
420 424
420 425
420 426
420 427
420 428
420 429
421 419
421 420
421 422
421 423
421 424
421 425
421 426
421 427
421 428
421 493
422 227
422 229
422 239
422 274
422 275
422 276
422 420
422 421
422 423
422 424
422 425
422 426
422 471
423 239
423 240
423 241
423 421
423 422
423 424
423 425
423 426
423 470
423 471
423 473
423 491
424 420
424 421
424 422
424 423
424 425
424 426
424 427
424 428
424 465
424 469
424 470
424 471
425 241
425 245
425 246
425 249
425 275
425 276
425 420
425 421
425 422
425 423
425 424
425 426
425 427
425 469
425 470
425 471
426 275
426 276
426 279
426 420
426 421
426 422
426 423
426 424
426 425
426 427
426 428
427 249
427 253
427 276
427 418
427 419
427 420
427 421
427 424
427 425
427 426
427 428
427 429
427 430
428 418
428 419
428 420
428 421
428 424
428 426
428 427
428 429
428 430
428 444
428 445
428 448
428 465
429 418
429 419
429 420
429 427
429 428
429 430
429 431
429 441
429 442
429 443
429 444
429 445
429 505
430 256
430 257
430 416
430 417
430 418
430 419
430 427
430 428
430 429
430 431
430 432
430 441
430 442
430 443
430 444
430 445
431 394
431 416
431 417
431 418
431 429
431 430
431 432
431 433
431 435
431 436
431 437
431 440
431 441
431 442
431 443
432 256
432 257
432 392
432 416
432 430
432 431
432 433
432 434
432 435
432 436
432 442
433 392
433 414
433 431
433 432
433 434
433 435
433 436
434 432
434 433
434 435
434 436
435 360
435 431
435 432
435 433
435 434
435 436
435 437
435 442
435 443
436 360
436 414
436 416
436 431
436 432
436 433
436 434
436 435
436 437
436 438
436 440
436 442
437 360
437 416
437 431
437 435
437 436
437 438
437 439
437 440
437 442
437 504
438 402
438 405
438 406
438 416
438 436
438 437
438 439
438 440
439 399
439 400
439 401
439 402
439 405
439 417
439 437
439 438
439 440
439 441
439 506
440 416
440 417
440 431
440 436
440 437
440 438
440 439
440 441
440 442
440 504
440 505
440 506
440 507
441 416
441 417
441 418
441 419
441 429
441 430
441 431
441 439
441 440
441 442
441 443
441 504
441 505
441 506
441 507
442 416
442 417
442 418
442 419
442 429
442 430
442 431
442 432
442 435
442 436
442 437
442 440
442 441
442 443
442 444
442 504
442 505
442 506
443 429
443 430
443 431
443 435
443 441
443 442
443 444
443 445
443 503
443 504
443 505
444 428
444 429
444 430
444 442
444 443
444 445
444 446
444 448
444 449
444 450
444 503
444 504
444 505
445 252
445 253
445 256
445 428
445 429
445 430
445 443
445 444
445 446
445 447
445 448
446 43
446 44
446 252
446 256
446 444
446 445
446 447
446 448
447 40
447 43
447 44
447 45
447 252
447 445
447 446
447 448
447 449
447 467
448 45
448 428
448 444
448 445
448 446
448 447
448 449
448 450
448 465
448 466
448 467
448 468
449 444
449 447
449 448
449 450
449 451
449 465
449 466
449 467
450 444
450 448
450 449
450 451
450 452
450 463
450 464
450 465
450 466
451 449
451 450
451 452
451 453
451 462
451 463
451 464
451 465
452 450
452 451
452 453
452 454
452 455
452 460
452 461
452 462
452 463
452 464
452 497
452 498
453 451
453 452
453 454
453 455
453 461
453 462
453 463
453 464
454 452
454 453
454 455
454 456
454 461
454 462
455 452
455 453
455 454
455 456
455 457
455 458
455 459
455 460
455 461
455 462
456 454
456 455
456 457
456 458
456 459
456 460
456 461
457 455
457 456
457 458
457 459
457 460
458 455
458 456
458 457
458 459
458 460
459 455
459 456
459 457
459 458
459 460
459 461
459 498
459 499
460 452
460 455
460 456
460 457
460 458
460 459
460 461
460 462
460 496
460 497
460 498
460 508
461 452
461 453
461 454
461 455
461 456
461 459
461 460
461 462
461 463
461 496
461 497
461 498
462 451
462 452
462 453
462 454
462 455
462 460
462 461
462 463
462 464
462 492
462 493
462 494
462 495
462 496
462 497
462 511
463 450
463 451
463 452
463 453
463 461
463 462
463 464
463 465
463 492
463 493
463 494
463 495
463 496
463 497
464 450
464 451
464 452
464 453
464 462
464 463
464 465
464 466
464 490
464 491
464 492
464 493
465 424
465 428
465 448
465 449
465 450
465 451
465 463
465 464
465 466
465 467
465 470
465 490
465 491
465 492
465 493
466 448
466 449
466 450
466 464
466 465
466 467
466 468
466 469
466 470
466 489
466 490
466 491
467 38
467 39
467 45
467 447
467 448
467 449
467 465
467 466
467 468
467 469
467 470
468 37
468 38
468 39
468 45
468 244
468 245
468 248
468 249
468 448
468 466
468 467
468 469
468 470
469 244
469 245
469 246
469 248
469 249
469 424
469 425
469 466
469 467
469 468
469 470
469 471
470 245
470 423
470 424
470 425
470 465
470 466
470 467
470 468
470 469
470 471
470 472
470 491
471 27
471 239
471 240
471 241
471 242
471 245
471 422
471 423
471 424
471 425
471 469
471 470
471 472
471 473
472 26
472 27
472 28
472 29
472 35
472 223
472 239
472 240
472 241
472 242
472 470
472 471
472 473
472 474
473 27
473 28
473 29
473 239
473 240
473 423
473 471
473 472
473 474
473 475
473 477
473 478
473 481
473 485
474 28
474 29
474 237
474 238
474 239
474 240
474 472
474 473
474 475
474 476
474 477
474 478
474 480
474 481
475 29
475 30
475 31
475 237
475 238
475 239
475 240
475 473
475 474
475 476
475 477
476 29
476 30
476 474
476 475
476 477
476 478
477 29
477 473
477 474
477 475
477 476
477 478
477 479
477 480
477 481
478 28
478 29
478 473
478 474
478 476
478 477
478 479
478 480
478 481
478 482
479 477
479 478
479 480
479 481
479 482
479 483
480 474
480 477
480 478
480 479
480 481
480 482
480 483
480 484
481 27
481 28
481 29
481 473
481 474
481 477
481 478
481 479
481 480
481 482
481 483
481 484
481 485
482 478
482 479
482 480
482 481
482 483
482 484
482 485
482 486
483 479
483 480
483 481
483 482
483 484
483 485
483 486
483 492
484 480
484 481
484 482
484 483
484 485
484 486
484 491
484 492
484 493
485 27
485 473
485 481
485 482
485 483
485 484
485 486
485 487
485 488
485 489
485 490
485 491
485 492
486 482
486 483
486 484
486 485
486 487
486 488
486 489
486 490
486 491
486 492
487 485
487 486
487 488
487 489
487 490
488 485
488 486
488 487
488 489
488 490
489 26
489 466
489 485
489 486
489 487
489 488
489 490
489 491
490 464
490 465
490 466
490 485
490 486
490 487
490 488
490 489
490 491
490 492
491 423
491 464
491 465
491 466
491 470
491 484
491 485
491 486
491 489
491 490
491 492
491 493
492 462
492 463
492 464
492 465
492 483
492 484
492 485
492 486
492 490
492 491
492 493
492 494
493 421
493 462
493 463
493 464
493 465
493 484
493 491
493 492
493 494
493 495
494 462
494 463
494 492
494 493
494 495
494 496
494 510
494 511
494 512
495 462
495 463
495 493
495 494
495 496
495 497
495 507
495 508
495 509
495 510
495 511
496 460
496 461
496 462
496 463
496 494
496 495
496 497
496 498
496 507
496 508
496 509
496 510
496 511
497 452
497 460
497 461
497 462
497 463
497 495
497 496
497 498
497 499
497 505
497 506
497 507
497 508
497 509
498 452
498 459
498 460
498 461
498 496
498 497
498 499
498 500
498 505
498 506
498 507
498 508
499 459
499 497
499 498
499 500
499 501
499 502
499 503
499 504
499 505
499 506
500 498
500 499
500 501
500 502
500 503
500 504
500 505
501 499
501 500
501 502
501 503
501 504
502 499
502 500
502 501
502 503
502 504
503 443
503 444
503 499
503 500
503 501
503 502
503 504
503 505
504 437
504 440
504 441
504 442
504 443
504 444
504 499
504 500
504 501
504 502
504 503
504 505
504 506
505 429
505 440
505 441
505 442
505 443
505 444
505 497
505 498
505 499
505 500
505 503
505 504
505 506
505 507
506 439
506 440
506 441
506 442
506 497
506 498
506 499
506 504
506 505
506 507
506 508
507 440
507 441
507 495
507 496
507 497
507 498
507 505
507 506
507 508
507 509
508 460
508 495
508 496
508 497
508 498
508 506
508 507
508 509
508 510
508 524
508 526
508 527
509 495
509 496
509 497
509 507
509 508
509 510
509 511
509 513
509 514
509 524
509 525
509 526
509 527
510 494
510 495
510 496
510 508
510 509
510 511
510 512
510 513
510 514
510 524
511 462
511 494
511 495
511 496
511 509
511 510
511 512
511 513
511 514
512 494
512 510
512 511
512 513
512 514
513 509
513 510
513 511
513 512
513 514
513 515
513 524
513 525
513 649
514 509
514 510
514 511
514 512
514 513
514 515
514 516
514 522
514 523
514 524
514 525
515 513
515 514
515 516
515 517
515 521
515 522
515 523
515 524
515 525
515 545
515 546
515 547
515 548
516 514
516 515
516 517
516 518
516 519
516 520
516 521
516 522
516 523
516 546
516 547
516 548
517 515
517 516
517 518
517 519
517 520
517 521
517 522
517 523
517 546
517 547
517 548
517 549
517 550
517 551
517 552
517 621
518 516
518 517
518 519
518 520
518 521
518 547
518 548
518 549
518 550
518 551
519 516
519 517
519 518
519 520
519 521
519 550
520 516
520 517
520 518
520 519
520 521
520 522
521 515
521 516
521 517
521 518
521 519
521 520
521 522
521 523
521 621
522 514
522 515
522 516
522 517
522 520
522 521
522 523
522 524
523 514
523 515
523 516
523 517
523 521
523 522
523 524
523 525
523 621
523 622
524 508
524 509
524 510
524 513
524 514
524 515
524 522
524 523
524 525
524 526
524 527
524 528
525 509
525 513
525 514
525 515
525 523
525 524
525 526
525 527
525 528
525 529
525 543
525 544
526 508
526 509
526 524
526 525
526 527
526 528
526 529
526 530
527 508
527 509
527 524
527 525
527 526
527 528
527 529
527 530
527 531
528 524
528 525
528 526
528 527
528 529
528 530
528 531
528 532
528 544
528 613
528 622
529 525
529 526
529 527
529 528
529 530
529 531
529 532
529 533
529 542
529 543
529 544
530 401
530 526
530 527
530 528
530 529
530 531
530 532
530 533
530 534
530 542
531 527
531 528
531 529
531 530
531 532
531 533
531 534
531 535
531 613
532 528
532 529
532 530
532 531
532 533
532 534
532 535
532 536
532 542
532 609
532 610
532 613
533 529
533 530
533 531
533 532
533 534
533 535
533 536
533 537
533 538
533 539
533 540
533 541
533 542
534 403
534 530
534 531
534 532
534 533
534 535
534 536
534 537
535 531
535 532
535 533
535 534
535 536
535 537
535 609
535 610
535 612
535 613
536 532
536 533
536 534
536 535
536 537
536 538
536 539
536 605
536 606
536 609
536 610
537 533
537 534
537 535
537 536
537 538
537 539
537 540
537 577
537 580
538 533
538 536
538 537
538 539
538 540
538 558
538 559
538 576
538 577
538 580
539 533
539 536
539 537
539 538
539 540
539 541
539 542
539 556
539 557
539 558
539 559
540 533
540 537
540 538
540 539
540 541
540 542
540 556
540 557
540 558
540 559
540 560
540 633
541 533
541 539
541 540
541 542
541 543
541 556
541 557
541 558
541 633
541 634
542 529
542 530
542 532
542 533
542 539
542 540
542 541
542 543
542 544
542 554
542 555
542 556
542 557
543 525
543 529
543 541
543 542
543 544
543 545
543 554
543 555
543 556
543 649
544 525
544 528
544 529
544 542
544 543
544 545
544 546
544 552
544 553
544 554
544 555
545 515
545 543
545 544
545 546
545 547
545 552
545 553
545 554
545 555
545 653
545 660
546 515
546 516
546 517
546 544
546 545
546 547
546 548
546 549
546 550
546 551
546 552
546 553
547 515
547 516
547 517
547 518
547 545
547 546
547 548
547 549
548 515
548 516
548 517
548 518
548 546
548 547
548 549
548 550
549 517
549 518
549 546
549 547
549 548
549 550
549 551
549 552
549 664
550 517
550 518
550 519
550 546
550 548
550 549
550 551
550 552
551 517
551 518
551 546
551 549
551 550
551 552
551 553
551 621
551 623
551 624
551 625
552 517
552 544
552 545
552 546
552 549
552 550
552 551
552 553
552 554
552 621
552 622
552 623
552 624
552 625
552 626
553 544
553 545
553 546
553 551
553 552
553 554
553 555
553 624
553 625
553 626
553 627
553 660
553 663
554 542
554 543
554 544
554 545
554 552
554 553
554 555
554 556
554 624
554 626
554 627
554 628
555 542
555 543
555 544
555 545
555 553
555 554
555 556
555 557
555 627
555 628
555 629
555 630
555 660
556 539
556 540
556 541
556 542
556 543
556 554
556 555
556 557
556 558
556 627
556 628
556 629
556 630
557 539
557 540
557 541
557 542
557 555
557 556
557 558
557 559
557 629
557 630
557 631
557 632
557 633
557 634
558 538
558 539
558 540
558 541
558 556
558 557
558 559
558 560
558 573
558 577
558 591
558 629
558 630
558 632
558 633
559 538
559 539
559 540
559 557
559 558
559 560
559 561
559 573
559 574
559 576
559 577
559 633
560 540
560 558
560 559
560 561
560 562
560 569
560 570
560 571
560 572
560 573
560 574
560 577
560 590
560 591
560 633
561 559
561 560
561 562
561 563
561 569
561 570
561 571
561 572
561 573
561 574
562 560
562 561
562 563
562 564
562 567
562 568
562 569
562 570
563 561
563 562
563 564
563 565
563 566
563 567
563 568
563 569
563 570
564 301
564 302
564 562
564 563
564 565
564 566
564 567
564 568
565 301
565 563
565 564
565 566
565 567
566 563
566 564
566 565
566 567
566 568
567 301
567 562
567 563
567 564
567 565
567 566
567 568
567 569
567 635
567 636
567 637
568 562
568 563
568 564
568 566
568 567
568 569
568 570
568 635
568 636
568 637
568 638
569 560
569 561
569 562
569 563
569 567
569 568
569 570
569 571
569 632
569 633
569 634
569 635
570 560
570 561
570 562
570 563
570 568
570 569
570 571
570 572
570 573
570 632
571 560
571 561
571 569
571 570
571 572
571 573
571 590
571 591
571 592
571 631
571 632
572 560
572 561
572 570
572 571
572 573
572 574
572 589
572 590
572 591
573 558
573 559
573 560
573 561
573 570
573 571
573 572
573 574
573 575
573 577
573 578
573 589
573 590
573 591
574 559
574 560
574 561
574 572
574 573
574 575
574 576
574 577
574 578
575 573
575 574
575 576
575 577
575 578
575 579
576 538
576 559
576 574
576 575
576 577
576 578
576 579
576 580
577 537
577 538
577 558
577 559
577 560
577 573
577 574
577 575
577 576
577 578
577 579
577 580
577 581
578 573
578 574
578 575
578 576
578 577
578 579
578 580
578 581
578 582
578 588
578 589
579 575
579 576
579 577
579 578
579 580
579 581
579 582
579 583
580 537
580 538
580 576
580 577
580 578
580 579
580 581
580 582
580 583
580 584
581 577
581 578
581 579
581 580
581 582
581 583
581 584
581 585
581 586
581 587
581 588
581 589
581 601
581 602
582 578
582 579
582 580
582 581
582 583
582 584
582 585
582 586
582 587
582 588
583 579
583 580
583 581
583 582
583 584
583 585
583 586
584 580
584 581
584 582
584 583
584 585
584 586
584 601
584 602
584 605
585 581
585 582
585 583
585 584
585 586
585 587
585 601
586 581
586 582
586 583
586 584
586 585
586 587
586 588
586 599
586 601
586 602
587 581
587 582
587 585
587 586
587 588
587 589
588 578
588 581
588 582
588 586
588 587
588 589
588 590
588 591
588 593
588 594
588 599
589 572
589 573
589 578
589 581
589 587
589 588
589 590
589 591
589 593
590 560
590 571
590 572
590 573
590 588
590 589
590 591
590 592
590 593
590 594
591 558
591 560
591 571
591 572
591 573
591 588
591 589
591 590
591 592
591 593
591 594
591 595
591 631
591 632
592 571
592 590
592 591
592 593
592 594
592 595
592 596
592 631
593 588
593 589
593 590
593 591
593 592
593 594
593 595
593 596
593 597
593 598
593 599
594 588
594 590
594 591
594 592
594 593
594 595
594 596
594 597
594 598
594 599
594 602
595 591
595 592
595 593
595 594
595 596
595 597
595 598
595 599
595 629
595 630
595 631
596 592
596 593
596 594
596 595
596 597
596 598
596 599
597 593
597 594
597 595
597 596
597 598
597 599
597 600
598 593
598 594
598 595
598 596
598 597
598 599
598 600
598 603
599 586
599 588
599 593
599 594
599 595
599 596
599 597
599 598
599 600
599 601
599 602
599 603
600 597
600 598
600 599
600 601
600 602
600 603
600 604
601 581
601 584
601 585
601 586
601 599
601 600
601 602
601 603
601 604
601 605
602 581
602 584
602 586
602 594
602 599
602 600
602 601
602 603
602 604
602 605
602 606
603 598
603 599
603 600
603 601
603 602
603 604
603 605
603 606
603 607
604 600
604 601
604 602
604 603
604 605
604 606
604 607
604 608
605 536
605 584
605 601
605 602
605 603
605 604
605 606
605 607
605 608
605 609
606 536
606 602
606 603
606 604
606 605
606 607
606 608
606 609
606 610
607 603
607 604
607 605
607 606
607 608
607 609
607 610
607 611
608 604
608 605
608 606
608 607
608 609
608 610
608 611
608 612
609 532
609 535
609 536
609 605
609 606
609 607
609 608
609 610
609 611
609 612
609 613
610 532
610 535
610 536
610 606
610 607
610 608
610 609
610 611
610 612
610 613
610 614
610 624
611 607
611 608
611 609
611 610
611 612
611 613
611 614
611 615
612 535
612 608
612 609
612 610
612 611
612 613
612 614
612 615
612 616
613 528
613 531
613 532
613 535
613 609
613 610
613 611
613 612
613 614
613 615
613 616
613 617
613 623
614 610
614 611
614 612
614 613
614 615
614 616
614 617
614 622
614 623
614 624
615 611
615 612
615 613
615 614
615 616
615 617
616 612
616 613
616 614
616 615
616 617
616 618
617 613
617 614
617 615
617 616
617 618
617 619
617 620
617 622
617 623
618 616
618 617
618 619
618 620
618 622
619 617
619 618
619 620
619 621
619 622
619 623
620 617
620 618
620 619
620 621
620 622
620 623
621 517
621 521
621 523
621 551
621 552
621 619
621 620
621 622
621 623
622 523
622 528
622 552
622 614
622 617
622 618
622 619
622 620
622 621
622 623
622 624
623 551
623 552
623 613
623 614
623 617
623 619
623 620
623 621
623 622
623 624
623 625
624 551
624 552
624 553
624 554
624 610
624 614
624 622
624 623
624 625
624 626
624 627
625 551
625 552
625 553
625 623
625 624
625 626
625 627
626 552
626 553
626 554
626 624
626 625
626 627
626 628
626 663
627 553
627 554
627 555
627 556
627 624
627 625
627 626
627 628
627 629
627 663
628 554
628 555
628 556
628 626
628 627
628 629
628 630
628 659
629 555
629 556
629 557
629 558
629 595
629 627
629 628
629 630
629 631
630 555
630 556
630 557
630 558
630 595
630 628
630 629
630 631
630 632
630 633
631 557
631 571
631 591
631 592
631 595
631 629
631 630
631 632
631 633
632 557
632 558
632 569
632 570
632 571
632 591
632 630
632 631
632 633
632 634
633 540
633 541
633 557
633 558
633 559
633 560
633 569
633 630
633 631
633 632
633 634
633 635
634 541
634 557
634 569
634 632
634 633
634 635
634 636
634 638
634 639
634 640
634 641
635 567
635 568
635 569
635 633
635 634
635 636
635 637
635 638
635 639
635 640
635 641
635 645
636 567
636 568
636 634
636 635
636 637
636 638
636 639
636 640
636 641
636 642
636 643
636 645
637 137
637 567
637 568
637 635
637 636
637 638
637 639
637 640
637 641
638 568
638 634
638 635
638 636
638 637
638 639
638 640
638 641
639 634
639 635
639 636
639 637
639 638
639 640
639 641
639 642
639 648
639 651
640 634
640 635
640 636
640 637
640 638
640 639
640 641
640 642
640 647
640 648
640 649
640 651
640 652
641 634
641 635
641 636
641 637
641 638
641 639
641 640
641 642
641 643
641 644
641 645
641 646
641 647
641 648
642 636
642 639
642 640
642 641
642 643
642 644
642 645
642 646
642 647
642 648
643 135
643 137
643 271
643 636
643 641
643 642
643 644
643 645
643 646
644 271
644 319
644 397
644 641
644 642
644 643
644 645
644 646
645 321
645 635
645 636
645 641
645 642
645 643
645 644
645 646
645 647
646 397
646 398
646 641
646 642
646 643
646 644
646 645
646 647
646 648
647 640
647 641
647 642
647 645
647 646
647 648
647 649
648 639
648 640
648 641
648 642
648 646
648 647
648 649
648 650
648 651
648 652
649 513
649 543
649 640
649 647
649 648
649 650
649 651
649 652
649 653
650 648
650 649
650 651
650 652
650 653
650 654
651 639
651 640
651 648
651 649
651 650
651 652
651 653
651 654
651 655
652 640
652 648
652 649
652 650
652 651
652 653
652 654
652 655
652 656
653 545
653 649
653 650
653 651
653 652
653 654
653 655
653 656
653 657
653 660
654 650
654 651
654 652
654 653
654 655
654 656
654 657
655 651
655 652
655 653
655 654
655 656
655 657
656 652
656 653
656 654
656 655
656 657
656 658
656 659
656 660
657 653
657 654
657 655
657 656
657 658
657 659
657 660
657 661
658 656
658 657
658 659
658 660
658 661
658 662
659 628
659 656
659 657
659 658
659 660
659 661
659 662
659 663
660 545
660 553
660 555
660 653
660 656
660 657
660 658
660 659
660 661
660 662
660 663
660 664
661 657
661 658
661 659
661 660
661 662
661 663
661 664
661 665
662 658
662 659
662 660
662 661
662 663
662 664
662 665
663 553
663 626
663 627
663 659
663 660
663 661
663 662
663 664
663 665
664 549
664 660
664 661
664 662
664 663
664 665
665 661
665 662
665 663
665 664
