0 1
0 2
0 463
0 464
0 465
0 466
1 0
1 2
1 3
1 461
1 462
1 463
1 464
2 0
2 1
2 3
2 4
2 6
2 7
2 461
2 462
2 463
2 464
3 1
3 2
3 4
3 5
3 6
3 7
3 460
3 461
3 462
3 916
4 2
4 3
4 5
4 6
4 7
4 8
4 455
4 460
4 461
4 462
4 916
4 917
4 919
4 920
5 3
5 4
5 6
5 7
5 8
5 9
5 915
5 916
5 917
5 918
5 919
5 920
5 968
5 971
5 972
5 975
6 2
6 3
6 4
6 5
6 7
6 8
6 9
6 10
6 916
6 969
6 972
7 2
7 3
7 4
7 5
7 6
7 8
7 9
7 10
7 11
7 462
7 920
8 4
8 5
8 6
8 7
8 9
8 10
8 11
8 12
8 448
8 919
8 920
8 923
8 924
8 968
9 5
9 6
9 7
9 8
9 10
9 11
9 12
9 13
9 919
9 920
9 923
9 965
9 968
9 969
9 972
10 6
10 7
10 8
10 9
10 11
10 12
10 13
10 14
11 7
11 8
11 9
11 10
11 12
11 13
11 14
11 15
11 444
11 448
12 8
12 9
12 10
12 11
12 13
12 14
12 15
12 16
12 444
12 923
12 927
12 961
12 964
12 965
12 968
13 9
13 10
13 11
13 12
13 14
13 15
13 16
13 17
13 962
13 965
14 10
14 11
14 12
14 13
14 15
14 16
14 17
14 18
14 440
14 441
14 444
15 11
15 12
15 13
15 14
15 16
15 17
15 18
15 19
15 440
15 441
15 444
15 927
15 961
16 12
16 13
16 14
16 15
16 17
16 18
16 19
16 20
16 958
16 961
16 962
16 965
17 13
17 14
17 15
17 16
17 18
17 19
17 20
17 21
17 437
18 14
18 15
18 16
18 17
18 19
18 20
18 21
18 22
18 436
18 437
18 438
18 439
18 440
18 441
19 15
19 16
19 17
19 18
19 20
19 21
19 22
19 23
19 437
19 438
19 441
19 958
20 16
20 17
20 18
20 19
20 21
20 22
20 23
20 24
20 437
20 958
21 17
21 18
21 19
21 20
21 22
21 23
21 24
21 25
21 433
21 434
21 436
21 437
21 499
22 18
22 19
22 20
22 21
22 23
22 24
22 25
22 26
22 433
22 434
22 435
22 436
22 437
22 438
23 19
23 20
23 21
23 22
23 24
23 25
23 26
23 27
23 434
23 955
24 20
24 21
24 22
24 23
24 25
24 26
24 27
24 28
24 433
24 434
24 498
25 21
25 22
25 23
25 24
25 26
25 27
25 28
25 429
25 430
25 431
25 432
25 433
25 434
25 497
25 498
26 22
26 23
26 24
26 25
26 27
26 28
26 429
26 430
26 431
26 433
26 434
27 23
27 24
27 25
27 26
27 28
27 29
27 128
27 129
27 130
27 429
28 24
28 25
28 26
28 27
28 29
28 30
28 128
28 426
28 427
28 428
28 429
28 430
29 27
29 28
29 30
29 31
29 128
29 426
29 428
30 28
30 29
30 31
30 32
30 125
30 126
30 127
30 128
30 426
31 29
31 30
31 32
31 33
31 125
31 126
31 328
31 360
31 364
31 422
31 425
31 426
32 30
32 31
32 33
32 34
32 327
32 328
32 360
32 364
33 31
33 32
33 34
33 35
33 36
33 327
33 328
33 360
33 363
33 364
34 32
34 33
34 35
34 36
34 363
35 33
35 34
35 36
35 37
35 39
35 327
36 33
36 34
36 35
36 37
36 38
36 39
37 35
37 36
37 38
37 39
37 40
37 142
37 143
37 144
38 36
38 37
38 39
38 40
39 35
39 36
39 37
39 38
39 40
39 41
39 42
40 37
40 38
40 39
40 41
40 42
41 39
41 40
41 42
41 43
42 39
42 40
42 41
42 43
42 44
43 41
43 42
43 44
43 45
43 57
43 58
44 42
44 43
44 45
44 46
44 57
44 58
44 59
44 324
44 352
45 43
45 44
45 46
45 47
45 57
45 352
45 355
46 44
46 45
46 47
46 48
46 56
46 57
46 58
47 45
47 46
47 48
47 49
47 54
47 56
47 57
47 348
47 385
48 46
48 47
48 49
48 50
48 54
48 381
48 382
48 384
48 385
48 388
49 47
49 48
49 50
49 51
49 52
49 53
49 54
49 384
49 385
49 386
49 388
49 389
50 48
50 49
50 51
50 52
50 53
50 382
50 385
50 386
50 388
50 389
51 49
51 50
51 52
51 53
51 389
52 49
52 50
52 51
52 53
52 54
52 389
53 49
53 50
53 51
53 52
53 54
53 55
54 47
54 48
54 49
54 52
54 53
54 55
54 56
54 57
54 388
55 53
55 54
55 56
55 57
56 46
56 47
56 54
56 55
56 57
56 58
57 43
57 44
57 45
57 46
57 47
57 54
57 55
57 56
57 58
57 59
58 43
58 44
58 46
58 56
58 57
58 59
58 60
59 44
59 57
59 58
59 60
59 61
59 322
59 323
59 324
60 58
60 59
60 61
60 62
60 322
60 345
60 348
60 349
61 59
61 60
61 62
61 63
61 322
62 60
62 61
62 63
62 64
62 65
62 319
62 320
62 321
62 322
62 323
63 61
63 62
63 64
63 65
63 258
63 259
63 319
63 320
63 321
63 322
64 62
64 63
64 65
64 66
64 67
64 258
64 259
64 260
64 261
64 320
64 321
65 62
65 63
65 64
65 66
65 67
65 208
65 256
65 258
65 259
65 260
65 261
65 321
66 64
66 65
66 67
66 68
66 207
66 208
66 209
66 259
66 260
66 261
67 64
67 65
67 66
67 68
67 69
67 208
67 209
67 210
67 260
67 261
67 262
67 263
67 321
68 66
68 67
68 69
68 70
68 209
68 210
68 211
68 212
68 261
68 262
68 263
69 67
69 68
69 70
69 71
69 209
69 210
69 211
69 212
69 262
69 263
69 264
69 265
70 68
70 69
70 71
70 72
70 211
70 212
70 213
70 214
70 242
70 262
70 263
70 264
70 265
71 69
71 70
71 72
71 73
71 211
71 212
71 213
71 214
71 264
71 265
71 266
71 267
72 70
72 71
72 73
72 74
72 75
72 213
72 214
72 215
72 217
72 264
72 265
72 266
72 267
73 71
73 72
73 74
73 75
73 114
73 213
73 214
73 215
73 216
73 217
73 218
73 266
73 267
73 268
73 269
74 72
74 73
74 75
74 76
74 217
74 218
74 221
74 266
74 267
74 268
74 269
74 270
74 276
74 283
75 72
75 73
75 74
75 76
75 77
75 79
75 217
75 218
75 265
75 266
75 267
75 268
75 269
75 270
75 286
75 287
76 74
76 75
76 77
76 78
76 79
76 80
76 266
76 268
76 269
76 270
76 282
76 283
76 285
76 286
76 287
77 75
77 76
77 78
77 79
77 80
77 81
77 82
77 105
77 269
77 282
77 285
77 286
77 287
78 76
78 77
78 79
78 80
78 81
78 82
78 83
78 84
78 85
79 75
79 76
79 77
79 78
79 80
79 81
79 82
79 83
79 84
79 85
79 235
80 76
80 77
80 78
80 79
80 81
80 82
80 83
80 84
80 85
80 86
80 89
80 92
80 93
80 287
81 77
81 78
81 79
81 80
81 82
81 83
81 84
81 85
81 86
81 93
81 287
82 77
82 78
82 79
82 80
82 81
82 83
82 84
82 85
82 86
83 78
83 79
83 80
83 81
83 82
83 84
83 85
83 86
83 87
84 78
84 79
84 80
84 81
84 82
84 83
84 85
84 86
84 87
84 88
84 89
84 232
85 78
85 79
85 80
85 81
85 82
85 83
85 84
85 86
85 87
85 88
85 89
85 90
85 92
85 93
85 235
86 80
86 81
86 82
86 83
86 84
86 85
86 87
86 88
86 89
86 90
86 93
87 83
87 84
87 85
87 86
87 88
87 89
87 90
88 84
88 85
88 86
88 87
88 89
88 90
88 232
88 233
88 235
88 236
88 239
89 80
89 84
89 85
89 86
89 87
89 88
89 90
89 91
89 92
89 93
89 235
89 236
89 238
89 239
90 85
90 86
90 87
90 88
90 89
90 91
90 92
90 93
90 94
90 239
91 89
91 90
91 92
91 93
91 94
91 95
91 239
91 240
91 243
92 80
92 85
92 89
92 90
92 91
92 93
92 94
92 95
92 96
92 239
92 242
92 243
93 80
93 81
93 85
93 86
93 89
93 90
93 91
93 92
93 94
93 95
93 96
93 97
94 90
94 91
94 92
94 93
94 95
94 96
94 97
94 98
94 99
95 91
95 92
95 93
95 94
95 96
95 97
95 98
95 99
95 100
95 101
95 291
96 92
96 93
96 94
96 95
96 97
96 98
96 99
96 100
96 101
96 102
96 103
96 289
96 303
97 93
97 94
97 95
97 96
97 98
97 99
97 302
97 303
98 94
98 95
98 96
98 97
98 99
98 100
98 297
99 94
99 95
99 96
99 97
99 98
99 100
99 101
99 297
100 95
100 96
100 98
100 99
100 101
100 102
100 291
100 292
100 293
100 294
100 295
100 296
100 297
101 95
101 96
101 99
101 100
101 102
101 103
101 289
101 290
101 291
101 292
101 295
102 96
102 100
102 101
102 103
102 104
102 289
102 290
102 291
102 295
102 303
102 305
102 336
102 337
103 96
103 101
103 102
103 104
103 105
103 287
103 288
103 289
103 290
103 303
103 304
103 305
103 306
104 102
104 103
104 105
104 106
104 287
104 288
104 289
104 305
104 306
104 307
104 308
105 77
105 103
105 104
105 106
105 107
105 285
105 286
105 287
105 288
105 305
105 306
105 307
105 308
106 104
106 105
106 107
106 108
106 285
106 286
106 287
106 288
106 307
106 308
106 309
106 310
107 105
107 106
107 108
107 109
107 284
107 285
107 286
107 307
107 308
107 309
107 310
108 106
108 107
108 109
108 110
108 112
108 117
108 267
108 268
108 283
108 284
108 285
108 286
108 309
108 310
109 107
109 108
109 110
109 111
109 112
109 126
109 279
109 284
110 108
110 109
110 111
110 112
110 113
110 129
110 277
110 278
110 279
110 284
111 109
111 110
111 112
111 113
111 116
111 127
111 128
111 129
111 132
111 277
111 278
111 279
112 108
112 109
112 110
112 111
112 113
112 114
112 116
112 117
112 267
112 268
112 269
112 276
112 277
112 278
112 279
112 283
112 284
113 110
113 111
113 112
113 114
113 115
113 116
113 117
113 267
113 268
113 276
113 277
114 73
114 112
114 113
114 115
114 116
114 117
114 118
114 267
114 268
115 113
115 114
115 116
115 117
115 118
115 119
115 138
115 164
116 111
116 112
116 113
116 114
116 115
116 117
116 118
116 119
116 120
116 127
116 131
116 132
117 108
117 112
117 113
117 114
117 115
117 116
117 118
117 119
117 120
117 121
117 127
117 267
117 268
118 114
118 115
118 116
118 117
118 119
118 120
118 121
118 122
118 165
118 267
119 115
119 116
119 117
119 118
119 120
119 121
119 122
119 123
119 124
119 125
119 127
119 141
120 116
120 117
120 118
120 119
120 121
120 122
120 123
120 124
120 125
120 126
120 127
120 310
120 311
120 314
121 117
121 118
121 119
121 120
121 122
121 123
121 124
121 125
121 267
121 310
121 311
121 312
121 313
121 314
122 118
122 119
122 120
122 121
122 123
122 124
122 145
122 146
122 147
122 311
122 313
122 314
123 119
123 120
123 121
123 122
123 124
123 125
123 143
123 144
123 145
123 146
123 311
123 314
123 326
123 328
123 329
124 119
124 120
124 121
124 122
124 123
124 125
124 126
124 145
124 310
124 311
124 312
124 313
124 314
124 315
124 326
124 328
124 329
124 330
124 331
125 30
125 31
125 119
125 120
125 121
125 123
125 124
125 126
125 127
125 311
125 328
125 329
125 330
125 331
126 30
126 31
126 109
126 120
126 124
126 125
126 127
126 128
126 311
126 330
126 423
126 426
127 30
127 111
127 116
127 117
127 119
127 120
127 125
127 126
127 128
127 129
127 131
128 27
128 28
128 29
128 30
128 111
128 126
128 127
128 129
128 130
128 131
128 132
129 27
129 110
129 111
129 127
129 128
129 130
129 131
129 132
129 133
130 27
130 128
130 129
130 131
130 132
130 133
130 134
131 116
131 127
131 128
131 129
131 130
131 132
131 133
131 134
131 135
132 111
132 116
132 128
132 129
132 130
132 131
132 133
132 134
132 135
132 136
133 129
133 130
133 131
133 132
133 134
133 135
133 136
134 130
134 131
134 132
134 133
134 135
134 136
134 137
135 131
135 132
135 133
135 134
135 136
135 137
135 138
135 139
136 132
136 133
136 134
136 135
136 137
136 138
136 879
137 134
137 135
137 136
137 138
137 139
137 879
138 115
138 135
138 136
138 137
138 139
138 140
138 164
138 167
138 168
139 135
139 137
139 138
139 140
139 141
139 167
139 168
140 138
140 139
140 141
140 142
140 167
140 168
140 169
140 170
141 119
141 139
141 140
141 142
141 143
141 168
141 169
142 37
142 140
142 141
142 143
142 144
143 37
143 123
143 141
143 142
143 144
143 145
143 328
144 37
144 123
144 142
144 143
144 145
144 146
144 148
144 149
144 326
144 327
144 328
145 122
145 123
145 124
145 143
145 144
145 146
145 147
145 148
145 149
145 314
145 326
146 122
146 123
146 144
146 145
146 147
146 148
146 149
146 150
146 314
146 317
146 318
146 323
146 325
146 326
147 122
147 145
147 146
147 148
147 149
147 150
147 151
147 157
147 169
147 172
148 144
148 145
148 146
148 147
148 149
148 150
148 151
148 152
148 169
148 172
149 144
149 145
149 146
149 147
149 148
149 150
149 151
149 152
149 153
149 323
149 324
149 326
150 146
150 147
150 148
150 149
150 151
150 152
150 153
150 154
150 155
150 156
150 157
150 321
150 323
151 147
151 148
151 149
151 150
151 152
151 153
151 154
151 155
151 156
151 157
151 172
152 148
152 149
152 150
152 151
152 153
152 154
152 155
153 149
153 150
153 151
153 152
153 154
153 155
153 323
154 150
154 151
154 152
154 153
154 155
154 156
155 150
155 151
155 152
155 153
155 154
155 156
155 157
155 207
155 208
155 209
156 150
156 151
156 154
156 155
156 157
156 158
156 173
156 174
156 206
156 207
156 208
156 209
157 147
157 150
157 151
157 155
157 156
157 158
157 159
157 172
157 173
157 174
157 175
157 207
157 208
157 209
157 210
157 211
158 156
158 157
158 159
158 160
158 173
158 174
158 175
158 176
158 207
158 209
158 210
158 211
159 157
159 158
159 160
159 161
159 173
159 175
159 176
159 177
159 178
159 210
159 211
159 212
160 158
160 159
160 161
160 162
160 176
160 177
160 178
160 179
160 193
160 194
160 197
160 211
160 212
160 213
161 159
161 160
161 162
161 163
161 165
161 177
161 178
161 179
161 190
161 191
161 193
161 194
161 211
161 212
161 213
161 214
161 215
162 160
162 161
162 163
162 164
162 165
162 166
162 178
162 179
162 180
162 181
162 213
162 214
162 215
163 161
163 162
163 164
163 165
163 166
163 167
163 177
163 178
163 179
163 180
163 181
164 115
164 138
164 162
164 163
164 165
164 166
164 167
164 168
165 118
165 161
165 162
165 163
165 164
165 166
165 167
165 168
165 169
165 178
166 162
166 163
166 164
166 165
166 167
166 168
166 169
166 170
166 171
166 173
166 176
166 178
167 138
167 139
167 140
167 163
167 164
167 165
167 166
167 168
167 169
167 170
168 138
168 139
168 140
168 141
168 164
168 165
168 166
168 167
168 169
168 170
169 140
169 141
169 147
169 148
169 165
169 166
169 167
169 168
169 170
169 171
169 172
169 173
170 140
170 166
170 167
170 168
170 169
170 171
170 172
170 173
171 166
171 169
171 170
171 172
171 173
171 174
172 147
172 148
172 151
172 157
172 169
172 170
172 171
172 173
172 174
173 156
173 157
173 158
173 159
173 166
173 169
173 170
173 171
173 172
173 174
173 175
173 176
174 156
174 157
174 158
174 171
174 172
174 173
174 175
174 176
175 157
175 158
175 159
175 173
175 174
175 176
175 177
176 158
176 159
176 160
176 166
176 173
176 174
176 175
176 177
176 178
177 159
177 160
177 161
177 163
177 175
177 176
177 178
177 179
177 194
178 159
178 160
178 161
178 162
178 163
178 165
178 166
178 176
178 177
178 179
178 180
179 160
179 161
179 162
179 163
179 177
179 178
179 180
179 181
179 190
179 193
179 194
180 162
180 163
180 178
180 179
180 181
180 182
180 183
180 190
181 162
181 163
181 179
181 180
181 182
181 183
181 184
181 190
181 215
182 180
182 181
182 183
182 184
182 871
182 876
182 877
183 180
183 181
183 182
183 184
183 185
183 186
183 753
184 181
184 182
184 183
184 185
184 186
184 187
184 219
184 220
184 222
184 223
185 183
185 184
185 186
185 187
185 219
185 220
185 223
185 737
186 183
186 184
186 185
186 187
186 188
186 189
186 190
186 216
186 219
187 184
187 185
187 186
187 188
187 189
187 190
187 191
187 215
187 216
187 217
187 219
187 220
188 186
188 187
188 189
188 190
188 191
188 192
188 216
189 186
189 187
189 188
189 190
189 191
189 192
189 193
190 161
190 179
190 180
190 181
190 186
190 187
190 188
190 189
190 191
190 192
190 193
190 194
190 214
190 215
190 216
191 161
191 187
191 188
191 189
191 190
191 192
191 193
191 194
191 195
191 214
191 215
191 216
192 188
192 189
192 190
192 191
192 193
192 194
192 195
192 196
193 160
193 161
193 179
193 189
193 190
193 191
193 192
193 194
193 195
193 196
193 197
194 160
194 161
194 177
194 179
194 190
194 191
194 192
194 193
194 195
194 196
194 197
194 198
194 212
194 213
194 214
195 191
195 192
195 193
195 194
195 196
195 197
195 198
195 241
196 192
196 193
196 194
196 195
196 197
196 198
196 199
197 160
197 193
197 194
197 195
197 196
197 198
197 199
197 200
197 201
198 194
198 195
198 196
198 197
198 199
198 200
198 201
198 202
199 196
199 197
199 198
199 200
199 201
199 202
199 203
200 197
200 198
200 199
200 201
200 202
200 203
200 204
201 197
201 198
201 199
201 200
201 202
201 203
201 204
201 205
202 198
202 199
202 200
202 201
202 203
202 204
202 205
202 245
202 248
202 249
203 199
203 200
203 201
203 202
203 204
203 205
204 200
204 201
204 202
204 203
204 205
204 206
204 207
205 201
205 202
205 203
205 204
205 206
205 207
205 208
206 156
206 204
206 205
206 207
206 208
207 66
207 155
207 156
207 157
207 158
207 204
207 205
207 206
207 208
207 209
207 210
208 65
208 66
208 67
208 155
208 156
208 157
208 205
208 206
208 207
208 209
208 210
209 66
209 67
209 68
209 69
209 155
209 156
209 157
209 158
209 207
209 208
209 210
209 211
210 67
210 68
210 69
210 157
210 158
210 159
210 207
210 208
210 209
210 211
210 212
211 68
211 69
211 70
211 71
211 157
211 158
211 159
211 160
211 161
211 209
211 210
211 212
211 213
212 68
212 69
212 70
212 71
212 159
212 160
212 161
212 194
212 210
212 211
212 213
212 214
213 70
213 71
213 72
213 73
213 160
213 161
213 162
213 194
213 211
213 212
213 214
213 215
214 70
214 71
214 72
214 73
214 161
214 162
214 190
214 191
214 194
214 212
214 213
214 215
214 216
214 217
215 72
215 73
215 161
215 162
215 181
215 187
215 190
215 191
215 213
215 214
215 216
215 217
215 218
215 219
216 73
216 186
216 187
216 188
216 190
216 191
216 214
216 215
216 217
216 218
216 219
216 220
216 234
217 72
217 73
217 74
217 75
217 187
217 214
217 215
217 216
217 218
217 219
217 220
217 221
217 231
217 234
217 235
218 73
218 74
218 75
218 215
218 216
218 217
218 219
218 220
218 221
218 222
218 270
218 274
219 184
219 185
219 186
219 187
219 215
219 216
219 217
219 218
219 220
219 221
219 222
219 223
220 184
220 185
220 187
220 216
220 217
220 218
220 219
220 221
220 222
220 223
220 224
220 225
220 226
220 228
220 230
220 231
220 274
221 74
221 217
221 218
221 219
221 220
221 222
221 223
221 224
221 225
221 226
221 228
221 231
221 270
221 273
221 274
221 275
222 184
222 218
222 219
222 220
222 221
222 223
222 224
222 225
222 273
222 274
222 275
223 184
223 185
223 219
223 220
223 221
223 222
223 224
223 225
223 274
224 220
224 221
224 222
224 223
224 225
224 226
224 227
224 228
224 273
224 274
224 688
224 689
225 220
225 221
225 222
225 223
225 224
225 226
225 227
225 228
225 271
225 272
225 273
225 274
225 275
226 220
226 221
226 224
226 225
226 227
226 228
226 231
226 270
226 271
226 272
226 273
226 274
227 224
227 225
227 226
227 228
227 229
227 231
227 272
228 220
228 221
228 224
228 225
228 226
228 227
228 229
228 230
228 231
228 232
229 227
229 228
229 230
229 231
229 232
229 233
230 220
230 228
230 229
230 231
230 232
230 233
230 234
231 217
231 220
231 221
231 226
231 227
231 228
231 229
231 230
231 232
231 233
231 234
231 235
232 84
232 88
232 228
232 229
232 230
232 231
232 233
232 234
232 235
232 236
233 88
233 229
233 230
233 231
233 232
233 234
233 235
233 236
233 237
234 216
234 217
234 230
234 231
234 232
234 233
234 235
234 236
234 237
234 238
235 79
235 85
235 88
235 89
235 217
235 231
235 232
235 233
235 234
235 236
235 237
235 238
235 239
236 88
236 89
236 232
236 233
236 234
236 235
236 237
236 238
236 239
236 240
237 233
237 234
237 235
237 236
237 238
237 239
237 240
237 241
238 89
238 234
238 235
238 236
238 237
238 239
238 240
238 241
238 242
239 88
239 89
239 90
239 91
239 92
239 235
239 236
239 237
239 238
239 240
239 241
239 242
239 243
240 91
240 236
240 237
240 238
240 239
240 241
240 242
240 243
240 244
241 195
241 237
241 238
241 239
241 240
241 242
241 243
241 244
241 245
242 70
242 92
242 238
242 239
242 240
242 241
242 243
242 244
242 245
242 246
243 91
243 92
243 239
243 240
243 241
243 242
243 244
243 245
243 246
243 247
244 240
244 241
244 242
244 243
244 245
244 246
244 247
244 248
245 202
245 241
245 242
245 243
245 244
245 246
245 247
245 248
245 249
246 242
246 243
246 244
246 245
246 247
246 248
246 249
246 250
246 262
247 243
247 244
247 245
247 246
247 248
247 249
247 250
247 251
248 202
248 244
248 245
248 246
248 247
248 249
248 250
248 251
248 252
249 202
249 245
249 246
249 247
249 248
249 250
249 251
249 252
249 253
249 260
250 246
250 247
250 248
250 249
250 251
250 252
250 253
250 254
250 260
250 293
251 247
251 248
251 249
251 250
251 252
251 253
251 254
252 248
252 249
252 250
252 251
252 253
252 254
252 255
252 256
253 249
253 250
253 251
253 252
253 254
253 255
253 256
253 257
253 258
253 259
253 260
254 250
254 251
254 252
254 253
254 255
254 256
254 257
255 252
255 253
255 254
255 256
255 257
256 65
256 252
256 253
256 254
256 255
256 257
256 258
256 259
257 253
257 254
257 255
257 256
257 258
257 259
258 63
258 64
258 65
258 253
258 256
258 257
258 259
258 260
259 63
259 64
259 65
259 66
259 253
259 256
259 257
259 258
259 260
259 261
259 292
259 293
259 294
260 64
260 65
260 66
260 67
260 249
260 250
260 253
260 258
260 259
260 261
260 262
260 292
260 293
261 64
261 65
261 66
261 67
261 68
261 259
261 260
261 262
261 263
261 290
261 291
261 292
262 67
262 68
262 69
262 70
262 246
262 260
262 261
262 263
262 264
262 290
262 291
262 292
263 67
263 68
263 69
263 70
263 261
263 262
263 264
263 265
263 288
263 289
263 290
263 291
264 69
264 70
264 71
264 72
264 262
264 263
264 265
264 266
264 287
264 288
264 289
264 290
265 69
265 70
265 71
265 72
265 75
265 263
265 264
265 266
265 267
265 286
265 287
265 288
265 289
266 71
266 72
266 73
266 74
266 75
266 76
266 264
266 265
266 267
266 268
266 269
266 286
266 287
266 288
267 71
267 72
267 73
267 74
267 75
267 108
267 112
267 113
267 114
267 117
267 118
267 121
267 265
267 266
267 268
267 269
267 286
268 73
268 74
268 75
268 76
268 108
268 112
268 113
268 114
268 117
268 266
268 267
268 269
268 270
268 276
268 283
268 284
268 285
268 286
269 73
269 74
269 75
269 76
269 77
269 112
269 266
269 267
269 268
269 270
269 271
269 276
269 282
269 283
269 284
269 285
269 286
270 74
270 75
270 76
270 218
270 221
270 226
270 268
270 269
270 271
270 272
270 273
270 274
270 275
270 276
270 282
270 283
271 225
271 226
271 269
271 270
271 272
271 273
271 274
271 275
271 276
271 280
271 282
271 283
272 225
272 226
272 227
272 270
272 271
272 273
272 274
272 275
272 282
272 678
272 679
273 221
273 222
273 224
273 225
273 226
273 270
273 271
273 272
273 274
273 275
273 678
273 679
274 218
274 220
274 221
274 222
274 223
274 224
274 225
274 226
274 270
274 271
274 272
274 273
274 275
274 276
275 221
275 222
275 225
275 270
275 271
275 272
275 273
275 274
275 276
275 277
275 863
275 864
276 74
276 112
276 113
276 268
276 269
276 270
276 271
276 274
276 275
276 277
276 278
276 283
276 863
277 110
277 111
277 112
277 113
277 275
277 276
277 278
277 279
277 283
277 862
277 863
278 110
278 111
278 112
278 276
278 277
278 279
278 280
278 283
278 284
278 861
278 862
278 863
278 948
279 109
279 110
279 111
279 112
279 277
279 278
279 280
279 281
279 283
279 284
279 948
280 271
280 278
280 279
280 281
280 282
280 283
280 284
281 279
281 280
281 282
281 283
281 284
281 285
282 76
282 77
282 269
282 270
282 271
282 272
282 280
282 281
282 283
282 284
282 285
282 286
283 74
283 76
283 108
283 112
283 268
283 269
283 270
283 271
283 276
283 277
283 278
283 279
283 280
283 281
283 282
283 284
283 285
283 286
284 107
284 108
284 109
284 110
284 112
284 268
284 269
284 278
284 279
284 280
284 281
284 282
284 283
284 285
284 286
285 76
285 77
285 105
285 106
285 107
285 108
285 268
285 269
285 281
285 282
285 283
285 284
285 286
285 287
286 75
286 76
286 77
286 105
286 106
286 107
286 108
286 265
286 266
286 267
286 268
286 269
286 282
286 283
286 284
286 285
286 287
286 288
287 75
287 76
287 77
287 80
287 81
287 103
287 104
287 105
287 106
287 264
287 265
287 266
287 285
287 286
287 288
287 289
288 103
288 104
288 105
288 106
288 263
288 264
288 265
288 266
288 286
288 287
288 289
288 290
289 96
289 101
289 102
289 103
289 104
289 263
289 264
289 265
289 287
289 288
289 290
289 291
290 101
290 102
290 103
290 261
290 262
290 263
290 264
290 288
290 289
290 291
290 292
291 95
291 100
291 101
291 102
291 261
291 262
291 263
291 289
291 290
291 292
291 293
291 295
292 100
292 101
292 259
292 260
292 261
292 262
292 290
292 291
292 293
292 294
292 295
293 100
293 250
293 259
293 260
293 291
293 292
293 294
293 295
293 296
294 100
294 259
294 292
294 293
294 295
294 296
294 340
295 100
295 101
295 102
295 291
295 292
295 293
295 294
295 296
295 297
295 337
295 340
296 100
296 293
296 294
296 295
296 297
296 298
297 98
297 99
297 100
297 295
297 296
297 298
297 299
297 301
298 296
298 297
298 299
298 300
298 301
299 297
299 298
299 300
299 301
300 298
300 299
300 301
300 302
301 297
301 298
301 299
301 300
301 302
301 303
302 97
302 300
302 301
302 303
302 304
303 96
303 97
303 102
303 103
303 301
303 302
303 304
303 305
304 103
304 302
304 303
304 305
304 306
305 102
305 103
305 104
305 105
305 303
305 304
305 306
305 307
306 103
306 104
306 105
306 304
306 305
306 307
306 308
307 104
307 105
307 106
307 107
307 305
307 306
307 308
307 309
308 104
308 105
308 106
308 107
308 306
308 307
308 309
308 310
308 312
309 106
309 107
309 108
309 307
309 308
309 310
309 311
309 312
309 313
309 331
310 106
310 107
310 108
310 120
310 121
310 124
310 308
310 309
310 311
310 312
310 313
310 331
311 120
311 121
311 122
311 123
311 124
311 125
311 126
311 309
311 310
311 312
311 313
311 314
311 315
311 329
311 330
311 331
311 332
312 121
312 124
312 308
312 309
312 310
312 311
312 313
312 314
312 315
312 316
312 330
312 331
312 332
312 333
312 334
313 121
313 122
313 124
313 309
313 310
313 311
313 312
313 314
313 315
313 316
313 317
313 331
313 333
313 334
314 120
314 121
314 122
314 123
314 124
314 145
314 146
314 311
314 312
314 313
314 315
314 316
314 317
314 318
314 325
314 326
314 329
314 331
315 124
315 311
315 312
315 313
315 314
315 316
315 317
315 318
315 319
315 325
315 326
315 329
315 331
315 332
315 333
315 353
316 312
316 313
316 314
316 315
316 317
316 318
316 319
316 320
316 332
316 333
316 334
316 337
317 146
317 313
317 314
317 315
317 316
317 318
317 319
317 320
317 321
318 146
318 314
318 315
318 316
318 317
318 319
318 320
318 321
318 322
318 323
318 324
318 325
318 326
319 62
319 63
319 315
319 316
319 317
319 318
319 320
319 321
319 322
319 323
319 324
319 325
319 333
319 349
320 62
320 63
320 64
320 316
320 317
320 318
320 319
320 321
320 322
320 323
320 337
321 62
321 63
321 64
321 65
321 67
321 150
321 317
321 318
321 319
321 320
321 322
321 323
322 59
322 60
322 61
322 62
322 63
322 318
322 319
322 320
322 321
322 323
322 324
323 59
323 62
323 146
323 149
323 150
323 153
323 318
323 319
323 320
323 321
323 322
323 324
323 325
324 44
324 59
324 149
324 318
324 319
324 322
324 323
324 325
324 326
325 146
325 314
325 315
325 318
325 319
325 323
325 324
325 326
325 327
325 329
325 353
325 356
326 123
326 124
326 144
326 145
326 146
326 149
326 314
326 315
326 318
326 324
326 325
326 327
326 328
326 329
327 32
327 33
327 35
327 144
327 325
327 326
327 328
327 329
327 356
327 360
328 31
328 32
328 33
328 123
328 124
328 125
328 143
328 144
328 326
328 327
328 329
328 330
328 360
329 123
329 124
329 125
329 311
329 314
329 315
329 325
329 326
329 327
329 328
329 330
329 331
329 357
330 124
330 125
330 126
330 311
330 312
330 328
330 329
330 331
330 332
330 357
330 419
330 422
330 423
331 124
331 125
331 309
331 310
331 311
331 312
331 313
331 314
331 315
331 329
331 330
331 332
331 333
331 419
332 311
332 312
332 315
332 316
332 330
332 331
332 333
332 334
332 353
332 415
332 416
332 419
333 312
333 313
333 315
333 316
333 319
333 331
333 332
333 334
333 335
333 350
333 353
334 312
334 313
334 316
334 332
334 333
334 335
334 336
334 337
334 338
335 333
335 334
335 336
335 337
335 338
335 339
336 102
336 334
336 335
336 337
336 338
336 339
336 340
337 102
337 295
337 316
337 320
337 334
337 335
337 336
337 338
337 339
337 340
338 334
338 335
338 336
338 337
338 339
338 340
338 341
338 346
339 335
339 336
339 337
339 338
339 340
339 341
339 346
340 294
340 295
340 336
340 337
340 338
340 339
340 341
340 342
341 338
341 339
341 340
341 342
341 343
341 345
341 346
342 340
342 341
342 343
342 344
342 345
342 346
343 341
343 342
343 344
343 345
343 346
343 347
343 404
344 342
344 343
344 345
344 346
344 347
344 348
345 60
345 341
345 342
345 343
345 344
345 346
345 347
345 348
345 349
346 338
346 339
346 341
346 342
346 343
346 344
346 345
346 347
346 348
346 349
346 350
346 408
347 343
347 344
347 345
347 346
347 348
347 349
347 350
347 351
347 384
347 404
347 407
347 408
347 411
348 47
348 60
348 344
348 345
348 346
348 347
348 349
348 350
348 351
348 352
349 60
349 319
349 345
349 346
349 347
349 348
349 350
349 351
349 352
349 353
350 333
350 346
350 347
350 348
350 349
350 351
350 352
350 353
350 354
350 408
350 411
350 412
350 415
351 347
351 348
351 349
351 350
351 352
351 353
351 354
351 355
351 381
351 411
352 44
352 45
352 348
352 349
352 350
352 351
352 353
352 354
352 355
352 356
353 315
353 325
353 332
353 333
353 349
353 350
353 351
353 352
353 354
353 355
353 356
353 357
353 415
354 350
354 351
354 352
354 353
354 355
354 356
354 357
354 358
354 377
354 411
354 414
354 415
354 418
355 45
355 351
355 352
355 353
355 354
355 356
355 357
355 358
355 359
356 325
356 327
356 352
356 353
356 354
356 355
356 357
356 358
356 359
356 360
357 329
357 330
357 353
357 354
357 355
357 356
357 358
357 359
357 360
357 361
357 415
357 418
357 419
358 354
358 355
358 356
358 357
358 359
358 360
358 361
358 362
358 374
358 377
358 418
359 355
359 356
359 357
359 358
359 360
359 361
359 362
359 363
360 31
360 32
360 33
360 327
360 328
360 356
360 357
360 358
360 359
360 361
360 362
360 363
360 364
361 357
361 358
361 359
361 360
361 362
361 363
361 364
361 365
361 368
361 418
361 422
362 358
362 359
362 360
362 361
362 363
362 364
362 365
362 366
362 368
363 33
363 34
363 359
363 360
363 361
363 362
363 364
363 365
363 366
364 31
364 32
364 33
364 360
364 361
364 362
364 363
364 365
364 366
365 361
365 362
365 363
365 364
365 366
365 367
365 368
365 425
366 362
366 363
366 364
366 365
366 367
366 368
366 494
367 365
367 366
367 368
367 369
367 370
367 371
368 361
368 362
368 365
368 366
368 367
368 369
368 370
368 371
368 374
369 367
369 368
369 370
369 371
369 374
369 375
370 367
370 368
370 369
370 371
370 372
370 374
370 375
371 367
371 368
371 369
371 370
371 372
371 373
371 374
371 375
371 421
372 370
372 371
372 373
372 374
372 375
372 376
372 414
372 417
372 418
373 371
373 372
373 374
373 375
373 376
373 377
373 413
373 414
373 415
373 416
373 417
373 418
373 421
374 358
374 368
374 369
374 370
374 371
374 372
374 373
374 375
374 376
374 377
374 378
374 414
374 418
375 369
375 370
375 371
375 372
375 373
375 374
375 376
375 377
375 378
375 379
376 372
376 373
376 374
376 375
376 377
376 378
376 379
376 380
376 410
376 411
376 413
376 414
377 354
377 358
377 373
377 374
377 375
377 376
377 378
377 379
377 380
377 381
377 410
377 411
377 414
377 415
378 374
378 375
378 376
378 377
378 379
378 380
378 381
378 382
379 375
379 376
379 377
379 378
379 380
379 381
379 382
379 383
380 376
380 377
380 378
380 379
380 381
380 382
380 383
380 384
380 407
380 410
380 411
380 414
381 48
381 351
381 377
381 378
381 379
381 380
381 382
381 383
381 384
381 385
382 48
382 50
382 378
382 379
382 380
382 381
382 383
382 384
382 385
382 386
383 379
383 380
383 381
383 382
383 384
383 385
383 386
383 387
383 403
383 407
384 48
384 49
384 347
384 380
384 381
384 382
384 383
384 385
384 386
384 387
384 388
384 404
384 407
385 47
385 48
385 49
385 50
385 381
385 382
385 383
385 384
385 386
385 387
385 388
385 389
386 49
386 50
386 382
386 383
386 384
386 385
386 387
386 388
386 389
386 390
387 383
387 384
387 385
387 386
387 388
387 389
387 390
387 391
387 400
387 403
387 404
388 48
388 49
388 50
388 54
388 384
388 385
388 386
388 387
388 389
388 390
388 391
388 392
389 49
389 50
389 51
389 52
389 385
389 386
389 387
389 388
389 390
389 391
389 392
389 393
390 386
390 387
390 388
390 389
390 391
390 392
390 393
390 394
390 395
390 400
391 387
391 388
391 389
391 390
391 392
391 393
391 394
391 395
391 400
392 388
392 389
392 390
392 391
392 393
392 394
393 389
393 390
393 391
393 392
393 394
393 395
394 390
394 391
394 392
394 393
394 395
394 396
395 390
395 391
395 393
395 394
395 396
395 397
395 399
395 400
396 394
396 395
396 397
396 398
396 399
396 400
397 395
397 396
397 398
397 399
397 400
397 401
398 396
398 397
398 399
398 400
398 401
398 402
399 395
399 396
399 397
399 398
399 400
399 401
399 402
399 403
400 387
400 390
400 391
400 395
400 396
400 397
400 398
400 399
400 401
400 402
400 403
400 404
401 397
401 398
401 399
401 400
401 402
401 403
401 404
401 405
402 398
402 399
402 400
402 401
402 403
402 404
402 405
402 406
403 383
403 387
403 399
403 400
403 401
403 402
403 404
403 405
403 406
403 407
404 343
404 347
404 384
404 387
404 400
404 401
404 402
404 403
404 405
404 406
404 407
404 408
405 401
405 402
405 403
405 404
405 406
405 407
405 408
405 409
406 402
406 403
406 404
406 405
406 407
406 408
406 409
406 410
407 347
407 380
407 383
407 384
407 403
407 404
407 405
407 406
407 408
407 409
407 410
407 411
408 346
408 347
408 350
408 404
408 405
408 406
408 407
408 409
408 410
408 411
408 412
409 405
409 406
409 407
409 408
409 410
409 411
409 412
409 413
410 376
410 377
410 380
410 406
410 407
410 408
410 409
410 411
410 412
410 413
410 414
411 347
411 350
411 351
411 354
411 376
411 377
411 380
411 407
411 408
411 409
411 410
411 412
411 413
411 414
411 415
412 350
412 408
412 409
412 410
412 411
412 413
412 414
412 415
412 416
413 373
413 376
413 409
413 410
413 411
413 412
413 414
413 415
413 416
413 417
414 354
414 372
414 373
414 374
414 376
414 377
414 380
414 410
414 411
414 412
414 413
414 415
414 416
414 417
414 418
415 332
415 350
415 353
415 354
415 357
415 373
415 377
415 411
415 412
415 413
415 414
415 416
415 417
415 418
415 419
416 332
416 373
416 412
416 413
416 414
416 415
416 417
416 418
416 419
416 420
417 372
417 373
417 413
417 414
417 415
417 416
417 418
417 419
417 420
417 421
418 354
418 357
418 358
418 361
418 372
418 373
418 374
418 414
418 415
418 416
418 417
418 419
418 420
418 421
418 422
419 330
419 331
419 332
419 357
419 415
419 416
419 417
419 418
419 420
419 421
419 422
419 423
420 416
420 417
420 418
420 419
420 421
420 422
420 423
420 424
421 371
421 373
421 417
421 418
421 419
421 420
421 422
421 423
421 424
421 425
422 31
422 330
422 361
422 418
422 419
422 420
422 421
422 423
422 424
422 425
422 426
423 126
423 330
423 419
423 420
423 421
423 422
423 424
423 425
423 426
423 427
424 420
424 421
424 422
424 423
424 425
424 426
424 427
425 31
425 365
425 421
425 422
425 423
425 424
425 426
425 427
425 428
426 28
426 29
426 30
426 31
426 126
426 422
426 423
426 424
426 425
426 427
426 428
427 28
427 423
427 424
427 425
427 426
427 428
427 429
428 28
428 29
428 425
428 426
428 427
428 429
428 430
429 25
429 26
429 27
429 28
429 427
429 428
429 430
429 431
430 25
430 26
430 28
430 428
430 429
430 431
430 432
430 433
430 434
430 497
430 498
431 25
431 26
431 429
431 430
431 432
431 433
431 434
431 435
432 25
432 430
432 431
432 433
432 434
432 435
432 436
432 489
432 497
432 499
433 21
433 22
433 24
433 25
433 26
433 430
433 431
433 432
433 434
433 435
433 436
433 437
433 497
433 498
433 499
434 21
434 22
434 23
434 24
434 25
434 26
434 430
434 431
434 432
434 433
434 435
434 436
434 437
434 438
434 938
435 22
435 431
435 432
435 433
435 434
435 436
435 437
435 438
435 439
436 18
436 21
436 22
436 432
436 433
436 434
436 435
436 437
436 438
436 439
436 440
437 17
437 18
437 19
437 20
437 21
437 22
437 433
437 434
437 435
437 436
437 438
437 439
437 440
437 441
438 18
438 19
438 22
438 434
438 435
438 436
438 437
438 439
438 440
438 441
438 442
438 931
438 934
438 935
439 18
439 435
439 436
439 437
439 438
439 440
439 441
439 442
439 443
439 514
440 14
440 15
440 18
440 436
440 437
440 438
440 439
440 441
440 442
440 443
440 444
440 514
441 14
441 15
441 18
441 19
441 437
441 438
441 439
441 440
441 442
441 443
441 444
441 445
441 931
442 438
442 439
442 440
442 441
442 443
442 444
442 445
442 446
442 931
443 439
443 440
443 441
443 442
443 444
443 445
443 446
443 447
443 514
443 517
443 518
443 521
444 11
444 12
444 14
444 15
444 440
444 441
444 442
444 443
444 445
444 446
444 447
444 448
444 517
445 441
445 442
445 443
445 444
445 446
445 447
445 448
445 449
445 924
445 927
445 928
445 931
446 442
446 443
446 444
446 445
446 447
446 448
446 449
446 450
446 521
447 443
447 444
447 445
447 446
447 448
447 449
447 450
447 451
447 517
447 520
447 521
448 8
448 11
448 444
448 445
448 446
448 447
448 449
448 450
448 451
448 452
448 924
449 445
449 446
449 447
449 448
449 450
449 451
449 452
449 924
450 446
450 447
450 448
450 449
450 451
450 452
450 453
450 521
450 524
450 525
451 447
451 448
451 449
451 450
451 452
451 453
451 454
451 455
451 462
452 448
452 449
452 450
452 451
452 453
452 454
452 455
452 456
453 450
453 451
453 452
453 454
453 455
453 456
453 457
454 451
454 452
454 453
454 455
454 456
454 457
454 460
454 461
454 462
455 4
455 451
455 452
455 453
455 454
455 456
455 457
455 460
455 461
455 462
455 917
455 920
456 452
456 453
456 454
456 455
456 457
456 458
456 460
456 917
457 453
457 454
457 455
457 456
457 458
457 459
457 460
457 461
458 456
458 457
458 459
458 460
458 913
459 457
459 458
459 460
459 461
459 913
460 3
460 4
460 454
460 455
460 456
460 457
460 458
460 459
460 461
460 462
460 913
460 916
460 917
461 1
461 2
461 3
461 4
461 454
461 455
461 457
461 459
461 460
461 462
461 463
462 1
462 2
462 3
462 4
462 7
462 451
462 454
462 455
462 460
462 461
462 463
462 464
463 0
463 1
463 2
463 461
463 462
463 464
463 465
464 0
464 1
464 2
464 462
464 463
464 465
464 466
464 520
464 524
465 0
465 463
465 464
465 466
465 467
465 468
465 520
465 523
465 524
466 0
466 464
466 465
466 467
466 468
466 471
466 520
466 523
467 465
467 466
467 468
467 469
467 471
468 465
468 466
468 467
468 469
468 470
468 471
468 472
469 467
469 468
469 470
469 471
469 472
469 473
470 468
470 469
470 471
470 472
470 473
470 474
471 466
471 467
471 468
471 469
471 470
471 472
471 473
471 474
471 475
471 519
471 523
472 468
472 469
472 470
472 471
472 473
472 474
472 475
472 476
473 469
473 470
473 471
473 472
473 474
473 475
473 476
473 477
474 470
474 471
474 472
474 473
474 475
474 476
474 477
474 478
474 519
475 471
475 472
475 473
475 474
475 476
475 477
475 478
475 479
475 515
475 516
475 519
476 472
476 473
476 474
476 475
476 477
476 478
476 479
476 480
476 515
477 473
477 474
477 475
477 476
477 478
477 479
477 480
477 481
478 474
478 475
478 476
478 477
478 479
478 480
478 481
478 482
478 515
479 475
479 476
479 477
479 478
479 480
479 481
479 482
479 483
479 511
479 512
479 515
480 476
480 477
480 478
480 479
480 481
480 482
480 483
480 484
481 477
481 478
481 479
481 480
481 482
481 483
481 484
481 485
482 478
482 479
482 480
482 481
482 483
482 484
482 485
482 486
482 511
483 479
483 480
483 481
483 482
483 484
483 485
483 486
483 487
483 508
483 511
484 480
484 481
484 482
484 483
484 485
484 486
484 487
484 488
485 481
485 482
485 483
485 484
485 486
485 487
485 488
485 489
486 482
486 483
486 484
486 485
486 487
486 488
486 489
486 490
486 500
487 483
487 484
487 485
487 486
487 488
487 489
487 490
487 491
488 484
488 485
488 486
488 487
488 489
488 490
488 491
488 492
489 432
489 485
489 486
489 487
489 488
489 490
489 491
489 492
489 493
490 486
490 487
490 488
490 489
490 491
490 492
490 493
490 497
490 500
491 487
491 488
491 489
491 490
491 492
491 493
492 488
492 489
492 490
492 491
492 493
492 494
493 489
493 490
493 491
493 492
493 494
493 495
493 496
493 497
494 366
494 492
494 493
494 495
494 496
495 493
495 494
495 496
495 497
496 493
496 494
496 495
496 497
496 498
496 500
496 501
497 25
497 430
497 432
497 433
497 490
497 493
497 495
497 496
497 498
497 499
497 500
497 501
498 24
498 25
498 430
498 433
498 496
498 497
498 499
498 500
498 501
498 502
499 21
499 432
499 433
499 497
499 498
499 500
499 501
499 502
499 507
500 486
500 490
500 496
500 497
500 498
500 499
500 501
500 502
500 503
500 507
501 496
501 497
501 498
501 499
501 500
501 502
501 503
502 498
502 499
502 500
502 501
502 503
502 504
502 505
502 506
502 507
503 500
503 501
503 502
503 504
503 505
503 506
503 507
504 502
504 503
504 505
504 506
504 507
504 508
505 502
505 503
505 504
505 506
505 507
505 508
505 509
506 502
506 503
506 504
506 505
506 507
506 508
506 509
506 510
507 499
507 500
507 502
507 503
507 504
507 505
507 506
507 508
507 509
507 510
507 511
508 483
508 504
508 505
508 506
508 507
508 509
508 510
508 511
508 512
509 505
509 506
509 507
509 508
509 510
509 511
509 512
509 513
510 506
510 507
510 508
510 509
510 511
510 512
510 513
510 514
511 479
511 482
511 483
511 507
511 508
511 509
511 510
511 512
511 513
511 514
511 515
512 479
512 508
512 509
512 510
512 511
512 513
512 514
512 515
512 516
513 509
513 510
513 511
513 512
513 514
513 515
513 516
513 517
514 439
514 440
514 443
514 510
514 511
514 512
514 513
514 515
514 516
514 517
514 518
515 475
515 476
515 478
515 479
515 511
515 512
515 513
515 514
515 516
515 517
515 518
515 519
516 475
516 512
516 513
516 514
516 515
516 517
516 518
516 519
516 520
517 443
517 444
517 447
517 513
517 514
517 515
517 516
517 518
517 519
517 520
517 521
518 443
518 514
518 515
518 516
518 517
518 519
518 520
518 521
518 522
519 471
519 474
519 475
519 515
519 516
519 517
519 518
519 520
519 521
519 522
519 523
520 447
520 464
520 465
520 466
520 516
520 517
520 518
520 519
520 521
520 522
520 523
520 524
521 443
521 446
521 447
521 450
521 517
521 518
521 519
521 520
521 522
521 523
521 524
521 525
522 518
522 519
522 520
522 521
522 523
522 524
522 525
522 526
523 465
523 466
523 471
523 519
523 520
523 521
523 522
523 524
523 525
523 526
523 527
524 450
524 464
524 465
524 520
524 521
524 522
524 523
524 525
524 526
524 527
524 528
525 450
525 521
525 522
525 523
525 524
525 526
525 527
525 528
525 529
526 522
526 523
526 524
526 525
526 527
526 528
526 529
526 530
527 523
527 524
527 525
527 526
527 528
527 529
527 530
527 531
528 524
528 525
528 526
528 527
528 529
528 530
528 531
528 532
529 525
529 526
529 527
529 528
529 530
529 531
529 532
529 533
530 526
530 527
530 528
530 529
530 531
530 532
530 533
530 534
531 527
531 528
531 529
531 530
531 532
531 533
531 534
532 528
532 529
532 530
532 531
532 533
532 534
532 535
533 529
533 530
533 531
533 532
533 534
533 535
534 530
534 531
534 532
534 533
534 535
534 536
535 532
535 533
535 534
535 536
535 537
536 534
536 535
536 537
536 538
536 539
537 535
537 536
537 538
537 539
538 536
538 537
538 539
538 540
539 536
539 537
539 538
539 540
539 541
539 542
540 538
540 539
540 541
540 542
540 543
541 539
541 540
541 542
541 543
542 539
542 540
542 541
542 543
542 544
543 540
543 541
543 542
543 544
543 545
544 542
544 543
544 545
544 546
545 543
545 544
545 546
545 547
546 544
546 545
546 547
546 548
546 549
546 550
546 551
547 545
547 546
547 548
547 549
547 550
547 551
548 546
548 547
548 549
548 550
548 551
548 552
549 546
549 547
549 548
549 550
549 551
549 552
549 553
549 587
550 546
550 547
550 548
550 549
550 551
550 552
550 553
550 554
550 840
551 546
551 547
551 548
551 549
551 550
551 552
551 553
551 554
551 555
552 548
552 549
552 550
552 551
552 553
552 554
552 555
552 556
552 584
553 549
553 550
553 551
553 552
553 554
553 555
553 556
553 557
553 840
553 843
554 550
554 551
554 552
554 553
554 555
554 556
554 557
554 558
555 551
555 552
555 553
555 554
555 556
555 557
555 558
555 559
556 552
556 553
556 554
556 555
556 557
556 558
556 559
556 560
556 580
557 553
557 554
557 555
557 556
557 558
557 559
557 560
557 561
557 925
558 554
558 555
558 556
558 557
558 559
558 560
558 561
558 562
559 555
559 556
559 557
559 558
559 560
559 561
559 562
559 563
560 556
560 557
560 558
560 559
560 561
560 562
560 563
560 564
560 576
560 577
561 557
561 558
561 559
561 560
561 562
561 563
561 564
561 565
561 928
561 929
561 932
562 558
562 559
562 560
562 561
562 563
562 564
562 565
563 559
563 560
563 561
563 562
563 564
563 565
563 566
563 569
563 570
563 576
564 560
564 561
564 562
564 563
564 565
564 566
564 567
564 569
564 570
564 929
564 933
564 936
565 561
565 562
565 563
565 564
565 566
565 567
565 569
565 570
565 933
565 936
566 563
566 564
566 565
566 567
566 568
566 569
566 570
567 564
567 565
567 566
567 568
567 569
567 570
567 571
567 945
567 949
567 950
568 566
568 567
568 569
568 570
568 571
568 572
569 563
569 564
569 565
569 566
569 567
569 568
569 570
569 571
569 572
569 573
569 576
570 563
570 564
570 565
570 566
570 567
570 568
570 569
570 571
570 572
570 573
570 860
570 949
570 950
570 953
571 567
571 568
571 569
571 570
571 572
571 573
571 674
571 675
571 859
571 860
571 949
572 568
572 569
572 570
572 571
572 573
572 574
572 575
572 576
572 673
572 674
572 675
573 569
573 570
573 571
573 572
573 574
573 575
573 576
573 577
573 674
573 859
573 860
574 572
574 573
574 575
574 576
574 577
574 578
574 673
574 674
574 851
574 854
574 859
575 572
575 573
575 574
575 576
575 577
575 578
575 579
576 560
576 563
576 569
576 572
576 573
576 574
576 575
576 577
576 578
576 579
576 580
577 560
577 573
577 574
577 575
577 576
577 578
577 579
577 580
577 581
577 847
577 850
577 851
578 574
578 575
578 576
578 577
578 579
578 580
578 581
578 582
578 851
579 575
579 576
579 577
579 578
579 580
579 581
579 582
579 583
580 556
580 576
580 577
580 578
580 579
580 581
580 582
580 583
580 584
580 847
581 577
581 578
581 579
581 580
581 582
581 583
581 584
581 585
581 847
581 848
581 851
582 578
582 579
582 580
582 581
582 583
582 584
582 585
582 586
582 661
583 579
583 580
583 581
583 582
583 584
583 585
583 586
583 587
584 552
584 580
584 581
584 582
584 583
584 585
584 586
584 587
584 588
585 581
585 582
585 583
585 584
585 586
585 587
585 588
585 589
585 657
585 658
585 660
585 661
586 582
586 583
586 584
586 585
586 587
586 588
586 589
586 590
586 657
586 658
587 549
587 583
587 584
587 585
587 586
587 588
587 589
587 590
587 591
588 584
588 585
588 586
588 587
588 589
588 590
588 591
588 592
588 657
588 830
589 585
589 586
589 587
589 588
589 590
589 591
589 592
589 593
589 654
589 657
589 658
590 586
590 587
590 588
590 589
590 591
590 592
590 593
590 594
591 587
591 588
591 589
591 590
591 592
591 593
591 594
591 595
592 588
592 589
592 590
592 591
592 593
592 594
592 595
592 596
592 653
592 654
592 830
592 834
593 589
593 590
593 591
593 592
593 594
593 595
593 596
593 597
593 598
593 654
594 590
594 591
594 592
594 593
594 595
594 596
594 597
594 598
594 599
595 591
595 592
595 593
595 594
595 596
595 597
595 598
595 599
596 592
596 593
596 594
596 595
596 597
596 598
596 599
596 650
597 593
597 594
597 595
597 596
597 598
597 599
598 593
598 594
598 595
598 596
598 597
598 599
598 600
599 594
599 595
599 596
599 597
599 598
599 600
599 601
600 598
600 599
600 601
600 602
600 603
601 599
601 600
601 602
601 603
602 600
602 601
602 603
602 604
603 600
603 601
603 602
603 604
603 605
604 602
604 603
604 605
604 606
605 603
605 604
605 606
605 607
606 604
606 605
606 607
606 608
607 605
607 606
607 608
607 609
608 606
608 607
608 609
608 610
609 607
609 608
609 610
609 611
610 608
610 609
610 611
610 612
611 609
611 610
611 612
611 613
612 610
612 611
612 613
612 614
613 611
613 612
613 614
613 615
614 612
614 613
614 615
614 616
615 613
615 614
615 616
615 617
616 614
616 615
616 617
616 618
617 615
617 616
617 618
617 619
618 616
618 617
618 619
618 620
619 617
619 618
619 620
619 621
620 618
620 619
620 621
620 622
621 619
621 620
621 622
621 623
622 620
622 621
622 623
622 624
623 621
623 622
623 624
623 625
624 622
624 623
624 625
624 626
625 623
625 624
625 626
625 627
626 624
626 625
626 627
626 628
627 625
627 626
627 628
627 629
628 626
628 627
628 629
628 630
629 627
629 628
629 630
629 631
630 628
630 629
630 631
630 632
631 629
631 630
631 632
631 633
632 630
632 631
632 633
632 634
633 631
633 632
633 634
633 635
634 632
634 633
634 635
634 636
635 633
635 634
635 636
635 637
636 634
636 635
636 637
636 638
637 635
637 636
637 638
637 639
637 640
638 636
638 637
638 639
638 640
639 637
639 638
639 640
639 641
639 642
639 643
639 644
640 637
640 638
640 639
640 641
640 642
640 643
640 644
641 639
641 640
641 642
641 643
641 644
641 645
642 639
642 640
642 641
642 643
642 644
642 645
642 646
643 639
643 640
643 641
643 642
643 644
643 645
643 646
643 647
644 639
644 640
644 641
644 642
644 643
644 645
644 646
644 647
644 648
645 641
645 642
645 643
645 644
645 646
645 647
645 648
645 649
646 642
646 643
646 644
646 645
646 647
646 648
646 649
646 650
647 643
647 644
647 645
647 646
647 648
647 649
647 650
647 651
648 644
648 645
648 646
648 647
648 649
648 650
648 651
648 652
649 645
649 646
649 647
649 648
649 650
649 651
649 652
649 653
650 596
650 646
650 647
650 648
650 649
650 651
650 652
650 653
650 654
651 647
651 648
651 649
651 650
651 652
651 653
651 654
651 655
652 648
652 649
652 650
652 651
652 653
652 654
652 655
652 656
652 829
653 592
653 649
653 650
653 651
653 652
653 654
653 655
653 656
653 657
653 829
653 830
654 589
654 592
654 593
654 650
654 651
654 652
654 653
654 655
654 656
654 657
654 658
655 651
655 652
655 653
655 654
655 656
655 657
655 658
655 659
656 652
656 653
656 654
656 655
656 657
656 658
656 659
656 660
656 825
656 826
656 829
656 830
657 585
657 586
657 588
657 589
657 653
657 654
657 655
657 656
657 658
657 659
657 660
657 661
658 585
658 586
658 589
658 654
658 655
658 656
658 657
658 659
658 660
658 661
658 662
659 655
659 656
659 657
659 658
659 660
659 661
659 662
659 663
660 585
660 656
660 657
660 658
660 659
660 661
660 662
660 663
660 664
660 822
660 825
661 582
661 585
661 657
661 658
661 659
661 660
661 662
661 663
661 664
661 665
662 658
662 659
662 660
662 661
662 663
662 664
662 665
662 666
663 659
663 660
663 661
663 662
663 664
663 665
663 666
663 667
663 818
664 660
664 661
664 662
664 663
664 665
664 666
664 667
664 668
665 661
665 662
665 663
665 664
665 666
665 667
665 668
665 669
666 662
666 663
666 664
666 665
666 667
666 668
666 669
666 670
667 663
667 664
667 665
667 666
667 668
667 669
667 670
667 671
667 815
667 855
668 664
668 665
668 666
668 667
668 669
668 670
668 671
668 672
668 855
669 665
669 666
669 667
669 668
669 670
669 671
669 672
669 682
669 683
670 666
670 667
670 668
670 669
670 671
670 672
670 682
670 683
670 684
670 811
670 855
671 667
671 668
671 669
671 670
671 672
671 673
671 682
671 683
671 684
671 855
671 856
671 857
672 668
672 669
672 670
672 671
672 673
672 674
672 677
672 678
672 682
672 857
673 572
673 574
673 671
673 672
673 674
673 675
673 677
673 678
673 854
673 855
673 857
673 858
673 859
674 571
674 572
674 573
674 574
674 672
674 673
674 675
674 676
674 677
674 678
674 859
674 860
675 571
675 572
675 673
675 674
675 676
675 677
675 678
675 679
676 674
676 675
676 677
676 678
676 679
677 672
677 673
677 674
677 675
677 676
677 678
677 679
677 680
678 272
678 273
678 672
678 673
678 674
678 675
678 676
678 677
678 679
678 680
678 681
679 272
679 273
679 675
679 676
679 677
679 678
679 680
679 681
680 677
680 678
680 679
680 681
680 682
681 678
681 679
681 680
681 682
681 683
681 684
681 685
681 686
682 669
682 670
682 671
682 672
682 680
682 681
682 683
682 684
682 685
682 686
683 669
683 670
683 671
683 681
683 682
683 684
683 685
683 686
683 687
684 670
684 671
684 681
684 682
684 683
684 685
684 686
684 687
684 688
684 811
684 812
685 681
685 682
685 683
685 684
685 686
685 687
685 688
685 689
686 681
686 682
686 683
686 684
686 685
686 687
686 688
686 689
686 692
687 683
687 684
687 685
687 686
687 688
687 689
687 692
687 693
687 695
687 696
687 811
688 224
688 684
688 685
688 686
688 687
688 689
688 690
688 692
688 693
688 696
688 739
688 811
689 224
689 685
689 686
689 687
689 688
689 690
689 691
689 692
689 693
690 688
690 689
690 691
690 692
690 693
691 689
691 690
691 692
691 693
691 694
692 686
692 687
692 688
692 689
692 690
692 691
692 693
692 694
692 695
692 696
693 687
693 688
693 689
693 690
693 691
693 692
693 694
693 695
693 696
693 697
693 739
693 740
693 741
694 691
694 692
694 693
694 695
694 696
694 697
694 698
694 740
694 741
695 687
695 692
695 693
695 694
695 696
695 697
695 698
695 699
696 687
696 688
696 692
696 693
696 694
696 695
696 697
696 698
696 699
696 700
696 740
696 810
696 811
697 693
697 694
697 695
697 696
697 698
697 699
697 700
697 701
697 740
697 741
698 694
698 695
698 696
698 697
698 699
698 700
698 701
698 702
699 695
699 696
699 697
699 698
699 700
699 701
699 702
699 703
699 811
699 814
700 696
700 697
700 698
700 699
700 701
700 702
700 703
700 704
700 731
700 810
700 811
700 813
700 814
701 697
701 698
701 699
701 700
701 702
701 703
701 704
701 705
701 731
702 698
702 699
702 700
702 701
702 703
702 704
702 705
702 706
703 699
703 700
703 701
703 702
703 704
703 705
703 706
703 707
703 813
703 814
703 816
703 817
704 700
704 701
704 702
704 703
704 705
704 706
704 707
704 708
704 727
704 805
704 813
704 817
705 701
705 702
705 703
705 704
705 706
705 707
705 708
705 709
706 702
706 703
706 704
706 705
706 707
706 708
706 709
706 710
706 817
707 703
707 704
707 705
707 706
707 708
707 709
707 710
707 711
707 816
707 817
707 820
708 704
708 705
708 706
708 707
708 709
708 710
708 711
708 712
708 723
708 724
708 727
709 705
709 706
709 707
709 708
709 710
709 711
709 712
709 713
710 706
710 707
710 708
710 709
710 711
710 712
710 713
710 820
710 821
710 824
711 707
711 708
711 709
711 710
711 712
711 713
711 714
711 715
711 798
711 820
712 708
712 709
712 710
712 711
712 713
712 714
712 715
712 720
712 723
713 709
713 710
713 711
713 712
713 714
713 715
714 711
714 712
714 713
714 715
714 716
714 791
714 794
714 795
715 711
715 712
715 713
715 714
715 716
715 717
715 718
715 719
715 720
715 791
715 794
715 795
715 798
716 714
716 715
716 717
716 718
716 719
716 720
716 791
716 795
717 715
717 716
717 718
717 719
717 720
717 721
718 715
718 716
718 717
718 719
718 720
718 721
718 722
719 715
719 716
719 717
719 718
719 720
719 721
719 722
719 723
719 768
719 771
719 795
720 712
720 715
720 716
720 717
720 718
720 719
720 721
720 722
720 723
720 724
721 717
721 718
721 719
721 720
721 722
721 723
721 724
721 725
722 718
722 719
722 720
722 721
722 723
722 724
722 725
722 726
722 764
722 767
722 768
723 708
723 712
723 719
723 720
723 721
723 722
723 724
723 725
723 726
723 727
723 764
723 768
723 798
723 799
723 802
724 708
724 720
724 721
724 722
724 723
724 725
724 726
724 727
724 728
725 721
725 722
725 723
725 724
725 726
725 727
725 728
725 729
725 761
725 764
726 722
726 723
726 724
726 725
726 727
726 728
726 729
726 730
726 760
726 761
726 764
726 765
726 802
727 704
727 708
727 723
727 724
727 725
727 726
727 728
727 729
727 730
727 731
727 761
727 802
727 805
728 724
728 725
728 726
728 727
728 729
728 730
728 731
728 732
729 725
729 726
729 727
729 728
729 730
729 731
729 732
729 733
729 757
729 758
729 760
729 761
730 726
730 727
730 728
730 729
730 731
730 732
730 733
730 734
730 757
730 758
730 761
730 805
730 806
731 700
731 701
731 727
731 728
731 729
731 730
731 732
731 733
731 734
731 735
731 740
732 728
732 729
732 730
732 731
732 733
732 734
732 735
732 736
732 742
732 757
733 729
733 730
733 731
733 732
733 734
733 735
733 736
733 737
733 754
733 755
733 757
733 758
734 730
734 731
734 732
734 733
734 735
734 736
734 737
734 738
734 739
734 740
734 754
734 810
735 731
735 732
735 733
735 734
735 736
735 737
735 738
735 739
735 740
735 741
735 742
736 732
736 733
736 734
736 735
736 737
736 738
736 739
736 740
736 742
736 751
736 752
736 753
736 754
736 757
737 185
737 733
737 734
737 735
737 736
737 738
737 739
737 740
737 751
737 752
737 753
737 754
738 734
738 735
738 736
738 737
738 739
738 740
738 741
738 751
738 752
739 688
739 693
739 734
739 735
739 736
739 737
739 738
739 740
739 741
739 810
740 693
740 694
740 696
740 697
740 731
740 734
740 735
740 736
740 737
740 738
740 739
740 741
740 742
740 810
741 693
741 694
741 697
741 735
741 738
741 739
741 740
741 742
741 743
741 745
741 746
742 732
742 735
742 736
742 740
742 741
742 743
742 744
742 745
742 746
743 741
743 742
743 744
743 745
743 746
744 742
744 743
744 745
744 746
745 741
745 742
745 743
745 744
745 746
745 747
745 748
746 741
746 742
746 743
746 744
746 745
746 747
746 748
747 745
747 746
747 748
747 749
748 745
748 746
748 747
748 749
748 750
748 751
749 747
749 748
749 750
749 751
750 748
750 749
750 751
750 752
751 736
751 737
751 738
751 748
751 749
751 750
751 752
751 753
752 736
752 737
752 738
752 750
752 751
752 753
752 754
752 755
753 183
753 736
753 737
753 751
753 752
753 754
753 755
754 733
754 734
754 736
754 737
754 752
754 753
754 755
754 756
754 757
754 758
754 873
755 733
755 752
755 753
755 754
755 756
755 757
755 758
755 759
755 872
755 873
755 874
755 875
756 754
756 755
756 757
756 758
756 759
756 760
756 873
757 729
757 730
757 732
757 733
757 736
757 754
757 755
757 756
757 758
757 759
757 760
757 761
757 873
758 729
758 730
758 733
758 754
758 755
758 756
758 757
758 759
758 760
758 761
758 762
758 806
758 872
758 873
759 755
759 756
759 757
759 758
759 760
759 761
759 762
759 763
759 873
760 726
760 729
760 756
760 757
760 758
760 759
760 761
760 762
760 763
760 764
761 725
761 726
761 727
761 729
761 730
761 757
761 758
761 759
761 760
761 762
761 763
761 764
761 765
761 806
762 758
762 759
762 760
762 761
762 763
762 764
762 765
762 766
762 803
763 759
763 760
763 761
763 762
763 764
763 765
763 766
763 767
764 722
764 723
764 725
764 726
764 760
764 761
764 762
764 763
764 765
764 766
764 767
764 768
764 799
765 726
765 761
765 762
765 763
765 764
765 766
765 767
765 768
765 769
765 799
765 800
765 802
765 803
766 762
766 763
766 764
766 765
766 767
766 768
766 769
766 770
766 799
767 722
767 763
767 764
767 765
767 766
767 768
767 769
767 770
767 771
768 719
768 722
768 723
768 764
768 765
768 766
768 767
768 769
768 770
768 771
768 772
768 795
768 796
768 798
768 799
769 765
769 766
769 767
769 768
769 770
769 771
769 772
769 773
769 795
769 796
769 799
769 800
770 766
770 767
770 768
770 769
770 771
770 772
770 773
770 774
771 719
771 767
771 768
771 769
771 770
771 772
771 773
771 774
771 775
771 792
771 795
772 768
772 769
772 770
772 771
772 773
772 774
772 775
772 776
772 791
772 792
772 793
772 794
772 795
772 796
773 769
773 770
773 771
773 772
773 774
773 775
773 776
773 777
773 792
773 793
773 796
774 770
774 771
774 772
774 773
774 775
774 776
774 777
774 778
774 792
775 771
775 772
775 773
775 774
775 776
775 777
775 778
775 779
775 788
775 789
775 791
775 792
776 772
776 773
776 774
776 775
776 777
776 778
776 779
776 780
776 788
776 789
776 792
776 793
777 773
777 774
777 775
777 776
777 778
777 779
777 780
777 781
778 774
778 775
778 776
778 777
778 779
778 780
778 781
778 782
778 788
779 775
779 776
779 777
779 778
779 780
779 781
779 782
779 783
779 784
779 785
779 786
779 788
779 789
780 776
780 777
780 778
780 779
780 781
780 782
780 783
780 784
780 785
780 977
781 777
781 778
781 779
781 780
781 782
781 783
781 784
782 778
782 779
782 780
782 781
782 783
782 784
782 785
783 779
783 780
783 781
783 782
783 784
783 785
784 779
784 780
784 781
784 782
784 783
784 785
784 786
784 789
784 977
785 779
785 780
785 782
785 783
785 784
785 786
785 787
785 788
785 789
786 779
786 784
786 785
786 787
786 788
786 789
786 790
786 907
787 785
787 786
787 788
787 789
787 790
787 791
788 775
788 776
788 778
788 779
788 785
788 786
788 787
788 789
788 790
788 791
788 792
789 775
789 776
789 779
789 784
789 785
789 786
789 787
789 788
789 790
789 791
789 792
789 793
789 906
790 786
790 787
790 788
790 789
790 791
790 792
790 793
790 794
790 903
790 906
790 907
791 714
791 715
791 716
791 772
791 775
791 787
791 788
791 789
791 790
791 792
791 793
791 794
791 795
792 771
792 772
792 773
792 774
792 775
792 776
792 788
792 789
792 790
792 791
792 793
792 794
792 795
792 796
793 772
793 773
793 776
793 789
793 790
793 791
793 792
793 794
793 795
793 796
793 797
793 902
793 903
794 714
794 715
794 772
794 790
794 791
794 792
794 793
794 795
794 796
794 797
794 798
794 903
795 714
795 715
795 716
795 719
795 768
795 769
795 771
795 772
795 791
795 792
795 793
795 794
795 796
795 797
795 798
795 799
796 768
796 769
796 772
796 773
796 792
796 793
796 794
796 795
796 797
796 798
796 799
796 800
797 793
797 794
797 795
797 796
797 798
797 799
797 800
797 801
797 896
797 899
797 900
798 711
798 715
798 723
798 768
798 794
798 795
798 796
798 797
798 799
798 800
798 801
798 802
799 723
799 764
799 765
799 766
799 768
799 769
799 795
799 796
799 797
799 798
799 800
799 801
799 802
799 803
800 765
800 769
800 796
800 797
800 798
800 799
800 801
800 802
800 803
800 804
800 896
801 797
801 798
801 799
801 800
801 802
801 803
801 804
801 805
801 816
801 896
802 723
802 726
802 727
802 765
802 798
802 799
802 800
802 801
802 803
802 804
802 805
802 806
803 762
803 765
803 799
803 800
803 801
803 802
803 804
803 805
803 806
803 807
804 800
804 801
804 802
804 803
804 805
804 806
804 807
804 808
804 816
804 888
804 889
804 892
805 704
805 727
805 730
805 801
805 802
805 803
805 804
805 806
805 807
805 808
805 813
805 816
806 730
806 758
806 761
806 802
806 803
806 804
806 805
806 807
806 808
806 872
807 803
807 804
807 805
807 806
807 808
807 809
807 869
807 872
807 885
807 889
808 804
808 805
808 806
808 807
808 809
808 810
808 812
808 813
808 869
808 889
809 807
809 808
809 810
809 811
809 812
809 813
810 696
810 700
810 734
810 739
810 740
810 808
810 809
810 811
810 812
810 813
811 670
811 684
811 687
811 688
811 696
811 699
811 700
811 809
811 810
811 812
811 813
811 814
812 684
812 808
812 809
812 810
812 811
812 813
812 814
812 815
812 816
812 856
813 700
813 703
813 704
813 805
813 808
813 809
813 810
813 811
813 812
813 814
813 815
813 816
813 817
814 699
814 700
814 703
814 811
814 812
814 813
814 815
814 816
814 817
814 818
815 667
815 812
815 813
815 814
815 816
815 817
815 818
815 819
815 852
815 855
815 856
816 703
816 707
816 801
816 804
816 805
816 812
816 813
816 814
816 815
816 817
816 818
816 819
816 820
817 703
817 704
817 706
817 707
817 813
817 814
817 815
817 816
817 818
817 819
817 820
817 821
818 663
818 814
818 815
818 816
818 817
818 819
818 820
818 821
818 822
819 815
819 816
819 817
819 818
819 820
819 821
819 822
819 823
819 852
820 707
820 710
820 711
820 816
820 817
820 818
820 819
820 821
820 822
820 823
820 824
821 710
821 817
821 818
821 819
821 820
821 822
821 823
821 824
821 825
822 660
822 818
822 819
822 820
822 821
822 823
822 824
822 825
822 826
823 819
823 820
823 821
823 822
823 824
823 825
823 826
823 827
823 900
824 710
824 820
824 821
824 822
824 823
824 825
824 826
824 827
824 828
825 656
825 660
825 821
825 822
825 823
825 824
825 826
825 827
825 828
825 829
825 830
826 656
826 822
826 823
826 824
826 825
826 827
826 828
826 829
826 830
826 831
827 823
827 824
827 825
827 826
827 828
827 829
827 830
827 831
827 832
827 904
828 824
828 825
828 826
828 827
828 829
828 830
828 831
828 832
828 833
829 652
829 653
829 656
829 825
829 826
829 827
829 828
829 830
829 831
829 832
829 833
830 588
830 592
830 653
830 656
830 825
830 826
830 827
830 828
830 829
830 831
830 832
830 833
830 834
831 826
831 827
831 828
831 829
831 830
831 832
831 833
831 834
831 835
831 836
831 841
832 827
832 828
832 829
832 830
832 831
832 833
832 834
832 835
832 836
833 828
833 829
833 830
833 831
833 832
833 834
833 835
834 592
834 830
834 831
834 832
834 833
834 835
834 836
835 831
835 832
835 833
835 834
835 836
835 837
836 831
836 832
836 834
836 835
836 837
836 838
836 840
836 841
837 835
837 836
837 838
837 839
837 840
837 841
838 836
838 837
838 839
838 840
838 841
838 842
838 905
838 914
838 915
838 917
838 918
839 837
839 838
839 840
839 841
839 842
839 843
839 917
839 918
839 921
840 550
840 553
840 836
840 837
840 838
840 839
840 841
840 842
840 843
840 844
841 831
841 836
841 837
841 838
841 839
841 840
841 842
841 843
841 844
841 845
841 901
842 838
842 839
842 840
842 841
842 843
842 844
842 845
842 846
842 901
842 918
842 921
842 922
843 553
843 839
843 840
843 841
843 842
843 844
843 845
843 846
843 847
843 921
843 922
843 925
844 840
844 841
844 842
844 843
844 845
844 846
844 847
844 848
845 841
845 842
845 843
845 844
845 846
845 847
845 848
845 849
845 897
845 898
845 901
846 842
846 843
846 844
846 845
846 847
846 848
846 849
846 850
846 894
846 897
846 898
846 922
847 577
847 580
847 581
847 843
847 844
847 845
847 846
847 848
847 849
847 850
847 851
848 581
848 844
848 845
848 846
848 847
848 849
848 850
848 851
848 852
848 894
848 897
849 845
849 846
849 847
849 848
849 850
849 851
849 852
849 853
849 893
849 894
849 895
849 896
849 897
849 898
850 577
850 846
850 847
850 848
850 849
850 851
850 852
850 853
850 854
850 893
850 894
851 574
851 577
851 578
851 581
851 847
851 848
851 849
851 850
851 852
851 853
851 854
851 855
851 893
852 815
852 819
852 848
852 849
852 850
852 851
852 853
852 854
852 855
852 856
852 893
852 894
853 849
853 850
853 851
853 852
853 854
853 855
853 856
853 857
853 858
853 890
853 891
853 892
853 893
853 894
854 574
854 673
854 850
854 851
854 852
854 853
854 855
854 856
854 857
854 858
854 859
855 667
855 668
855 670
855 671
855 673
855 815
855 851
855 852
855 853
855 854
855 856
855 857
855 858
856 671
856 812
856 815
856 852
856 853
856 854
856 855
856 857
856 858
856 893
857 671
857 672
857 673
857 853
857 854
857 855
857 856
857 858
857 859
857 864
858 673
858 853
858 854
858 855
858 856
858 857
858 859
858 860
858 861
858 864
858 865
858 890
859 571
859 573
859 574
859 673
859 674
859 854
859 857
859 858
859 860
859 861
859 862
859 864
860 570
860 571
860 573
860 674
860 858
860 859
860 861
860 862
860 864
860 949
860 952
860 953
860 956
861 278
861 858
861 859
861 860
861 862
861 863
861 864
861 865
861 949
861 952
861 953
862 277
862 278
862 859
862 860
862 861
862 863
862 864
862 865
862 952
863 275
863 276
863 277
863 278
863 861
863 862
863 864
863 865
863 866
864 275
864 857
864 858
864 859
864 860
864 861
864 862
864 863
864 865
864 866
865 858
865 861
865 862
865 863
865 864
865 866
865 867
865 886
865 890
866 863
866 864
866 865
866 867
866 868
866 869
866 870
866 886
866 889
866 890
867 865
867 866
867 868
867 869
867 870
867 871
867 886
868 866
868 867
868 869
868 870
868 871
868 872
868 886
869 807
869 808
869 866
869 867
869 868
869 870
869 871
869 872
869 882
869 885
869 886
869 889
870 866
870 867
870 868
870 869
870 871
870 872
870 881
870 882
870 883
870 884
870 885
870 886
870 887
870 889
871 182
871 867
871 868
871 869
871 870
871 872
871 873
871 874
871 877
871 882
871 885
872 755
872 758
872 806
872 807
872 868
872 869
872 870
872 871
872 873
872 874
873 754
873 755
873 756
873 757
873 758
873 759
873 871
873 872
873 874
873 875
874 755
874 871
874 872
874 873
874 875
874 876
874 877
874 878
875 755
875 873
875 874
875 876
875 877
876 182
876 874
876 875
876 877
876 878
877 182
877 871
877 874
877 875
877 876
877 878
877 879
877 882
878 874
878 876
878 877
878 879
878 880
878 881
878 882
879 136
879 137
879 877
879 878
879 880
879 881
879 882
879 883
880 878
880 879
880 881
880 882
880 883
880 884
881 870
881 878
881 879
881 880
881 882
881 883
881 884
881 885
882 869
882 870
882 871
882 877
882 878
882 879
882 880
882 881
882 883
882 884
882 885
882 886
883 870
883 879
883 880
883 881
883 882
883 884
883 885
883 886
883 887
884 870
884 880
884 881
884 882
884 883
884 885
884 886
884 887
884 888
885 807
885 869
885 870
885 871
885 881
885 882
885 883
885 884
885 886
885 887
885 888
885 889
886 865
886 866
886 867
886 868
886 869
886 870
886 882
886 883
886 884
886 885
886 887
886 888
886 889
886 890
887 870
887 883
887 884
887 885
887 886
887 888
887 889
887 890
887 891
888 804
888 884
888 885
888 886
888 887
888 889
888 890
888 891
888 892
888 895
889 804
889 807
889 808
889 866
889 869
889 870
889 885
889 886
889 887
889 888
889 890
889 891
889 892
890 853
890 858
890 865
890 866
890 886
890 887
890 888
890 889
890 891
890 892
890 893
891 853
891 887
891 888
891 889
891 890
891 892
891 893
891 894
891 895
891 960
892 804
892 853
892 888
892 889
892 890
892 891
892 893
892 894
892 895
892 896
893 849
893 850
893 851
893 852
893 853
893 856
893 890
893 891
893 892
893 894
893 895
893 896
893 897
894 846
894 848
894 849
894 850
894 852
894 853
894 891
894 892
894 893
894 895
894 896
894 897
894 898
895 849
895 888
895 891
895 892
895 893
895 894
895 896
895 897
895 898
895 899
895 963
895 967
896 797
896 800
896 801
896 849
896 892
896 893
896 894
896 895
896 897
896 898
896 899
896 900
897 845
897 846
897 848
897 849
897 893
897 894
897 895
897 896
897 898
897 899
897 900
897 901
898 845
898 846
898 849
898 894
898 895
898 896
898 897
898 899
898 900
898 901
898 902
898 967
899 797
899 895
899 896
899 897
899 898
899 900
899 901
899 902
899 903
899 967
900 797
900 823
900 896
900 897
900 898
900 899
900 901
900 902
900 903
900 904
901 841
901 842
901 845
901 897
901 898
901 899
901 900
901 902
901 903
901 904
901 905
902 793
902 898
902 899
902 900
902 901
902 903
902 904
902 905
902 906
902 915
902 971
902 974
903 790
903 793
903 794
903 899
903 900
903 901
903 902
903 904
903 905
903 906
903 907
904 827
904 900
904 901
904 902
904 903
904 905
904 906
904 907
904 908
905 838
905 901
905 902
905 903
905 904
905 906
905 907
905 908
905 914
905 915
906 789
906 790
906 902
906 903
906 904
906 905
906 907
906 908
906 909
906 915
907 786
907 790
907 903
907 904
907 905
907 906
907 908
907 909
908 904
908 905
908 906
908 907
908 909
908 910
908 911
909 906
909 907
909 908
909 910
909 911
909 912
910 908
910 909
910 911
910 912
911 908
911 909
911 910
911 912
911 913
911 914
912 909
912 910
912 911
912 913
912 914
912 915
912 975
912 977
913 458
913 459
913 460
913 911
913 912
913 914
913 915
913 916
913 917
913 975
914 838
914 905
914 911
914 912
914 913
914 915
914 916
914 917
914 918
915 5
915 838
915 902
915 905
915 906
915 912
915 913
915 914
915 916
915 917
915 918
915 919
915 971
915 972
915 974
915 975
916 3
916 4
916 5
916 6
916 460
916 913
916 914
916 915
916 917
916 918
916 919
916 920
916 971
916 972
916 975
917 4
917 5
917 455
917 456
917 460
917 838
917 839
917 913
917 914
917 915
917 916
917 918
917 919
917 920
917 921
918 5
918 838
918 839
918 842
918 914
918 915
918 916
918 917
918 919
918 920
918 921
918 922
919 4
919 5
919 8
919 9
919 915
919 916
919 917
919 918
919 920
919 921
919 922
919 923
919 968
919 971
919 972
920 4
920 5
920 7
920 8
920 9
920 455
920 916
920 917
920 918
920 919
920 921
920 922
920 923
920 924
921 839
921 842
921 843
921 917
921 918
921 919
921 920
921 922
921 923
921 924
921 925
922 842
922 843
922 846
922 918
922 919
922 920
922 921
922 923
922 924
922 925
922 926
922 964
922 968
923 8
923 9
923 12
923 919
923 920
923 921
923 922
923 924
923 925
923 926
923 927
923 964
923 968
924 8
924 445
924 448
924 449
924 920
924 921
924 922
924 923
924 925
924 926
924 927
924 928
925 557
925 843
925 921
925 922
925 923
925 924
925 926
925 927
925 928
925 929
926 922
926 923
926 924
926 925
926 927
926 928
926 929
926 930
926 961
926 964
927 12
927 15
927 445
927 923
927 924
927 925
927 926
927 928
927 929
927 930
927 931
927 961
928 445
928 561
928 924
928 925
928 926
928 927
928 929
928 930
928 931
928 932
929 561
929 564
929 925
929 926
929 927
929 928
929 930
929 931
929 932
929 933
930 926
930 927
930 928
930 929
930 931
930 932
930 933
930 934
930 957
930 958
930 961
931 438
931 441
931 442
931 445
931 927
931 928
931 929
931 930
931 932
931 933
931 934
931 935
932 561
932 928
932 929
932 930
932 931
932 933
932 934
932 935
932 936
933 564
933 565
933 929
933 930
933 931
933 932
933 934
933 935
933 936
933 937
933 954
934 438
934 930
934 931
934 932
934 933
934 935
934 936
934 937
934 938
934 954
935 438
935 931
935 932
935 933
935 934
935 936
935 937
935 938
935 939
936 564
936 565
936 932
936 933
936 934
936 935
936 937
936 938
936 939
936 940
937 933
937 934
937 935
937 936
937 938
937 939
937 940
937 941
937 946
937 950
938 434
938 934
938 935
938 936
938 937
938 939
938 940
938 941
939 935
939 936
939 937
939 938
939 940
939 941
940 936
940 937
940 938
940 939
940 941
940 942
940 943
940 946
941 937
941 938
941 939
941 940
941 942
941 943
941 946
942 940
942 941
942 943
942 944
942 946
943 940
943 941
943 942
943 944
943 945
943 946
944 942
944 943
944 945
944 946
944 947
945 567
945 943
945 944
945 946
945 947
945 948
945 949
945 950
946 937
946 940
946 941
946 942
946 943
946 944
946 945
946 947
946 948
946 949
946 950
946 951
947 944
947 945
947 946
947 948
947 949
947 950
947 951
947 952
948 278
948 279
948 945
948 946
948 947
948 949
948 950
948 951
948 952
949 567
949 570
949 571
949 860
949 861
949 945
949 946
949 947
949 948
949 950
949 951
949 952
949 953
950 567
950 570
950 937
950 945
950 946
950 947
950 948
950 949
950 951
950 952
950 953
950 954
951 946
951 947
951 948
951 949
951 950
951 952
951 953
951 954
951 955
952 860
952 861
952 862
952 947
952 948
952 949
952 950
952 951
952 953
952 954
952 955
952 956
953 570
953 860
953 861
953 949
953 950
953 951
953 952
953 954
953 955
953 956
953 957
954 933
954 934
954 950
954 951
954 952
954 953
954 955
954 956
954 957
954 958
955 23
955 951
955 952
955 953
955 954
955 956
955 957
955 958
955 959
956 860
956 952
956 953
956 954
956 955
956 957
956 958
956 959
956 960
957 930
957 953
957 954
957 955
957 956
957 958
957 959
957 960
957 961
958 16
958 19
958 20
958 930
958 954
958 955
958 956
958 957
958 959
958 960
958 961
958 962
959 955
959 956
959 957
959 958
959 960
959 961
959 962
959 963
960 891
960 956
960 957
960 958
960 959
960 961
960 962
960 963
960 964
961 12
961 15
961 16
961 926
961 927
961 930
961 957
961 958
961 959
961 960
961 962
961 963
961 964
961 965
962 13
962 16
962 958
962 959
962 960
962 961
962 963
962 964
962 965
962 966
963 895
963 959
963 960
963 961
963 962
963 964
963 965
963 966
963 967
964 12
964 922
964 923
964 926
964 960
964 961
964 962
964 963
964 965
964 966
964 967
964 968
965 9
965 12
965 13
965 16
965 961
965 962
965 963
965 964
965 966
965 967
965 968
965 969
966 962
966 963
966 964
966 965
966 967
966 968
966 969
966 970
967 895
967 898
967 899
967 963
967 964
967 965
967 966
967 968
967 969
967 970
967 971
968 5
968 8
968 9
968 12
968 919
968 922
968 923
968 964
968 965
968 966
968 967
968 969
968 970
968 971
968 972
969 6
969 9
969 965
969 966
969 967
969 968
969 970
969 971
969 972
969 973
970 966
970 967
970 968
970 969
970 971
970 972
970 973
970 974
971 5
971 902
971 915
971 916
971 919
971 967
971 968
971 969
971 970
971 972
971 973
971 974
971 975
972 5
972 6
972 9
972 915
972 916
972 919
972 968
972 969
972 970
972 971
972 973
972 974
972 975
972 976
973 969
973 970
973 971
973 972
973 974
973 975
973 976
974 902
974 915
974 970
974 971
974 972
974 973
974 975
974 976
974 977
975 5
975 912
975 913
975 915
975 916
975 971
975 972
975 973
975 974
975 976
975 977
975 978
976 972
976 973
976 974
976 975
976 977
976 978
976 979
977 780
977 784
977 912
977 974
977 975
977 976
977 978
977 979
977 980
977 981
978 975
978 976
978 977
978 979
978 980
978 981
978 982
979 976
979 977
979 978
979 980
979 981
979 982
980 977
980 978
980 979
980 981
980 982
981 977
981 978
981 979
981 980
981 982
982 978
982 979
982 980
982 981
