0 1
0 2
1 0
1 2
1 3
2 0
2 1
2 3
2 4
3 1
3 2
3 4
3 5
3 6
4 2
4 3
4 5
4 6
4 7
5 3
5 4
5 6
5 7
6 3
6 4
6 5
6 7
6 8
7 4
7 5
7 6
7 8
7 9
8 6
8 7
8 9
8 10
8 11
9 7
9 8
9 10
9 11
9 13
10 8
10 9
10 11
10 12
10 13
11 8
11 9
11 10
11 12
11 13
12 10
12 11
12 13
12 14
13 9
13 10
13 11
13 12
13 14
13 15
13 109
14 12
14 13
14 15
14 16
14 18
15 13
15 14
15 16
15 17
15 18
15 107
15 108
15 109
16 14
16 15
16 17
16 18
16 19
16 20
17 15
17 16
17 18
17 19
17 20
17 21
17 107
18 14
18 15
18 16
18 17
18 19
18 20
18 21
19 16
19 17
19 18
19 20
19 21
20 16
20 17
20 18
20 19
20 21
20 22
21 17
21 18
21 19
21 20
21 22
21 23
22 20
22 21
22 23
22 24
23 21
23 22
23 24
23 25
24 22
24 23
24 25
24 26
24 27
25 23
25 24
25 26
25 27
25 28
26 24
26 25
26 27
26 28
27 24
27 25
27 26
27 28
27 29
27 30
28 25
28 26
28 27
28 29
28 30
29 27
29 28
29 30
29 31
30 27
30 28
30 29
30 31
30 32
30 34
31 29
31 30
31 32
31 33
31 34
32 30
32 31
32 33
32 34
32 193
32 194
32 195
32 196
33 31
33 32
33 34
33 35
33 195
33 196
33 242
33 246
34 30
34 31
34 32
34 33
34 35
34 36
34 196
34 197
35 33
35 34
35 36
35 37
35 196
35 197
35 246
36 34
36 35
36 37
36 38
36 56
36 57
36 197
37 35
37 36
37 38
37 39
37 56
37 57
38 36
38 37
38 39
38 40
38 54
38 55
38 56
38 57
38 253
39 37
39 38
39 40
39 41
39 54
39 55
39 56
40 38
40 39
40 41
40 42
40 52
40 53
40 54
40 55
40 163
40 253
40 254
40 257
41 39
41 40
41 42
41 43
41 44
41 52
41 53
41 54
41 257
41 258
41 261
42 40
42 41
42 43
42 44
42 50
42 51
42 52
42 53
42 166
42 167
42 170
42 257
42 258
42 261
43 41
43 42
43 44
43 45
43 46
43 50
43 51
43 52
43 167
43 170
43 261
44 41
44 42
44 43
44 45
44 46
44 51
44 52
44 53
45 43
45 44
45 46
45 47
45 48
45 50
45 51
45 52
45 64
46 43
46 44
46 45
46 47
46 48
46 49
47 45
47 46
47 48
47 49
48 45
48 46
48 47
48 49
48 50
48 51
48 64
48 65
48 66
48 67
49 46
49 47
49 48
49 50
49 51
49 64
49 65
49 66
49 67
49 170
49 171
50 42
50 43
50 45
50 48
50 49
50 51
50 52
50 64
50 65
50 66
50 67
50 167
50 168
50 169
50 170
50 171
50 172
51 42
51 43
51 44
51 45
51 48
51 49
51 50
51 52
51 53
51 62
51 63
51 64
51 65
51 166
51 167
51 168
51 170
51 171
52 40
52 41
52 42
52 43
52 44
52 45
52 50
52 51
52 53
52 54
52 62
52 63
52 64
52 163
52 164
52 166
52 167
52 170
53 40
53 41
53 42
53 44
53 51
53 52
53 54
53 55
53 60
53 61
53 62
53 63
53 163
54 38
54 39
54 40
54 41
54 52
54 53
54 55
54 56
54 59
54 60
54 61
54 62
54 159
54 162
54 163
55 38
55 39
55 40
55 53
55 54
55 56
55 57
55 58
55 59
55 60
55 61
55 159
56 36
56 37
56 38
56 39
56 54
56 55
56 57
56 58
56 59
56 60
56 153
56 159
57 36
57 37
57 38
57 55
57 56
57 58
57 59
57 60
57 153
58 55
58 56
58 57
58 59
58 60
58 151
58 152
58 153
58 154
58 199
59 54
59 55
59 56
59 57
59 58
59 60
59 61
59 149
59 150
59 151
59 152
59 153
59 154
59 155
59 156
59 159
60 53
60 54
60 55
60 56
60 57
60 58
60 59
60 61
60 62
60 149
60 150
60 151
60 152
60 153
60 159
61 53
61 54
61 55
61 59
61 60
61 62
61 63
61 147
61 148
61 149
61 150
61 151
61 156
61 159
61 160
61 163
62 51
62 52
62 53
62 54
62 60
62 61
62 63
62 64
62 147
62 148
62 149
62 150
62 163
63 51
63 52
63 53
63 61
63 62
63 64
63 65
63 145
63 146
63 147
63 148
63 160
63 163
63 164
63 167
64 45
64 48
64 49
64 50
64 51
64 52
64 62
64 63
64 65
64 66
64 145
64 146
64 147
64 164
64 167
65 48
65 49
65 50
65 51
65 63
65 64
65 66
65 67
65 143
65 144
65 145
65 146
65 164
65 167
65 168
65 171
66 48
66 49
66 50
66 64
66 65
66 67
66 68
66 69
66 143
66 144
66 145
66 146
67 48
67 49
67 50
67 65
67 66
67 68
67 69
67 142
67 143
67 144
67 171
67 173
68 66
68 67
68 69
68 70
68 138
68 141
68 142
68 143
68 144
69 66
69 67
69 68
69 70
69 71
69 141
69 142
69 143
70 68
70 69
70 71
70 72
70 140
70 141
70 142
71 69
71 70
71 72
71 73
71 74
71 140
71 141
71 142
72 70
72 71
72 73
72 74
72 75
73 71
73 72
73 74
73 75
73 76
74 71
74 72
74 73
74 75
74 76
74 77
74 140
75 72
75 73
75 74
75 76
75 77
75 78
76 73
76 74
76 75
76 77
76 78
76 79
77 74
77 75
77 76
77 78
77 79
78 75
78 76
78 77
78 79
78 80
79 76
79 77
79 78
79 80
79 81
80 78
80 79
80 81
80 82
81 79
81 80
81 82
81 83
82 80
82 81
82 83
82 84
83 81
83 82
83 84
83 85
84 82
84 83
84 85
84 86
85 83
85 84
85 86
85 87
86 84
86 85
86 87
86 88
87 85
87 86
87 88
87 89
87 90
88 86
88 87
88 89
88 90
88 91
88 92
89 87
89 88
89 90
89 91
89 92
90 87
90 88
90 89
90 91
90 92
90 139
90 140
91 88
91 89
91 90
91 92
91 93
91 136
91 139
91 140
92 88
92 89
92 90
92 91
92 93
92 94
92 135
92 136
92 137
92 138
92 139
92 140
93 91
93 92
93 94
93 95
93 135
93 136
93 137
93 138
93 139
93 140
93 141
93 142
93 143
94 92
94 93
94 95
94 96
94 135
94 140
94 141
94 142
94 143
95 93
95 94
95 96
95 97
95 126
95 130
95 135
95 142
95 143
95 144
95 145
96 94
96 95
96 97
96 98
96 126
96 142
96 143
96 144
96 145
97 95
97 96
97 98
97 99
97 122
97 123
97 125
97 126
97 144
97 145
97 146
97 147
98 96
98 97
98 99
98 100
98 119
98 122
98 144
98 145
98 146
98 147
99 97
99 98
99 100
99 101
99 118
99 119
99 121
99 122
99 146
99 147
99 148
99 149
100 98
100 99
100 101
100 102
100 113
100 118
100 146
100 147
100 148
100 149
101 99
101 100
101 102
101 103
101 105
101 113
101 118
101 148
101 149
101 150
102 100
102 101
102 103
102 104
102 105
102 110
102 148
102 149
102 150
102 151
103 101
103 102
103 104
103 105
103 106
103 109
103 110
103 111
103 112
103 113
104 102
104 103
104 105
104 106
104 107
104 108
104 109
104 110
104 150
104 151
105 101
105 102
105 103
105 104
105 106
105 107
105 109
105 149
105 150
105 151
105 152
106 103
106 104
106 105
106 107
106 108
106 109
106 110
106 151
106 152
107 15
107 17
107 104
107 105
107 106
107 108
107 109
108 15
108 104
108 106
108 107
108 109
108 110
109 13
109 15
109 103
109 104
109 105
109 106
109 107
109 108
109 110
109 111
110 102
110 103
110 104
110 106
110 108
110 109
110 111
110 112
111 103
111 109
111 110
111 112
111 113
112 103
112 110
112 111
112 113
112 114
113 100
113 101
113 103
113 111
113 112
113 114
113 115
114 112
114 113
114 115
114 116
114 118
114 119
115 113
115 114
115 116
115 117
115 118
115 119
116 114
116 115
116 117
116 118
116 119
116 120
117 115
117 116
117 118
117 119
117 120
117 121
118 99
118 100
118 101
118 114
118 115
118 116
118 117
118 119
118 120
118 121
118 122
119 98
119 99
119 114
119 115
119 116
119 117
119 118
119 120
119 121
119 122
119 123
120 116
120 117
120 118
120 119
120 121
120 122
120 123
120 124
121 99
121 117
121 118
121 119
121 120
121 122
121 123
121 124
121 125
121 157
122 97
122 98
122 99
122 118
122 119
122 120
122 121
122 123
122 124
122 125
122 126
123 97
123 119
123 120
123 121
123 122
123 124
123 125
123 126
123 127
124 120
124 121
124 122
124 123
124 125
124 126
124 127
124 128
124 223
124 225
125 97
125 121
125 122
125 123
125 124
125 126
125 127
125 128
125 129
125 157
125 160
125 161
126 95
126 96
126 97
126 122
126 123
126 124
126 125
126 127
126 128
126 129
126 130
127 123
127 124
127 125
127 126
127 128
127 129
127 130
127 131
127 222
127 223
128 124
128 125
128 126
128 127
128 129
128 130
128 131
128 132
128 161
128 179
128 213
128 222
128 223
129 125
129 126
129 127
129 128
129 130
129 131
129 132
129 133
129 161
129 165
129 179
129 222
130 95
130 126
130 127
130 128
130 129
130 131
130 132
130 133
130 135
131 127
131 128
131 129
131 130
131 132
131 133
131 134
131 222
132 128
132 129
132 130
132 131
132 133
132 134
132 175
132 176
132 177
132 178
132 179
132 215
132 222
133 129
133 130
133 131
133 132
133 134
133 135
133 173
133 174
133 175
133 176
133 177
134 131
134 132
134 133
134 135
134 136
134 137
134 138
134 174
134 175
134 176
135 92
135 93
135 94
135 95
135 130
135 133
135 134
135 136
135 137
135 138
135 139
136 91
136 92
136 93
136 134
136 135
136 137
136 138
136 139
137 92
137 93
137 134
137 135
137 136
137 138
137 139
138 68
138 92
138 93
138 134
138 135
138 136
138 137
138 139
138 140
138 141
138 142
139 90
139 91
139 92
139 93
139 135
139 136
139 137
139 138
139 140
139 141
140 70
140 71
140 74
140 90
140 91
140 92
140 93
140 94
140 138
140 139
140 141
140 142
141 68
141 69
141 70
141 71
141 93
141 94
141 138
141 139
141 140
141 142
141 143
142 67
142 68
142 69
142 70
142 71
142 93
142 94
142 95
142 96
142 138
142 140
142 141
142 143
142 144
143 65
143 66
143 67
143 68
143 69
143 93
143 94
143 95
143 96
143 141
143 142
143 144
143 145
144 65
144 66
144 67
144 68
144 95
144 96
144 97
144 98
144 142
144 143
144 145
144 146
145 63
145 64
145 65
145 66
145 95
145 96
145 97
145 98
145 143
145 144
145 146
145 147
145 164
146 63
146 64
146 65
146 66
146 97
146 98
146 99
146 100
146 144
146 145
146 147
146 148
146 164
147 61
147 62
147 63
147 64
147 97
147 98
147 99
147 100
147 145
147 146
147 148
147 149
147 160
147 163
147 164
148 61
148 62
148 63
148 99
148 100
148 101
148 102
148 146
148 147
148 149
148 150
149 59
149 60
149 61
149 62
149 99
149 100
149 101
149 102
149 105
149 147
149 148
149 150
149 151
149 152
149 156
149 160
150 59
150 60
150 61
150 62
150 101
150 102
150 104
150 105
150 148
150 149
150 151
150 152
151 58
151 59
151 60
151 61
151 102
151 104
151 105
151 106
151 149
151 150
151 152
151 153
152 58
152 59
152 60
152 105
152 106
152 149
152 150
152 151
152 153
152 154
152 155
152 156
152 200
153 56
153 57
153 58
153 59
153 60
153 151
153 152
153 154
153 155
153 156
153 199
153 200
154 58
154 59
154 152
154 153
154 155
154 156
154 197
154 198
154 199
154 200
154 201
154 203
155 59
155 152
155 153
155 154
155 156
155 157
155 158
155 159
155 182
155 183
155 184
155 197
155 198
155 199
155 200
155 211
156 59
156 61
156 149
156 152
156 153
156 154
156 155
156 157
156 158
156 159
156 160
157 121
157 125
157 155
157 156
157 158
157 159
157 160
157 161
157 181
157 183
157 211
158 155
158 156
158 157
158 159
158 160
158 161
158 162
158 180
158 181
158 182
158 183
158 211
158 212
158 213
159 54
159 55
159 56
159 59
159 60
159 61
159 155
159 156
159 157
159 158
159 160
159 161
159 162
159 163
159 181
159 182
160 61
160 63
160 125
160 147
160 149
160 156
160 157
160 158
160 159
160 161
160 162
160 163
160 164
160 181
161 125
161 128
161 129
161 157
161 158
161 159
161 160
161 162
161 163
161 164
161 165
161 179
161 180
161 181
161 213
162 54
162 158
162 159
162 160
162 161
162 163
162 164
162 165
162 166
162 178
162 179
162 180
162 181
163 40
163 52
163 53
163 54
163 61
163 62
163 63
163 147
163 159
163 160
163 161
163 162
163 164
163 165
163 166
163 167
164 52
164 63
164 64
164 65
164 145
164 146
164 147
164 160
164 161
164 162
164 163
164 165
164 166
164 167
164 168
165 129
165 161
165 162
165 163
165 164
165 166
165 167
165 168
165 169
165 178
165 179
165 180
166 42
166 51
166 52
166 162
166 163
166 164
166 165
166 167
166 168
166 169
166 170
166 178
166 254
166 258
167 42
167 43
167 50
167 51
167 52
167 63
167 64
167 65
167 163
167 164
167 165
167 166
167 168
167 169
167 170
167 171
168 50
168 51
168 65
168 164
168 165
168 166
168 167
168 169
168 170
168 171
168 172
168 173
169 50
169 165
169 166
169 167
169 168
169 170
169 171
169 172
169 173
169 174
169 175
169 178
169 258
170 42
170 43
170 49
170 50
170 51
170 52
170 166
170 167
170 168
170 169
170 171
170 172
170 173
170 258
170 261
171 49
171 50
171 51
171 65
171 67
171 167
171 168
171 169
171 170
171 172
171 173
172 50
172 168
172 169
172 170
172 171
172 173
172 174
173 67
173 133
173 168
173 169
173 170
173 171
173 172
173 174
173 175
174 133
174 134
174 169
174 172
174 173
174 175
174 176
175 132
175 133
175 134
175 169
175 173
175 174
175 176
175 177
175 178
176 132
176 133
176 134
176 174
176 175
176 177
176 178
177 132
177 133
177 175
177 176
177 178
177 179
177 215
177 216
177 217
177 218
178 132
178 162
178 165
178 166
178 169
178 175
178 176
178 177
178 179
178 180
178 215
178 216
178 217
179 128
179 129
179 132
179 161
179 162
179 165
179 177
179 178
179 180
179 181
179 213
179 214
179 215
179 216
179 222
180 158
180 161
180 162
180 165
180 178
180 179
180 181
180 182
180 213
180 214
180 215
180 216
180 247
180 250
180 251
181 157
181 158
181 159
181 160
181 161
181 162
181 179
181 180
181 182
181 183
181 211
181 212
181 213
181 214
181 247
182 155
182 158
182 159
182 180
182 181
182 183
182 184
182 196
182 197
182 211
182 212
182 213
182 243
182 246
182 247
183 155
183 157
183 158
183 181
183 182
183 184
183 185
183 196
183 197
183 198
183 209
183 210
183 211
183 212
183 243
184 155
184 182
184 183
184 185
184 186
184 194
184 195
184 196
184 197
184 198
184 209
184 210
184 211
184 212
184 239
184 243
185 183
185 184
185 186
185 187
185 194
185 195
185 196
185 197
185 198
185 202
185 203
185 206
185 207
185 208
185 209
185 210
186 184
186 185
186 187
186 188
186 192
186 193
186 194
186 195
186 206
186 207
186 208
186 209
186 230
187 185
187 186
187 188
187 189
187 192
187 193
187 194
187 195
187 202
187 205
187 206
187 207
187 208
188 186
188 187
188 189
188 190
188 191
188 192
188 205
188 206
188 207
189 187
189 188
189 190
189 191
189 192
190 188
190 189
190 191
190 192
191 188
191 189
191 190
191 192
191 193
192 186
192 187
192 188
192 189
192 190
192 191
192 193
192 194
193 32
193 186
193 187
193 191
193 192
193 194
193 195
194 32
194 184
194 185
194 186
194 187
194 192
194 193
194 195
194 196
194 239
195 32
195 33
195 184
195 185
195 186
195 187
195 193
195 194
195 196
195 197
195 198
196 32
196 33
196 34
196 35
196 182
196 183
196 184
196 185
196 194
196 195
196 197
196 198
196 242
196 243
196 246
197 34
197 35
197 36
197 154
197 155
197 182
197 183
197 184
197 185
197 195
197 196
197 198
197 199
198 154
198 155
198 183
198 184
198 185
198 195
198 196
198 197
198 199
198 200
198 201
198 202
198 203
199 58
199 153
199 154
199 155
199 197
199 198
199 200
199 201
199 202
199 203
200 152
200 153
200 154
200 155
200 198
200 199
200 201
200 202
200 203
200 204
201 154
201 198
201 199
201 200
201 202
201 203
201 204
201 205
202 185
202 187
202 198
202 199
202 200
202 201
202 203
202 204
202 205
202 206
203 154
203 185
203 198
203 199
203 200
203 201
203 202
203 204
203 205
203 206
203 209
204 200
204 201
204 202
204 203
204 205
204 206
205 187
205 188
205 201
205 202
205 203
205 204
205 206
205 207
206 185
206 186
206 187
206 188
206 202
206 203
206 204
206 205
206 207
206 208
206 209
207 185
207 186
207 187
207 188
207 205
207 206
207 208
207 209
207 228
207 229
207 230
208 185
208 186
208 187
208 206
208 207
208 209
208 210
208 226
208 227
208 228
208 229
208 230
209 183
209 184
209 185
209 186
209 203
209 206
209 207
209 208
209 210
209 211
209 226
209 227
209 228
209 230
210 183
210 184
210 185
210 208
210 209
210 211
210 212
210 224
210 225
210 226
210 227
210 239
211 155
211 157
211 158
211 181
211 182
211 183
211 184
211 209
211 210
211 212
211 213
211 224
211 225
211 226
211 243
212 158
212 181
212 182
212 183
212 184
212 210
212 211
212 213
212 214
212 221
212 223
212 224
212 225
212 240
212 243
212 244
213 128
213 158
213 161
213 179
213 180
213 181
213 182
213 211
213 212
213 214
213 215
213 221
213 222
213 223
213 224
214 179
214 180
214 181
214 212
214 213
214 215
214 216
214 219
214 220
214 221
214 222
214 223
214 244
214 247
215 132
215 177
215 178
215 179
215 180
215 213
215 214
215 216
215 217
215 218
215 219
215 220
215 221
215 222
216 177
216 178
216 179
216 180
216 214
216 215
216 217
216 218
216 219
216 220
216 247
216 248
216 251
217 177
217 178
217 215
217 216
217 218
217 219
218 177
218 215
218 216
218 217
218 219
218 220
219 214
219 215
219 216
219 217
219 218
219 220
219 221
220 214
220 215
220 216
220 218
220 219
220 221
220 222
221 212
221 213
221 214
221 215
221 219
221 220
221 222
221 223
221 224
222 127
222 128
222 129
222 131
222 132
222 179
222 213
222 214
222 215
222 220
222 221
222 223
222 224
223 124
223 127
223 128
223 212
223 213
223 214
223 221
223 222
223 224
223 225
224 210
224 211
224 212
224 213
224 221
224 222
224 223
224 225
224 226
225 124
225 210
225 211
225 212
225 223
225 224
225 226
225 227
226 208
226 209
226 210
226 211
226 224
226 225
226 227
226 228
227 208
227 209
227 210
227 225
227 226
227 228
227 229
228 207
228 208
228 209
228 226
228 227
228 229
228 230
229 207
229 208
229 227
229 228
229 230
229 231
230 186
230 207
230 208
230 209
230 228
230 229
230 231
230 232
230 233
230 235
230 236
231 229
231 230
231 232
231 233
231 235
231 236
232 230
232 231
232 233
232 234
232 235
232 236
233 230
233 231
233 232
233 234
233 235
233 236
233 237
234 232
234 233
234 235
234 236
234 237
234 238
235 230
235 231
235 232
235 233
235 234
235 236
235 237
235 238
235 239
236 230
236 231
236 232
236 233
236 234
236 235
236 237
236 238
236 239
236 240
237 233
237 234
237 235
237 236
237 238
237 239
237 240
237 241
238 234
238 235
238 236
238 237
238 239
238 240
238 241
238 242
239 184
239 194
239 210
239 235
239 236
239 237
239 238
239 240
239 241
239 242
239 243
240 212
240 236
240 237
240 238
240 239
240 241
240 242
240 243
240 244
241 237
241 238
241 239
241 240
241 242
241 243
241 244
241 245
242 33
242 196
242 238
242 239
242 240
242 241
242 243
242 244
242 245
242 246
243 182
243 183
243 184
243 196
243 211
243 212
243 239
243 240
243 241
243 242
243 244
243 245
243 246
243 247
244 212
244 214
244 240
244 241
244 242
244 243
244 245
244 246
244 247
244 248
245 241
245 242
245 243
245 244
245 246
245 247
245 248
245 249
246 33
246 35
246 182
246 196
246 242
246 243
246 244
246 245
246 247
246 248
246 249
246 250
247 180
247 181
247 182
247 214
247 216
247 243
247 244
247 245
247 246
247 248
247 249
247 250
247 251
248 216
248 244
248 245
248 246
248 247
248 249
248 250
248 251
248 252
249 245
249 246
249 247
249 248
249 250
249 251
249 252
249 253
250 180
250 246
250 247
250 248
250 249
250 251
250 252
250 253
250 254
251 180
251 216
251 247
251 248
251 249
251 250
251 252
251 253
251 254
251 255
252 248
252 249
252 250
252 251
252 253
252 254
252 255
252 256
253 38
253 40
253 249
253 250
253 251
253 252
253 254
253 255
253 256
253 257
254 40
254 166
254 250
254 251
254 252
254 253
254 255
254 256
254 257
254 258
255 251
255 252
255 253
255 254
255 256
255 257
255 258
255 259
256 252
256 253
256 254
256 255
256 257
256 258
256 259
256 260
257 40
257 41
257 42
257 253
257 254
257 255
257 256
257 258
257 259
257 260
257 261
258 41
258 42
258 166
258 169
258 170
258 254
258 255
258 256
258 257
258 259
258 260
258 261
258 262
259 255
259 256
259 257
259 258
259 260
259 261
259 262
259 263
260 256
260 257
260 258
260 259
260 261
260 262
260 263
260 264
261 41
261 42
261 43
261 170
261 257
261 258
261 259
261 260
261 262
261 263
261 264
261 265
262 258
262 259
262 260
262 261
262 263
262 264
262 265
262 266
263 259
263 260
263 261
263 262
263 264
263 265
263 266
263 267
264 260
264 261
264 262
264 263
264 265
264 266
264 267
264 268
265 261
265 262
265 263
265 264
265 266
265 267
265 268
265 269
266 262
266 263
266 264
266 265
266 267
266 268
266 269
266 270
267 263
267 264
267 265
267 266
267 268
267 269
267 270
268 264
268 265
268 266
268 267
268 269
268 270
268 271
269 265
269 266
269 267
269 268
269 270
269 271
270 266
270 267
270 268
270 269
270 271
271 268
271 269
271 270
