0 1
0 2
1 0
1 2
1 3
2 0
2 1
2 3
2 4
3 1
3 2
3 4
3 5
4 2
4 3
4 5
4 6
5 3
5 4
5 6
5 7
6 4
6 5
6 7
6 8
7 5
7 6
7 8
7 9
8 6
8 7
8 9
8 10
9 7
9 8
9 10
9 11
10 8
10 9
10 11
10 12
11 9
11 10
11 12
11 13
12 10
12 11
12 13
12 14
13 11
13 12
13 14
13 15
14 12
14 13
14 15
14 16
15 13
15 14
15 16
15 17
16 14
16 15
16 17
16 18
17 15
17 16
17 18
17 19
18 16
18 17
18 19
18 20
19 17
19 18
19 20
19 21
20 18
20 19
20 21
20 22
21 19
21 20
21 22
21 23
21 24
22 20
22 21
22 23
22 24
23 21
23 22
23 24
23 25
24 21
24 22
24 23
24 25
24 26
25 23
25 24
25 26
25 27
26 24
26 25
26 27
26 28
27 25
27 26
27 28
27 29
28 26
28 27
28 29
28 30
29 27
29 28
29 30
29 31
30 28
30 29
30 31
30 32
31 29
31 30
31 32
31 33
32 30
32 31
32 33
32 34
33 31
33 32
33 34
33 35
34 32
34 33
34 35
34 36
35 33
35 34
35 36
35 37
36 34
36 35
36 37
36 38
37 35
37 36
37 38
37 39
38 36
38 37
38 39
38 40
39 37
39 38
39 40
39 41
40 38
40 39
40 41
40 42
41 39
41 40
41 42
41 43
42 40
42 41
42 43
42 44
43 41
43 42
43 44
43 45
44 42
44 43
44 45
44 46
45 43
45 44
45 46
45 47
46 44
46 45
46 47
46 48
47 45
47 46
47 48
47 49
48 46
48 47
48 49
48 50
49 47
49 48
49 50
49 51
50 48
50 49
50 51
50 52
51 49
51 50
51 52
51 53
52 50
52 51
52 53
52 54
53 51
53 52
53 54
53 55
54 52
54 53
54 55
54 56
55 53
55 54
55 56
55 57
56 54
56 55
56 57
56 58
57 55
57 56
57 58
57 59
57 61
58 56
58 57
58 59
58 60
58 61
58 192
59 57
59 58
59 60
59 61
59 192
60 58
60 59
60 61
60 62
60 188
60 192
61 57
61 58
61 59
61 60
61 62
61 63
61 64
62 60
62 61
62 63
62 64
63 61
63 62
63 64
63 65
63 66
63 67
63 68
64 61
64 62
64 63
64 65
64 66
64 67
64 68
65 63
65 64
65 66
65 67
65 68
65 69
66 63
66 64
66 65
66 67
66 68
66 69
66 70
67 63
67 64
67 65
67 66
67 68
67 69
67 70
67 71
68 63
68 64
68 65
68 66
68 67
68 69
68 70
68 71
68 72
69 65
69 66
69 67
69 68
69 70
69 71
69 72
69 73
70 66
70 67
70 68
70 69
70 71
70 72
70 73
70 74
71 67
71 68
71 69
71 70
71 72
71 73
71 74
71 75
71 152
71 153
72 68
72 69
72 70
72 71
72 73
72 74
72 75
72 76
72 152
73 69
73 70
73 71
73 72
73 74
73 75
73 76
73 77
74 70
74 71
74 72
74 73
74 75
74 76
74 77
74 78
75 71
75 72
75 73
75 74
75 76
75 77
75 78
75 79
75 155
76 72
76 73
76 74
76 75
76 77
76 78
76 79
76 80
77 73
77 74
77 75
77 76
77 78
77 79
77 80
77 81
78 74
78 75
78 76
78 77
78 79
78 80
78 81
78 82
78 157
79 75
79 76
79 77
79 78
79 80
79 81
79 82
79 83
79 84
79 105
80 76
80 77
80 78
80 79
80 81
80 82
80 83
80 84
81 77
81 78
81 79
81 80
81 82
81 83
81 84
82 78
82 79
82 80
82 81
82 83
82 84
82 157
82 163
83 79
83 80
83 81
83 82
83 84
83 85
83 163
84 79
84 80
84 81
84 82
84 83
84 85
84 86
84 87
84 105
84 163
84 164
84 165
85 83
85 84
85 86
85 87
85 104
85 105
85 106
85 163
85 164
86 84
86 85
86 87
86 88
86 102
86 103
86 104
86 105
86 163
86 164
86 165
87 84
87 85
87 86
87 88
87 89
87 102
87 103
87 104
87 105
87 108
87 164
87 165
87 166
87 167
88 86
88 87
88 89
88 90
88 100
88 101
88 102
88 103
88 164
88 165
88 166
88 167
89 87
89 88
89 90
89 91
89 100
89 101
89 102
89 103
89 116
89 148
89 150
89 166
89 167
89 168
89 169
90 88
90 89
90 91
90 92
90 98
90 99
90 100
90 101
90 148
90 166
90 167
90 168
90 169
91 89
91 90
91 92
91 93
91 98
91 99
91 100
91 123
91 148
91 168
91 169
91 170
91 171
92 90
92 91
92 93
92 94
92 95
92 96
92 97
92 98
92 99
92 123
92 182
92 183
92 184
92 282
93 91
93 92
93 94
93 95
93 96
93 97
93 98
93 99
93 122
93 123
93 124
93 125
93 182
93 183
94 92
94 93
94 95
94 96
94 97
94 123
94 124
94 125
94 182
94 183
94 414
94 483
95 92
95 93
95 94
95 96
95 97
95 412
95 413
95 414
95 508
96 92
96 93
96 94
96 95
96 97
96 98
96 282
96 412
96 413
96 414
96 415
96 416
97 92
97 93
97 94
97 95
97 96
97 98
97 99
97 282
97 285
97 286
97 414
97 508
98 90
98 91
98 92
98 93
98 96
98 97
98 99
98 100
98 282
98 286
99 90
99 91
99 92
99 93
99 97
99 98
99 100
99 101
99 122
99 123
100 88
100 89
100 90
100 91
100 98
100 99
100 101
100 102
101 88
101 89
101 90
101 99
101 100
101 102
101 103
101 116
101 118
102 86
102 87
102 88
102 89
102 100
102 101
102 103
102 104
103 86
103 87
103 88
103 89
103 101
103 102
103 104
103 105
103 107
103 108
104 85
104 86
104 87
104 102
104 103
104 105
104 106
104 107
104 108
105 79
105 84
105 85
105 86
105 87
105 103
105 104
105 106
105 107
105 108
106 85
106 104
106 105
106 107
106 108
106 109
107 103
107 104
107 105
107 106
107 108
107 109
107 110
107 111
108 87
108 103
108 104
108 105
108 106
108 107
108 109
108 110
108 111
108 112
109 106
109 107
109 108
109 110
109 111
109 112
109 113
110 107
110 108
110 109
110 111
110 112
110 113
110 114
110 115
111 107
111 108
111 109
111 110
111 112
111 113
111 114
111 115
111 116
111 149
112 108
112 109
112 110
112 111
112 113
112 114
112 115
112 149
112 150
113 109
113 110
113 111
113 112
113 114
113 115
114 110
114 111
114 112
114 113
114 115
114 116
114 149
115 110
115 111
115 112
115 113
115 114
115 116
115 117
115 147
115 148
115 149
115 150
116 89
116 101
116 111
116 114
116 115
116 117
116 118
116 147
116 148
116 149
117 115
117 116
117 118
117 119
117 145
117 146
117 147
117 148
118 101
118 116
118 117
118 119
118 120
118 122
118 145
118 146
118 147
118 148
119 117
119 118
119 120
119 121
119 122
119 123
119 143
119 144
119 145
119 146
120 118
120 119
120 121
120 122
120 123
120 124
120 142
120 143
120 144
120 145
120 146
121 119
121 120
121 122
121 123
121 124
121 125
121 126
121 142
121 143
122 93
122 99
122 118
122 119
122 120
122 121
122 123
122 124
122 125
123 91
123 92
123 93
123 94
123 99
123 119
123 120
123 121
123 122
123 124
123 125
124 93
124 94
124 120
124 121
124 122
124 123
124 125
124 126
124 181
124 482
125 93
125 94
125 121
125 122
125 123
125 124
125 126
125 127
125 486
126 121
126 124
126 125
126 127
126 128
126 129
126 482
126 485
126 486
127 125
127 126
127 128
127 129
127 486
127 489
128 126
128 127
128 129
128 130
128 139
128 142
129 126
129 127
129 128
129 130
129 131
129 132
129 133
129 134
129 137
129 138
129 139
130 128
130 129
130 131
130 132
130 133
130 134
130 139
131 129
131 130
131 132
131 133
131 138
131 139
132 129
132 130
132 131
132 133
132 134
133 129
133 130
133 131
133 132
133 134
133 135
134 129
134 130
134 132
134 133
134 135
134 136
134 137
134 485
135 133
135 134
135 136
135 137
135 481
135 485
136 134
136 135
136 137
136 138
137 129
137 134
137 135
137 136
137 138
137 139
137 141
137 142
138 129
138 131
138 136
138 137
138 139
138 140
138 141
138 142
139 128
139 129
139 130
139 131
139 137
139 138
139 140
139 141
139 142
139 143
140 138
140 139
140 141
140 142
140 143
140 144
141 137
141 138
141 139
141 140
141 142
141 143
141 144
142 120
142 121
142 128
142 137
142 138
142 139
142 140
142 141
142 143
142 144
143 119
143 120
143 121
143 139
143 140
143 141
143 142
143 144
143 145
144 119
144 120
144 140
144 141
144 142
144 143
144 145
144 146
145 117
145 118
145 119
145 120
145 143
145 144
145 146
145 147
145 173
145 174
146 117
146 118
146 119
146 120
146 144
146 145
146 147
146 148
146 171
146 172
146 173
146 174
146 179
147 115
147 116
147 117
147 118
147 145
147 146
147 148
147 149
147 171
147 172
147 173
147 174
147 176
148 89
148 90
148 91
148 115
148 116
148 117
148 118
148 146
148 147
148 149
148 150
148 169
148 170
148 171
148 172
149 111
149 112
149 114
149 115
149 116
149 147
149 148
149 150
149 151
149 169
149 170
149 171
149 172
150 89
150 112
150 115
150 148
150 149
150 151
150 152
150 167
150 168
150 169
150 170
151 149
151 150
151 152
151 153
151 154
151 155
151 167
151 168
151 169
151 170
152 71
152 72
152 150
152 151
152 153
152 154
152 155
152 167
152 168
153 71
153 151
153 152
153 154
153 155
154 151
154 152
154 153
154 155
154 156
154 166
154 167
154 168
155 75
155 151
155 152
155 153
155 154
155 156
155 157
155 165
155 166
155 167
155 168
156 154
156 155
156 157
156 158
156 165
156 166
156 167
156 248
156 249
156 250
157 78
157 82
157 155
157 156
157 158
157 159
157 163
157 164
157 165
157 166
157 248
157 249
158 156
158 157
158 159
158 160
158 161
158 162
158 163
158 164
158 165
158 166
158 245
158 248
158 249
159 157
159 158
159 160
159 161
159 162
159 245
159 248
159 249
160 158
160 159
160 161
160 162
160 245
160 287
160 290
160 291
161 158
161 159
161 160
161 162
161 163
161 164
161 165
162 158
162 159
162 160
162 161
162 163
162 164
163 82
163 83
163 84
163 85
163 86
163 157
163 158
163 161
163 162
163 164
163 165
164 84
164 85
164 86
164 87
164 88
164 157
164 158
164 161
164 162
164 163
164 165
164 166
165 84
165 86
165 87
165 88
165 155
165 156
165 157
165 158
165 161
165 163
165 164
165 166
165 167
166 87
166 88
166 89
166 90
166 154
166 155
166 156
166 157
166 158
166 164
166 165
166 167
166 168
167 87
167 88
167 89
167 90
167 150
167 151
167 152
167 154
167 155
167 156
167 165
167 166
167 168
167 169
168 89
168 90
168 91
168 150
168 151
168 152
168 154
168 155
168 166
168 167
168 169
168 170
169 89
169 90
169 91
169 148
169 149
169 150
169 151
169 167
169 168
169 170
169 171
170 91
170 148
170 149
170 150
170 151
170 168
170 169
170 171
170 172
170 184
170 185
171 91
171 146
171 147
171 148
171 149
171 169
171 170
171 172
171 173
171 178
171 179
171 182
171 185
172 146
172 147
172 148
172 149
172 170
172 171
172 173
172 174
172 175
172 176
172 177
172 178
172 179
173 145
173 146
173 147
173 171
173 172
173 174
173 175
173 176
173 177
173 178
173 179
174 145
174 146
174 147
174 172
174 173
174 175
174 176
174 177
175 172
175 173
175 174
175 176
175 177
176 147
176 172
176 173
176 174
176 175
176 177
176 178
177 172
177 173
177 174
177 175
177 176
177 178
177 179
178 171
178 172
178 173
178 176
178 177
178 179
178 180
178 185
179 146
179 171
179 172
179 173
179 177
179 178
179 180
179 181
179 182
179 185
180 178
180 179
180 181
180 182
180 185
180 186
180 476
180 478
180 479
181 124
181 179
181 180
181 182
181 183
181 185
181 186
181 478
181 479
181 482
182 92
182 93
182 94
182 171
182 179
182 180
182 181
182 183
182 184
182 185
182 186
182 479
183 92
183 93
183 94
183 181
183 182
183 184
183 185
183 186
183 187
183 414
183 416
183 417
184 92
184 170
184 182
184 183
184 185
184 186
184 187
184 188
184 416
184 417
185 170
185 171
185 178
185 179
185 180
185 181
185 182
185 183
185 184
185 186
185 187
185 188
185 189
186 180
186 181
186 182
186 183
186 184
186 185
186 187
186 188
186 189
186 190
186 416
186 417
186 420
186 475
187 183
187 184
187 185
187 186
187 188
187 189
187 190
187 191
187 275
187 416
187 417
187 419
187 420
188 60
188 184
188 185
188 186
188 187
188 189
188 190
188 191
188 192
188 274
188 275
188 420
189 185
189 186
189 187
189 188
189 190
189 191
189 192
189 193
190 186
190 187
190 188
190 189
190 191
190 192
190 193
190 194
190 420
190 423
190 424
190 474
191 187
191 188
191 189
191 190
191 192
191 193
191 194
191 195
191 200
191 201
191 274
191 275
191 420
191 423
192 58
192 59
192 60
192 188
192 189
192 190
192 191
192 193
192 194
192 195
192 196
193 189
193 190
193 191
193 192
193 194
193 195
193 196
193 197
194 190
194 191
194 192
194 193
194 195
194 196
194 197
194 198
194 199
194 200
194 201
194 423
194 427
195 191
195 192
195 193
195 194
195 196
195 197
195 198
195 199
195 200
195 320
196 192
196 193
196 194
196 195
196 197
196 198
196 199
197 193
197 194
197 195
197 196
197 198
197 199
198 194
198 195
198 196
198 197
198 199
198 200
198 319
198 320
199 194
199 195
199 196
199 197
199 198
199 200
199 201
199 317
199 318
199 319
199 320
199 321
200 191
200 194
200 195
200 198
200 199
200 201
200 202
200 273
200 274
200 317
200 318
200 319
200 320
200 321
200 322
201 191
201 194
201 199
201 200
201 202
201 203
201 273
201 274
201 315
201 316
201 317
201 318
202 200
202 201
202 203
202 204
202 271
202 272
202 273
202 274
202 315
202 316
202 317
202 318
203 201
203 202
203 204
203 205
203 271
203 272
203 273
203 274
203 277
203 313
203 314
203 315
203 316
204 202
204 203
204 205
204 206
204 268
204 269
204 270
204 271
204 272
204 277
204 278
204 313
204 314
204 315
205 203
205 204
205 206
205 207
205 268
205 269
205 271
205 277
205 278
205 281
205 311
205 312
205 313
205 314
206 204
206 205
206 207
206 208
206 266
206 267
206 268
206 269
206 310
206 311
206 312
206 313
206 314
207 205
207 206
207 208
207 209
207 266
207 267
207 268
207 309
207 310
207 311
207 312
207 411
208 206
208 207
208 209
208 210
208 259
208 264
208 265
208 266
208 267
208 301
208 308
208 309
208 310
208 311
208 411
209 207
209 208
209 210
209 211
209 264
209 265
209 266
209 299
209 300
209 301
209 302
209 308
209 309
209 310
209 411
210 208
210 209
210 211
210 212
210 227
210 263
210 264
210 265
210 299
210 300
210 301
210 302
210 308
211 209
211 210
211 212
211 213
211 227
211 228
211 263
211 264
211 265
211 292
211 297
211 298
211 299
211 300
212 210
212 211
212 213
212 214
212 215
212 225
212 226
212 227
212 228
212 263
212 297
212 298
212 299
213 211
213 212
213 214
213 215
213 225
213 226
213 227
213 228
213 296
213 297
213 298
214 212
214 213
214 215
214 216
214 225
214 226
214 296
214 297
214 298
215 212
215 213
215 214
215 216
215 217
215 223
215 224
215 225
215 226
216 214
216 215
216 217
216 218
216 223
216 224
216 225
216 226
217 215
217 216
217 218
217 219
217 220
217 221
217 222
217 223
217 224
218 216
218 217
218 219
218 220
218 221
218 222
218 223
218 224
219 217
219 218
219 220
219 221
219 222
219 223
220 217
220 218
220 219
220 221
220 222
221 217
221 218
221 219
221 220
221 222
221 223
222 217
222 218
222 219
222 220
222 221
222 223
222 224
223 215
223 216
223 217
223 218
223 219
223 221
223 222
223 224
223 225
224 215
224 216
224 217
224 218
224 222
224 223
224 225
224 226
225 212
225 213
225 214
225 215
225 216
225 223
225 224
225 226
225 227
226 212
226 213
226 214
226 215
226 216
226 224
226 225
226 227
226 228
227 210
227 211
227 212
227 213
227 225
227 226
227 228
227 229
227 262
227 263
227 264
228 211
228 212
228 213
228 226
228 227
228 229
228 230
228 262
228 263
228 264
229 227
229 228
229 230
229 231
229 262
229 263
230 228
230 229
230 231
230 232
230 234
230 235
230 258
230 262
230 263
231 229
231 230
231 232
231 233
231 234
231 235
232 230
232 231
232 233
232 234
232 235
232 236
233 231
233 232
233 234
233 235
233 236
234 230
234 231
234 232
234 233
234 235
234 236
234 237
235 230
235 231
235 232
235 233
235 234
235 236
235 237
235 238
235 239
236 232
236 233
236 234
236 235
236 237
236 238
236 239
236 240
237 234
237 235
237 236
237 238
237 239
237 240
237 241
238 235
238 236
238 237
238 239
238 240
238 241
238 242
238 291
238 292
238 295
239 235
239 236
239 237
239 238
239 240
239 241
239 242
239 243
240 236
240 237
240 238
240 239
240 241
240 242
240 243
240 244
241 237
241 238
241 239
241 240
241 242
241 243
241 244
241 245
241 291
242 238
242 239
242 240
242 241
242 243
242 244
242 245
242 246
242 287
242 288
242 291
243 239
243 240
243 241
243 242
243 244
243 245
243 246
243 247
243 252
243 253
244 240
244 241
244 242
244 243
244 245
244 246
244 247
244 248
245 158
245 159
245 160
245 241
245 242
245 243
245 244
245 246
245 247
245 248
245 249
245 287
246 242
246 243
246 244
246 245
246 247
246 248
246 249
246 250
246 251
246 252
246 253
246 283
246 284
246 287
247 243
247 244
247 245
247 246
247 248
247 249
247 250
247 251
247 252
247 253
248 156
248 157
248 158
248 159
248 244
248 245
248 246
248 247
248 249
248 250
248 251
249 156
249 157
249 158
249 159
249 245
249 246
249 247
249 248
249 250
249 251
249 283
250 156
250 246
250 247
250 248
250 249
250 251
250 252
250 280
251 246
251 247
251 248
251 249
251 250
251 252
251 253
251 269
251 279
251 280
251 283
251 284
252 243
252 246
252 247
252 250
252 251
252 253
252 254
252 269
252 270
252 280
253 243
253 246
253 247
253 251
253 252
253 254
253 255
253 256
253 267
253 268
253 269
253 270
254 252
254 253
254 255
254 256
254 267
254 268
254 269
254 270
255 253
255 254
255 256
255 257
255 267
255 268
255 269
256 253
256 254
256 255
256 257
256 258
256 265
256 266
256 267
256 268
257 255
257 256
257 258
257 259
257 265
257 266
257 267
258 230
258 256
258 257
258 259
258 260
258 261
258 262
258 263
258 264
258 265
258 266
259 208
259 257
259 258
259 260
259 261
259 262
259 264
259 265
259 266
260 258
260 259
260 261
260 262
260 264
261 258
261 259
261 260
261 262
261 263
261 264
262 227
262 228
262 229
262 230
262 258
262 259
262 260
262 261
262 263
262 264
263 210
263 211
263 212
263 227
263 228
263 229
263 230
263 258
263 261
263 262
263 264
263 265
264 208
264 209
264 210
264 211
264 227
264 228
264 258
264 259
264 260
264 261
264 262
264 263
264 265
264 266
264 308
265 208
265 209
265 210
265 211
265 256
265 257
265 258
265 259
265 263
265 264
265 266
265 267
266 206
266 207
266 208
266 209
266 256
266 257
266 258
266 259
266 264
266 265
266 267
266 268
267 206
267 207
267 208
267 253
267 254
267 255
267 256
267 257
267 265
267 266
267 268
267 269
268 204
268 205
268 206
268 207
268 253
268 254
268 255
268 256
268 266
268 267
268 269
268 270
269 204
269 205
269 206
269 251
269 252
269 253
269 254
269 255
269 267
269 268
269 270
269 271
269 277
269 280
270 204
270 252
270 253
270 254
270 268
270 269
270 271
270 272
271 202
271 203
271 204
271 205
271 269
271 270
271 272
271 273
271 277
271 315
272 202
272 203
272 204
272 270
272 271
272 273
272 274
272 276
272 277
273 200
273 201
273 202
273 203
273 271
273 272
273 274
273 275
273 276
273 277
274 188
274 191
274 200
274 201
274 202
274 203
274 272
274 273
274 275
274 276
274 277
275 187
275 188
275 191
275 273
275 274
275 276
275 277
275 278
275 279
275 416
276 272
276 273
276 274
276 275
276 277
276 278
276 279
276 280
277 203
277 204
277 205
277 269
277 271
277 272
277 273
277 274
277 275
277 276
277 278
277 279
277 280
277 281
278 204
278 205
278 275
278 276
278 277
278 279
278 280
278 281
278 282
278 415
278 416
278 419
279 251
279 275
279 276
279 277
279 278
279 280
279 281
279 282
279 283
279 415
280 250
280 251
280 252
280 269
280 276
280 277
280 278
280 279
280 281
280 282
280 283
280 284
281 205
281 277
281 278
281 279
281 280
281 282
281 283
281 284
281 285
281 415
282 92
282 96
282 97
282 98
282 278
282 279
282 280
282 281
282 283
282 284
282 285
282 286
282 414
282 415
283 246
283 249
283 251
283 279
283 280
283 281
283 282
283 284
283 285
283 286
283 287
284 246
284 251
284 280
284 281
284 282
284 283
284 285
284 286
284 287
284 288
285 97
285 281
285 282
285 283
285 284
285 286
285 287
285 288
285 289
285 301
286 97
286 98
286 282
286 283
286 284
286 285
286 287
286 288
286 289
286 290
287 160
287 242
287 245
287 246
287 283
287 284
287 285
287 286
287 288
287 289
287 290
287 291
288 242
288 284
288 285
288 286
288 287
288 289
288 290
288 291
288 292
288 299
289 285
289 286
289 287
289 288
289 290
289 291
289 292
289 293
289 298
289 299
289 300
290 160
290 286
290 287
290 288
290 289
290 291
290 292
290 293
290 294
291 160
291 238
291 241
291 242
291 287
291 288
291 289
291 290
291 292
291 293
291 294
291 295
292 211
292 238
292 288
292 289
292 290
292 291
292 293
292 294
292 295
292 296
292 297
292 298
292 299
293 289
293 290
293 291
293 292
293 294
293 295
293 296
293 297
293 298
294 290
294 291
294 292
294 293
294 295
294 296
294 297
295 238
295 291
295 292
295 293
295 294
295 296
295 297
296 213
296 214
296 292
296 293
296 294
296 295
296 297
296 298
297 211
297 212
297 213
297 214
297 292
297 293
297 294
297 295
297 296
297 298
297 299
298 211
298 212
298 213
298 214
298 289
298 292
298 293
298 296
298 297
298 299
298 300
299 209
299 210
299 211
299 212
299 288
299 289
299 292
299 297
299 298
299 300
299 301
300 209
300 210
300 211
300 289
300 298
300 299
300 301
300 302
300 303
301 208
301 209
301 210
301 285
301 299
301 300
301 302
301 303
301 308
301 309
301 411
301 412
302 209
302 210
302 300
302 301
302 303
302 304
302 306
302 308
302 309
302 411
302 412
302 508
303 300
303 301
303 302
303 304
303 305
303 306
303 307
303 308
303 309
304 302
304 303
304 305
304 306
304 363
305 303
305 304
305 306
305 307
305 363
306 302
306 303
306 304
306 305
306 307
306 308
306 309
306 363
306 364
306 366
306 367
307 303
307 305
307 306
307 308
307 309
307 367
308 208
308 209
308 210
308 264
308 301
308 302
308 303
308 306
308 307
308 309
308 310
308 411
309 207
309 208
309 209
309 301
309 302
309 303
309 306
309 307
309 308
309 310
309 311
309 364
309 410
309 411
309 412
310 206
310 207
310 208
310 209
310 308
310 309
310 311
310 312
310 407
310 409
310 410
310 411
311 205
311 206
311 207
311 208
311 309
311 310
311 312
311 313
311 407
311 408
311 409
311 410
311 411
311 412
311 413
312 205
312 206
312 207
312 310
312 311
312 313
312 314
312 405
312 406
312 407
312 408
312 409
312 410
312 411
313 203
313 204
313 205
313 206
313 311
313 312
313 314
313 315
313 405
313 406
313 407
313 409
313 418
313 419
314 203
314 204
314 205
314 206
314 312
314 313
314 315
314 316
314 403
314 404
314 405
314 406
315 201
315 202
315 203
315 204
315 271
315 313
315 314
315 316
315 317
315 403
315 404
315 405
315 406
316 201
316 202
316 203
316 314
316 315
316 317
316 318
316 325
316 326
316 327
316 402
316 403
316 404
317 199
317 200
317 201
317 202
317 315
317 316
317 318
317 319
317 325
317 326
317 327
317 340
317 403
318 199
318 200
318 201
318 202
318 316
318 317
318 319
318 320
318 321
318 322
318 323
318 324
318 325
318 326
318 327
319 198
319 199
319 200
319 317
319 318
319 320
319 321
319 322
319 323
319 324
319 325
319 326
320 195
320 198
320 199
320 200
320 318
320 319
320 321
320 322
321 199
321 200
321 318
321 319
321 320
321 322
321 323
321 324
322 200
322 318
322 319
322 320
322 321
322 323
322 324
322 325
323 318
323 319
323 321
323 322
323 324
323 325
324 318
324 319
324 321
324 322
324 323
324 325
324 326
325 316
325 317
325 318
325 319
325 322
325 323
325 324
325 326
325 327
325 328
325 329
325 401
325 402
326 316
326 317
326 318
326 319
326 324
326 325
326 327
326 328
326 329
326 337
326 339
326 340
327 316
327 317
327 318
327 325
327 326
327 328
327 329
327 336
327 337
327 338
327 339
327 340
327 341
327 402
327 403
328 325
328 326
328 327
328 329
328 330
328 331
328 333
328 335
328 336
328 337
328 340
328 401
328 402
329 325
329 326
329 327
329 328
329 330
329 331
329 333
329 337
330 328
330 329
330 331
330 332
330 333
331 328
331 329
331 330
331 332
331 333
331 401
332 330
332 331
332 333
332 334
332 396
332 397
333 328
333 329
333 330
333 331
333 332
333 334
333 335
333 336
333 396
334 332
334 333
334 335
334 336
334 396
334 397
335 328
335 333
335 334
335 336
335 337
335 396
336 327
336 328
336 333
336 334
336 335
336 337
336 338
336 339
336 340
336 341
336 396
336 402
337 326
337 327
337 328
337 329
337 335
337 336
337 338
337 339
337 340
337 341
338 327
338 336
338 337
338 339
338 340
338 341
338 342
338 436
339 326
339 327
339 336
339 337
339 338
339 340
339 341
339 342
339 343
339 430
340 317
340 326
340 327
340 328
340 336
340 337
340 338
340 339
340 341
340 342
340 343
340 344
341 327
341 336
341 337
341 338
341 339
341 340
341 342
341 343
341 344
341 345
341 436
342 338
342 339
342 340
342 341
342 343
342 344
342 345
342 346
342 426
342 429
342 430
342 432
342 436
343 339
343 340
343 341
343 342
343 344
343 345
343 346
343 347
343 425
343 426
343 427
343 428
343 429
343 430
344 340
344 341
344 342
344 343
344 345
344 346
344 347
344 348
344 426
344 429
345 341
345 342
345 343
345 344
345 346
345 347
345 348
345 349
345 426
345 429
346 342
346 343
346 344
346 345
346 347
346 348
346 349
346 350
346 425
346 426
346 427
346 428
346 429
346 430
347 343
347 344
347 345
347 346
347 348
347 349
347 350
347 351
347 422
347 425
347 426
347 429
348 344
348 345
348 346
348 347
348 349
348 350
348 351
348 381
348 452
349 345
349 346
349 347
349 348
349 350
349 351
349 352
349 425
349 452
350 346
350 347
350 348
350 349
350 351
350 352
350 353
350 354
350 425
350 452
350 468
350 471
351 347
351 348
351 349
351 350
351 352
351 353
351 354
351 355
351 381
351 452
351 453
351 454
352 349
352 350
352 351
352 353
352 354
352 355
352 356
352 452
352 453
352 454
352 455
352 461
352 464
352 465
353 350
353 351
353 352
353 354
353 355
353 356
353 357
353 461
353 462
353 464
353 465
353 466
353 468
353 471
354 350
354 351
354 352
354 353
354 355
354 356
354 357
354 358
354 408
354 418
354 421
354 422
354 465
355 351
355 352
355 353
355 354
355 356
355 357
355 358
355 359
355 360
355 408
355 409
355 454
355 455
355 461
356 352
356 353
356 354
356 355
356 357
356 358
356 359
356 360
356 458
356 461
356 462
356 464
356 465
357 353
357 354
357 355
357 356
357 358
357 359
357 360
357 413
357 414
357 417
357 418
357 421
358 354
358 355
358 356
358 357
358 359
358 360
358 408
358 409
358 410
358 413
358 414
358 417
358 418
359 355
359 356
359 357
359 358
359 360
359 361
359 364
359 365
359 408
359 409
359 410
359 412
359 413
360 355
360 356
360 357
360 358
360 359
360 361
360 362
360 364
360 410
360 412
360 413
360 458
360 487
361 359
361 360
361 362
361 363
361 364
361 365
361 458
362 360
362 361
362 363
362 364
362 365
362 366
362 457
362 458
363 304
363 305
363 306
363 361
363 362
363 364
363 365
363 366
363 367
364 306
364 309
364 359
364 360
364 361
364 362
364 363
364 365
364 366
364 367
364 410
365 359
365 361
365 362
365 363
365 364
365 366
365 367
365 368
365 369
365 456
365 457
365 458
366 306
366 362
366 363
366 364
366 365
366 367
366 368
366 369
366 370
366 456
367 306
367 307
367 363
367 364
367 365
367 366
367 368
367 369
367 370
368 365
368 366
368 367
368 369
368 370
368 379
368 454
368 456
369 365
369 366
369 367
369 368
369 370
369 371
369 372
369 379
369 456
370 366
370 367
370 368
370 369
370 371
370 372
371 369
371 370
371 372
371 373
372 369
372 370
372 371
372 373
372 374
372 375
373 371
373 372
373 374
373 375
374 372
374 373
374 375
374 376
375 372
375 373
375 374
375 376
375 377
376 374
376 375
376 377
376 378
376 379
376 456
377 375
377 376
377 378
377 379
377 455
377 456
377 457
378 376
378 377
378 379
378 380
378 453
378 454
378 455
378 456
379 368
379 369
379 376
379 377
379 378
379 380
379 381
379 453
379 454
379 455
379 456
380 378
380 379
380 381
380 382
380 451
380 452
380 453
380 454
381 348
381 351
381 379
381 380
381 382
381 383
381 391
381 451
381 452
381 453
381 454
382 380
382 381
382 383
382 384
382 390
382 391
382 392
383 381
383 382
383 384
383 385
383 387
383 390
383 391
383 392
383 393
383 394
384 382
384 383
384 385
384 386
384 387
384 390
384 392
384 393
384 394
385 383
385 384
385 386
385 387
385 393
385 394
385 395
385 396
386 384
386 385
386 387
386 388
386 393
386 394
386 395
386 396
387 383
387 384
387 385
387 386
387 388
387 389
387 390
387 393
387 394
388 386
388 387
388 389
388 390
388 391
388 393
389 387
389 388
389 390
389 391
389 393
390 382
390 383
390 384
390 387
390 388
390 389
390 391
390 392
390 393
390 407
391 381
391 382
391 383
391 388
391 389
391 390
391 392
391 393
391 405
391 406
391 407
391 408
392 382
392 383
392 384
392 390
392 391
392 393
392 394
392 404
392 405
392 406
392 407
392 408
393 383
393 384
393 385
393 386
393 387
393 388
393 389
393 390
393 391
393 392
393 394
393 395
393 404
393 405
393 406
393 407
394 383
394 384
394 385
394 386
394 387
394 392
394 393
394 395
394 396
394 402
394 403
394 404
394 405
395 385
395 386
395 393
395 394
395 396
395 397
395 401
395 402
395 403
395 404
395 405
396 332
396 333
396 334
396 335
396 336
396 385
396 386
396 394
396 395
396 397
396 398
396 401
396 402
396 403
397 332
397 334
397 395
397 396
397 398
397 399
397 400
397 401
397 402
398 396
398 397
398 399
398 400
398 401
399 397
399 398
399 400
399 401
400 397
400 398
400 399
400 401
400 402
400 403
401 325
401 328
401 331
401 395
401 396
401 397
401 398
401 399
401 400
401 402
401 403
402 316
402 325
402 327
402 328
402 336
402 394
402 395
402 396
402 397
402 400
402 401
402 403
402 404
403 314
403 315
403 316
403 317
403 327
403 394
403 395
403 396
403 400
403 401
403 402
403 404
403 405
404 314
404 315
404 316
404 392
404 393
404 394
404 395
404 402
404 403
404 405
404 406
405 312
405 313
405 314
405 315
405 391
405 392
405 393
405 394
405 395
405 403
405 404
405 406
405 407
406 312
406 313
406 314
406 315
406 391
406 392
406 393
406 404
406 405
406 407
406 408
406 409
407 310
407 311
407 312
407 313
407 390
407 391
407 392
407 393
407 405
407 406
407 408
407 409
407 410
408 311
408 312
408 354
408 355
408 358
408 359
408 391
408 392
408 406
408 407
408 409
408 410
409 310
409 311
409 312
409 313
409 355
409 358
409 359
409 406
409 407
409 408
409 410
409 411
409 413
409 418
410 309
410 310
410 311
410 312
410 358
410 359
410 360
410 364
410 407
410 408
410 409
410 411
410 412
410 413
411 207
411 208
411 209
411 301
411 302
411 308
411 309
411 310
411 311
411 312
411 409
411 410
411 412
411 413
412 95
412 96
412 301
412 302
412 309
412 311
412 359
412 360
412 410
412 411
412 413
412 414
412 508
413 95
413 96
413 311
413 357
413 358
413 359
413 360
413 409
413 410
413 411
413 412
413 414
413 415
413 417
413 418
414 94
414 95
414 96
414 97
414 183
414 282
414 357
414 358
414 412
414 413
414 415
414 416
414 417
414 418
415 96
415 278
415 279
415 281
415 282
415 413
415 414
415 416
415 417
415 418
415 419
416 96
416 183
416 184
416 186
416 187
416 275
416 278
416 414
416 415
416 417
416 418
416 419
416 420
417 183
417 184
417 186
417 187
417 357
417 358
417 413
417 414
417 415
417 416
417 418
417 419
417 420
417 421
418 313
418 354
418 357
418 358
418 409
418 413
418 414
418 415
418 416
418 417
418 419
418 420
418 421
418 422
419 187
419 278
419 313
419 415
419 416
419 417
419 418
419 420
419 421
419 422
419 423
420 186
420 187
420 188
420 190
420 191
420 416
420 417
420 418
420 419
420 421
420 422
420 423
420 424
420 475
421 354
421 357
421 417
421 418
421 419
421 420
421 422
421 423
421 424
421 425
421 471
421 474
421 475
422 347
422 354
422 418
422 419
422 420
422 421
422 423
422 424
422 425
422 426
423 190
423 191
423 194
423 419
423 420
423 421
423 422
423 424
423 425
423 426
423 427
424 190
424 420
424 421
424 422
424 423
424 425
424 426
424 427
424 428
424 470
424 471
424 474
425 343
425 346
425 347
425 349
425 350
425 421
425 422
425 423
425 424
425 426
425 427
425 428
425 429
425 470
425 471
426 342
426 343
426 344
426 345
426 346
426 347
426 422
426 423
426 424
426 425
426 427
426 428
426 429
426 430
427 194
427 343
427 346
427 423
427 424
427 425
427 426
427 428
427 429
427 430
427 431
428 343
428 346
428 424
428 425
428 426
428 427
428 429
428 430
428 431
428 432
428 470
429 342
429 343
429 344
429 345
429 346
429 347
429 425
429 426
429 427
429 428
429 430
429 431
429 432
430 339
430 342
430 343
430 346
430 426
430 427
430 428
430 429
430 431
430 432
431 427
431 428
431 429
431 430
431 432
431 433
432 342
432 428
432 429
432 430
432 431
432 433
432 434
433 431
433 432
433 434
433 435
434 432
434 433
434 435
434 436
435 433
435 434
435 436
435 437
435 438
436 338
436 341
436 342
436 434
436 435
436 437
436 438
436 446
436 447
437 435
437 436
437 438
437 439
437 444
437 445
437 446
437 447
438 435
438 436
438 437
438 439
438 440
438 441
438 442
438 443
438 444
438 445
439 437
439 438
439 440
439 441
439 442
439 443
439 444
439 445
440 438
440 439
440 441
440 442
440 443
440 444
441 438
441 439
441 440
441 442
441 443
441 444
442 438
442 439
442 440
442 441
442 443
442 444
443 438
443 439
443 440
443 441
443 442
443 444
443 445
444 437
444 438
444 439
444 440
444 441
444 442
444 443
444 445
444 446
445 437
445 438
445 439
445 443
445 444
445 446
445 447
446 436
446 437
446 444
446 445
446 447
446 448
447 436
447 437
447 445
447 446
447 448
447 449
448 446
448 447
448 449
448 450
448 451
449 447
449 448
449 450
449 451
450 448
450 449
450 451
450 452
451 380
451 381
451 448
451 449
451 450
451 452
451 453
452 348
452 349
452 350
452 351
452 352
452 380
452 381
452 450
452 451
452 453
452 454
453 351
453 352
453 378
453 379
453 380
453 381
453 451
453 452
453 454
453 455
454 351
454 352
454 355
454 368
454 378
454 379
454 380
454 381
454 452
454 453
454 455
454 456
454 461
455 352
455 355
455 377
455 378
455 379
455 453
455 454
455 456
455 457
455 458
455 460
455 461
456 365
456 366
456 368
456 369
456 376
456 377
456 378
456 379
456 454
456 455
456 457
456 458
456 460
456 461
457 362
457 365
457 377
457 455
457 456
457 458
457 459
457 460
457 461
458 356
458 360
458 361
458 362
458 365
458 455
458 456
458 457
458 459
458 460
458 461
458 462
459 457
459 458
459 460
459 461
459 462
459 463
459 488
460 455
460 456
460 457
460 458
460 459
460 461
460 462
460 463
460 464
461 352
461 353
461 355
461 356
461 454
461 455
461 456
461 457
461 458
461 459
461 460
461 462
461 463
461 464
461 465
462 353
462 356
462 458
462 459
462 460
462 461
462 463
462 464
462 465
462 466
462 484
463 459
463 460
463 461
463 462
463 464
463 465
463 466
463 467
464 352
464 353
464 356
464 460
464 461
464 462
464 463
464 465
464 466
464 467
464 468
465 352
465 353
465 354
465 356
465 461
465 462
465 463
465 464
465 466
465 467
465 468
465 471
465 472
466 353
466 462
466 463
466 464
466 465
466 467
466 468
466 469
466 472
466 480
467 463
467 464
467 465
467 466
467 468
467 469
467 472
468 350
468 353
468 464
468 465
468 466
468 467
468 469
468 470
468 471
468 472
469 466
469 467
469 468
469 470
469 471
469 472
469 473
470 424
470 425
470 428
470 468
470 469
470 471
470 472
470 473
470 474
471 350
471 353
471 421
471 424
471 425
471 465
471 468
471 469
471 470
471 472
471 473
471 474
471 475
471 476
472 465
472 466
472 467
472 468
472 469
472 470
472 471
472 473
472 474
472 475
472 476
472 477
472 480
473 469
473 470
473 471
473 472
473 474
473 475
473 476
473 477
474 190
474 421
474 424
474 470
474 471
474 472
474 473
474 475
474 476
475 186
475 420
475 421
475 471
475 472
475 473
475 474
475 476
475 477
475 479
475 480
476 180
476 471
476 472
476 473
476 474
476 475
476 477
476 478
476 479
476 480
477 472
477 473
477 475
477 476
477 478
477 479
477 480
477 481
478 180
478 181
478 476
478 477
478 479
478 480
478 481
478 482
479 180
479 181
479 182
479 475
479 476
479 477
479 478
479 480
479 481
479 482
479 483
480 466
480 472
480 475
480 476
480 477
480 478
480 479
480 481
480 482
480 483
480 484
481 135
481 477
481 478
481 479
481 480
481 482
481 483
481 484
481 485
482 124
482 126
482 181
482 478
482 479
482 480
482 481
482 483
482 484
482 485
482 486
483 94
483 479
483 480
483 481
483 482
483 484
483 485
483 486
483 487
484 462
484 480
484 481
484 482
484 483
484 485
484 486
484 487
484 488
485 126
485 134
485 135
485 481
485 482
485 483
485 484
485 486
485 487
485 488
485 489
486 125
486 126
486 127
486 482
486 483
486 484
486 485
486 487
486 488
486 489
486 490
487 360
487 483
487 484
487 485
487 486
487 488
487 489
487 490
487 491
488 459
488 484
488 485
488 486
488 487
488 489
488 490
488 491
488 492
489 127
489 485
489 486
489 487
489 488
489 490
489 491
489 492
489 493
490 486
490 487
490 488
490 489
490 491
490 492
490 493
490 494
491 487
491 488
491 489
491 490
491 492
491 493
491 494
492 488
492 489
492 490
492 491
492 493
492 494
493 489
493 490
493 491
493 492
493 494
493 495
493 496
493 497
494 490
494 491
494 492
494 493
494 495
494 496
494 497
494 498
495 493
495 494
495 496
495 497
495 498
495 499
496 493
496 494
496 495
496 497
496 498
496 499
496 500
497 493
497 494
497 495
497 496
497 498
497 499
497 500
497 501
498 494
498 495
498 496
498 497
498 499
498 500
498 501
498 502
499 495
499 496
499 497
499 498
499 500
499 501
499 502
499 503
500 496
500 497
500 498
500 499
500 501
500 502
500 503
500 504
501 497
501 498
501 499
501 500
501 502
501 503
501 504
501 505
501 507
502 498
502 499
502 500
502 501
502 503
502 504
503 499
503 500
503 501
503 502
503 504
503 505
504 500
504 501
504 502
504 503
504 505
504 506
504 507
505 501
505 503
505 504
505 506
505 507
505 508
506 504
506 505
506 507
506 508
507 501
507 504
507 505
507 506
507 508
508 95
508 97
508 302
508 412
508 505
508 506
508 507
