0 1
0 2
1 0
1 2
1 3
2 0
2 1
2 3
2 4
3 1
3 2
3 4
3 5
3 130
3 131
4 2
4 3
4 5
4 6
4 131
5 3
5 4
5 6
5 7
5 129
5 131
5 161
6 4
6 5
6 7
6 8
6 10
6 11
6 131
7 5
7 6
7 8
7 9
7 10
7 11
8 6
8 7
8 9
8 10
8 11
8 12
8 154
9 7
9 8
9 10
9 11
9 12
9 13
10 6
10 7
10 8
10 9
10 11
10 12
10 13
10 14
11 6
11 7
11 8
11 9
11 10
11 12
11 13
11 14
11 15
11 150
11 154
12 8
12 9
12 10
12 11
12 13
12 14
12 15
12 147
12 150
12 151
13 9
13 10
13 11
13 12
13 14
13 15
13 16
13 17
14 10
14 11
14 12
14 13
14 15
14 16
14 139
14 142
14 143
15 11
15 12
15 13
15 14
15 16
15 17
15 142
15 143
15 144
15 145
15 146
15 147
15 150
16 13
16 14
16 15
16 17
16 18
16 143
16 146
16 147
17 13
17 15
17 16
17 18
17 19
18 16
18 17
18 19
18 20
18 21
19 17
19 18
19 20
19 21
20 18
20 19
20 21
20 22
21 18
21 19
21 20
21 22
21 23
22 20
22 21
22 23
22 24
23 21
23 22
23 24
23 25
24 22
24 23
24 25
24 26
25 23
25 24
25 26
25 27
26 24
26 25
26 27
26 28
27 25
27 26
27 28
27 29
27 30
27 31
28 26
28 27
28 29
28 30
28 31
28 32
29 27
29 28
29 30
29 31
29 32
29 33
30 27
30 28
30 29
30 31
30 32
30 33
30 34
31 27
31 28
31 29
31 30
31 32
31 33
31 34
31 35
32 28
32 29
32 30
32 31
32 33
32 34
32 35
32 36
33 29
33 30
33 31
33 32
33 34
33 35
33 36
33 37
34 30
34 31
34 32
34 33
34 35
34 36
34 37
34 38
35 31
35 32
35 33
35 34
35 36
35 37
35 38
35 39
36 32
36 33
36 34
36 35
36 37
36 38
36 39
36 40
37 33
37 34
37 35
37 36
37 38
37 39
37 40
37 41
38 34
38 35
38 36
38 37
38 39
38 40
38 41
38 42
39 35
39 36
39 37
39 38
39 40
39 41
39 42
40 36
40 37
40 38
40 39
40 41
40 42
40 43
41 37
41 38
41 39
41 40
41 42
41 43
42 38
42 39
42 40
42 41
42 43
42 44
43 40
43 41
43 42
43 44
43 45
44 42
44 43
44 45
44 46
45 43
45 44
45 46
45 47
46 44
46 45
46 47
46 48
47 45
47 46
47 48
47 49
48 46
48 47
48 49
48 50
49 47
49 48
49 50
49 51
50 48
50 49
50 51
50 52
51 49
51 50
51 52
51 53
52 50
52 51
52 53
52 54
53 51
53 52
53 54
53 55
54 52
54 53
54 55
54 56
55 53
55 54
55 56
55 57
56 54
56 55
56 57
56 58
57 55
57 56
57 58
57 59
58 56
58 57
58 59
58 60
59 57
59 58
59 60
59 61
60 58
60 59
60 61
60 62
61 59
61 60
61 62
61 63
62 60
62 61
62 63
62 64
63 61
63 62
63 64
63 65
64 62
64 63
64 65
64 66
65 63
65 64
65 66
65 67
66 64
66 65
66 67
66 68
67 65
67 66
67 68
67 69
68 66
68 67
68 69
68 70
69 67
69 68
69 70
69 71
70 68
70 69
70 71
70 72
71 69
71 70
71 72
71 73
72 70
72 71
72 73
72 74
73 71
73 72
73 74
73 75
74 72
74 73
74 75
74 76
75 73
75 74
75 76
75 77
76 74
76 75
76 77
76 78
76 79
77 75
77 76
77 78
77 79
77 80
78 76
78 77
78 79
78 80
78 255
78 256
79 76
79 77
79 78
79 80
79 81
80 77
80 78
80 79
80 81
80 82
80 83
81 79
81 80
81 82
81 83
81 84
81 85
81 478
81 500
81 503
81 504
82 80
82 81
82 83
82 84
82 85
82 86
83 80
83 81
83 82
83 84
83 85
83 86
83 87
83 363
83 475
83 478
83 479
84 81
84 82
84 83
84 85
84 86
84 87
84 88
84 478
84 479
84 481
84 482
84 503
85 81
85 82
85 83
85 84
85 86
85 87
85 88
85 89
86 82
86 83
86 84
86 85
86 87
86 88
86 89
86 90
87 83
87 84
87 85
87 86
87 88
87 89
87 90
87 91
87 363
87 479
87 482
88 84
88 85
88 86
88 87
88 89
88 90
88 91
88 92
88 482
88 489
89 85
89 86
89 87
89 88
89 90
89 91
89 92
89 93
90 86
90 87
90 88
90 89
90 91
90 92
90 93
90 94
91 87
91 88
91 89
91 90
91 92
91 93
91 94
91 95
91 489
92 88
92 89
92 90
92 91
92 93
92 94
92 95
92 96
92 489
92 490
93 89
93 90
93 91
93 92
93 94
93 95
93 96
94 90
94 91
94 92
94 93
94 95
94 96
94 97
94 368
95 91
95 92
95 93
95 94
95 96
95 97
95 98
95 488
95 489
96 92
96 93
96 94
96 95
96 97
96 98
96 99
97 94
97 95
97 96
97 98
97 99
98 95
98 96
98 97
98 99
98 100
99 96
99 97
99 98
99 100
99 101
100 98
100 99
100 101
100 102
101 99
101 100
101 102
101 103
102 100
102 101
102 103
102 104
103 101
103 102
103 104
103 105
104 102
104 103
104 105
104 106
104 310
105 103
105 104
105 106
105 107
105 108
105 310
106 104
106 105
106 107
106 108
107 105
107 106
107 108
107 109
107 110
107 307
107 308
107 309
107 310
108 105
108 106
108 107
108 109
108 110
108 308
109 107
109 108
109 110
109 111
109 306
109 307
109 308
110 107
110 108
110 109
110 111
110 112
110 113
110 114
110 115
110 306
110 307
110 308
111 109
111 110
111 112
111 113
111 114
111 115
112 110
112 111
112 113
112 114
112 115
112 116
112 159
112 160
112 163
113 110
113 111
113 112
113 114
113 115
113 116
113 117
113 159
113 160
113 161
113 162
113 163
113 164
114 110
114 111
114 112
114 113
114 115
114 116
114 117
114 118
114 160
115 110
115 111
115 112
115 113
115 114
115 116
115 117
115 118
115 119
115 306
116 112
116 113
116 114
116 115
116 117
116 118
116 119
116 120
116 156
116 157
116 159
116 160
117 113
117 114
117 115
117 116
117 118
117 119
117 120
117 121
117 126
117 160
118 114
118 115
118 116
118 117
118 119
118 120
118 121
118 122
119 115
119 116
119 117
119 118
119 120
119 121
119 122
119 123
120 116
120 117
120 118
120 119
120 121
120 122
120 123
120 124
120 125
120 126
120 156
121 117
121 118
121 119
121 120
121 122
121 123
121 124
121 125
121 126
122 118
122 119
122 120
122 121
122 123
122 124
122 125
122 287
123 119
123 120
123 121
123 122
123 124
123 125
123 126
123 286
123 287
123 288
123 290
123 291
124 120
124 121
124 122
124 123
124 125
124 126
124 127
124 287
125 120
125 121
125 122
125 123
125 124
125 126
125 127
125 128
125 129
125 138
126 117
126 120
126 121
126 123
126 124
126 125
126 127
126 128
126 129
126 130
127 124
127 125
127 126
127 128
127 129
127 130
127 134
127 135
127 138
128 125
128 126
128 127
128 129
128 130
128 131
128 134
128 138
129 5
129 125
129 126
129 127
129 128
129 130
129 131
129 157
130 3
130 126
130 127
130 128
130 129
130 131
130 132
130 133
131 3
131 4
131 5
131 6
131 128
131 129
131 130
131 132
131 133
131 134
132 130
132 131
132 133
132 134
132 135
133 130
133 131
133 132
133 134
133 135
134 127
134 128
134 131
134 132
134 133
134 135
134 136
134 137
134 138
134 139
135 127
135 132
135 133
135 134
135 136
135 137
135 138
135 139
136 134
136 135
136 137
136 138
136 139
136 140
137 134
137 135
137 136
137 138
137 139
137 140
137 141
138 125
138 127
138 128
138 134
138 135
138 136
138 137
138 139
138 140
138 141
138 142
139 14
139 134
139 135
139 136
139 137
139 138
139 140
139 141
139 142
139 143
140 136
140 137
140 138
140 139
140 141
140 142
140 143
140 144
140 534
140 537
141 137
141 138
141 139
141 140
141 142
141 143
141 144
141 145
141 534
142 14
142 15
142 138
142 139
142 140
142 141
142 143
142 144
142 145
142 150
143 14
143 15
143 16
143 139
143 140
143 141
143 142
143 144
143 145
144 15
144 140
144 141
144 142
144 143
144 145
144 146
144 530
144 533
144 534
145 15
145 141
145 142
145 143
145 144
145 146
145 147
145 149
145 150
145 530
146 15
146 16
146 144
146 145
146 147
146 148
146 149
146 150
146 232
146 235
147 12
147 15
147 16
147 145
147 146
147 148
147 149
147 150
147 151
147 235
148 146
148 147
148 149
148 150
148 151
148 152
148 234
148 235
148 295
149 145
149 146
149 147
149 148
149 150
149 151
149 152
149 153
149 234
149 291
149 292
149 294
149 295
150 11
150 12
150 15
150 142
150 145
150 146
150 147
150 148
150 149
150 151
150 152
150 153
150 154
151 12
151 147
151 148
151 149
151 150
151 152
151 153
151 154
151 155
151 295
152 148
152 149
152 150
152 151
152 153
152 154
152 155
152 156
152 291
152 294
152 295
152 298
153 149
153 150
153 151
153 152
153 154
153 155
153 156
153 157
153 291
154 8
154 11
154 150
154 151
154 152
154 153
154 155
154 156
154 157
154 158
155 151
155 152
155 153
155 154
155 156
155 157
155 158
155 159
156 116
156 120
156 152
156 153
156 154
156 155
156 157
156 158
156 159
156 160
157 116
157 129
157 153
157 154
157 155
157 156
157 158
157 159
157 160
157 161
158 154
158 155
158 156
158 157
158 159
158 160
158 161
158 162
159 112
159 113
159 116
159 155
159 156
159 157
159 158
159 160
159 161
159 162
159 163
160 112
160 113
160 114
160 116
160 117
160 156
160 157
160 158
160 159
160 161
160 162
160 163
160 164
161 5
161 113
161 157
161 158
161 159
161 160
161 162
161 163
161 164
161 165
162 113
162 158
162 159
162 160
162 161
162 163
162 164
162 165
162 166
163 112
163 113
163 159
163 160
163 161
163 162
163 164
163 165
163 166
163 167
164 113
164 160
164 161
164 162
164 163
164 165
164 166
164 167
164 168
165 161
165 162
165 163
165 164
165 166
165 167
165 168
165 169
166 162
166 163
166 164
166 165
166 167
166 168
166 169
167 163
167 164
167 165
167 166
167 168
167 169
167 170
168 164
168 165
168 166
168 167
168 169
168 170
169 165
169 166
169 167
169 168
169 170
169 171
170 167
170 168
170 169
170 171
170 172
171 169
171 170
171 172
171 173
172 170
172 171
172 173
172 174
173 171
173 172
173 174
173 175
173 176
173 177
173 178
174 172
174 173
174 175
174 176
174 177
174 178
175 173
175 174
175 176
175 177
175 178
175 179
176 173
176 174
176 175
176 177
176 178
176 179
176 180
176 181
177 173
177 174
177 175
177 176
177 178
177 179
177 180
178 173
178 174
178 175
178 176
178 177
178 179
178 180
179 175
179 176
179 177
179 178
179 180
179 181
179 182
180 176
180 177
180 178
180 179
180 181
180 182
181 176
181 179
181 180
181 182
181 183
182 179
182 180
182 181
182 183
182 184
183 181
183 182
183 184
183 185
184 182
184 183
184 185
184 186
185 183
185 184
185 186
185 187
186 184
186 185
186 187
186 188
187 185
187 186
187 188
187 189
188 186
188 187
188 189
188 190
189 187
189 188
189 190
189 191
190 188
190 189
190 191
190 192
191 189
191 190
191 192
191 193
192 190
192 191
192 193
192 194
193 191
193 192
193 194
193 195
194 192
194 193
194 195
194 196
195 193
195 194
195 196
195 197
196 194
196 195
196 197
196 198
197 195
197 196
197 198
197 199
198 196
198 197
198 199
198 200
199 197
199 198
199 200
199 201
200 198
200 199
200 201
200 202
201 199
201 200
201 202
201 203
202 200
202 201
202 203
202 204
203 201
203 202
203 204
203 205
204 202
204 203
204 205
204 206
205 203
205 204
205 206
205 207
206 204
206 205
206 207
206 208
207 205
207 206
207 208
207 209
208 206
208 207
208 209
208 210
209 207
209 208
209 210
209 211
210 208
210 209
210 211
210 212
211 209
211 210
211 212
211 213
212 210
212 211
212 213
212 214
213 211
213 212
213 214
213 215
214 212
214 213
214 215
214 216
215 213
215 214
215 216
215 217
216 214
216 215
216 217
216 218
217 215
217 216
217 218
217 219
218 216
218 217
218 219
218 220
219 217
219 218
219 220
219 221
220 218
220 219
220 221
220 222
220 223
221 219
221 220
221 222
221 223
221 257
221 258
221 260
222 220
222 221
222 223
222 224
222 260
222 261
223 220
223 221
223 222
223 224
223 225
223 260
223 261
224 222
224 223
224 225
224 226
224 260
224 261
224 262
224 263
225 223
225 224
225 226
225 227
225 260
225 261
225 262
225 263
226 224
226 225
226 227
226 228
226 262
226 263
226 264
226 265
227 225
227 226
227 228
227 229
227 262
227 263
227 264
227 265
227 431
228 226
228 227
228 229
228 230
228 231
228 264
228 265
229 227
229 228
229 230
229 231
229 232
229 233
229 264
229 524
229 525
229 526
230 228
230 229
230 231
230 232
230 524
230 525
230 526
231 228
231 229
231 230
231 232
231 233
231 235
231 236
231 525
231 526
232 146
232 229
232 230
232 231
232 233
232 234
232 235
232 236
232 292
232 526
232 527
233 229
233 231
233 232
233 234
233 235
233 236
233 237
233 292
233 296
233 435
234 148
234 149
234 232
234 233
234 235
234 236
234 237
234 238
234 292
234 293
234 295
234 296
234 297
234 299
235 146
235 147
235 148
235 231
235 232
235 233
235 234
235 236
235 237
235 238
235 239
235 296
236 231
236 232
236 233
236 234
236 235
236 237
236 238
236 239
236 240
237 233
237 234
237 235
237 236
237 238
237 239
237 240
237 241
237 296
237 299
237 300
238 234
238 235
238 236
238 237
238 239
238 240
238 241
238 242
238 299
239 235
239 236
239 237
239 238
239 240
239 241
239 242
239 243
240 236
240 237
240 238
240 239
240 241
240 242
240 243
240 244
241 237
241 238
241 239
241 240
241 242
241 243
241 244
242 238
242 239
242 240
242 241
242 243
242 244
243 239
243 240
243 241
243 242
243 244
243 245
244 240
244 241
244 242
244 243
244 245
244 246
244 247
245 243
245 244
245 246
245 247
246 244
246 245
246 247
246 248
247 244
247 245
247 246
247 248
247 249
248 246
248 247
248 249
248 250
249 247
249 248
249 250
249 251
250 248
250 249
250 251
250 252
251 249
251 250
251 252
251 253
251 428
252 250
252 251
252 253
252 254
253 251
253 252
253 254
253 255
254 252
254 253
254 255
254 256
254 257
255 78
255 253
255 254
255 256
255 257
256 78
256 254
256 255
256 257
256 258
257 221
257 254
257 255
257 256
257 258
257 259
258 221
258 256
258 257
258 259
258 260
259 257
259 258
259 260
259 261
259 515
260 221
260 222
260 223
260 224
260 225
260 258
260 259
260 261
260 262
261 222
261 223
261 224
261 225
261 259
261 260
261 262
261 263
262 224
262 225
262 226
262 227
262 260
262 261
262 263
262 264
262 516
263 224
263 225
263 226
263 227
263 261
263 262
263 264
263 265
263 519
264 226
264 227
264 228
264 229
264 262
264 263
264 265
264 266
264 271
264 519
265 226
265 227
265 228
265 263
265 264
265 266
265 267
266 264
266 265
266 267
266 268
266 269
266 270
266 271
266 652
266 653
267 265
267 266
267 268
267 269
267 270
267 271
267 653
268 266
268 267
268 269
268 270
268 652
268 653
268 654
268 657
269 266
269 267
269 268
269 270
269 271
269 650
269 652
269 653
269 654
269 657
269 658
270 266
270 267
270 268
270 269
270 271
270 272
270 649
270 650
270 651
270 652
270 653
270 654
271 264
271 266
271 267
271 269
271 270
271 272
271 273
271 522
271 523
271 524
271 525
271 650
271 653
272 270
272 271
272 273
272 274
272 276
272 277
272 522
272 523
272 524
272 525
272 648
272 649
272 650
273 271
273 272
273 274
273 275
273 276
273 277
273 521
273 522
273 523
274 272
274 273
274 275
274 276
274 277
274 282
274 521
274 522
274 523
275 273
275 274
275 276
275 277
275 278
276 272
276 273
276 274
276 275
276 277
276 278
276 647
276 648
276 649
277 272
277 273
277 274
277 275
277 276
277 278
277 279
277 281
277 282
277 646
277 647
277 648
278 275
278 276
278 277
278 279
278 280
278 281
278 282
278 645
278 646
278 647
279 277
279 278
279 280
279 281
279 282
279 283
280 278
280 279
280 281
280 282
280 283
280 284
280 645
281 277
281 278
281 279
281 280
281 282
281 283
281 284
281 285
281 531
281 644
281 645
281 646
282 274
282 277
282 278
282 279
282 280
282 281
282 283
282 284
282 285
282 286
283 279
283 280
283 281
283 282
283 284
283 285
283 286
283 287
284 280
284 281
284 282
284 283
284 285
284 286
284 287
284 288
284 531
285 281
285 282
285 283
285 284
285 286
285 287
285 288
285 289
285 442
285 443
285 527
285 528
285 531
286 123
286 282
286 283
286 284
286 285
286 287
286 288
286 289
286 290
286 442
286 443
286 444
287 122
287 123
287 124
287 283
287 284
287 285
287 286
287 288
287 289
287 290
287 291
287 443
288 123
288 284
288 285
288 286
288 287
288 289
288 290
288 291
288 292
288 527
288 530
289 285
289 286
289 287
289 288
289 290
289 291
289 292
289 293
289 439
289 440
289 442
289 443
289 527
290 123
290 286
290 287
290 288
290 289
290 291
290 292
290 293
290 294
290 439
290 440
290 443
291 123
291 149
291 152
291 153
291 287
291 288
291 289
291 290
291 292
291 293
291 294
291 295
292 149
292 232
292 233
292 234
292 288
292 289
292 290
292 291
292 293
292 294
292 295
292 296
292 439
293 234
293 289
293 290
293 291
293 292
293 294
293 295
293 296
293 297
293 436
293 439
293 440
294 149
294 152
294 290
294 291
294 292
294 293
294 295
294 296
294 297
294 298
294 304
295 148
295 149
295 151
295 152
295 234
295 291
295 292
295 293
295 294
295 296
295 297
295 298
295 299
296 233
296 234
296 235
296 237
296 292
296 293
296 294
296 295
296 297
296 298
296 299
296 300
296 436
297 234
297 293
297 294
297 295
297 296
297 298
297 299
297 300
297 301
297 302
297 303
297 304
298 152
298 294
298 295
298 296
298 297
298 299
298 300
298 301
298 302
298 303
299 234
299 237
299 238
299 295
299 296
299 297
299 298
299 300
299 301
299 302
300 237
300 296
300 297
300 298
300 299
300 301
300 302
300 427
301 297
301 298
301 299
301 300
301 302
301 303
302 297
302 298
302 299
302 300
302 301
302 303
302 304
302 423
303 297
303 298
303 301
303 302
303 304
303 305
304 294
304 297
304 302
304 303
304 305
304 306
304 419
304 420
305 303
305 304
305 306
305 307
305 419
305 420
306 109
306 110
306 115
306 304
306 305
306 307
306 308
306 416
306 417
306 419
306 420
307 107
307 109
307 110
307 305
307 306
307 308
307 309
307 415
307 416
307 417
307 419
308 107
308 108
308 109
308 110
308 306
308 307
308 309
308 310
308 415
308 416
309 107
309 307
309 308
309 310
309 311
309 410
309 415
309 416
310 104
310 105
310 107
310 308
310 309
310 311
310 312
310 415
311 309
311 310
311 312
311 313
312 310
312 311
312 313
312 314
312 409
313 311
313 312
313 314
313 315
314 312
314 313
314 315
314 316
314 317
314 321
314 322
314 409
315 313
315 314
315 316
315 317
315 321
315 322
316 314
316 315
316 317
316 318
317 314
317 315
317 316
317 318
317 319
317 320
317 321
317 322
317 379
318 316
318 317
318 319
318 320
318 321
318 322
318 379
319 317
319 318
319 320
319 321
319 322
319 327
319 343
319 378
319 379
320 317
320 318
320 319
320 321
320 322
320 379
320 404
320 407
320 408
321 314
321 315
321 317
321 318
321 319
321 320
321 322
321 323
321 404
321 407
321 408
321 409
322 314
322 315
322 317
322 318
322 319
322 320
322 321
322 323
322 324
322 326
322 327
322 408
322 409
323 321
323 322
323 324
323 325
323 326
323 327
323 408
323 409
323 410
324 322
324 323
324 325
324 326
324 327
324 328
324 341
324 408
324 447
324 448
325 323
325 324
325 326
325 327
325 328
325 329
325 447
326 322
326 323
326 324
326 325
326 327
326 328
326 329
326 330
327 319
327 322
327 323
327 324
327 325
327 326
327 328
327 329
327 330
327 331
327 341
328 324
328 325
328 326
328 327
328 329
328 330
328 331
328 332
328 338
328 339
328 340
328 341
328 342
329 325
329 326
329 327
329 328
329 330
329 331
329 332
329 333
330 326
330 327
330 328
330 329
330 331
330 332
330 333
330 334
331 327
331 328
331 329
331 330
331 332
331 333
331 334
331 335
331 336
331 338
331 341
331 342
332 328
332 329
332 330
332 331
332 333
332 334
332 335
332 336
332 337
332 338
333 329
333 330
333 331
333 332
333 334
333 335
333 336
334 330
334 331
334 332
334 333
334 335
334 336
335 331
335 332
335 333
335 334
335 336
335 337
335 338
336 331
336 332
336 333
336 334
336 335
336 337
336 338
337 332
337 335
337 336
337 338
337 339
338 328
338 331
338 332
338 335
338 336
338 337
338 339
338 340
338 341
338 342
339 328
339 337
339 338
339 340
339 341
339 447
339 450
340 328
340 338
340 339
340 341
340 342
340 344
340 345
340 447
340 450
340 451
340 454
341 324
341 327
341 328
341 331
341 338
341 339
341 340
341 342
341 343
341 344
341 345
341 451
342 328
342 331
342 338
342 340
342 341
342 343
342 344
342 345
342 346
343 319
343 341
343 342
343 344
343 345
343 346
343 347
343 382
344 340
344 341
344 342
344 343
344 345
344 346
344 347
344 348
344 401
344 404
344 451
345 340
345 341
345 342
345 343
345 344
345 346
345 347
345 348
345 349
345 454
346 342
346 343
346 344
346 345
346 347
346 348
346 349
346 350
347 343
347 344
347 345
347 346
347 348
347 349
347 350
347 351
347 397
347 398
347 400
347 401
348 344
348 345
348 346
348 347
348 349
348 350
348 351
348 352
348 401
348 455
348 458
349 345
349 346
349 347
349 348
349 350
349 351
349 352
349 353
350 346
350 347
350 348
350 349
350 351
350 352
350 353
350 354
350 355
350 389
350 390
350 394
350 397
351 347
351 348
351 349
351 350
351 352
351 353
351 354
351 355
351 356
351 394
351 397
351 398
352 348
352 349
352 350
352 351
352 353
352 354
352 355
352 356
352 458
352 461
353 349
353 350
353 351
353 352
353 354
353 355
353 356
354 350
354 351
354 352
354 353
354 355
354 356
354 357
354 358
354 394
355 350
355 351
355 352
355 353
355 354
355 356
355 357
355 358
355 361
355 394
355 395
356 351
356 352
356 353
356 354
356 355
356 357
356 358
356 361
356 461
356 462
356 465
356 469
357 354
357 355
357 356
357 358
357 359
357 361
357 465
357 468
357 469
358 354
358 355
358 356
358 357
358 359
358 360
358 361
358 468
358 469
359 357
359 358
359 360
359 361
359 468
359 469
359 470
359 471
360 358
360 359
360 361
360 362
360 363
360 364
360 469
360 470
360 471
361 355
361 356
361 357
361 358
361 359
361 360
361 362
361 363
361 364
361 394
361 395
361 398
361 462
361 469
361 471
362 360
362 361
362 363
362 364
362 365
362 395
362 398
362 399
362 476
362 479
362 480
363 83
363 87
363 360
363 361
363 362
363 364
363 365
363 476
363 479
364 360
364 361
364 362
364 363
364 365
364 366
364 395
365 362
365 363
365 364
365 366
365 367
365 395
365 396
365 398
365 399
366 364
366 365
366 367
366 368
366 370
366 371
366 393
366 394
366 395
366 396
366 397
366 398
366 399
367 365
367 366
367 368
367 369
367 370
367 371
367 396
368 94
368 366
368 367
368 369
368 370
368 371
368 372
369 367
369 368
369 370
369 371
369 372
369 373
370 366
370 367
370 368
370 369
370 371
370 372
370 373
370 374
370 396
371 366
371 367
371 368
371 369
371 370
371 372
371 373
371 374
371 375
371 396
371 397
371 399
371 400
372 368
372 369
372 370
372 371
372 373
372 374
372 375
372 376
373 369
373 370
373 371
373 372
373 374
373 375
373 376
373 377
374 370
374 371
374 372
374 373
374 375
374 376
374 377
374 378
374 392
375 371
375 372
375 373
375 374
375 376
375 377
375 378
375 379
375 400
376 372
376 373
376 374
376 375
376 377
376 378
376 379
376 380
377 373
377 374
377 375
377 376
377 378
377 379
377 380
377 381
377 382
377 387
378 319
378 374
378 375
378 376
378 377
378 379
378 380
378 381
378 382
378 387
379 317
379 318
379 319
379 320
379 375
379 376
379 377
379 378
379 380
379 381
379 382
380 376
380 377
380 378
380 379
380 381
380 382
380 383
380 384
381 377
381 378
381 379
381 380
381 382
381 383
381 384
381 385
381 386
381 387
382 343
382 377
382 378
382 379
382 380
382 381
382 383
382 384
382 385
382 386
382 387
383 380
383 381
383 382
383 384
383 385
383 386
384 380
384 381
384 382
384 383
384 385
384 386
384 387
385 381
385 382
385 383
385 384
385 386
385 387
386 381
386 382
386 383
386 384
386 385
386 387
386 388
387 377
387 378
387 381
387 382
387 384
387 385
387 386
387 388
387 389
388 386
388 387
388 389
388 390
388 391
388 392
389 350
389 387
389 388
389 390
389 391
389 392
390 350
390 388
390 389
390 391
390 392
391 388
391 389
391 390
391 392
391 393
392 374
392 388
392 389
392 390
392 391
392 393
392 394
392 396
392 397
393 366
393 391
393 392
393 394
393 395
393 396
393 397
394 350
394 351
394 354
394 355
394 361
394 366
394 392
394 393
394 395
394 396
394 397
394 398
395 355
395 361
395 362
395 364
395 365
395 366
395 393
395 394
395 396
395 397
395 398
395 399
396 365
396 366
396 367
396 370
396 371
396 392
396 393
396 394
396 395
396 397
396 398
396 399
396 400
397 347
397 350
397 351
397 366
397 371
397 392
397 393
397 394
397 395
397 396
397 398
397 399
397 400
397 401
398 347
398 351
398 361
398 362
398 365
398 366
398 394
398 395
398 396
398 397
398 399
398 400
398 401
398 402
399 362
399 365
399 366
399 371
399 395
399 396
399 397
399 398
399 400
399 401
399 402
399 403
400 347
400 371
400 375
400 396
400 397
400 398
400 399
400 401
400 402
400 403
400 404
401 344
401 347
401 348
401 397
401 398
401 399
401 400
401 402
401 403
401 404
401 405
402 398
402 399
402 400
402 401
402 403
402 404
402 405
402 406
402 480
402 483
403 399
403 400
403 401
403 402
403 404
403 405
403 406
403 407
403 483
404 320
404 321
404 344
404 400
404 401
404 402
404 403
404 405
404 406
404 407
404 408
405 401
405 402
405 403
405 404
405 406
405 407
405 408
405 411
405 412
405 483
405 484
406 402
406 403
406 404
406 405
406 407
406 408
406 411
406 412
406 483
406 484
406 486
406 487
406 488
406 489
407 320
407 321
407 403
407 404
407 405
407 406
407 408
407 409
407 411
407 487
407 488
408 320
408 321
408 322
408 323
408 324
408 404
408 405
408 406
408 407
408 409
408 410
408 411
408 412
408 488
409 312
409 314
409 321
409 322
409 323
409 407
409 408
409 410
409 411
410 309
410 323
410 408
410 409
410 411
410 412
410 414
410 415
410 487
411 405
411 406
411 407
411 408
411 409
411 410
411 412
411 413
411 414
411 415
411 484
411 485
411 487
412 405
412 406
412 408
412 410
412 411
412 413
412 414
412 448
412 451
412 452
412 484
413 411
413 412
413 414
413 415
413 417
413 418
413 444
413 448
413 452
413 484
413 485
414 410
414 411
414 412
414 413
414 415
414 416
414 417
414 418
414 444
414 448
415 307
415 308
415 309
415 310
415 410
415 411
415 413
415 414
415 416
415 417
415 418
415 419
416 306
416 307
416 308
416 309
416 414
416 415
416 417
416 418
416 419
417 306
417 307
417 413
417 414
417 415
417 416
417 418
417 419
417 420
417 421
417 440
418 413
418 414
418 415
418 416
418 417
418 419
418 420
418 421
418 422
418 485
419 304
419 305
419 306
419 307
419 415
419 416
419 417
419 418
419 420
419 421
419 422
419 423
420 304
420 305
420 306
420 417
420 418
420 419
420 421
420 422
420 423
420 424
420 440
421 417
421 418
421 419
421 420
421 422
421 423
421 424
421 437
421 440
421 506
421 509
422 418
422 419
422 420
422 421
422 423
422 424
422 425
422 502
422 505
422 506
422 509
423 302
423 419
423 420
423 421
423 422
423 424
423 425
423 426
423 427
424 420
424 421
424 422
424 423
424 425
424 426
424 427
424 433
424 436
424 437
424 505
424 509
425 422
425 423
425 424
425 426
425 427
425 428
425 433
425 505
425 506
425 508
425 509
426 423
426 424
426 425
426 427
426 428
427 300
427 423
427 424
427 425
427 426
427 428
427 429
427 430
427 432
427 433
428 251
428 425
428 426
428 427
428 429
428 430
428 433
429 427
429 428
429 430
429 431
429 432
429 433
430 427
430 428
430 429
430 431
430 432
430 433
430 434
431 227
431 429
431 430
431 432
431 433
431 434
431 435
432 427
432 429
432 430
432 431
432 433
432 434
432 435
432 436
433 424
433 425
433 427
433 428
433 429
433 430
433 431
433 432
433 434
433 435
433 436
433 437
434 430
434 431
434 432
434 433
434 435
434 436
434 437
434 438
434 512
434 520
435 233
435 431
435 432
435 433
435 434
435 436
435 437
435 438
435 439
436 293
436 296
436 424
436 432
436 433
436 434
436 435
436 437
436 438
436 439
436 440
437 421
437 424
437 433
437 434
437 435
437 436
437 438
437 439
437 440
437 441
437 513
437 520
438 434
438 435
438 436
438 437
438 439
438 440
438 441
438 442
438 519
438 520
438 521
439 289
439 290
439 292
439 293
439 435
439 436
439 437
439 438
439 440
439 441
439 442
439 443
440 289
440 290
440 293
440 417
440 420
440 421
440 436
440 437
440 438
440 439
440 441
440 442
440 443
440 444
441 437
441 438
441 439
441 440
441 442
441 443
441 444
441 449
441 520
441 521
442 285
442 286
442 289
442 438
442 439
442 440
442 441
442 443
442 444
442 449
442 521
442 523
443 285
443 286
443 287
443 289
443 290
443 439
443 440
443 441
443 442
443 444
443 445
444 286
444 413
444 414
444 440
444 441
444 442
444 443
444 445
444 446
444 448
444 449
445 443
445 444
445 446
445 447
445 448
445 449
446 444
446 445
446 447
446 448
446 449
446 450
447 324
447 325
447 339
447 340
447 445
447 446
447 448
447 449
447 450
447 451
448 324
448 412
448 413
448 414
448 444
448 445
448 446
448 447
448 449
448 450
448 451
448 452
449 441
449 442
449 444
449 445
449 446
449 447
449 448
449 450
449 451
449 452
449 453
450 339
450 340
450 446
450 447
450 448
450 449
450 451
450 452
450 453
450 454
451 340
451 341
451 344
451 412
451 447
451 448
451 449
451 450
451 452
451 453
451 454
451 455
452 412
452 413
452 448
452 449
452 450
452 451
452 453
452 454
452 455
452 456
453 449
453 450
453 451
453 452
453 454
453 455
453 456
453 457
453 517
454 340
454 345
454 450
454 451
454 452
454 453
454 455
454 456
454 457
454 458
455 348
455 451
455 452
455 453
455 454
455 456
455 457
455 458
455 459
456 452
456 453
456 454
456 455
456 457
456 458
456 459
456 460
456 513
456 514
456 517
457 453
457 454
457 455
457 456
457 458
457 459
457 460
457 461
457 514
457 517
458 348
458 352
458 454
458 455
458 456
458 457
458 459
458 460
458 461
458 462
459 455
459 456
459 457
459 458
459 460
459 461
459 462
459 463
459 476
459 514
460 456
460 457
460 458
460 459
460 461
460 462
460 463
460 464
460 473
460 514
460 515
461 352
461 356
461 457
461 458
461 459
461 460
461 462
461 463
461 464
461 465
462 356
462 361
462 458
462 459
462 460
462 461
462 463
462 464
462 465
462 466
462 469
462 471
463 459
463 460
463 461
463 462
463 464
463 465
463 466
463 471
463 472
463 473
463 476
464 460
464 461
464 462
464 463
464 465
464 466
465 356
465 357
465 461
465 462
465 463
465 464
465 466
465 467
465 468
465 469
465 470
465 471
466 462
466 463
466 464
466 465
466 467
466 468
466 469
466 470
466 471
466 472
467 465
467 466
467 468
467 469
467 470
468 357
468 358
468 359
468 465
468 466
468 467
468 469
468 470
469 356
469 357
469 358
469 359
469 360
469 361
469 462
469 465
469 466
469 467
469 468
469 470
469 471
470 359
470 360
470 465
470 466
470 467
470 468
470 469
470 471
470 472
471 359
471 360
471 361
471 462
471 463
471 465
471 466
471 469
471 470
471 472
471 473
471 474
471 475
471 476
472 463
472 466
472 470
472 471
472 473
472 474
472 475
472 476
473 460
473 463
473 471
473 472
473 474
473 475
473 476
473 477
473 511
474 471
474 472
474 473
474 475
474 476
474 477
474 478
474 507
474 508
474 511
475 83
475 471
475 472
475 473
475 474
475 476
475 477
475 478
475 479
476 362
476 363
476 459
476 463
476 471
476 472
476 473
476 474
476 475
476 477
476 478
476 479
476 480
477 473
477 474
477 475
477 476
477 478
477 479
477 480
477 481
477 507
477 508
477 510
477 511
478 81
478 83
478 84
478 474
478 475
478 476
478 477
478 479
478 480
478 481
478 482
478 504
478 506
478 507
479 83
479 84
479 87
479 362
479 363
479 475
479 476
479 477
479 478
479 480
479 481
479 482
479 483
479 507
480 362
480 402
480 476
480 477
480 478
480 479
480 481
480 482
480 483
480 484
480 507
480 510
481 84
481 477
481 478
481 479
481 480
481 482
481 483
481 484
481 485
481 486
481 503
481 506
481 507
481 510
482 84
482 87
482 88
482 478
482 479
482 480
482 481
482 483
482 484
482 485
482 486
482 503
482 506
483 402
483 403
483 405
483 406
483 479
483 480
483 481
483 482
483 484
483 485
483 486
483 487
484 405
484 406
484 411
484 412
484 413
484 480
484 481
484 482
484 483
484 485
484 486
484 487
485 411
485 413
485 418
485 481
485 482
485 483
485 484
485 486
485 487
485 506
486 406
486 481
486 482
486 483
486 484
486 485
486 487
486 488
486 489
486 490
486 491
486 492
487 406
487 407
487 410
487 411
487 483
487 484
487 485
487 486
487 488
487 489
487 490
487 491
488 95
488 406
488 407
488 408
488 486
488 487
488 489
488 490
489 88
489 91
489 92
489 95
489 406
489 486
489 487
489 488
489 490
489 491
490 92
490 486
490 487
490 488
490 489
490 491
490 492
491 486
491 487
491 489
491 490
491 492
491 493
491 494
492 486
492 490
492 491
492 493
492 494
493 491
493 492
493 494
493 495
494 491
494 492
494 493
494 495
494 496
494 498
494 499
495 493
495 494
495 496
495 497
495 498
495 499
496 494
496 495
496 497
496 498
496 499
497 495
497 496
497 498
497 499
497 500
498 494
498 495
498 496
498 497
498 499
498 500
498 501
498 502
499 494
499 495
499 496
499 497
499 498
499 500
499 501
499 502
499 503
500 81
500 497
500 498
500 499
500 501
500 502
500 503
500 504
501 498
501 499
501 500
501 502
501 503
501 504
501 505
502 422
502 498
502 499
502 500
502 501
502 503
502 504
502 505
502 506
503 81
503 84
503 481
503 482
503 499
503 500
503 501
503 502
503 504
503 505
503 506
503 507
504 81
504 478
504 500
504 501
504 502
504 503
504 505
504 506
504 507
504 508
505 422
505 424
505 425
505 501
505 502
505 503
505 504
505 506
505 507
505 508
505 509
506 421
506 422
506 425
506 478
506 481
506 482
506 485
506 502
506 503
506 504
506 505
506 507
506 508
506 509
506 510
507 474
507 477
507 478
507 479
507 480
507 481
507 503
507 504
507 505
507 506
507 508
507 509
507 510
507 511
508 425
508 474
508 477
508 504
508 505
508 506
508 507
508 509
508 510
508 511
508 512
509 421
509 422
509 424
509 425
509 505
509 506
509 507
509 508
509 510
509 511
509 512
509 513
510 477
510 480
510 481
510 506
510 507
510 508
510 509
510 511
510 512
510 513
510 514
511 473
511 474
511 477
511 507
511 508
511 509
511 510
511 512
511 513
511 514
511 515
512 434
512 508
512 509
512 510
512 511
512 513
512 514
512 515
512 516
512 517
513 437
513 456
513 509
513 510
513 511
513 512
513 514
513 515
513 516
513 517
513 520
514 456
514 457
514 459
514 460
514 510
514 511
514 512
514 513
514 515
514 516
514 517
515 259
515 460
515 511
515 512
515 513
515 514
515 516
515 517
516 262
516 512
516 513
516 514
516 515
516 517
516 518
516 519
516 520
517 453
517 456
517 457
517 512
517 513
517 514
517 515
517 516
517 518
517 519
517 520
517 521
518 516
518 517
518 519
518 520
518 521
518 522
519 263
519 264
519 438
519 516
519 517
519 518
519 520
519 521
519 522
520 434
520 437
520 438
520 441
520 513
520 516
520 517
520 518
520 519
520 521
520 522
521 273
521 274
521 438
521 441
521 442
521 517
521 518
521 519
521 520
521 522
521 523
522 271
522 272
522 273
522 274
522 518
522 519
522 520
522 521
522 523
522 524
523 271
523 272
523 273
523 274
523 442
523 521
523 522
523 524
523 525
523 527
523 528
524 229
524 230
524 271
524 272
524 522
524 523
524 525
524 526
524 527
524 528
525 229
525 230
525 231
525 271
525 272
525 523
525 524
525 526
525 527
525 528
525 529
526 229
526 230
526 231
526 232
526 524
526 525
526 527
526 528
526 529
526 530
527 232
527 285
527 288
527 289
527 523
527 524
527 525
527 526
527 528
527 529
527 530
527 531
528 285
528 523
528 524
528 525
528 526
528 527
528 529
528 530
528 531
528 532
529 525
529 526
529 527
529 528
529 530
529 531
529 532
529 533
530 144
530 145
530 288
530 526
530 527
530 528
530 529
530 531
530 532
530 533
530 534
531 281
531 284
531 285
531 527
531 528
531 529
531 530
531 532
531 533
531 534
531 535
531 644
532 528
532 529
532 530
532 531
532 533
532 534
532 535
532 536
532 643
532 644
533 144
533 529
533 530
533 531
533 532
533 534
533 535
533 536
533 537
533 643
534 140
534 141
534 144
534 530
534 531
534 532
534 533
534 535
534 536
534 537
534 538
535 531
535 532
535 533
535 534
535 536
535 537
535 538
535 539
535 643
535 644
535 645
536 532
536 533
536 534
536 535
536 537
536 538
536 539
536 540
536 642
536 643
537 140
537 533
537 534
537 535
537 536
537 538
537 539
537 540
537 541
538 534
538 535
538 536
538 537
538 539
538 540
538 541
539 535
539 536
539 537
539 538
539 540
539 541
539 542
540 536
540 537
540 538
540 539
540 541
540 542
541 537
541 538
541 539
541 540
541 542
541 543
542 539
542 540
542 541
542 543
542 544
543 541
543 542
543 544
543 545
543 546
543 547
544 542
544 543
544 545
544 546
544 547
545 543
545 544
545 546
545 547
546 543
546 544
546 545
546 547
546 548
546 549
546 550
547 543
547 544
547 545
547 546
547 548
547 549
547 550
547 551
548 546
548 547
548 549
548 550
548 551
548 552
549 546
549 547
549 548
549 550
549 551
549 552
549 553
550 546
550 547
550 548
550 549
550 551
550 552
550 553
550 554
551 547
551 548
551 549
551 550
551 552
551 553
551 554
551 555
552 548
552 549
552 550
552 551
552 553
552 554
552 555
552 556
553 549
553 550
553 551
553 552
553 554
553 555
553 556
553 557
554 550
554 551
554 552
554 553
554 555
554 556
554 557
554 558
555 551
555 552
555 553
555 554
555 556
555 557
555 558
555 559
556 552
556 553
556 554
556 555
556 557
556 558
556 559
556 560
557 553
557 554
557 555
557 556
557 558
557 559
557 560
557 561
557 664
558 554
558 555
558 556
558 557
558 559
558 560
558 561
558 562
559 555
559 556
559 557
559 558
559 560
559 561
559 562
559 563
560 556
560 557
560 558
560 559
560 561
560 562
560 563
561 557
561 558
561 559
561 560
561 562
561 563
561 564
562 558
562 559
562 560
562 561
562 563
562 564
563 559
563 560
563 561
563 562
563 564
563 565
564 561
564 562
564 563
564 565
564 566
565 563
565 564
565 566
565 567
566 564
566 565
566 567
566 568
567 565
567 566
567 568
567 569
568 566
568 567
568 569
568 570
569 567
569 568
569 570
569 571
570 568
570 569
570 571
570 572
571 569
571 570
571 572
571 573
571 589
571 590
571 591
572 570
572 571
572 573
572 574
572 589
572 590
573 571
573 572
573 574
573 575
573 587
573 588
573 589
573 590
574 572
574 573
574 575
574 576
574 587
574 588
574 589
574 590
575 573
575 574
575 576
575 577
575 585
575 586
575 587
575 588
575 666
575 667
576 574
576 575
576 577
576 578
576 585
576 586
576 587
576 588
576 666
576 667
576 668
576 669
577 575
577 576
577 578
577 579
577 584
577 585
577 586
577 666
577 667
577 668
577 669
578 576
578 577
578 579
578 580
578 581
578 582
578 583
578 584
578 585
578 586
578 668
578 669
578 670
579 577
579 578
579 580
579 581
579 582
579 668
579 669
579 670
580 578
580 579
580 581
580 582
580 583
580 670
581 578
581 579
581 580
581 582
581 583
582 578
582 579
582 580
582 581
582 583
582 584
582 585
583 578
583 580
583 581
583 582
583 584
583 585
584 577
584 578
584 582
584 583
584 585
584 586
585 575
585 576
585 577
585 578
585 582
585 583
585 584
585 586
585 587
586 575
586 576
586 577
586 578
586 584
586 585
586 587
586 588
587 573
587 574
587 575
587 576
587 585
587 586
587 588
587 589
588 573
588 574
588 575
588 576
588 586
588 587
588 589
588 590
588 599
589 571
589 572
589 573
589 574
589 587
589 588
589 590
589 591
589 594
590 571
590 572
590 573
590 574
590 588
590 589
590 591
590 592
590 594
590 655
590 656
591 571
591 589
591 590
591 592
591 593
591 594
591 655
591 656
592 590
592 591
592 593
592 594
592 654
592 655
592 656
592 657
593 591
593 592
593 594
593 595
593 654
594 589
594 590
594 591
594 592
594 593
594 595
594 596
594 598
594 599
594 654
594 655
594 656
595 593
595 594
595 596
595 597
595 598
595 599
595 651
595 652
595 653
595 654
595 655
596 594
596 595
596 597
596 598
596 599
596 600
596 637
596 649
596 650
596 651
596 652
596 653
596 654
596 655
597 595
597 596
597 598
597 599
597 600
597 601
597 651
597 652
597 653
598 594
598 595
598 596
598 597
598 599
598 600
598 601
598 602
599 588
599 594
599 595
599 596
599 597
599 598
599 600
599 601
599 602
599 603
600 596
600 597
600 598
600 599
600 601
600 602
600 603
600 604
600 635
600 636
600 637
600 651
601 597
601 598
601 599
601 600
601 602
601 603
601 604
601 605
602 598
602 599
602 600
602 601
602 603
602 604
602 605
602 606
603 599
603 600
603 601
603 602
603 604
603 605
603 606
603 607
604 600
604 601
604 602
604 603
604 605
604 606
604 607
604 608
604 632
604 633
605 601
605 602
605 603
605 604
605 606
605 607
605 608
605 609
606 602
606 603
606 604
606 605
606 607
606 608
606 609
607 603
607 604
607 605
607 606
607 608
607 609
607 632
608 604
608 605
608 606
608 607
608 609
608 610
608 629
609 605
609 606
609 607
609 608
609 610
609 611
610 608
610 609
610 611
610 612
610 613
611 609
611 610
611 612
611 613
612 610
612 611
612 613
612 614
613 610
613 611
613 612
613 614
613 615
614 612
614 613
614 615
614 616
615 613
615 614
615 616
615 617
616 614
616 615
616 617
616 618
617 615
617 616
617 618
617 619
618 616
618 617
618 619
618 620
619 617
619 618
619 620
619 621
619 622
620 618
620 619
620 621
620 622
620 623
621 619
621 620
621 622
621 623
621 624
621 625
622 619
622 620
622 621
622 623
622 624
622 625
622 626
623 620
623 621
623 622
623 624
623 625
623 626
623 627
624 621
624 622
624 623
624 625
624 626
624 627
624 628
625 621
625 622
625 623
625 624
625 626
625 627
625 628
625 629
626 622
626 623
626 624
626 625
626 627
626 628
626 629
626 630
627 623
627 624
627 625
627 626
627 628
627 629
627 630
627 631
628 624
628 625
628 626
628 627
628 629
628 630
628 631
628 632
629 608
629 625
629 626
629 627
629 628
629 630
629 631
629 632
629 633
630 626
630 627
630 628
630 629
630 631
630 632
630 633
630 634
631 627
631 628
631 629
631 630
631 632
631 633
631 634
631 635
632 604
632 607
632 628
632 629
632 630
632 631
632 633
632 634
632 635
633 604
633 629
633 630
633 631
633 632
633 634
633 635
634 630
634 631
634 632
634 633
634 635
634 636
634 671
634 672
635 600
635 631
635 632
635 633
635 634
635 636
635 637
635 669
635 670
635 671
635 672
636 600
636 634
636 635
636 637
636 638
636 648
636 649
636 669
636 670
636 671
636 672
637 596
637 600
637 635
637 636
637 638
637 639
637 648
637 649
637 667
637 668
637 669
637 670
638 636
638 637
638 639
638 640
638 646
638 647
638 648
638 649
638 667
638 668
638 669
638 670
639 637
639 638
639 640
639 641
639 644
639 645
639 646
639 647
639 648
639 649
639 665
639 666
639 667
639 668
640 638
640 639
640 641
640 642
640 644
640 645
640 646
640 647
640 665
640 666
640 667
640 668
641 639
641 640
641 642
641 643
641 644
641 645
641 646
641 664
641 665
641 666
642 536
642 640
642 641
642 643
642 644
642 645
642 662
642 663
642 664
642 665
642 666
643 532
643 533
643 535
643 536
643 641
643 642
643 644
643 645
643 662
643 664
643 665
644 281
644 531
644 532
644 535
644 639
644 640
644 641
644 642
644 643
644 645
644 646
644 647
644 662
644 665
645 278
645 280
645 281
645 535
645 639
645 640
645 641
645 642
645 643
645 644
645 646
645 647
646 277
646 278
646 281
646 638
646 639
646 640
646 641
646 644
646 645
646 647
646 648
647 276
647 277
647 278
647 638
647 639
647 640
647 644
647 645
647 646
647 648
647 649
648 272
648 276
648 277
648 636
648 637
648 638
648 639
648 646
648 647
648 649
648 650
649 270
649 272
649 276
649 596
649 636
649 637
649 638
649 639
649 647
649 648
649 650
649 651
649 653
650 269
650 270
650 271
650 272
650 596
650 648
650 649
650 651
650 652
650 653
651 270
651 595
651 596
651 597
651 600
651 649
651 650
651 652
651 653
652 266
652 268
652 269
652 270
652 595
652 596
652 597
652 650
652 651
652 653
652 654
653 266
653 267
653 268
653 269
653 270
653 271
653 595
653 596
653 597
653 649
653 650
653 651
653 652
653 654
653 655
653 657
653 658
654 268
654 269
654 270
654 592
654 593
654 594
654 595
654 596
654 652
654 653
654 655
654 656
654 657
654 658
655 590
655 591
655 592
655 594
655 595
655 596
655 653
655 654
655 656
655 657
655 658
655 659
656 590
656 591
656 592
656 594
656 654
656 655
656 657
656 658
656 659
656 660
657 268
657 269
657 592
657 653
657 654
657 655
657 656
657 658
657 659
657 660
657 661
658 269
658 653
658 654
658 655
658 656
658 657
658 659
658 660
658 661
658 662
659 655
659 656
659 657
659 658
659 660
659 661
659 662
659 663
659 665
660 656
660 657
660 658
660 659
660 661
660 662
660 663
661 657
661 658
661 659
661 660
661 662
661 663
662 642
662 643
662 644
662 658
662 659
662 660
662 661
662 663
662 664
662 665
663 642
663 659
663 660
663 661
663 662
663 664
663 665
664 557
664 641
664 642
664 643
664 662
664 663
664 665
664 666
665 639
665 640
665 641
665 642
665 643
665 644
665 659
665 662
665 663
665 664
665 666
665 667
666 575
666 576
666 577
666 639
666 640
666 641
666 642
666 664
666 665
666 667
666 668
667 575
667 576
667 577
667 637
667 638
667 639
667 640
667 665
667 666
667 668
667 669
668 576
668 577
668 578
668 579
668 637
668 638
668 639
668 640
668 666
668 667
668 669
668 670
669 576
669 577
669 578
669 579
669 635
669 636
669 637
669 638
669 667
669 668
669 670
669 671
670 578
670 579
670 580
670 635
670 636
670 637
670 638
670 668
670 669
670 671
670 672
671 634
671 635
671 636
671 669
671 670
671 672
671 673
672 634
672 635
672 636
672 670
672 671
672 673
672 674
673 671
673 672
673 674
674 672
674 673
