0 1
0 2
0 3
1 0
1 2
1 3
1 4
2 0
2 1
2 3
2 4
2 5
3 0
3 1
3 2
3 4
3 5
3 6
4 1
4 2
4 3
4 5
4 6
4 7
5 2
5 3
5 4
5 6
5 7
5 8
6 3
6 4
6 5
6 7
6 8
7 4
7 5
7 6
7 8
7 9
8 5
8 6
8 7
8 9
8 10
8 11
9 7
9 8
9 10
9 11
9 12
9 13
10 8
10 9
10 11
10 12
10 13
10 14
11 8
11 9
11 10
11 12
11 13
11 14
11 15
12 9
12 10
12 11
12 13
12 14
12 15
12 16
13 9
13 10
13 11
13 12
13 14
13 15
13 16
13 17
14 10
14 11
14 12
14 13
14 15
14 16
14 17
14 18
15 11
15 12
15 13
15 14
15 16
15 17
15 18
15 19
16 12
16 13
16 14
16 15
16 17
16 18
16 19
16 20
17 13
17 14
17 15
17 16
17 18
17 19
17 20
17 21
18 14
18 15
18 16
18 17
18 19
18 20
18 21
19 15
19 16
19 17
19 18
19 20
19 21
19 22
20 16
20 17
20 18
20 19
20 21
20 22
20 23
21 17
21 18
21 19
21 20
21 22
21 23
21 24
22 19
22 20
22 21
22 23
22 24
22 25
23 20
23 21
23 22
23 24
23 25
23 26
24 21
24 22
24 23
24 25
24 26
24 27
25 22
25 23
25 24
25 26
25 27
26 23
26 24
26 25
26 27
26 28
27 24
27 25
27 26
27 28
27 29
28 26
28 27
28 29
28 30
29 27
29 28
29 30
29 31
30 28
30 29
30 31
30 32
31 29
31 30
31 32
31 33
32 30
32 31
32 33
32 34
33 31
33 32
33 34
33 35
34 32
34 33
34 35
34 36
35 33
35 34
35 36
35 37
36 34
36 35
36 37
36 38
37 35
37 36
37 38
37 39
38 36
38 37
38 39
38 40
39 37
39 38
39 40
39 41
39 42
39 244
39 245
40 38
40 39
40 41
40 42
40 205
40 206
41 39
41 40
41 42
41 43
41 44
41 149
41 205
41 206
41 207
41 208
41 244
42 39
42 40
42 41
42 43
42 44
42 149
42 150
42 202
42 206
42 207
43 41
43 42
43 44
43 45
43 149
43 150
43 151
43 152
43 206
43 207
43 208
44 41
44 42
44 43
44 45
44 46
44 144
44 149
44 150
44 151
44 152
44 207
44 208
44 209
44 210
45 43
45 44
45 46
45 47
45 151
45 152
45 153
45 154
45 207
45 208
45 209
45 210
46 44
46 45
46 47
46 48
46 51
46 52
46 151
46 152
46 153
46 154
46 155
46 209
46 210
46 211
47 45
47 46
47 48
47 49
47 50
47 51
47 52
47 153
47 154
47 155
47 209
47 210
47 211
47 212
48 46
48 47
48 49
48 50
48 51
48 52
48 53
48 153
48 154
48 155
49 47
49 48
49 50
49 51
49 52
49 53
49 54
49 55
49 56
49 155
49 212
50 47
50 48
50 49
50 51
50 52
50 53
50 54
50 55
50 56
50 211
50 212
50 230
50 231
51 46
51 47
51 48
51 49
51 50
51 52
51 53
51 54
51 55
51 137
51 210
51 211
51 212
51 230
51 233
52 46
52 47
52 48
52 49
52 50
52 51
52 53
52 54
52 133
52 134
52 137
52 138
53 48
53 49
53 50
53 51
53 52
53 54
53 55
53 130
53 131
53 132
53 133
53 134
54 49
54 50
54 51
54 52
54 53
54 55
54 56
54 58
54 59
54 130
54 131
54 132
54 133
54 134
55 49
55 50
55 51
55 53
55 54
55 56
55 57
55 58
55 59
56 49
56 50
56 54
56 55
56 57
56 58
56 59
56 60
56 125
57 55
57 56
57 58
57 59
57 60
57 61
57 74
57 75
58 54
58 55
58 56
58 57
58 59
58 60
58 61
58 62
59 54
59 55
59 56
59 57
59 58
59 60
59 61
59 62
59 63
59 124
59 125
59 130
60 56
60 57
60 58
60 59
60 61
60 62
60 63
60 64
60 72
60 74
60 75
60 121
61 57
61 58
61 59
61 60
61 62
61 63
61 64
61 65
61 71
61 72
61 74
62 58
62 59
62 60
62 61
62 63
62 64
62 65
62 66
63 59
63 60
63 61
63 62
63 64
63 65
63 66
63 67
63 121
63 124
64 60
64 61
64 62
64 63
64 65
64 66
64 67
64 68
64 69
64 70
64 71
64 72
64 73
64 74
65 61
65 62
65 63
65 64
65 66
65 67
65 68
65 69
65 70
65 71
66 62
66 63
66 64
66 65
66 67
66 68
66 69
67 63
67 64
67 65
67 66
67 68
67 69
68 64
68 65
68 66
68 67
68 69
68 70
69 64
69 65
69 66
69 67
69 68
69 70
69 71
69 73
70 64
70 65
70 68
70 69
70 71
70 72
70 73
71 61
71 64
71 65
71 69
71 70
71 72
71 73
71 74
72 60
72 61
72 64
72 70
72 71
72 73
72 74
72 75
72 76
73 64
73 69
73 70
73 71
73 72
73 74
73 75
73 76
73 77
73 108
73 111
74 57
74 60
74 61
74 64
74 71
74 72
74 73
74 75
74 76
74 77
74 78
74 108
75 57
75 60
75 72
75 73
75 74
75 76
75 77
75 78
75 79
76 72
76 73
76 74
76 75
76 77
76 78
76 79
76 80
77 73
77 74
77 75
77 76
77 78
77 79
77 80
77 104
77 107
77 108
78 74
78 75
78 76
78 77
78 79
78 80
78 85
78 86
78 87
78 104
79 75
79 76
79 77
79 78
79 80
79 81
79 82
79 85
79 87
80 76
80 77
80 78
80 79
80 81
80 82
80 85
80 86
81 79
81 80
81 82
81 83
81 84
81 85
81 86
82 79
82 80
82 81
82 83
82 84
82 85
82 88
83 81
83 82
83 84
83 85
83 88
83 89
84 81
84 82
84 83
84 85
84 86
84 88
84 89
85 78
85 79
85 80
85 81
85 82
85 83
85 84
85 86
85 87
85 88
85 89
86 78
86 80
86 81
86 84
86 85
86 87
86 88
86 89
86 90
86 95
86 100
86 103
86 104
87 78
87 79
87 85
87 86
87 88
87 89
87 90
87 91
87 100
87 104
88 82
88 83
88 84
88 85
88 86
88 87
88 89
88 90
88 91
88 92
88 186
89 83
89 84
89 85
89 86
89 87
89 88
89 90
89 91
89 92
89 93
89 94
89 95
90 86
90 87
90 88
90 89
90 91
90 92
90 93
90 94
90 95
90 96
90 97
90 100
90 158
90 159
90 181
91 87
91 88
91 89
91 90
91 92
91 93
91 94
91 156
91 157
91 158
91 159
91 180
91 181
91 184
91 186
92 88
92 89
92 90
92 91
92 93
92 94
92 95
92 157
92 158
92 180
92 181
92 182
92 183
92 184
92 185
92 186
93 89
93 90
93 91
93 92
93 94
93 95
93 96
93 158
93 159
93 181
93 182
93 184
94 89
94 90
94 91
94 92
94 93
94 95
94 96
94 184
95 86
95 89
95 90
95 92
95 93
95 94
95 96
95 97
95 99
95 100
96 90
96 93
96 94
96 95
96 97
96 98
96 99
96 100
96 159
96 161
97 90
97 95
97 96
97 98
97 99
97 100
97 101
97 159
97 160
97 161
98 96
98 97
98 99
98 100
98 101
98 102
98 161
99 95
99 96
99 97
99 98
99 100
99 101
99 102
99 103
100 86
100 87
100 90
100 95
100 96
100 97
100 98
100 99
100 101
100 102
100 103
100 104
101 97
101 98
101 99
101 100
101 102
101 103
101 104
101 105
101 118
101 119
102 98
102 99
102 100
102 101
102 103
102 104
102 105
102 106
103 86
103 99
103 100
103 101
103 102
103 104
103 105
103 106
103 107
104 77
104 78
104 86
104 87
104 100
104 101
104 102
104 103
104 105
104 106
104 107
104 108
104 118
105 101
105 102
105 103
105 104
105 106
105 107
105 108
105 109
105 115
105 116
105 117
105 118
106 102
106 103
106 104
106 105
106 107
106 108
106 109
106 110
107 77
107 103
107 104
107 105
107 106
107 108
107 109
107 110
107 111
108 73
108 74
108 77
108 104
108 105
108 106
108 107
108 109
108 110
108 111
108 112
108 115
108 116
109 105
109 106
109 107
109 108
109 110
109 111
109 112
109 113
109 114
109 115
109 116
110 106
110 107
110 108
110 109
110 111
110 112
110 113
110 114
111 73
111 107
111 108
111 109
111 110
111 112
111 113
112 108
112 109
112 110
112 111
112 113
112 114
112 115
113 109
113 110
113 111
113 112
113 114
113 115
114 109
114 110
114 112
114 113
114 115
114 116
115 105
115 108
115 109
115 112
115 113
115 114
115 116
115 117
116 105
116 108
116 109
116 114
116 115
116 117
116 118
117 105
117 115
117 116
117 118
117 119
117 120
117 121
118 101
118 104
118 105
118 116
118 117
118 119
118 120
118 121
118 122
119 101
119 117
119 118
119 120
119 121
119 122
119 123
120 117
120 118
120 119
120 121
120 122
120 123
120 124
121 60
121 63
121 117
121 118
121 119
121 120
121 122
121 123
121 124
121 125
122 118
122 119
122 120
122 121
122 123
122 124
122 125
122 126
123 119
123 120
123 121
123 122
123 124
123 125
123 126
123 127
124 59
124 63
124 120
124 121
124 122
124 123
124 125
124 126
124 127
124 129
124 130
125 56
125 59
125 121
125 122
125 123
125 124
125 126
125 127
125 130
125 131
126 122
126 123
126 124
126 125
126 127
126 128
126 130
126 131
126 166
127 123
127 124
127 125
127 126
127 128
127 129
127 130
127 131
128 126
128 127
128 129
128 130
128 131
128 132
128 168
129 124
129 127
129 128
129 130
129 131
129 132
130 53
130 54
130 59
130 124
130 125
130 126
130 127
130 128
130 129
130 131
130 132
131 53
131 54
131 125
131 126
131 127
131 128
131 129
131 130
131 132
131 133
131 168
132 53
132 54
132 128
132 129
132 130
132 131
132 133
132 134
132 168
133 52
133 53
133 54
133 131
133 132
133 134
133 135
133 137
133 138
133 168
133 169
134 52
134 53
134 54
134 132
134 133
134 135
134 136
134 137
134 138
134 233
135 133
135 134
135 136
135 137
135 138
135 139
136 134
136 135
136 137
136 138
136 139
136 140
136 233
136 234
136 237
136 249
137 51
137 52
137 133
137 134
137 135
137 136
137 138
137 139
137 140
137 141
137 233
137 237
138 52
138 133
138 134
138 135
138 136
138 137
138 139
138 140
138 141
138 142
139 135
139 136
139 137
139 138
139 140
139 141
139 142
139 143
139 248
139 249
139 250
140 136
140 137
140 138
140 139
140 141
140 142
140 143
140 144
140 237
140 248
140 249
141 137
141 138
141 139
141 140
141 142
141 143
141 144
141 145
141 151
141 173
142 138
142 139
142 140
142 141
142 143
142 144
142 145
142 146
142 173
143 139
143 140
143 141
143 142
143 144
143 145
143 146
143 147
143 247
143 248
144 44
144 140
144 141
144 142
144 143
144 145
144 146
144 147
144 148
144 149
144 150
144 151
144 248
145 141
145 142
145 143
145 144
145 146
145 147
145 148
145 149
145 150
145 151
146 142
146 143
146 144
146 145
146 147
146 148
146 149
147 143
147 144
147 145
147 146
147 148
147 149
148 144
148 145
148 146
148 147
148 149
148 150
149 41
149 42
149 43
149 44
149 144
149 145
149 146
149 147
149 148
149 150
149 151
150 42
150 43
150 44
150 144
150 145
150 148
150 149
150 151
150 152
150 174
150 175
150 200
151 43
151 44
151 45
151 46
151 141
151 144
151 145
151 149
151 150
151 152
151 153
151 173
151 174
151 175
151 176
152 43
152 44
152 45
152 46
152 150
152 151
152 153
152 154
152 174
152 175
152 176
152 177
152 178
152 196
153 45
153 46
153 47
153 48
153 151
153 152
153 154
153 155
153 174
153 176
153 177
153 178
153 179
154 45
154 46
154 47
154 48
154 152
154 153
154 155
154 156
154 177
154 178
154 179
154 193
154 196
155 46
155 47
155 48
155 49
155 153
155 154
155 156
155 157
155 178
155 179
155 180
155 187
156 91
156 154
156 155
156 157
156 158
156 179
156 180
156 181
156 186
156 187
157 91
157 92
157 155
157 156
157 158
157 159
157 165
157 166
157 179
157 180
157 181
158 90
158 91
158 92
158 93
158 156
158 157
158 159
158 160
158 165
158 166
158 179
158 180
158 181
159 90
159 91
159 93
159 96
159 97
159 157
159 158
159 160
159 161
159 162
159 163
159 164
159 165
159 166
159 181
160 97
160 158
160 159
160 161
160 162
160 163
160 164
160 165
160 166
161 96
161 97
161 98
161 159
161 160
161 162
161 163
161 164
162 159
162 160
162 161
162 163
162 164
163 159
163 160
163 161
163 162
163 164
163 165
164 159
164 160
164 161
164 162
164 163
164 165
164 166
165 157
165 158
165 159
165 160
165 163
165 164
165 166
165 167
165 181
166 126
166 157
166 158
166 159
166 160
166 164
166 165
166 167
166 168
167 165
167 166
167 168
167 169
168 128
168 131
168 132
168 133
168 166
168 167
168 169
168 170
169 133
169 167
169 168
169 170
169 171
169 173
170 168
170 169
170 171
170 172
170 173
170 174
171 169
171 170
171 172
171 173
171 174
171 177
172 170
172 171
172 173
172 174
172 175
173 141
173 142
173 151
173 169
173 170
173 171
173 172
173 174
173 175
174 150
174 151
174 152
174 153
174 170
174 171
174 172
174 173
174 175
174 176
174 177
175 150
175 151
175 152
175 172
175 173
175 174
175 176
175 177
175 200
176 151
176 152
176 153
176 174
176 175
176 177
176 178
176 196
176 199
176 200
177 152
177 153
177 154
177 171
177 174
177 175
177 176
177 178
177 179
177 196
178 152
178 153
178 154
178 155
178 176
178 177
178 179
178 180
178 182
178 183
178 192
178 195
178 196
179 153
179 154
179 155
179 156
179 157
179 158
179 177
179 178
179 180
179 181
179 182
179 183
180 91
180 92
180 155
180 156
180 157
180 158
180 178
180 179
180 181
180 182
180 183
180 184
180 185
180 186
180 187
180 192
181 90
181 91
181 92
181 93
181 156
181 157
181 158
181 159
181 165
181 179
181 180
181 182
181 183
181 184
181 185
182 92
182 93
182 178
182 179
182 180
182 181
182 183
182 184
183 92
183 178
183 179
183 180
183 181
183 182
183 184
183 185
183 192
184 91
184 92
184 93
184 94
184 180
184 181
184 182
184 183
184 185
184 186
185 92
185 180
185 181
185 183
185 184
185 186
185 187
185 189
185 191
185 192
186 88
186 91
186 92
186 156
186 180
186 184
186 185
186 187
186 188
186 189
186 192
187 155
187 156
187 180
187 185
187 186
187 188
187 189
187 190
187 192
187 193
187 216
188 186
188 187
188 189
188 190
188 192
188 215
188 216
188 219
188 220
189 185
189 186
189 187
189 188
189 190
189 191
189 192
189 193
189 219
190 187
190 188
190 189
190 191
190 192
190 193
190 194
190 219
190 220
190 223
191 185
191 189
191 190
191 192
191 193
191 194
191 195
192 178
192 180
192 183
192 185
192 186
192 187
192 188
192 189
192 190
192 191
192 193
192 194
192 195
192 196
193 154
193 187
193 189
193 190
193 191
193 192
193 194
193 195
193 196
193 197
193 220
194 190
194 191
194 192
194 193
194 195
194 196
194 197
194 198
195 178
195 191
195 192
195 193
195 194
195 196
195 197
195 198
195 199
196 152
196 154
196 176
196 177
196 178
196 192
196 193
196 194
196 195
196 197
196 198
196 199
196 200
197 193
197 194
197 195
197 196
197 198
197 199
197 200
197 201
197 202
197 203
197 204
198 194
198 195
198 196
198 197
198 199
198 200
198 201
198 202
199 176
199 195
199 196
199 197
199 198
199 200
199 201
200 150
200 175
200 176
200 196
200 197
200 198
200 199
200 201
200 202
201 197
201 198
201 199
201 200
201 202
201 203
202 42
202 197
202 198
202 200
202 201
202 203
202 204
202 206
202 207
203 197
203 201
203 202
203 204
203 205
203 206
203 207
204 197
204 202
204 203
204 205
204 206
204 207
204 223
204 224
204 225
204 226
205 40
205 41
205 203
205 204
205 206
205 207
205 224
205 225
205 226
206 40
206 41
206 42
206 43
206 202
206 203
206 204
206 205
206 207
206 208
206 225
207 41
207 42
207 43
207 44
207 45
207 202
207 203
207 204
207 205
207 206
207 208
207 209
207 225
207 226
208 41
208 43
208 44
208 45
208 206
208 207
208 209
208 210
208 225
208 226
208 227
208 228
209 44
209 45
209 46
209 47
209 207
209 208
209 210
209 211
209 217
209 220
209 225
209 226
209 227
209 228
210 44
210 45
210 46
210 47
210 51
210 208
210 209
210 211
210 212
210 217
210 227
210 228
210 229
210 230
211 46
211 47
211 50
211 51
211 209
211 210
211 212
211 213
211 214
211 216
211 217
211 227
211 228
211 229
211 230
212 47
212 49
212 50
212 51
212 210
212 211
212 213
212 214
212 229
212 230
212 231
213 211
213 212
213 214
213 215
213 216
213 217
213 229
213 230
214 211
214 212
214 213
214 215
214 216
214 217
214 218
214 229
215 188
215 213
215 214
215 216
215 217
215 218
215 219
216 187
216 188
216 211
216 213
216 214
216 215
216 217
216 218
216 219
216 220
217 209
217 210
217 211
217 213
217 214
217 215
217 216
217 218
217 219
217 220
217 221
217 227
217 228
217 229
218 214
218 215
218 216
218 217
218 219
218 220
218 221
218 222
219 188
219 189
219 190
219 215
219 216
219 217
219 218
219 220
219 221
219 222
219 223
220 188
220 190
220 193
220 209
220 216
220 217
220 218
220 219
220 221
220 222
220 223
220 224
220 225
220 226
220 227
221 217
221 218
221 219
221 220
221 222
221 223
221 224
221 225
221 226
221 227
222 218
222 219
222 220
222 221
222 223
222 224
222 225
223 190
223 204
223 219
223 220
223 221
223 222
223 224
223 225
224 204
224 205
224 220
224 221
224 222
224 223
224 225
224 226
225 204
225 205
225 206
225 207
225 208
225 209
225 220
225 221
225 222
225 223
225 224
225 226
225 227
226 204
226 205
226 207
226 208
226 209
226 220
226 221
226 224
226 225
226 227
226 228
227 208
227 209
227 210
227 211
227 217
227 220
227 221
227 225
227 226
227 228
227 229
228 208
228 209
228 210
228 211
228 217
228 226
228 227
228 229
228 230
228 236
228 239
228 240
229 210
229 211
229 212
229 213
229 214
229 217
229 227
229 228
229 230
229 231
229 236
230 50
230 51
230 210
230 211
230 212
230 213
230 228
230 229
230 231
230 232
230 233
230 235
230 236
231 50
231 212
231 229
231 230
231 232
231 233
231 235
231 236
232 230
232 231
232 233
232 234
232 235
232 236
233 51
233 134
233 136
233 137
233 230
233 231
233 232
233 234
233 235
233 236
233 237
234 136
234 232
234 233
234 235
234 236
234 237
234 238
235 230
235 231
235 232
235 233
235 234
235 236
235 237
235 238
235 239
236 228
236 229
236 230
236 231
236 232
236 233
236 234
236 235
236 237
236 238
236 239
236 240
237 136
237 137
237 140
237 233
237 234
237 235
237 236
237 238
237 239
237 240
237 241
237 248
238 234
238 235
238 236
238 237
238 239
238 240
238 241
238 242
238 248
239 228
239 235
239 236
239 237
239 238
239 240
239 241
239 242
239 243
240 228
240 236
240 237
240 238
240 239
240 241
240 242
240 243
240 244
241 237
241 238
241 239
241 240
241 242
241 243
241 244
241 245
241 246
241 247
241 248
242 238
242 239
242 240
242 241
242 243
242 244
242 245
242 246
243 239
243 240
243 241
243 242
243 244
243 245
244 39
244 41
244 240
244 241
244 242
244 243
244 245
244 246
245 39
245 241
245 242
245 243
245 244
245 246
245 247
246 241
246 242
246 244
246 245
246 247
246 248
247 143
247 241
247 245
247 246
247 248
247 249
248 139
248 140
248 143
248 144
248 237
248 238
248 241
248 246
248 247
248 249
248 250
249 136
249 139
249 140
249 247
249 248
249 250
249 251
250 139
250 248
250 249
250 251
250 252
250 253
251 249
251 250
251 252
251 253
251 254
251 255
252 250
252 251
252 253
252 254
252 255
253 250
253 251
253 252
253 254
253 255
254 251
254 252
254 253
254 255
254 256
254 290
254 291
254 292
255 251
255 252
255 253
255 254
255 256
255 257
255 288
255 289
255 290
255 291
255 300
256 254
256 255
256 257
256 258
256 288
256 289
256 290
256 291
257 255
257 256
257 258
257 259
257 287
257 288
257 289
258 256
258 257
258 259
258 260
258 262
258 263
258 287
258 288
258 289
259 257
259 258
259 260
259 261
259 262
259 263
259 289
260 258
260 259
260 261
260 262
260 263
261 259
261 260
261 262
261 263
262 258
262 259
262 260
262 261
262 263
262 264
263 258
263 259
263 260
263 261
263 262
263 264
263 265
264 262
264 263
264 265
264 266
264 269
264 355
264 356
265 263
265 264
265 266
265 267
265 268
265 269
265 354
265 355
266 264
266 265
266 267
266 268
266 269
266 270
266 285
267 265
267 266
267 268
267 269
267 270
267 271
268 265
268 266
268 267
268 269
268 270
268 271
268 272
268 354
268 355
269 264
269 265
269 266
269 267
269 268
269 270
269 271
269 272
269 273
269 354
269 355
270 266
270 267
270 268
270 269
270 271
270 272
270 273
270 274
270 285
271 267
271 268
271 269
271 270
271 272
271 273
271 274
271 275
272 268
272 269
272 270
272 271
272 273
272 274
272 275
272 276
272 354
273 269
273 270
273 271
273 272
273 274
273 275
273 276
273 277
274 270
274 271
274 272
274 273
274 275
274 276
274 277
274 278
274 279
274 280
274 281
275 271
275 272
275 273
275 274
275 276
275 277
275 278
275 279
276 272
276 273
276 274
276 275
276 277
276 278
276 347
277 273
277 274
277 275
277 276
277 278
277 279
278 274
278 275
278 276
278 277
278 279
278 280
279 274
279 275
279 277
279 278
279 280
279 281
280 274
280 278
280 279
280 281
280 282
281 274
281 279
281 280
281 282
281 283
281 304
282 280
282 281
282 283
282 284
283 281
283 282
283 284
283 285
283 303
283 304
284 282
284 283
284 285
284 286
284 303
284 304
285 266
285 270
285 283
285 284
285 286
285 287
285 301
285 302
285 303
285 304
286 284
286 285
286 287
286 288
286 301
286 302
286 303
287 257
287 258
287 285
287 286
287 288
287 289
287 299
287 300
287 301
287 302
288 255
288 256
288 257
288 258
288 286
288 287
288 289
288 290
288 299
288 300
288 301
289 255
289 256
289 257
289 258
289 259
289 287
289 288
289 290
289 291
289 297
289 298
289 299
289 300
290 254
290 255
290 256
290 288
290 289
290 291
290 292
290 293
290 297
290 298
290 299
290 300
291 254
291 255
291 256
291 289
291 290
291 292
291 293
291 294
292 254
292 290
292 291
292 293
292 294
292 298
293 290
293 291
293 292
293 294
293 295
293 296
293 297
293 298
294 291
294 292
294 293
294 295
294 296
294 297
294 298
295 293
295 294
295 296
295 297
295 314
295 323
296 293
296 294
296 295
296 297
296 298
296 311
296 312
296 313
296 314
296 323
296 325
297 289
297 290
297 293
297 294
297 295
297 296
297 298
297 299
297 311
297 312
297 313
297 314
298 289
298 290
298 292
298 293
298 294
298 296
298 297
298 299
298 300
298 309
298 310
298 311
298 312
299 287
299 288
299 289
299 290
299 297
299 298
299 300
299 301
299 309
299 310
299 311
300 255
300 287
300 288
300 289
300 290
300 298
300 299
300 301
300 302
300 307
300 308
300 309
300 310
300 364
301 285
301 286
301 287
301 288
301 299
301 300
301 302
301 303
301 307
301 308
301 309
301 310
302 285
302 286
302 287
302 300
302 301
302 303
302 304
302 305
302 306
302 307
302 308
303 283
303 284
303 285
303 286
303 301
303 302
303 304
303 305
303 306
303 307
303 308
304 281
304 283
304 284
304 285
304 302
304 303
304 305
304 306
305 302
305 303
305 304
305 306
305 307
306 302
306 303
306 304
306 305
306 307
306 308
307 300
307 301
307 302
307 303
307 305
307 306
307 308
307 309
307 363
307 364
308 300
308 301
308 302
308 303
308 306
308 307
308 309
308 310
308 361
308 362
308 363
308 364
309 298
309 299
309 300
309 301
309 307
309 308
309 310
309 311
309 361
309 362
309 363
309 364
310 298
310 299
310 300
310 301
310 308
310 309
310 311
310 312
310 359
310 360
310 361
310 362
311 296
311 297
311 298
311 299
311 309
311 310
311 312
311 313
311 325
311 359
311 360
311 361
312 296
312 297
312 298
312 310
312 311
312 313
312 314
312 325
312 357
312 358
312 359
312 360
313 296
313 297
313 311
313 312
313 314
313 315
313 323
313 324
313 325
313 357
313 358
313 359
314 295
314 296
314 297
314 312
314 313
314 315
314 316
314 323
314 357
315 313
315 314
315 316
315 317
315 356
315 357
316 314
316 315
316 317
316 318
317 315
317 316
317 318
317 319
318 316
318 317
318 319
318 320
318 322
318 323
319 317
319 318
319 320
319 321
319 322
320 318
320 319
320 321
320 322
321 319
321 320
321 322
321 323
321 324
322 318
322 319
322 320
322 321
322 323
322 324
323 295
323 296
323 313
323 314
323 318
323 321
323 322
323 324
323 325
323 484
324 313
324 321
324 322
324 323
324 325
324 326
324 327
324 328
324 484
325 296
325 311
325 312
325 313
325 323
325 324
325 326
325 327
325 328
325 329
325 359
325 360
325 484
326 324
326 325
326 327
326 328
326 329
326 330
326 348
326 360
327 324
327 325
327 326
327 328
327 329
327 330
327 331
327 484
328 324
328 325
328 326
328 327
328 329
328 330
328 331
328 332
328 483
328 484
328 486
329 325
329 326
329 327
329 328
329 330
329 331
329 332
329 333
329 345
329 348
329 360
330 326
330 327
330 328
330 329
330 331
330 332
330 333
330 334
331 327
331 328
331 329
331 330
331 332
331 333
331 334
331 335
331 407
331 483
331 486
332 328
332 329
332 330
332 331
332 333
332 334
332 335
332 336
332 342
332 343
332 344
332 345
332 483
333 329
333 330
333 331
333 332
333 334
333 335
333 336
333 337
333 344
333 345
334 330
334 331
334 332
334 333
334 335
334 336
334 337
334 338
334 405
334 406
334 407
335 331
335 332
335 333
335 334
335 336
335 337
335 338
335 339
335 340
335 341
335 342
335 397
335 400
335 405
336 332
336 333
336 334
336 335
336 337
336 338
336 339
336 340
336 341
336 342
336 343
336 344
337 333
337 334
337 335
337 336
337 338
337 339
337 340
337 405
338 334
338 335
338 336
338 337
338 339
338 340
338 400
338 405
339 335
339 336
339 337
339 338
339 340
339 341
340 335
340 336
340 337
340 338
340 339
340 341
340 342
340 393
340 396
340 397
341 335
341 336
341 339
341 340
341 342
341 343
341 393
341 477
341 478
341 479
341 480
342 332
342 335
342 336
342 340
342 341
342 343
342 344
342 478
342 479
342 480
342 481
343 332
343 336
343 341
343 342
343 344
343 345
343 362
343 363
343 364
343 365
343 479
343 480
343 481
344 332
344 333
344 336
344 342
344 343
344 345
344 346
344 362
344 363
345 329
345 332
345 333
345 343
345 344
345 346
345 347
345 360
345 361
345 362
345 363
346 344
346 345
346 347
346 348
346 360
346 361
346 362
346 363
347 276
347 345
347 346
347 348
347 349
347 360
347 361
347 362
348 326
348 329
348 346
348 347
348 349
348 350
348 358
348 359
348 360
348 361
349 347
349 348
349 350
349 351
349 352
349 358
349 359
349 360
350 348
350 349
350 351
350 352
350 357
350 358
350 359
351 349
351 350
351 352
351 353
351 354
351 357
351 358
352 349
352 350
352 351
352 353
352 354
352 355
352 356
352 357
352 358
353 351
353 352
353 354
353 355
353 356
353 357
354 265
354 268
354 269
354 272
354 351
354 352
354 353
354 355
354 356
354 357
355 264
355 265
355 268
355 269
355 352
355 353
355 354
355 356
355 357
355 358
356 264
356 315
356 352
356 353
356 354
356 355
356 357
356 358
357 312
357 313
357 314
357 315
357 350
357 351
357 352
357 353
357 354
357 355
357 356
357 358
357 359
358 312
358 313
358 348
358 349
358 350
358 351
358 352
358 355
358 356
358 357
358 359
358 360
359 310
359 311
359 312
359 313
359 325
359 348
359 349
359 350
359 357
359 358
359 360
359 361
360 310
360 311
360 312
360 325
360 326
360 329
360 345
360 346
360 347
360 348
360 349
360 358
360 359
360 361
360 362
361 308
361 309
361 310
361 311
361 345
361 346
361 347
361 348
361 359
361 360
361 362
361 363
362 308
362 309
362 310
362 343
362 344
362 345
362 346
362 347
362 360
362 361
362 363
362 364
363 307
363 308
363 309
363 343
363 344
363 345
363 346
363 361
363 362
363 364
363 365
364 300
364 307
364 308
364 309
364 343
364 362
364 363
364 365
364 366
365 343
365 363
365 364
365 366
365 367
365 469
365 478
365 479
366 364
366 365
366 367
366 368
366 469
367 365
367 366
367 368
367 369
367 469
367 470
367 471
367 472
367 478
368 366
368 367
368 369
368 370
368 469
368 470
368 471
368 472
369 367
369 368
369 370
369 371
369 465
369 466
369 467
369 468
369 469
369 470
370 368
370 369
370 371
370 372
370 373
370 375
370 465
370 466
370 468
371 369
371 370
371 372
371 373
371 465
371 466
371 512
372 370
372 371
372 373
372 374
372 375
372 376
372 466
372 512
372 513
373 370
373 371
373 372
373 374
373 375
373 465
373 501
373 512
373 513
373 514
374 372
374 373
374 375
374 376
374 513
374 514
374 517
374 522
374 524
375 370
375 372
375 373
375 374
375 376
375 377
375 378
375 383
376 372
376 374
376 375
376 377
376 378
377 375
377 376
377 378
377 379
378 375
378 376
378 377
378 379
378 380
378 382
378 383
379 377
379 378
379 380
379 381
379 382
379 383
379 522
379 523
380 378
380 379
380 381
380 382
380 383
380 384
380 521
380 522
380 523
380 524
381 379
381 380
381 382
381 383
381 384
381 385
381 523
382 378
382 379
382 380
382 381
382 383
382 384
382 385
382 386
382 475
382 523
383 375
383 378
383 379
383 380
383 381
383 382
383 384
383 385
383 386
383 387
383 522
383 523
383 524
384 380
384 381
384 382
384 383
384 385
384 386
384 387
384 388
384 523
384 524
384 525
385 381
385 382
385 383
385 384
385 386
385 387
385 388
385 389
385 475
386 382
386 383
386 384
386 385
386 387
386 388
386 389
386 390
386 475
386 476
387 383
387 384
387 385
387 386
387 388
387 389
387 390
387 391
387 524
387 525
387 530
388 384
388 385
388 386
388 387
388 389
388 390
388 391
388 392
388 530
388 533
389 385
389 386
389 387
389 388
389 390
389 391
389 392
389 393
389 475
389 476
389 477
390 386
390 387
390 388
390 389
390 391
390 392
390 393
390 394
390 465
390 468
390 477
391 387
391 388
391 389
391 390
391 392
391 393
391 394
391 395
391 530
391 533
391 534
392 388
392 389
392 390
392 391
392 393
392 394
392 395
392 396
392 534
392 537
393 340
393 341
393 389
393 390
393 391
393 392
393 394
393 395
393 396
393 397
393 477
394 390
394 391
394 392
394 393
394 395
394 396
394 397
394 398
394 495
395 391
395 392
395 393
395 394
395 396
395 397
395 398
395 399
395 534
395 537
395 538
396 340
396 392
396 393
396 394
396 395
396 397
396 398
396 399
396 400
397 335
397 340
397 393
397 394
397 395
397 396
397 398
397 399
397 400
397 458
397 459
398 394
398 395
398 396
398 397
398 399
398 400
398 457
398 458
398 459
398 491
399 395
399 396
399 397
399 398
399 400
399 401
399 457
399 538
400 335
400 338
400 396
400 397
400 398
400 399
400 401
400 402
400 405
400 457
400 458
401 399
401 400
401 402
401 403
401 404
401 405
402 400
402 401
402 403
402 404
402 405
402 406
402 407
402 408
402 457
402 458
403 401
403 402
403 404
403 405
403 406
403 407
403 408
404 401
404 402
404 403
404 405
404 406
405 334
405 335
405 337
405 338
405 400
405 401
405 402
405 403
405 404
405 406
405 407
406 334
406 402
406 403
406 404
406 405
406 407
406 408
406 409
407 331
407 334
407 402
407 403
407 405
407 406
407 408
407 409
407 410
407 411
408 402
408 403
408 406
408 407
408 409
408 410
408 411
409 406
409 407
409 408
409 410
409 411
409 412
410 407
410 408
410 409
410 411
410 412
410 487
410 488
411 407
411 408
411 409
411 410
411 412
411 413
411 487
411 488
411 489
412 409
412 410
412 411
412 413
412 414
412 416
412 487
412 488
412 489
413 411
413 412
413 414
413 415
413 416
413 456
413 488
413 489
414 412
414 413
414 415
414 416
414 454
414 455
414 456
414 489
415 413
415 414
415 416
415 417
415 418
415 419
415 454
415 489
416 412
416 413
416 414
416 415
416 417
416 418
416 419
416 420
416 454
416 456
416 488
416 489
416 490
417 415
417 416
417 418
417 419
417 420
417 421
417 450
417 489
417 490
418 415
418 416
418 417
418 419
418 420
418 421
418 422
418 447
418 450
419 415
419 416
419 417
419 418
419 420
419 421
419 422
419 423
420 416
420 417
420 418
420 419
420 421
420 422
420 423
420 424
421 417
421 418
421 419
421 420
421 422
421 423
421 424
421 425
421 446
421 447
421 552
422 418
422 419
422 420
422 421
422 423
422 424
422 425
422 426
423 419
423 420
423 421
423 422
423 424
423 425
423 426
423 427
424 420
424 421
424 422
424 423
424 425
424 426
424 427
424 428
424 555
424 556
424 559
425 421
425 422
425 423
425 424
425 426
425 427
425 428
425 429
425 443
425 559
426 422
426 423
426 424
426 425
426 427
426 428
426 429
426 430
427 423
427 424
427 425
427 426
427 428
427 429
427 430
427 431
427 559
427 563
428 424
428 425
428 426
428 427
428 429
428 430
428 431
428 432
428 559
428 560
428 562
428 563
429 425
429 426
429 427
429 428
429 430
429 431
429 432
430 426
430 427
430 428
430 429
430 431
430 432
431 427
431 428
431 429
431 430
431 432
431 433
431 559
431 562
431 563
431 566
432 428
432 429
432 430
432 431
432 433
432 434
432 435
432 562
432 563
432 566
433 431
433 432
433 434
433 435
433 562
433 566
434 432
434 433
434 435
434 436
435 432
435 433
435 434
435 436
435 437
435 439
435 440
436 434
436 435
436 437
436 438
436 439
436 440
436 586
436 589
437 435
437 436
437 438
437 439
437 440
437 441
438 436
438 437
438 439
438 440
438 441
438 442
438 586
438 589
438 590
438 592
438 593
439 435
439 436
439 437
439 438
439 440
439 441
439 442
439 443
439 555
439 589
439 590
439 593
440 435
440 436
440 437
440 438
440 439
440 441
440 442
440 443
440 444
441 437
441 438
441 439
441 440
441 442
441 443
441 444
441 445
441 593
442 438
442 439
442 440
442 441
442 443
442 444
442 445
442 446
442 555
442 592
442 593
442 596
443 425
443 439
443 440
443 441
443 442
443 444
443 445
443 446
443 447
444 440
444 441
444 442
444 443
444 445
444 446
444 447
444 448
445 441
445 442
445 443
445 444
445 446
445 447
445 448
445 449
445 596
446 421
446 442
446 443
446 444
446 445
446 447
446 448
446 449
446 450
446 548
446 552
447 418
447 421
447 443
447 444
447 445
447 446
447 448
447 449
447 450
448 444
448 445
448 446
448 447
448 449
448 450
449 445
449 446
449 447
449 448
449 450
449 451
449 548
450 417
450 418
450 446
450 447
450 448
450 449
450 451
450 452
450 548
451 449
451 450
451 452
451 453
451 454
451 545
451 548
452 450
452 451
452 453
452 454
453 451
453 452
453 454
453 455
454 414
454 415
454 416
454 451
454 452
454 453
454 455
454 456
454 490
455 414
455 453
455 454
455 456
455 457
455 489
455 490
455 491
456 413
456 414
456 416
456 454
456 455
456 457
456 458
456 488
456 489
456 490
456 491
457 398
457 399
457 400
457 402
457 455
457 456
457 458
457 459
457 488
457 489
457 490
457 491
458 397
458 398
458 400
458 402
458 456
458 457
458 459
458 460
458 486
458 487
458 488
458 489
458 491
459 397
459 398
459 457
459 458
459 460
459 461
459 486
459 487
459 488
459 489
459 490
459 491
459 493
459 494
460 458
460 459
460 461
460 462
460 463
460 483
460 485
460 486
460 487
460 494
461 459
461 460
461 462
461 463
461 483
461 484
461 485
461 486
461 487
461 493
461 494
462 460
462 461
462 463
462 464
462 482
462 483
462 485
462 486
462 494
462 497
462 498
463 460
463 461
463 462
463 464
463 465
463 467
463 494
463 495
463 497
463 498
464 462
464 463
464 465
464 466
464 467
464 468
464 497
464 498
465 369
465 370
465 371
465 373
465 390
465 463
465 464
465 466
465 467
465 468
465 498
466 369
466 370
466 371
466 372
466 464
466 465
466 467
466 468
466 469
467 369
467 463
467 464
467 465
467 466
467 468
467 469
467 480
467 481
467 482
468 369
468 370
468 390
468 464
468 465
468 466
468 467
468 469
468 470
468 477
468 478
468 479
468 480
468 481
469 365
469 366
469 367
469 368
469 369
469 466
469 467
469 468
469 470
469 471
469 477
469 478
469 479
469 480
469 481
470 367
470 368
470 369
470 468
470 469
470 471
470 472
470 474
470 475
470 476
470 477
470 478
470 479
471 367
471 368
471 469
471 470
471 472
471 473
471 474
471 475
471 476
471 477
471 478
472 367
472 368
472 470
472 471
472 473
472 474
473 471
473 472
473 474
473 475
474 470
474 471
474 472
474 473
474 475
474 476
475 382
475 385
475 386
475 389
475 470
475 471
475 473
475 474
475 476
475 477
476 386
476 389
476 470
476 471
476 474
476 475
476 477
476 478
477 341
477 389
477 390
477 393
477 468
477 469
477 470
477 471
477 475
477 476
477 478
477 479
477 480
478 341
478 342
478 365
478 367
478 468
478 469
478 470
478 471
478 476
478 477
478 479
478 480
479 341
479 342
479 343
479 365
479 468
479 469
479 470
479 477
479 478
479 480
479 481
480 341
480 342
480 343
480 467
480 468
480 469
480 477
480 478
480 479
480 481
480 482
481 342
481 343
481 467
481 468
481 469
481 479
481 480
481 482
481 483
482 462
482 467
482 480
482 481
482 483
482 484
482 485
483 328
483 331
483 332
483 460
483 461
483 462
483 481
483 482
483 484
483 485
483 486
484 323
484 324
484 325
484 327
484 328
484 461
484 482
484 483
484 485
484 486
485 460
485 461
485 462
485 482
485 483
485 484
485 486
485 487
486 328
486 331
486 458
486 459
486 460
486 461
486 462
486 483
486 484
486 485
486 487
486 488
487 410
487 411
487 412
487 458
487 459
487 460
487 461
487 485
487 486
487 488
487 489
488 410
488 411
488 412
488 413
488 416
488 456
488 457
488 458
488 459
488 486
488 487
488 489
488 490
489 411
489 412
489 413
489 414
489 415
489 416
489 417
489 455
489 456
489 457
489 458
489 459
489 487
489 488
489 490
489 491
490 416
490 417
490 454
490 455
490 456
490 457
490 459
490 488
490 489
490 491
490 492
490 493
490 494
491 398
491 455
491 456
491 457
491 458
491 459
491 489
491 490
491 492
491 493
491 494
491 495
492 490
492 491
492 493
492 494
492 495
492 496
492 549
493 459
493 461
493 490
493 491
493 492
493 494
493 495
493 496
493 497
493 549
493 553
494 459
494 460
494 461
494 462
494 463
494 490
494 491
494 492
494 493
494 495
494 496
494 497
494 498
495 394
495 463
495 491
495 492
495 493
495 494
495 496
495 497
495 498
495 499
495 531
495 534
496 492
496 493
496 494
496 495
496 497
496 498
496 499
496 500
496 531
496 546
496 549
496 550
496 553
497 462
497 463
497 464
497 493
497 494
497 495
497 496
497 498
497 499
497 500
497 550
497 553
497 554
498 462
498 463
498 464
498 465
498 494
498 495
498 496
498 497
498 499
498 500
498 501
499 495
499 496
499 497
499 498
499 500
499 501
499 502
499 503
499 527
500 496
500 497
500 498
500 499
500 501
500 502
500 503
500 504
500 513
500 550
500 553
500 554
501 373
501 498
501 499
501 500
501 502
501 503
501 504
501 505
501 511
501 512
501 513
501 514
501 515
502 499
502 500
502 501
502 503
502 504
502 513
502 514
502 515
502 526
502 527
503 499
503 500
503 501
503 502
503 504
503 505
503 513
503 514
503 515
503 649
504 500
504 501
504 502
504 503
504 505
504 506
504 508
504 511
504 512
504 513
504 514
504 515
505 501
505 503
505 504
505 506
505 507
505 508
505 512
505 513
505 514
505 515
505 516
506 504
506 505
506 507
506 508
506 512
506 513
506 514
506 515
506 516
506 517
507 505
507 506
507 508
507 509
507 512
507 513
508 504
508 505
508 506
508 507
508 509
508 510
508 511
508 512
508 513
509 507
509 508
509 510
509 511
509 512
509 577
510 508
510 509
510 511
510 512
511 501
511 504
511 508
511 509
511 510
511 512
511 513
512 371
512 372
512 373
512 501
512 504
512 505
512 506
512 507
512 508
512 509
512 510
512 511
512 513
512 514
513 372
513 373
513 374
513 500
513 501
513 502
513 503
513 504
513 505
513 506
513 507
513 508
513 511
513 512
513 514
513 515
513 516
514 373
514 374
514 501
514 502
514 503
514 504
514 505
514 506
514 512
514 513
514 515
514 516
514 517
514 518
514 519
515 501
515 502
515 503
515 504
515 505
515 506
515 513
515 514
515 516
515 517
515 650
516 505
516 506
516 513
516 514
516 515
516 517
516 518
516 650
517 374
517 506
517 514
517 515
517 516
517 518
517 519
517 522
518 514
518 516
518 517
518 519
518 520
518 521
518 522
518 659
519 514
519 517
519 518
519 520
519 521
519 522
519 523
519 524
519 525
519 526
520 518
520 519
520 521
520 522
520 523
520 524
520 525
521 380
521 518
521 519
521 520
521 522
521 523
521 524
521 660
522 374
522 379
522 380
522 383
522 517
522 518
522 519
522 520
522 521
522 523
522 524
523 379
523 380
523 381
523 382
523 383
523 384
523 519
523 520
523 521
523 522
523 524
523 525
524 374
524 380
524 383
524 384
524 387
524 519
524 520
524 521
524 522
524 523
524 525
524 526
525 384
525 387
525 519
525 520
525 523
525 524
525 526
525 527
525 529
525 530
526 502
526 519
526 524
526 525
526 527
526 528
526 529
526 530
526 646
526 647
527 499
527 502
527 525
527 526
527 528
527 529
527 530
527 531
527 647
528 526
528 527
528 529
528 530
528 531
528 532
528 645
528 646
528 647
529 525
529 526
529 527
529 528
529 530
529 531
529 532
529 533
529 644
530 387
530 388
530 391
530 525
530 526
530 527
530 528
530 529
530 531
530 532
530 533
530 534
531 495
531 496
531 527
531 528
531 529
531 530
531 532
531 533
531 534
531 535
531 542
532 528
532 529
532 530
532 531
532 533
532 534
532 535
532 536
532 542
533 388
533 391
533 529
533 530
533 531
533 532
533 534
533 535
533 536
533 537
534 391
534 392
534 395
534 495
534 530
534 531
534 532
534 533
534 535
534 536
534 537
534 538
535 531
535 532
535 533
535 534
535 536
535 537
535 538
535 539
535 540
535 541
535 542
536 532
536 533
536 534
536 535
536 537
536 538
536 539
536 540
536 541
537 392
537 395
537 533
537 534
537 535
537 536
537 538
537 539
537 540
538 395
538 399
538 534
538 535
538 536
538 537
538 539
538 540
539 535
539 536
539 537
539 538
539 540
539 541
540 535
540 536
540 537
540 538
540 539
540 541
540 542
541 535
541 536
541 539
541 540
541 542
541 543
542 531
542 532
542 535
542 540
542 541
542 543
542 544
543 541
543 542
543 544
543 545
543 546
544 542
544 543
544 545
544 546
545 451
545 543
545 544
545 546
545 547
545 548
545 549
545 599
546 496
546 543
546 544
546 545
546 547
546 548
546 549
546 550
547 545
547 546
547 548
547 549
547 550
547 551
547 595
547 596
547 598
547 599
548 446
548 449
548 450
548 451
548 545
548 546
548 547
548 549
548 550
548 551
548 552
548 595
548 596
548 599
549 492
549 493
549 496
549 545
549 546
549 547
549 548
549 550
549 551
549 552
549 553
550 496
550 497
550 500
550 546
550 547
550 548
550 549
550 551
550 552
550 553
550 554
550 592
550 595
551 547
551 548
551 549
551 550
551 552
551 553
551 554
551 555
551 591
551 592
551 593
551 594
551 595
551 596
552 421
552 446
552 548
552 549
552 550
552 551
552 553
552 554
552 555
552 556
552 592
553 493
553 496
553 497
553 500
553 549
553 550
553 551
553 552
553 554
553 555
553 556
553 557
553 592
554 497
554 500
554 550
554 551
554 552
554 553
554 555
554 556
554 557
554 558
554 588
554 589
554 591
554 592
555 424
555 439
555 442
555 551
555 552
555 553
555 554
555 556
555 557
555 558
555 559
555 588
555 589
555 592
556 424
556 552
556 553
556 554
556 555
556 557
556 558
556 559
556 560
557 553
557 554
557 555
557 556
557 558
557 559
557 560
557 561
557 585
557 588
558 554
558 555
558 556
558 557
558 559
558 560
558 561
558 562
558 584
558 585
558 586
558 588
558 589
559 424
559 425
559 427
559 428
559 431
559 555
559 556
559 557
559 558
559 560
559 561
559 562
559 563
559 585
560 428
560 556
560 557
560 558
560 559
560 561
560 562
560 563
560 564
561 557
561 558
561 559
561 560
561 562
561 563
561 564
561 565
561 581
561 582
561 584
561 585
562 428
562 431
562 432
562 433
562 558
562 559
562 560
562 561
562 563
562 564
562 565
562 566
562 581
562 582
562 585
563 427
563 428
563 431
563 432
563 559
563 560
563 561
563 562
563 564
563 565
563 566
563 567
564 560
564 561
564 562
564 563
564 565
564 566
564 567
564 568
564 573
564 578
564 581
565 561
565 562
565 563
565 564
565 566
565 567
565 568
565 569
565 573
565 578
565 579
565 581
565 582
566 431
566 432
566 433
566 562
566 563
566 564
566 565
566 567
566 568
566 569
566 570
567 563
567 564
567 565
567 566
567 568
567 569
567 570
567 571
567 572
567 573
568 564
568 565
568 566
568 567
568 569
568 570
568 571
568 572
568 573
568 574
568 578
568 579
569 565
569 566
569 567
569 568
569 570
569 571
569 572
569 573
569 579
570 566
570 567
570 568
570 569
570 571
570 572
570 573
571 567
571 568
571 569
571 570
571 572
571 573
572 567
572 568
572 569
572 570
572 571
572 573
572 574
573 564
573 565
573 567
573 568
573 569
573 570
573 571
573 572
573 574
573 575
573 578
574 568
574 572
574 573
574 575
574 576
575 573
575 574
575 576
575 577
575 578
576 574
576 575
576 577
576 578
576 579
577 509
577 575
577 576
577 578
577 579
577 580
577 581
578 564
578 565
578 568
578 573
578 575
578 576
578 577
578 579
578 580
578 581
579 565
579 568
579 569
579 576
579 577
579 578
579 580
579 581
579 582
580 577
580 578
580 579
580 581
580 582
580 583
580 584
581 561
581 562
581 564
581 565
581 577
581 578
581 579
581 580
581 582
581 583
581 584
581 585
582 561
582 562
582 565
582 579
582 580
582 581
582 583
582 584
582 585
582 586
583 580
583 581
583 582
583 584
583 585
583 586
583 587
584 558
584 561
584 580
584 581
584 582
584 583
584 585
584 586
584 587
584 588
585 557
585 558
585 559
585 561
585 562
585 581
585 582
585 583
585 584
585 586
585 587
585 588
585 589
586 436
586 438
586 558
586 582
586 583
586 584
586 585
586 587
586 588
586 589
586 590
587 583
587 584
587 585
587 586
587 588
587 589
587 590
587 591
588 554
588 555
588 557
588 558
588 584
588 585
588 586
588 587
588 589
588 590
588 591
588 592
589 436
589 438
589 439
589 554
589 555
589 558
589 585
589 586
589 587
589 588
589 590
589 591
589 592
589 593
590 438
590 439
590 586
590 587
590 588
590 589
590 591
590 592
590 593
590 594
591 551
591 554
591 587
591 588
591 589
591 590
591 592
591 593
591 594
591 595
592 438
592 442
592 550
592 551
592 552
592 553
592 554
592 555
592 588
592 589
592 590
592 591
592 593
592 594
592 595
592 596
593 438
593 439
593 441
593 442
593 551
593 589
593 590
593 591
593 592
593 594
593 595
593 596
593 597
594 551
594 590
594 591
594 592
594 593
594 595
594 596
594 597
594 598
595 547
595 548
595 550
595 551
595 591
595 592
595 593
595 594
595 596
595 597
595 598
595 599
596 442
596 445
596 547
596 548
596 551
596 592
596 593
596 594
596 595
596 597
596 598
596 599
596 600
597 593
597 594
597 595
597 596
597 598
597 599
597 600
597 601
598 547
598 594
598 595
598 596
598 597
598 599
598 600
598 601
598 602
599 545
599 547
599 548
599 595
599 596
599 597
599 598
599 600
599 601
599 602
599 603
600 596
600 597
600 598
600 599
600 601
600 602
600 603
600 604
601 597
601 598
601 599
601 600
601 602
601 603
601 604
601 605
602 598
602 599
602 600
602 601
602 603
602 604
602 605
602 606
603 599
603 600
603 601
603 602
603 604
603 605
603 606
603 607
604 600
604 601
604 602
604 603
604 605
604 606
604 607
605 601
605 602
605 603
605 604
605 606
605 607
606 602
606 603
606 604
606 605
606 607
606 608
607 603
607 604
607 605
607 606
607 608
607 609
607 610
608 606
608 607
608 609
608 610
609 607
609 608
609 610
609 611
610 607
610 608
610 609
610 611
610 612
611 609
611 610
611 612
611 613
611 614
612 610
612 611
612 613
612 614
613 611
613 612
613 614
613 615
614 611
614 612
614 613
614 615
614 616
615 613
615 614
615 616
615 617
616 614
616 615
616 617
616 618
617 615
617 616
617 618
617 619
618 616
618 617
618 619
618 620
619 617
619 618
619 620
619 621
620 618
620 619
620 621
620 622
621 619
621 620
621 622
621 623
622 620
622 621
622 623
622 624
623 621
623 622
623 624
623 625
624 622
624 623
624 625
624 626
625 623
625 624
625 626
625 627
626 624
626 625
626 627
626 628
627 625
627 626
627 628
627 629
628 626
628 627
628 629
628 630
629 627
629 628
629 630
629 631
630 628
630 629
630 631
630 632
631 629
631 630
631 632
631 633
632 630
632 631
632 633
632 634
633 631
633 632
633 634
633 635
634 632
634 633
634 635
634 636
635 633
635 634
635 636
635 637
636 634
636 635
636 637
636 638
637 635
637 636
637 638
637 639
638 636
638 637
638 639
638 640
639 637
639 638
639 640
639 641
640 638
640 639
640 641
640 642
641 639
641 640
641 642
641 643
642 640
642 641
642 643
642 644
643 641
643 642
643 644
643 645
644 529
644 642
644 643
644 645
644 646
645 528
645 643
645 644
645 646
645 647
645 648
646 526
646 528
646 644
646 645
646 647
646 648
647 526
647 527
647 528
647 645
647 646
647 648
647 649
648 645
648 646
648 647
648 649
648 650
648 982
649 503
649 647
649 648
649 650
649 651
650 515
650 516
650 648
650 649
650 651
650 652
651 649
651 650
651 652
651 653
651 974
651 975
651 978
652 650
652 651
652 653
652 654
652 655
652 657
652 658
652 734
652 735
652 974
653 651
653 652
653 654
653 655
653 657
653 971
653 974
654 652
654 653
654 655
654 656
654 657
654 658
654 738
655 652
655 653
655 654
655 656
655 657
655 658
655 663
655 666
655 738
656 654
656 655
656 657
656 658
656 663
657 652
657 653
657 654
657 655
657 656
657 658
657 659
657 663
658 652
658 654
658 655
658 656
658 657
658 659
658 660
658 662
658 663
658 735
659 518
659 657
659 658
659 660
659 661
659 662
659 663
660 521
660 658
660 659
660 661
660 662
660 663
660 664
661 659
661 660
661 662
661 663
661 664
661 665
662 658
662 659
662 660
662 661
662 663
662 664
662 665
662 666
662 735
663 655
663 656
663 657
663 658
663 659
663 660
663 661
663 662
663 664
663 665
663 666
663 667
664 660
664 661
664 662
664 663
664 665
664 666
664 667
664 668
665 661
665 662
665 663
665 664
665 666
665 667
665 668
665 669
665 712
666 655
666 662
666 663
666 664
666 665
666 667
666 668
666 669
666 670
666 738
666 739
667 663
667 664
667 665
667 666
667 668
667 669
667 670
667 671
668 664
668 665
668 666
668 667
668 669
668 670
668 671
668 672
668 710
669 665
669 666
669 667
669 668
669 670
669 671
669 672
669 673
669 712
669 739
669 742
670 666
670 667
670 668
670 669
670 671
670 672
670 673
670 674
670 742
671 667
671 668
671 669
671 670
671 672
671 673
671 674
671 675
672 668
672 669
672 670
672 671
672 673
672 674
672 675
672 676
672 677
672 707
673 669
673 670
673 671
673 672
673 674
673 675
673 676
673 677
673 678
673 743
673 749
674 670
674 671
674 672
674 673
674 675
674 676
674 677
674 678
674 679
675 671
675 672
675 673
675 674
675 676
675 677
675 678
675 679
676 672
676 673
676 674
676 675
676 677
676 678
676 679
676 680
676 703
677 672
677 673
677 674
677 675
677 676
677 678
677 679
677 680
677 681
677 703
677 746
677 748
677 749
678 673
678 674
678 675
678 676
678 677
678 679
678 680
678 681
678 746
679 674
679 675
679 676
679 677
679 678
679 680
679 681
679 682
680 676
680 677
680 678
680 679
680 681
680 682
680 683
680 684
680 699
681 677
681 678
681 679
681 680
681 682
681 683
681 684
681 685
681 748
682 679
682 680
682 681
682 683
682 684
682 685
682 686
683 680
683 681
683 682
683 684
683 685
683 686
683 687
684 680
684 681
684 682
684 683
684 685
684 686
684 687
684 688
684 697
684 699
684 700
685 681
685 682
685 683
685 684
685 686
685 687
685 688
685 689
686 682
686 683
686 684
686 685
686 687
686 688
686 689
686 690
687 683
687 684
687 685
687 686
687 688
687 689
687 690
687 691
687 692
687 693
687 697
688 684
688 685
688 686
688 687
688 689
688 690
688 692
688 693
688 694
688 878
688 879
688 880
689 685
689 686
689 687
689 688
689 690
689 691
689 693
690 686
690 687
690 688
690 689
690 691
690 692
690 693
691 687
691 689
691 690
691 692
691 693
691 694
692 687
692 688
692 690
692 691
692 693
692 694
692 695
693 687
693 688
693 689
693 690
693 691
693 692
693 694
693 695
693 696
693 697
693 879
693 880
694 688
694 691
694 692
694 693
694 695
694 696
694 830
694 831
694 832
694 879
694 880
694 881
695 692
695 693
695 694
695 696
695 697
695 831
695 832
695 880
696 693
696 694
696 695
696 697
696 698
696 700
696 701
696 831
696 832
696 880
697 684
697 687
697 693
697 695
697 696
697 698
697 699
697 700
697 701
698 696
698 697
698 699
698 700
698 701
698 702
699 680
699 684
699 697
699 698
699 700
699 701
699 702
699 703
700 684
700 696
700 697
700 698
700 699
700 701
700 702
700 703
700 704
700 748
700 751
700 752
701 696
701 697
701 698
701 699
701 700
701 702
701 703
701 704
701 705
701 752
702 698
702 699
702 700
702 701
702 703
702 704
702 705
702 706
703 676
703 677
703 699
703 700
703 701
703 702
703 704
703 705
703 706
703 707
703 752
704 700
704 701
704 702
704 703
704 705
704 706
704 707
704 708
704 751
704 752
704 753
704 754
705 701
705 702
705 703
705 704
705 706
705 707
705 708
705 709
706 702
706 703
706 704
706 705
706 707
706 708
706 709
706 710
707 672
707 703
707 704
707 705
707 706
707 708
707 709
707 710
707 711
707 712
707 713
707 752
707 753
708 704
708 705
708 706
708 707
708 709
708 710
708 711
708 712
708 713
708 753
709 705
709 706
709 707
709 708
709 710
709 711
709 712
710 668
710 706
710 707
710 708
710 709
710 711
710 712
711 707
711 708
711 709
711 710
711 712
711 713
712 665
712 669
712 707
712 708
712 709
712 710
712 711
712 713
712 714
712 715
712 753
713 707
713 708
713 711
713 712
713 714
713 715
713 729
713 753
713 754
713 755
714 712
714 713
714 715
714 716
714 717
714 727
714 728
714 729
714 753
714 754
714 755
714 783
715 712
715 713
715 714
715 716
715 717
715 728
715 729
715 730
715 731
715 736
715 753
715 754
715 755
716 714
716 715
716 717
716 718
716 728
716 729
716 731
716 736
716 755
716 760
717 714
717 715
717 716
717 718
717 719
717 721
717 722
717 727
717 728
717 729
717 730
717 731
717 760
717 764
718 716
718 717
718 719
718 720
718 721
718 722
718 728
718 730
718 731
718 732
718 733
718 736
718 915
719 717
719 718
719 720
719 721
719 722
719 723
719 724
719 725
719 728
719 730
719 731
719 732
719 733
720 718
720 719
720 721
720 722
720 723
720 732
720 981
721 717
721 718
721 719
721 720
721 722
721 723
721 764
721 767
721 768
722 717
722 718
722 719
722 720
722 721
722 723
722 724
722 725
722 726
722 727
722 728
722 730
722 767
723 719
723 720
723 721
723 722
723 724
723 725
723 726
723 730
724 719
724 722
724 723
724 725
724 726
724 730
725 719
725 722
725 723
725 724
725 726
725 727
725 728
725 729
725 730
726 722
726 723
726 724
726 725
726 727
726 728
727 714
727 717
727 722
727 725
727 726
727 728
727 729
727 783
728 714
728 715
728 716
728 717
728 718
728 719
728 722
728 725
728 726
728 727
728 729
728 730
728 731
729 713
729 714
729 715
729 716
729 717
729 725
729 727
729 728
729 730
729 731
730 715
730 717
730 718
730 719
730 722
730 723
730 724
730 725
730 728
730 729
730 731
730 732
731 715
731 716
731 717
731 718
731 719
731 728
731 729
731 730
731 732
731 733
731 735
731 736
732 718
732 719
732 720
732 730
732 731
732 733
732 734
732 735
732 736
732 981
733 718
733 719
733 731
733 732
733 734
733 735
733 736
733 737
733 915
733 918
733 977
733 978
733 980
733 981
734 652
734 732
734 733
734 735
734 736
734 737
734 738
734 974
734 977
734 978
734 981
735 652
735 658
735 662
735 731
735 732
735 733
735 734
735 736
735 737
735 738
735 739
736 715
736 716
736 718
736 731
736 732
736 733
736 734
736 735
736 737
736 738
736 739
736 740
737 733
737 734
737 735
737 736
737 738
737 739
737 740
737 741
737 918
737 919
737 922
737 974
737 977
738 654
738 655
738 666
738 734
738 735
738 736
738 737
738 739
738 740
738 741
738 742
738 922
739 666
739 669
739 735
739 736
739 737
739 738
739 740
739 741
739 742
739 743
740 736
740 737
740 738
740 739
740 741
740 742
740 743
740 744
740 919
740 922
740 923
740 926
741 737
741 738
741 739
741 740
741 742
741 743
741 744
741 745
741 922
741 923
741 924
741 925
741 926
742 669
742 670
742 738
742 739
742 740
742 741
742 743
742 744
742 745
742 923
742 926
743 673
743 739
743 740
743 741
743 742
743 744
743 745
743 746
743 749
743 750
743 923
743 926
744 740
744 741
744 742
744 743
744 745
744 746
744 747
744 749
744 750
744 922
744 923
744 924
744 925
744 926
744 927
745 741
745 742
745 743
745 744
745 746
745 747
745 749
745 923
745 926
745 927
745 928
745 929
745 930
746 677
746 678
746 743
746 744
746 745
746 747
746 748
746 749
746 750
746 926
746 927
747 744
747 745
747 746
747 748
747 749
747 750
748 677
748 681
748 700
748 746
748 747
748 749
748 750
748 751
748 752
749 673
749 677
749 743
749 744
749 745
749 746
749 747
749 748
749 750
749 751
749 752
749 753
750 743
750 744
750 746
750 747
750 748
750 749
750 751
750 752
750 753
750 754
750 755
750 756
751 700
751 704
751 748
751 749
751 750
751 752
751 753
751 754
751 755
751 756
752 700
752 701
752 703
752 704
752 707
752 748
752 749
752 750
752 751
752 753
752 754
752 755
753 704
753 707
753 708
753 712
753 713
753 714
753 715
753 749
753 750
753 751
753 752
753 754
753 755
753 756
754 704
754 713
754 714
754 715
754 750
754 751
754 752
754 753
754 755
754 756
754 760
754 783
754 785
755 713
755 714
755 715
755 716
755 750
755 751
755 752
755 753
755 754
755 756
755 757
755 759
755 760
756 750
756 751
756 753
756 754
756 755
756 757
756 758
756 759
756 760
757 755
757 756
757 758
757 759
757 760
757 761
758 756
758 757
758 759
758 760
758 761
758 762
758 789
758 790
758 791
758 827
758 828
759 755
759 756
759 757
759 758
759 760
759 761
759 762
759 763
759 782
759 788
759 789
759 790
760 716
760 717
760 754
760 755
760 756
760 757
760 758
760 759
760 761
760 762
760 763
760 764
760 916
761 757
761 758
761 759
761 760
761 762
761 763
761 764
761 765
761 912
761 913
761 916
762 758
762 759
762 760
762 761
762 763
762 764
762 765
762 766
762 789
762 790
762 791
762 838
762 912
763 759
763 760
763 761
763 762
763 764
763 765
763 766
763 767
763 779
763 782
763 783
764 717
764 721
764 760
764 761
764 762
764 763
764 765
764 766
764 767
764 768
764 912
765 761
765 762
765 763
765 764
765 766
765 767
765 768
765 769
765 770
765 908
765 911
765 912
766 762
766 763
766 764
766 765
766 767
766 768
766 769
766 770
766 771
766 774
766 775
766 778
766 779
767 721
767 722
767 763
767 764
767 765
767 766
767 768
767 769
767 770
767 775
767 779
768 721
768 764
768 765
768 766
768 767
768 769
768 770
769 765
769 766
769 767
769 768
769 770
769 771
769 899
769 900
769 908
770 765
770 766
770 767
770 768
770 769
770 771
770 772
770 773
770 774
770 775
770 899
770 900
771 766
771 769
771 770
771 772
771 773
771 774
771 775
771 899
772 770
772 771
772 773
772 774
772 775
772 776
773 770
773 771
773 772
773 774
773 775
773 776
773 777
774 766
774 770
774 771
774 772
774 773
774 775
774 776
774 777
774 778
774 779
774 897
775 766
775 767
775 770
775 771
775 772
775 773
775 774
775 776
775 777
775 778
775 779
775 780
776 772
776 773
776 774
776 775
776 777
776 778
776 779
776 780
777 773
777 774
777 775
777 776
777 778
777 779
777 780
777 781
778 766
778 774
778 775
778 776
778 777
778 779
778 780
778 781
778 782
778 836
779 763
779 766
779 767
779 774
779 775
779 776
779 777
779 778
779 780
779 781
779 782
779 783
780 775
780 776
780 777
780 778
780 779
780 781
780 782
780 783
780 784
781 777
781 778
781 779
781 780
781 782
781 783
781 784
781 785
781 786
781 787
782 759
782 763
782 778
782 779
782 780
782 781
782 783
782 784
782 785
782 786
782 787
782 788
782 789
783 714
783 727
783 754
783 763
783 779
783 780
783 781
783 782
783 784
783 785
783 786
784 780
784 781
784 782
784 783
784 785
784 786
784 787
785 754
785 781
785 782
785 783
785 784
785 786
785 787
785 788
786 781
786 782
786 783
786 784
786 785
786 787
786 788
786 833
787 781
787 782
787 784
787 785
787 786
787 788
787 789
787 833
787 834
787 835
787 836
788 759
788 782
788 785
788 786
788 787
788 789
788 790
788 828
788 831
788 833
788 834
788 835
788 836
789 758
789 759
789 762
789 782
789 787
789 788
789 790
789 791
789 828
789 829
789 834
789 835
789 836
789 837
789 838
790 758
790 759
790 762
790 788
790 789
790 791
790 792
790 826
790 827
790 828
790 829
790 834
790 836
790 837
790 838
791 758
791 762
791 789
791 790
791 792
791 793
791 826
791 827
791 837
791 838
791 839
791 840
792 790
792 791
792 793
792 794
792 823
792 824
792 826
792 837
792 838
792 839
792 840
793 791
793 792
793 794
793 795
793 800
793 806
793 823
793 824
793 826
793 839
793 840
793 841
794 792
794 793
794 795
794 796
794 800
794 806
794 823
794 824
794 825
794 826
795 793
795 794
795 796
795 797
795 798
795 799
795 800
795 806
795 808
795 821
795 822
795 823
795 824
796 794
796 795
796 797
796 798
796 799
796 822
796 823
796 824
797 795
797 796
797 798
797 799
798 795
798 796
798 797
798 799
798 800
798 805
798 806
798 807
799 795
799 796
799 797
799 798
799 800
799 801
799 802
799 805
800 793
800 794
800 795
800 798
800 799
800 801
800 802
800 803
800 804
800 805
800 806
801 799
801 800
801 802
801 803
801 1040
801 1041
801 1044
802 799
802 800
802 801
802 803
802 804
802 805
802 806
803 800
803 801
803 802
803 804
803 805
803 806
804 800
804 802
804 803
804 805
804 806
804 849
804 850
804 852
804 853
805 798
805 799
805 800
805 802
805 803
805 804
805 806
805 807
806 793
806 794
806 795
806 798
806 800
806 802
806 803
806 804
806 805
806 807
806 808
806 841
806 842
806 853
807 798
807 805
807 806
807 808
807 809
807 821
807 841
807 842
808 795
808 806
808 807
808 809
808 810
808 819
808 820
808 821
808 822
808 840
808 841
808 842
809 807
809 808
809 810
809 811
809 818
809 819
809 820
809 821
809 841
809 842
809 843
810 808
810 809
810 811
810 812
810 817
810 818
810 819
810 820
810 841
810 842
810 843
811 809
811 810
811 812
811 813
811 817
811 818
811 819
811 843
812 810
812 811
812 813
812 814
812 815
812 816
812 817
812 818
812 843
813 811
813 812
813 814
813 815
813 816
813 817
813 818
814 812
814 813
814 815
814 816
815 812
815 813
815 814
815 816
815 817
815 894
815 895
816 812
816 813
816 814
816 815
816 817
816 818
816 892
816 893
816 894
816 895
817 810
817 811
817 812
817 813
817 815
817 816
817 818
817 819
817 892
817 893
817 894
817 895
818 809
818 810
818 811
818 812
818 813
818 816
818 817
818 819
818 820
818 890
818 891
818 892
818 893
819 808
819 809
819 810
819 811
819 817
819 818
819 820
819 821
819 841
819 888
819 889
819 890
819 891
819 892
819 893
820 808
820 809
820 810
820 818
820 819
820 821
820 822
820 887
820 888
820 889
820 890
820 891
821 795
821 807
821 808
821 809
821 819
821 820
821 822
821 823
821 841
821 887
821 888
821 889
822 795
822 796
822 808
822 820
822 821
822 823
822 824
822 885
822 886
822 887
822 888
823 792
823 793
823 794
823 795
823 796
823 821
823 822
823 824
823 825
823 826
823 885
823 886
823 887
824 792
824 793
824 794
824 795
824 796
824 822
824 823
824 825
824 826
824 883
824 884
824 885
824 886
825 794
825 823
825 824
825 826
825 827
825 871
825 883
825 884
825 885
826 790
826 791
826 792
826 793
826 794
826 823
826 824
826 825
826 827
826 828
826 829
826 882
826 883
826 884
826 885
826 886
827 758
827 790
827 791
827 825
827 826
827 828
827 829
827 830
827 881
827 882
827 883
827 884
828 758
828 788
828 789
828 790
828 826
828 827
828 829
828 830
828 831
828 834
828 880
828 881
828 882
828 883
828 884
829 789
829 790
829 826
829 827
829 828
829 830
829 831
829 832
829 834
829 837
829 867
829 881
829 882
829 883
829 884
830 694
830 827
830 828
830 829
830 831
830 832
830 834
830 867
830 870
830 879
830 880
830 881
830 882
830 883
830 884
831 694
831 695
831 696
831 788
831 828
831 829
831 830
831 832
831 833
831 834
831 879
831 880
831 881
831 882
832 694
832 695
832 696
832 829
832 830
832 831
832 833
832 834
832 835
832 880
833 786
833 787
833 788
833 831
833 832
833 834
833 835
834 787
834 788
834 789
834 790
834 828
834 829
834 830
834 831
834 832
834 833
834 835
834 836
834 837
834 860
835 787
835 788
835 789
835 832
835 833
835 834
835 836
835 837
835 859
835 860
835 861
836 778
836 787
836 788
836 789
836 790
836 834
836 835
836 837
836 838
836 857
836 858
836 859
836 860
837 789
837 790
837 791
837 792
837 829
837 834
837 835
837 836
837 838
837 839
837 857
837 858
837 859
837 860
838 762
838 789
838 790
838 791
838 792
838 836
838 837
838 839
838 840
838 855
838 856
838 857
838 858
839 791
839 792
839 793
839 837
839 838
839 840
839 841
839 855
839 856
839 857
839 858
840 791
840 792
840 793
840 808
840 838
840 839
840 841
840 842
840 853
840 854
840 855
840 856
840 905
841 793
841 806
841 807
841 808
841 809
841 810
841 819
841 821
841 839
841 840
841 842
841 843
841 853
841 854
841 855
842 806
842 807
842 808
842 809
842 810
842 840
842 841
842 843
842 844
842 845
842 852
842 853
842 854
843 809
843 810
843 811
843 812
843 841
843 842
843 844
843 845
843 852
843 853
843 854
843 902
843 903
844 842
844 843
844 845
844 846
844 847
844 851
844 852
844 853
844 903
845 842
845 843
845 844
845 846
845 847
845 852
846 844
846 845
846 847
846 848
846 852
847 844
847 845
847 846
847 848
847 849
847 851
847 852
847 903
848 846
848 847
848 849
848 850
848 851
848 852
849 804
849 847
849 848
849 850
849 851
849 852
850 804
850 848
850 849
850 851
850 852
850 853
850 903
850 906
851 844
851 847
851 848
851 849
851 850
851 852
851 853
851 854
851 902
851 903
851 904
851 905
851 906
852 804
852 842
852 843
852 844
852 845
852 846
852 847
852 848
852 849
852 850
852 851
852 853
852 854
852 902
852 903
852 905
853 804
853 806
853 840
853 841
853 842
853 843
853 844
853 850
853 851
853 852
853 854
853 855
853 902
853 903
853 904
853 905
853 906
854 840
854 841
854 842
854 843
854 851
854 852
854 853
854 855
854 856
854 898
854 899
854 901
854 902
854 903
854 904
854 905
854 906
855 838
855 839
855 840
855 841
855 853
855 854
855 856
855 857
855 898
855 899
855 902
855 904
855 905
855 908
856 838
856 839
856 840
856 854
856 855
856 857
856 858
856 897
856 898
856 899
857 836
857 837
857 838
857 839
857 855
857 856
857 858
857 859
857 897
857 898
857 899
858 836
858 837
858 838
858 839
858 856
858 857
858 859
858 860
858 862
858 893
858 897
859 835
859 836
859 837
859 857
859 858
859 860
859 861
859 862
860 834
860 835
860 836
860 837
860 858
860 859
860 861
860 862
860 865
861 835
861 859
861 860
861 862
861 863
861 865
862 858
862 859
862 860
862 861
862 863
862 864
862 865
862 891
862 892
862 893
863 861
863 862
863 864
863 865
863 891
863 892
864 862
864 863
864 865
864 866
864 887
864 888
864 889
864 890
864 891
865 860
865 861
865 862
865 863
865 864
865 866
865 867
865 886
865 887
865 888
865 889
865 891
866 864
866 865
866 867
866 868
866 886
866 887
866 888
866 889
867 829
867 830
867 865
867 866
867 868
867 869
867 884
867 885
867 886
867 887
868 866
868 867
868 869
868 870
868 884
868 885
868 886
868 887
869 867
869 868
869 870
869 871
869 884
869 885
869 886
870 830
870 868
870 869
870 871
870 872
870 877
870 882
870 883
870 884
870 885
871 825
871 869
871 870
871 872
871 873
871 877
871 882
871 883
871 884
871 885
872 870
872 871
872 873
872 874
872 875
872 876
872 877
872 878
872 882
872 883
873 871
873 872
873 874
873 875
873 876
873 877
873 1030
873 1034
874 872
874 873
874 875
874 876
874 1030
875 872
875 873
875 874
875 876
875 877
876 872
876 873
876 874
876 875
876 877
876 878
876 1027
877 870
877 871
877 872
877 873
877 875
877 876
877 878
877 879
877 882
877 883
878 688
878 872
878 876
878 877
878 879
878 880
878 881
878 882
878 883
879 688
879 693
879 694
879 830
879 831
879 877
879 878
879 880
879 881
879 882
880 688
880 693
880 694
880 695
880 696
880 828
880 830
880 831
880 832
880 878
880 879
880 881
880 882
881 694
881 827
881 828
881 829
881 830
881 831
881 878
881 879
881 880
881 882
881 883
882 826
882 827
882 828
882 829
882 830
882 831
882 870
882 871
882 872
882 877
882 878
882 879
882 880
882 881
882 883
882 884
883 824
883 825
883 826
883 827
883 828
883 829
883 830
883 870
883 871
883 872
883 877
883 878
883 881
883 882
883 884
883 885
884 824
884 825
884 826
884 827
884 828
884 829
884 830
884 867
884 868
884 869
884 870
884 871
884 882
884 883
884 885
884 886
885 822
885 823
885 824
885 825
885 826
885 867
885 868
885 869
885 870
885 871
885 883
885 884
885 886
885 887
886 822
886 823
886 824
886 826
886 865
886 866
886 867
886 868
886 869
886 884
886 885
886 887
886 888
887 820
887 821
887 822
887 823
887 864
887 865
887 866
887 867
887 868
887 885
887 886
887 888
887 889
888 819
888 820
888 821
888 822
888 864
888 865
888 866
888 886
888 887
888 889
888 890
888 891
889 819
889 820
889 821
889 864
889 865
889 866
889 887
889 888
889 890
889 891
890 818
890 819
890 820
890 864
890 888
890 889
890 891
890 892
891 818
891 819
891 820
891 862
891 863
891 864
891 865
891 888
891 889
891 890
891 892
891 893
892 816
892 817
892 818
892 819
892 862
892 863
892 890
892 891
892 893
892 894
893 816
893 817
893 818
893 819
893 858
893 862
893 891
893 892
893 894
893 895
893 897
894 815
894 816
894 817
894 892
894 893
894 895
894 896
894 897
895 815
895 816
895 817
895 893
895 894
895 896
895 897
895 898
896 894
896 895
896 897
896 898
896 899
897 774
897 856
897 857
897 858
897 893
897 894
897 895
897 896
897 898
897 899
898 854
898 855
898 856
898 857
898 895
898 896
898 897
898 899
898 900
898 901
898 902
899 769
899 770
899 771
899 854
899 855
899 856
899 857
899 896
899 897
899 898
899 900
899 901
900 769
900 770
900 898
900 899
900 901
900 902
900 904
901 854
901 898
901 899
901 900
901 902
901 903
901 904
902 843
902 851
902 852
902 853
902 854
902 855
902 898
902 900
902 901
902 903
902 904
902 905
903 843
903 844
903 847
903 850
903 851
903 852
903 853
903 854
903 901
903 902
903 904
903 905
903 906
904 851
904 853
904 854
904 855
904 900
904 901
904 902
904 903
904 905
904 906
904 907
904 908
905 840
905 851
905 852
905 853
905 854
905 855
905 902
905 903
905 904
905 906
905 907
905 908
905 909
906 850
906 851
906 853
906 854
906 903
906 904
906 905
906 907
906 908
906 909
906 910
907 904
907 905
907 906
907 908
907 909
907 910
907 911
908 765
908 769
908 855
908 904
908 905
908 906
908 907
908 909
908 910
908 911
908 912
909 905
909 906
909 907
909 908
909 910
909 911
909 912
909 913
910 906
910 907
910 908
910 909
910 911
910 912
910 913
910 914
911 765
911 907
911 908
911 909
911 910
911 912
911 913
911 914
911 985
912 761
912 762
912 764
912 765
912 908
912 909
912 910
912 911
912 913
912 914
912 915
912 916
913 761
913 909
913 910
913 911
913 912
913 914
913 915
913 916
913 917
913 1039
914 910
914 911
914 912
914 913
914 915
914 916
914 917
914 918
914 985
914 992
915 718
915 733
915 912
915 913
915 914
915 916
915 917
915 918
915 919
915 977
915 985
916 760
916 761
916 912
916 913
916 914
916 915
916 917
916 918
916 919
916 920
917 913
917 914
917 915
917 916
917 918
917 919
917 920
917 921
917 992
917 996
917 1039
918 733
918 737
918 914
918 915
918 916
918 917
918 919
918 920
918 921
918 922
918 973
918 976
918 977
918 992
918 995
919 737
919 740
919 915
919 916
919 917
919 918
919 920
919 921
919 922
919 923
920 916
920 917
920 918
920 919
920 921
920 922
920 923
920 924
920 1035
921 917
921 918
921 919
921 920
921 922
921 923
921 924
921 925
921 973
921 995
921 996
921 999
921 1000
922 737
922 738
922 740
922 741
922 744
922 918
922 919
922 920
922 921
922 923
922 924
922 925
922 926
922 970
922 973
922 999
923 740
923 741
923 742
923 743
923 744
923 745
923 919
923 920
923 921
923 922
923 924
923 925
923 926
923 927
924 741
924 744
924 920
924 921
924 922
924 923
924 925
924 926
924 927
924 928
924 999
924 1000
924 1003
924 1032
925 741
925 744
925 921
925 922
925 923
925 924
925 926
925 927
925 928
925 929
925 966
925 969
925 970
925 999
925 1003
926 740
926 741
926 742
926 743
926 744
926 745
926 746
926 922
926 923
926 924
926 925
926 927
926 928
926 929
926 930
927 744
927 745
927 746
927 923
927 924
927 925
927 926
927 928
927 929
927 930
927 931
927 1003
927 1007
927 1028
928 745
928 924
928 925
928 926
928 927
928 929
928 930
928 931
928 932
928 966
928 1003
928 1006
928 1007
929 745
929 925
929 926
929 927
929 928
929 930
929 931
929 932
929 933
929 966
930 745
930 926
930 927
930 928
930 929
930 931
930 932
930 933
930 934
931 927
931 928
931 929
931 930
931 932
931 933
931 934
931 935
931 1006
931 1007
931 1010
931 1025
932 928
932 929
932 930
932 931
932 933
932 934
932 935
932 936
932 959
932 962
932 963
932 1006
932 1007
932 1010
933 929
933 930
933 931
933 932
933 934
933 935
933 936
933 937
934 930
934 931
934 932
934 933
934 935
934 936
934 937
934 938
934 1010
935 931
935 932
935 933
935 934
935 936
935 937
935 938
935 939
935 1010
935 1011
935 1013
935 1014
936 932
936 933
936 934
936 935
936 937
936 938
936 939
936 940
936 950
936 959
937 933
937 934
937 935
937 936
937 938
937 939
937 940
937 941
938 934
938 935
938 936
938 937
938 939
938 940
938 941
938 942
938 1013
938 1014
939 935
939 936
939 937
939 938
939 940
939 941
939 942
939 943
939 948
939 949
939 950
939 955
939 1013
939 1014
940 936
940 937
940 938
940 939
940 941
940 942
940 948
940 949
940 950
941 937
941 938
941 939
941 940
941 942
941 943
941 948
941 949
942 938
942 939
942 940
942 941
942 943
942 944
942 948
942 949
943 939
943 941
943 942
943 944
943 945
943 946
943 947
943 948
943 949
944 942
944 943
944 945
944 946
944 947
944 948
944 949
945 943
945 944
945 946
945 947
946 943
946 944
946 945
946 947
946 948
947 943
947 944
947 945
947 946
947 948
947 949
947 951
948 939
948 940
948 941
948 942
948 943
948 944
948 946
948 947
948 949
948 950
948 951
948 952
949 939
949 940
949 941
949 942
949 943
949 944
949 947
949 948
949 950
949 951
949 952
949 955
950 936
950 939
950 940
950 948
950 949
950 951
950 952
950 953
950 955
950 956
951 947
951 948
951 949
951 950
951 952
951 953
951 955
951 956
952 948
952 949
952 950
952 951
952 953
952 954
952 955
952 956
953 950
953 951
953 952
953 954
953 955
953 956
953 957
954 952
954 953
954 955
954 956
954 957
954 958
955 939
955 949
955 950
955 951
955 952
955 953
955 954
955 956
955 957
955 958
955 959
955 1013
956 950
956 951
956 952
956 953
956 954
956 955
956 957
956 958
956 959
956 960
957 953
957 954
957 955
957 956
957 958
957 959
957 960
957 961
958 954
958 955
958 956
958 957
958 959
958 960
958 961
958 962
958 1009
959 932
959 936
959 955
959 956
959 957
959 958
959 960
959 961
959 962
959 963
960 956
960 957
960 958
960 959
960 961
960 962
960 963
960 964
961 957
961 958
961 959
961 960
961 962
961 963
961 964
961 965
962 932
962 958
962 959
962 960
962 961
962 963
962 964
962 965
962 966
962 1005
962 1006
963 932
963 959
963 960
963 961
963 962
963 964
963 965
963 966
963 967
964 960
964 961
964 962
964 963
964 965
964 966
964 967
964 968
965 961
965 962
965 963
965 964
965 966
965 967
965 968
965 969
965 1002
966 925
966 928
966 929
966 962
966 963
966 964
966 965
966 967
966 968
966 969
966 970
966 1002
966 1003
967 963
967 964
967 965
967 966
967 968
967 969
967 970
967 971
968 964
968 965
968 966
968 967
968 969
968 970
968 971
968 972
969 925
969 965
969 966
969 967
969 968
969 970
969 971
969 972
969 973
969 995
969 998
969 999
969 1002
970 922
970 925
970 966
970 967
970 968
970 969
970 971
970 972
970 973
970 974
971 653
971 967
971 968
971 969
971 970
971 972
971 973
971 974
971 975
972 968
972 969
972 970
972 971
972 973
972 974
972 975
972 976
972 991
972 994
972 995
973 918
973 921
973 922
973 969
973 970
973 971
973 972
973 974
973 975
973 976
973 977
973 991
973 992
973 995
974 651
974 652
974 653
974 734
974 737
974 970
974 971
974 972
974 973
974 975
974 976
974 977
974 978
975 651
975 971
975 972
975 973
975 974
975 976
975 977
975 978
975 979
975 991
976 918
976 972
976 973
976 974
976 975
976 977
976 978
976 979
976 980
976 988
976 991
976 992
976 995
977 733
977 734
977 737
977 915
977 918
977 973
977 974
977 975
977 976
977 978
977 979
977 980
977 981
978 651
978 733
978 734
978 974
978 975
978 976
978 977
978 979
978 980
978 981
978 982
979 975
979 976
979 977
979 978
979 980
979 981
979 982
979 983
979 984
979 985
979 987
979 988
980 733
980 976
980 977
980 978
980 979
980 981
980 982
980 983
980 984
980 985
980 987
980 988
981 720
981 732
981 733
981 734
981 977
981 978
981 979
981 980
981 982
981 983
981 984
982 648
982 978
982 979
982 980
982 981
982 983
982 984
983 979
983 980
983 981
983 982
983 984
983 985
983 986
983 987
983 988
984 979
984 980
984 981
984 982
984 983
984 985
984 986
984 987
984 988
985 911
985 914
985 915
985 979
985 980
985 983
985 984
985 986
985 987
985 988
985 989
986 983
986 984
986 985
986 987
986 988
986 989
987 979
987 980
987 983
987 984
987 985
987 986
987 988
987 989
987 990
988 976
988 979
988 980
988 983
988 984
988 985
988 986
988 987
988 989
988 990
988 991
988 992
989 985
989 986
989 987
989 988
989 990
989 991
989 992
989 993
990 987
990 988
990 989
990 991
990 992
990 993
990 994
990 1048
990 1049
990 1052
991 972
991 973
991 975
991 976
991 988
991 989
991 990
991 992
991 993
991 994
991 995
992 914
992 917
992 918
992 973
992 976
992 988
992 989
992 990
992 991
992 993
992 994
992 995
992 996
993 989
993 990
993 991
993 992
993 994
993 995
993 996
993 997
993 1045
993 1046
993 1048
993 1049
994 972
994 990
994 991
994 992
994 993
994 995
994 996
994 997
994 998
994 1045
994 1046
994 1049
995 918
995 921
995 969
995 972
995 973
995 976
995 991
995 992
995 993
995 994
995 996
995 997
995 998
995 999
996 917
996 921
996 992
996 993
996 994
996 995
996 997
996 998
996 999
996 1000
996 1036
996 1042
996 1045
997 993
997 994
997 995
997 996
997 998
997 999
997 1000
997 1001
997 1036
997 1042
997 1045
997 1046
998 969
998 994
998 995
998 996
998 997
998 999
998 1000
998 1001
998 1002
999 921
999 922
999 924
999 925
999 969
999 995
999 996
999 997
999 998
999 1000
999 1001
999 1002
999 1003
1000 921
1000 924
1000 996
1000 997
1000 998
1000 999
1000 1001
1000 1002
1000 1003
1000 1004
1000 1032
1000 1033
1000 1035
1000 1036
1001 997
1001 998
1001 999
1001 1000
1001 1002
1001 1003
1001 1004
1001 1005
1001 1032
1001 1033
1001 1036
1002 965
1002 966
1002 969
1002 998
1002 999
1002 1000
1002 1001
1002 1003
1002 1004
1002 1005
1002 1006
1003 924
1003 925
1003 927
1003 928
1003 966
1003 999
1003 1000
1003 1001
1003 1002
1003 1004
1003 1005
1003 1006
1003 1007
1003 1029
1003 1032
1004 1000
1004 1001
1004 1002
1004 1003
1004 1005
1004 1006
1004 1007
1004 1008
1004 1029
1004 1032
1004 1033
1005 962
1005 1001
1005 1002
1005 1003
1005 1004
1005 1006
1005 1007
1005 1008
1005 1009
1006 928
1006 931
1006 932
1006 962
1006 1002
1006 1003
1006 1004
1006 1005
1006 1007
1006 1008
1006 1009
1006 1010
1007 927
1007 928
1007 931
1007 932
1007 1003
1007 1004
1007 1005
1007 1006
1007 1008
1007 1009
1007 1010
1007 1011
1007 1025
1007 1028
1007 1029
1008 1004
1008 1005
1008 1006
1008 1007
1008 1009
1008 1010
1008 1011
1008 1012
1008 1029
1009 958
1009 1005
1009 1006
1009 1007
1009 1008
1009 1010
1009 1011
1009 1012
1009 1013
1010 931
1010 932
1010 934
1010 935
1010 1006
1010 1007
1010 1008
1010 1009
1010 1011
1010 1012
1010 1013
1010 1014
1010 1018
1010 1025
1011 935
1011 1007
1011 1008
1011 1009
1011 1010
1011 1012
1011 1013
1011 1014
1011 1015
1011 1016
1011 1017
1011 1018
1011 1019
1011 1025
1011 1026
1012 1008
1012 1009
1012 1010
1012 1011
1012 1013
1012 1014
1012 1015
1012 1016
1012 1018
1013 935
1013 938
1013 939
1013 955
1013 1009
1013 1010
1013 1011
1013 1012
1013 1014
1013 1015
1013 1018
1014 935
1014 938
1014 939
1014 1010
1014 1011
1014 1012
1014 1013
1014 1015
1014 1016
1014 1017
1014 1018
1015 1011
1015 1012
1015 1013
1015 1014
1015 1016
1015 1017
1015 1018
1015 1019
1016 1011
1016 1012
1016 1014
1016 1015
1016 1017
1016 1018
1016 1019
1016 1020
1017 1011
1017 1014
1017 1015
1017 1016
1017 1018
1017 1019
1017 1020
1017 1022
1017 1023
1018 1010
1018 1011
1018 1012
1018 1013
1018 1014
1018 1015
1018 1016
1018 1017
1018 1019
1018 1020
1018 1021
1018 1023
1018 1025
1018 1026
1019 1011
1019 1015
1019 1016
1019 1017
1019 1018
1019 1020
1019 1021
1019 1025
1019 1026
1020 1016
1020 1017
1020 1018
1020 1019
1020 1021
1020 1022
1020 1023
1020 1026
1021 1018
1021 1019
1021 1020
1021 1022
1021 1023
1021 1024
1021 1025
1021 1026
1021 1027
1022 1017
1022 1020
1022 1021
1022 1023
1022 1024
1023 1017
1023 1018
1023 1020
1023 1021
1023 1022
1023 1024
1023 1025
1023 1026
1024 1021
1024 1022
1024 1023
1024 1025
1024 1026
1024 1027
1024 1028
1025 931
1025 1007
1025 1010
1025 1011
1025 1018
1025 1019
1025 1021
1025 1023
1025 1024
1025 1026
1025 1027
1025 1028
1025 1029
1026 1011
1026 1018
1026 1019
1026 1020
1026 1021
1026 1023
1026 1024
1026 1025
1026 1027
1026 1028
1026 1029
1026 1030
1027 876
1027 1021
1027 1024
1027 1025
1027 1026
1027 1028
1027 1029
1027 1030
1027 1031
1028 927
1028 1007
1028 1024
1028 1025
1028 1026
1028 1027
1028 1029
1028 1030
1028 1031
1028 1032
1029 1003
1029 1004
1029 1007
1029 1008
1029 1025
1029 1026
1029 1027
1029 1028
1029 1030
1029 1031
1029 1032
1029 1033
1030 873
1030 874
1030 1026
1030 1027
1030 1028
1030 1029
1030 1031
1030 1032
1030 1033
1030 1034
1031 1027
1031 1028
1031 1029
1031 1030
1031 1032
1031 1033
1031 1034
1031 1035
1032 924
1032 1000
1032 1001
1032 1003
1032 1004
1032 1028
1032 1029
1032 1030
1032 1031
1032 1033
1032 1034
1032 1035
1032 1036
1033 1000
1033 1001
1033 1004
1033 1029
1033 1030
1033 1031
1033 1032
1033 1034
1033 1035
1033 1036
1033 1037
1034 873
1034 1030
1034 1031
1034 1032
1034 1033
1034 1035
1034 1036
1034 1037
1034 1038
1035 920
1035 1000
1035 1031
1035 1032
1035 1033
1035 1034
1035 1036
1035 1037
1035 1038
1035 1039
1035 1041
1036 996
1036 997
1036 1000
1036 1001
1036 1032
1036 1033
1036 1034
1036 1035
1036 1037
1036 1038
1036 1040
1036 1041
1036 1042
1037 1033
1037 1034
1037 1035
1037 1036
1037 1038
1037 1039
1037 1040
1037 1041
1037 1042
1038 1034
1038 1035
1038 1036
1038 1037
1038 1039
1038 1040
1038 1041
1039 913
1039 917
1039 1035
1039 1037
1039 1038
1039 1040
1039 1041
1040 801
1040 1036
1040 1037
1040 1038
1040 1039
1040 1041
1040 1042
1040 1044
1040 1045
1041 801
1041 1035
1041 1036
1041 1037
1041 1038
1041 1039
1041 1040
1041 1042
1041 1043
1041 1044
1041 1045
1042 996
1042 997
1042 1036
1042 1037
1042 1040
1042 1041
1042 1043
1042 1044
1042 1045
1042 1046
1043 1041
1043 1042
1043 1044
1043 1045
1043 1046
1043 1047
1044 801
1044 1040
1044 1041
1044 1042
1044 1043
1044 1045
1044 1046
1044 1047
1044 1048
1045 993
1045 994
1045 996
1045 997
1045 1040
1045 1041
1045 1042
1045 1043
1045 1044
1045 1046
1045 1047
1045 1048
1045 1049
1046 993
1046 994
1046 997
1046 1042
1046 1043
1046 1044
1046 1045
1046 1047
1046 1048
1046 1049
1046 1050
1047 1043
1047 1044
1047 1045
1047 1046
1047 1048
1047 1049
1047 1050
1047 1051
1048 990
1048 993
1048 1044
1048 1045
1048 1046
1048 1047
1048 1049
1048 1050
1048 1051
1048 1052
1049 990
1049 993
1049 994
1049 1045
1049 1046
1049 1047
1049 1048
1049 1050
1049 1051
1049 1052
1049 1053
1050 1046
1050 1047
1050 1048
1050 1049
1050 1051
1050 1052
1050 1053
1050 1054
1051 1047
1051 1048
1051 1049
1051 1050
1051 1052
1051 1053
1051 1054
1051 1055
1052 990
1052 1048
1052 1049
1052 1050
1052 1051
1052 1053
1052 1054
1052 1055
1052 1056
1053 1049
1053 1050
1053 1051
1053 1052
1053 1054
1053 1055
1053 1056
1054 1050
1054 1051
1054 1052
1054 1053
1054 1055
1054 1056
1054 1057
1055 1051
1055 1052
1055 1053
1055 1054
1055 1056
1055 1057
1056 1052
1056 1053
1056 1054
1056 1055
1056 1057
1056 1058
1057 1054
1057 1055
1057 1056
1057 1058
1058 1056
1058 1057
