0 1
0 2
1 0
1 2
1 3
2 0
2 1
2 3
2 4
3 1
3 2
3 4
3 5
4 2
4 3
4 5
4 6
5 3
5 4
5 6
5 7
6 4
6 5
6 7
6 8
6 9
7 5
7 6
7 8
7 9
7 10
8 6
8 7
8 9
8 10
8 11
9 6
9 7
9 8
9 10
9 11
9 12
10 7
10 8
10 9
10 11
10 12
10 13
11 8
11 9
11 10
11 12
11 13
11 14
12 9
12 10
12 11
12 13
12 14
12 15
13 10
13 11
13 12
13 14
13 15
13 16
14 11
14 12
14 13
14 15
14 16
14 17
15 12
15 13
15 14
15 16
15 17
15 18
16 13
16 14
16 15
16 17
16 18
16 19
17 14
17 15
17 16
17 18
17 19
18 15
18 16
18 17
18 19
18 20
19 16
19 17
19 18
19 20
19 21
20 18
20 19
20 21
20 22
21 19
21 20
21 22
21 23
22 20
22 21
22 23
22 24
23 21
23 22
23 24
23 25
24 22
24 23
24 25
24 26
25 23
25 24
25 26
25 27
26 24
26 25
26 27
26 28
27 25
27 26
27 28
27 29
28 26
28 27
28 29
28 30
29 27
29 28
29 30
29 31
30 28
30 29
30 31
30 32
31 29
31 30
31 32
31 33
32 30
32 31
32 33
32 34
33 31
33 32
33 34
33 35
34 32
34 33
34 35
34 36
35 33
35 34
35 36
35 37
36 34
36 35
36 37
36 38
37 35
37 36
37 38
37 39
38 36
38 37
38 39
38 40
39 37
39 38
39 40
39 41
40 38
40 39
40 41
40 42
41 39
41 40
41 42
41 43
42 40
42 41
42 43
42 44
43 41
43 42
43 44
43 45
44 42
44 43
44 45
44 46
45 43
45 44
45 46
45 47
46 44
46 45
46 47
46 48
47 45
47 46
47 48
47 49
48 46
48 47
48 49
48 50
49 47
49 48
49 50
49 51
50 48
50 49
50 51
50 52
51 49
51 50
51 52
51 53
52 50
52 51
52 53
52 54
53 51
53 52
53 54
53 55
54 52
54 53
54 55
54 56
55 53
55 54
55 56
55 57
56 54
56 55
56 57
56 58
57 55
57 56
57 58
57 59
58 56
58 57
58 59
58 60
59 57
59 58
59 60
59 61
60 58
60 59
60 61
60 62
61 59
61 60
61 62
61 63
62 60
62 61
62 63
62 64
63 61
63 62
63 64
63 65
64 62
64 63
64 65
64 66
65 63
65 64
65 66
65 67
66 64
66 65
66 67
66 68
67 65
67 66
67 68
67 69
68 66
68 67
68 69
68 70
69 67
69 68
69 70
69 71
70 68
70 69
70 71
70 72
71 69
71 70
71 72
71 73
72 70
72 71
72 73
72 74
73 71
73 72
73 74
73 75
74 72
74 73
74 75
74 76
75 73
75 74
75 76
75 77
76 74
76 75
76 77
76 78
77 75
77 76
77 78
77 79
78 76
78 77
78 79
78 80
79 77
79 78
79 80
79 81
80 78
80 79
80 81
80 82
81 79
81 80
81 82
81 83
82 80
82 81
82 83
82 84
83 81
83 82
83 84
83 85
84 82
84 83
84 85
84 86
84 87
85 83
85 84
85 86
85 87
86 84
86 85
86 87
86 88
87 84
87 85
87 86
87 88
87 89
87 90
88 86
88 87
88 89
88 90
89 87
89 88
89 90
89 91
90 87
90 88
90 89
90 91
90 92
91 89
91 90
91 92
91 93
91 432
91 436
92 90
92 91
92 93
92 94
92 271
93 91
93 92
93 94
93 95
93 97
93 98
93 272
93 438
94 92
94 93
94 95
94 96
94 97
94 98
94 271
94 272
95 93
95 94
95 96
95 97
95 98
95 99
95 272
96 94
96 95
96 97
96 98
96 99
96 100
97 93
97 94
97 95
97 96
97 98
97 99
97 100
97 101
97 128
97 438
97 439
97 440
98 93
98 94
98 95
98 96
98 97
98 99
98 100
98 101
98 102
99 95
99 96
99 97
99 98
99 100
99 101
99 102
99 103
100 96
100 97
100 98
100 99
100 101
100 102
100 103
100 104
100 440
101 97
101 98
101 99
101 100
101 102
101 103
101 104
101 105
101 428
101 429
101 430
101 440
102 98
102 99
102 100
102 101
102 103
102 104
102 105
102 106
103 99
103 100
103 101
103 102
103 104
103 105
103 106
103 107
104 100
104 101
104 102
104 103
104 105
104 106
104 107
104 108
104 114
104 428
105 101
105 102
105 103
105 104
105 106
105 107
105 108
105 109
105 427
105 428
106 102
106 103
106 104
106 105
106 107
106 108
106 109
106 110
107 103
107 104
107 105
107 106
107 108
107 109
107 110
107 111
107 112
107 113
107 114
108 104
108 105
108 106
108 107
108 109
108 110
108 111
108 112
108 113
108 114
108 426
108 427
108 428
109 105
109 106
109 107
109 108
109 110
109 111
109 112
110 106
110 107
110 108
110 109
110 111
110 112
111 107
111 108
111 109
111 110
111 112
111 113
112 107
112 108
112 109
112 110
112 111
112 113
112 114
112 116
113 107
113 108
113 111
113 112
113 114
113 115
113 116
114 104
114 107
114 108
114 112
114 113
114 115
114 116
114 117
114 120
114 122
115 113
115 114
115 116
115 117
115 118
115 120
115 121
115 122
115 123
116 112
116 113
116 114
116 115
116 117
116 118
116 120
117 114
117 115
117 116
117 118
117 119
117 120
117 121
118 115
118 116
118 117
118 119
118 120
118 121
119 117
119 118
119 120
119 121
120 114
120 115
120 116
120 117
120 118
120 119
120 121
120 122
120 123
120 124
120 280
121 115
121 117
121 118
121 119
121 120
121 122
121 123
121 161
121 162
121 280
122 114
122 115
122 120
122 121
122 123
122 124
122 161
122 282
123 115
123 120
123 121
123 122
123 124
123 125
123 126
123 161
123 280
123 281
123 282
123 283
124 120
124 122
124 123
124 125
124 126
124 280
124 281
124 282
124 283
124 441
124 442
125 123
125 124
125 126
125 127
125 280
125 281
125 282
125 283
125 439
125 440
125 441
125 442
126 123
126 124
126 125
126 127
126 128
126 278
126 279
126 280
126 281
126 439
126 440
126 441
127 125
127 126
127 128
127 129
127 278
127 279
127 280
127 281
127 437
127 438
127 439
127 440
128 97
128 126
128 127
128 129
128 130
128 276
128 277
128 278
128 279
128 437
128 438
128 439
129 127
129 128
129 130
129 131
129 149
129 150
129 151
129 276
129 277
129 278
129 437
129 438
130 128
130 129
130 131
130 132
130 149
130 274
130 275
130 276
130 277
130 437
131 129
131 130
131 132
131 133
131 147
131 148
131 149
131 274
131 275
131 276
131 277
132 130
132 131
132 133
132 134
132 147
132 148
132 149
132 150
133 131
133 132
133 134
133 135
133 146
133 147
133 148
133 149
134 132
134 133
134 135
134 136
134 146
134 147
134 266
135 133
135 134
135 136
135 137
135 145
135 146
135 265
135 266
136 134
136 135
136 137
136 138
136 139
136 142
136 145
137 135
137 136
137 138
137 139
137 140
137 142
138 136
138 137
138 139
138 140
139 136
139 137
139 138
139 140
139 141
139 142
139 143
140 137
140 138
140 139
140 141
140 142
140 143
140 258
141 139
141 140
141 142
141 143
141 257
141 258
141 259
142 136
142 137
142 139
142 140
142 141
142 143
142 144
142 145
142 258
142 259
142 260
143 139
143 140
143 141
143 142
143 144
143 145
143 233
143 234
143 256
143 257
143 258
143 259
144 142
144 143
144 145
144 146
144 231
144 232
144 233
144 234
144 259
145 135
145 136
145 142
145 143
145 144
145 146
145 147
145 231
145 232
145 233
145 259
146 133
146 134
146 135
146 144
146 145
146 147
146 148
146 190
146 229
146 230
146 231
146 232
147 131
147 132
147 133
147 134
147 145
147 146
147 148
147 149
147 229
147 230
147 231
147 232
147 275
148 131
148 132
148 133
148 146
148 147
148 149
148 150
148 227
148 228
148 229
148 230
149 129
149 130
149 131
149 132
149 133
149 147
149 148
149 150
149 151
149 227
149 228
149 229
149 277
150 129
150 132
150 148
150 149
150 151
150 152
150 153
150 226
150 227
150 228
151 129
151 149
151 150
151 152
151 153
151 154
151 225
151 226
151 227
151 228
152 150
152 151
152 153
152 154
152 155
152 225
152 226
152 227
152 435
153 150
153 151
153 152
153 154
153 155
153 433
153 434
153 435
154 151
154 152
154 153
154 155
154 156
154 158
155 152
155 153
155 154
155 156
155 157
155 158
156 154
156 155
156 157
156 158
156 159
156 223
156 224
157 155
157 156
157 158
157 159
157 283
158 154
158 155
158 156
158 157
158 159
158 160
158 281
158 282
158 283
158 284
159 156
159 157
159 158
159 160
159 161
159 281
159 282
159 283
160 158
160 159
160 161
160 162
160 163
160 217
160 221
160 279
160 280
160 281
160 282
161 121
161 122
161 123
161 159
161 160
161 162
161 163
161 217
161 280
161 281
161 282
162 121
162 160
162 161
162 163
162 164
162 215
162 216
162 217
162 279
162 280
162 281
163 160
163 161
163 162
163 164
163 165
163 215
163 216
163 217
163 220
163 277
163 278
163 279
163 280
164 162
164 163
164 165
164 166
164 213
164 214
164 215
164 216
164 217
164 277
164 278
164 279
165 163
165 164
165 166
165 167
165 213
165 214
165 215
165 216
165 275
165 276
165 277
165 278
166 164
166 165
166 167
166 168
166 211
166 212
166 213
166 214
166 275
166 276
166 277
166 278
167 165
167 166
167 168
167 169
167 211
167 212
167 213
167 264
167 273
167 274
167 275
167 276
168 166
168 167
168 169
168 170
168 209
168 210
168 211
168 212
168 264
168 273
168 274
168 275
169 167
169 168
169 170
169 171
169 209
169 210
169 211
169 212
169 262
169 263
169 264
170 168
170 169
170 171
170 172
170 208
170 209
170 210
170 262
170 263
170 264
171 169
171 170
171 172
171 173
171 206
171 207
171 208
171 209
171 210
171 262
171 263
172 170
172 171
172 173
172 174
172 175
172 176
172 206
172 261
172 262
172 263
173 171
173 172
173 174
173 175
173 261
174 172
174 173
174 175
174 176
175 172
175 173
175 174
175 176
175 177
175 203
175 204
175 205
175 206
176 172
176 174
176 175
176 177
176 178
176 203
176 204
176 261
176 262
177 175
177 176
177 178
177 179
177 180
177 203
178 176
178 177
178 179
178 180
178 203
179 177
179 178
179 180
179 181
179 182
179 203
179 204
180 177
180 178
180 179
180 181
180 182
180 236
181 179
181 180
181 182
181 183
181 236
181 237
182 179
182 180
182 181
182 183
182 184
182 200
182 201
182 202
182 203
182 236
182 237
182 238
183 181
183 182
183 184
183 185
183 200
183 201
183 202
183 203
183 234
183 235
183 236
183 237
184 182
184 183
184 185
184 186
184 198
184 199
184 200
184 201
184 234
184 235
184 236
184 237
184 239
185 183
185 184
185 186
185 187
185 198
185 199
185 200
185 201
185 232
185 233
185 234
185 235
186 184
186 185
186 187
186 188
186 195
186 196
186 197
186 198
186 199
186 232
186 233
186 234
186 235
187 185
187 186
187 188
187 189
187 195
187 196
187 197
187 198
187 214
187 230
187 231
187 232
187 233
188 186
188 187
188 189
188 190
188 192
188 193
188 194
188 195
188 196
188 197
188 230
188 231
188 232
189 187
189 188
189 190
189 191
189 192
189 193
189 194
189 195
189 196
189 219
189 229
189 230
189 231
190 146
190 188
190 189
190 191
190 192
190 193
190 229
190 230
190 231
191 189
191 190
191 192
191 193
191 229
192 188
192 189
192 190
192 191
192 193
192 194
193 188
193 189
193 190
193 191
193 192
193 194
193 195
194 188
194 189
194 192
194 193
194 195
194 196
195 186
195 187
195 188
195 189
195 193
195 194
195 196
195 197
195 198
196 186
196 187
196 188
196 189
196 194
196 195
196 197
196 198
196 215
196 216
196 218
196 219
197 186
197 187
197 188
197 195
197 196
197 198
197 199
197 214
197 215
197 216
198 184
198 185
198 186
198 187
198 195
198 196
198 197
198 199
198 200
198 214
199 184
199 185
199 186
199 197
199 198
199 200
199 201
199 212
199 214
200 182
200 183
200 184
200 185
200 198
200 199
200 201
200 202
201 182
201 183
201 184
201 185
201 199
201 200
201 202
201 203
202 182
202 183
202 200
202 201
202 203
202 204
202 205
202 207
203 175
203 176
203 177
203 178
203 179
203 182
203 183
203 201
203 202
203 204
203 205
203 206
204 175
204 176
204 179
204 202
204 203
204 205
204 206
205 175
205 202
205 203
205 204
205 206
205 207
206 171
206 172
206 175
206 203
206 204
206 205
206 207
206 208
207 171
207 202
207 205
207 206
207 208
207 209
207 210
208 170
208 171
208 206
208 207
208 209
208 210
209 168
209 169
209 170
209 171
209 207
209 208
209 210
209 211
210 168
210 169
210 170
210 171
210 207
210 208
210 209
210 211
210 212
211 166
211 167
211 168
211 169
211 209
211 210
211 212
211 213
212 166
212 167
212 168
212 169
212 199
212 210
212 211
212 213
212 214
213 164
213 165
213 166
213 167
213 211
213 212
213 214
213 215
214 164
214 165
214 166
214 187
214 197
214 198
214 199
214 212
214 213
214 215
214 216
215 162
215 163
215 164
215 165
215 196
215 197
215 213
215 214
215 216
215 217
215 218
216 162
216 163
216 164
216 165
216 196
216 197
216 214
216 215
216 217
216 218
216 219
216 220
217 160
217 161
217 162
217 163
217 164
217 215
217 216
217 218
217 219
217 220
217 221
218 196
218 215
218 216
218 217
218 219
218 220
218 221
218 222
219 189
219 196
219 216
219 217
219 218
219 220
219 221
219 222
220 163
220 216
220 217
220 218
220 219
220 221
220 222
220 223
220 225
220 228
221 160
221 217
221 218
221 219
221 220
221 222
221 223
222 218
222 219
222 220
222 221
222 223
222 224
222 225
223 156
223 220
223 221
223 222
223 224
223 225
224 156
224 222
224 223
224 225
224 226
225 151
225 152
225 220
225 222
225 223
225 224
225 226
225 227
225 228
226 150
226 151
226 152
226 224
226 225
226 227
226 228
227 148
227 149
227 150
227 151
227 152
227 225
227 226
227 228
227 229
228 148
228 149
228 150
228 151
228 220
228 225
228 226
228 227
228 229
228 230
229 146
229 147
229 148
229 149
229 189
229 190
229 191
229 227
229 228
229 230
229 231
230 146
230 147
230 148
230 187
230 188
230 189
230 190
230 228
230 229
230 231
230 232
231 144
231 145
231 146
231 147
231 187
231 188
231 189
231 190
231 229
231 230
231 232
231 233
232 144
232 145
232 146
232 147
232 185
232 186
232 187
232 188
232 230
232 231
232 233
232 234
233 143
233 144
233 145
233 185
233 186
233 187
233 231
233 232
233 234
233 235
233 259
234 143
234 144
234 183
234 184
234 185
234 186
234 232
234 233
234 235
234 236
234 256
234 257
234 258
234 259
235 183
235 184
235 185
235 186
235 233
235 234
235 236
235 237
235 256
235 257
236 180
236 181
236 182
236 183
236 184
236 234
236 235
236 237
236 238
236 256
237 181
237 182
237 183
237 184
237 235
237 236
237 238
237 239
237 241
238 182
238 236
238 237
238 239
238 240
238 241
239 184
239 237
239 238
239 240
239 241
239 242
240 238
240 239
240 241
240 242
241 237
241 238
241 239
241 240
241 242
241 243
241 244
241 245
241 246
242 239
242 240
242 241
242 243
242 244
242 245
242 246
243 241
243 242
243 244
243 245
243 246
243 247
244 241
244 242
244 243
244 245
244 246
244 247
244 248
245 241
245 242
245 243
245 244
245 246
245 247
245 248
245 249
246 241
246 242
246 243
246 244
246 245
246 247
246 248
246 249
247 243
247 244
247 245
247 246
247 248
247 249
248 244
248 245
248 246
248 247
248 249
248 250
249 245
249 246
249 247
249 248
249 250
249 251
249 253
250 248
250 249
250 251
250 252
250 253
251 249
251 250
251 252
251 253
252 250
252 251
252 253
252 254
253 249
253 250
253 251
253 252
253 254
253 255
254 252
254 253
254 255
254 256
255 253
255 254
255 256
255 257
256 143
256 234
256 235
256 236
256 254
256 255
256 257
256 258
257 141
257 143
257 234
257 235
257 255
257 256
257 258
257 259
257 261
257 262
258 140
258 141
258 142
258 143
258 234
258 256
258 257
258 259
258 260
258 261
258 262
259 141
259 142
259 143
259 144
259 145
259 233
259 234
259 257
259 258
259 260
259 261
259 262
259 263
259 264
259 265
260 142
260 258
260 259
260 261
260 262
260 263
260 264
260 265
261 172
261 173
261 176
261 257
261 258
261 259
261 260
261 262
261 263
261 264
261 265
262 169
262 170
262 171
262 172
262 176
262 257
262 258
262 259
262 260
262 261
262 263
262 264
262 265
263 169
263 170
263 171
263 172
263 259
263 260
263 261
263 262
263 264
263 265
264 167
264 168
264 169
264 170
264 259
264 260
264 261
264 262
264 263
264 265
264 266
265 135
265 259
265 260
265 261
265 262
265 263
265 264
265 266
265 267
266 134
266 135
266 264
266 265
266 267
266 268
266 269
266 274
267 265
267 266
267 268
267 269
268 266
268 267
268 269
268 270
269 266
269 267
269 268
269 270
269 271
269 272
269 273
269 274
270 268
270 269
270 271
270 272
270 273
270 274
271 92
271 94
271 269
271 270
271 272
271 273
271 274
272 93
272 94
272 95
272 269
272 270
272 271
272 273
272 274
273 167
273 168
273 269
273 270
273 271
273 272
273 274
273 275
274 130
274 131
274 167
274 168
274 266
274 269
274 270
274 271
274 272
274 273
274 275
274 276
275 130
275 131
275 147
275 165
275 166
275 167
275 168
275 273
275 274
275 276
275 277
276 128
276 129
276 130
276 131
276 165
276 166
276 167
276 274
276 275
276 277
276 278
277 128
277 129
277 130
277 131
277 149
277 163
277 164
277 165
277 166
277 275
277 276
277 278
277 279
278 126
278 127
278 128
278 129
278 163
278 164
278 165
278 166
278 276
278 277
278 279
278 280
279 126
279 127
279 128
279 160
279 162
279 163
279 164
279 277
279 278
279 280
279 281
280 120
280 121
280 123
280 124
280 125
280 126
280 127
280 160
280 161
280 162
280 163
280 278
280 279
280 281
280 282
281 123
281 124
281 125
281 126
281 127
281 158
281 159
281 160
281 161
281 162
281 279
281 280
281 282
281 283
282 122
282 123
282 124
282 125
282 158
282 159
282 160
282 161
282 280
282 281
282 283
282 284
283 123
283 124
283 125
283 157
283 158
283 159
283 281
283 282
283 284
283 285
283 286
284 158
284 282
284 283
284 285
284 286
285 283
285 284
285 286
285 287
285 444
286 283
286 284
286 285
286 287
286 288
286 290
286 291
287 285
287 286
287 288
287 289
287 290
287 291
288 286
288 287
288 289
288 290
288 291
288 292
288 443
289 287
289 288
289 290
289 291
289 292
289 293
290 286
290 287
290 288
290 289
290 291
290 292
290 293
290 294
291 286
291 287
291 288
291 289
291 290
291 292
291 293
291 294
291 295
292 288
292 289
292 290
292 291
292 293
292 294
292 295
292 296
293 289
293 290
293 291
293 292
293 294
293 295
293 296
293 297
294 290
294 291
294 292
294 293
294 295
294 296
294 297
294 298
295 291
295 292
295 293
295 294
295 296
295 297
295 298
295 299
295 433
295 434
296 292
296 293
296 294
296 295
296 297
296 298
296 299
296 300
297 293
297 294
297 295
297 296
297 298
297 299
297 300
297 301
298 294
298 295
298 296
298 297
298 299
298 300
298 301
298 302
298 434
299 295
299 296
299 297
299 298
299 300
299 301
299 302
300 296
300 297
300 298
300 299
300 301
300 302
300 303
301 297
301 298
301 299
301 300
301 302
301 303
302 298
302 299
302 300
302 301
302 303
302 304
303 300
303 301
303 302
303 304
303 305
303 306
304 302
304 303
304 305
304 306
305 303
305 304
305 306
305 307
306 303
306 304
306 305
306 307
306 308
307 305
307 306
307 308
307 309
308 306
308 307
308 309
308 310
309 307
309 308
309 310
309 311
310 308
310 309
310 311
310 312
311 309
311 310
311 312
311 313
312 310
312 311
312 313
312 314
313 311
313 312
313 314
313 315
313 316
314 312
314 313
314 315
314 316
315 313
315 314
315 316
315 317
316 313
316 314
316 315
316 317
316 318
317 315
317 316
317 318
317 319
318 316
318 317
318 319
318 320
319 317
319 318
319 320
319 321
320 318
320 319
320 321
320 322
321 319
321 320
321 322
321 323
322 320
322 321
322 323
322 324
323 321
323 322
323 324
323 325
324 322
324 323
324 325
324 326
325 323
325 324
325 326
325 327
326 324
326 325
326 327
326 328
327 325
327 326
327 328
327 329
328 326
328 327
328 329
328 330
329 327
329 328
329 330
329 331
330 328
330 329
330 331
330 332
331 329
331 330
331 332
331 333
332 330
332 331
332 333
332 334
333 331
333 332
333 334
333 335
334 332
334 333
334 335
334 336
335 333
335 334
335 336
335 337
336 334
336 335
336 337
336 338
337 335
337 336
337 338
337 339
338 336
338 337
338 339
338 340
339 337
339 338
339 340
339 341
340 338
340 339
340 341
340 342
341 339
341 340
341 342
341 343
342 340
342 341
342 343
342 344
343 341
343 342
343 344
343 345
344 342
344 343
344 345
344 346
345 343
345 344
345 346
345 347
346 344
346 345
346 347
346 348
346 349
347 345
347 346
347 348
347 349
348 346
348 347
348 349
348 350
348 351
349 346
349 347
349 348
349 350
349 351
350 348
350 349
350 351
350 352
350 384
350 385
351 348
351 349
351 350
351 352
351 353
351 354
351 383
351 384
351 385
352 350
352 351
352 353
352 354
352 383
352 384
352 385
352 386
352 387
353 351
353 352
353 354
353 355
353 382
353 383
353 384
353 385
353 386
353 394
353 419
353 451
353 452
353 453
354 351
354 352
354 353
354 355
354 356
354 382
354 383
354 384
354 419
354 450
354 451
354 452
355 353
355 354
355 356
355 357
355 380
355 381
355 382
355 383
355 448
355 449
355 450
355 451
356 354
356 355
356 357
356 358
356 380
356 381
356 382
356 383
357 355
357 356
357 358
357 359
357 378
357 379
357 380
357 381
358 356
358 357
358 359
358 360
358 378
358 379
358 380
358 381
359 357
359 358
359 360
359 361
359 376
359 377
359 378
359 379
359 380
360 358
360 359
360 361
360 362
360 376
360 377
360 378
360 379
361 359
361 360
361 362
361 363
361 364
361 365
361 375
361 376
361 377
362 360
362 361
362 363
362 364
362 365
362 366
362 367
362 368
362 371
362 375
362 376
363 361
363 362
363 364
363 365
363 366
363 367
363 368
363 375
364 361
364 362
364 363
364 365
364 366
364 367
365 361
365 362
365 363
365 364
365 366
365 367
365 368
366 362
366 363
366 364
366 365
366 367
366 368
366 369
367 362
367 363
367 364
367 365
367 366
367 368
367 369
367 370
367 371
368 362
368 363
368 365
368 366
368 367
368 369
368 370
368 371
368 372
368 375
369 366
369 367
369 368
369 370
369 371
369 372
370 367
370 368
370 369
370 371
370 372
370 431
370 432
370 433
371 362
371 367
371 368
371 369
371 370
371 372
371 373
371 374
371 375
371 429
371 430
371 431
371 432
372 368
372 369
372 370
372 371
372 373
372 374
372 375
372 429
372 430
372 431
372 432
373 371
373 372
373 374
373 375
373 376
373 429
373 430
373 431
374 371
374 372
374 373
374 375
374 376
374 377
374 428
374 429
374 430
375 361
375 362
375 363
375 368
375 371
375 372
375 373
375 374
375 376
375 377
376 359
376 360
376 361
376 362
376 373
376 374
376 375
376 377
376 378
377 359
377 360
377 361
377 374
377 375
377 376
377 378
377 379
378 357
378 358
378 359
378 360
378 376
378 377
378 379
378 380
378 447
379 357
379 358
379 359
379 360
379 377
379 378
379 380
379 381
379 446
379 447
379 448
380 355
380 356
380 357
380 358
380 359
380 378
380 379
380 381
380 382
380 447
380 448
380 449
381 355
381 356
381 357
381 358
381 379
381 380
381 382
381 383
381 421
381 448
382 353
382 354
382 355
382 356
382 380
382 381
382 383
382 384
382 419
382 420
382 421
382 448
382 451
383 351
383 352
383 353
383 354
383 355
383 356
383 381
383 382
383 384
383 385
383 419
383 420
384 350
384 351
384 352
384 353
384 354
384 382
384 383
384 385
384 386
384 419
385 350
385 351
385 352
385 353
385 383
385 384
385 386
385 387
385 417
385 418
385 419
386 352
386 353
386 384
386 385
386 387
386 388
386 390
386 404
386 416
386 417
386 418
386 419
386 453
387 352
387 385
387 386
387 388
387 389
387 390
387 404
387 408
387 416
388 386
388 387
388 389
388 390
388 401
388 404
388 405
388 408
389 387
389 388
389 390
389 391
389 401
389 404
389 405
390 386
390 387
390 388
390 389
390 391
390 392
390 394
390 396
390 401
390 404
390 453
391 389
391 390
391 392
391 393
391 394
391 395
391 396
392 390
392 391
392 393
392 394
392 395
392 396
393 391
393 392
393 394
393 395
393 396
393 452
394 353
394 390
394 391
394 392
394 393
394 395
394 396
394 451
394 452
394 453
395 391
395 392
395 393
395 394
395 396
395 397
395 452
395 453
396 390
396 391
396 392
396 393
396 394
396 395
396 397
396 398
396 399
396 400
396 401
396 452
396 453
396 454
397 395
397 396
397 398
397 399
397 400
397 401
397 453
397 454
398 396
398 397
398 399
398 400
398 401
398 402
399 396
399 397
399 398
399 400
399 401
399 402
399 403
399 454
400 396
400 397
400 398
400 399
400 401
400 402
400 403
400 404
400 417
400 453
400 454
401 388
401 389
401 390
401 396
401 397
401 398
401 399
401 400
401 402
401 403
401 404
401 405
402 398
402 399
402 400
402 401
402 403
402 404
402 405
402 406
403 399
403 400
403 401
403 402
403 404
403 405
403 406
403 407
403 414
403 415
403 416
403 417
404 386
404 387
404 388
404 389
404 390
404 400
404 401
404 402
404 403
404 405
404 406
404 407
404 408
404 416
404 417
405 388
405 389
405 401
405 402
405 403
405 404
405 406
405 407
405 408
405 409
406 402
406 403
406 404
406 405
406 407
406 408
406 409
406 410
406 411
406 414
407 403
407 404
407 405
407 406
407 408
407 409
407 410
407 411
407 412
407 413
407 414
407 415
407 416
408 387
408 388
408 404
408 405
408 406
408 407
408 409
408 410
408 411
409 405
409 406
409 407
409 408
409 410
409 411
410 406
410 407
410 408
410 409
410 411
410 412
410 413
410 414
411 406
411 407
411 408
411 409
411 410
411 412
411 413
411 414
411 415
411 416
412 407
412 410
412 411
412 413
412 414
412 415
413 407
413 410
413 411
413 412
413 414
413 415
414 403
414 406
414 407
414 410
414 411
414 412
414 413
414 415
414 416
415 403
415 407
415 411
415 412
415 413
415 414
415 416
415 417
416 386
416 387
416 403
416 404
416 407
416 411
416 414
416 415
416 417
416 418
417 385
417 386
417 400
417 403
417 404
417 415
417 416
417 418
417 419
417 453
417 454
418 385
418 386
418 416
418 417
418 419
418 420
418 453
418 454
419 353
419 354
419 382
419 383
419 384
419 385
419 386
419 417
419 418
419 420
419 421
419 451
419 452
419 453
419 454
420 382
420 383
420 418
420 419
420 421
420 422
420 451
420 452
420 453
420 454
421 381
421 382
421 419
421 420
421 422
421 423
421 424
421 448
421 449
421 450
421 451
421 452
422 420
422 421
422 423
422 424
422 448
422 449
422 450
422 451
422 452
423 421
423 422
423 424
423 425
423 448
423 449
423 450
423 451
424 421
424 422
424 423
424 425
424 426
424 444
424 445
424 446
424 447
424 448
424 449
424 450
425 423
425 424
425 426
425 427
425 444
425 445
425 446
425 447
425 448
425 449
426 108
426 424
426 425
426 427
426 428
426 442
426 443
426 444
426 445
426 446
426 447
427 105
427 108
427 425
427 426
427 428
427 429
427 442
427 443
427 444
427 446
427 447
428 101
428 104
428 105
428 108
428 374
428 426
428 427
428 429
428 430
428 440
428 441
428 442
428 443
429 101
429 371
429 372
429 373
429 374
429 427
429 428
429 430
429 431
429 440
429 441
429 442
429 443
430 101
430 371
430 372
430 373
430 374
430 428
430 429
430 431
430 432
430 438
430 439
430 440
430 441
431 370
431 371
431 372
431 373
431 429
431 430
431 432
431 433
431 438
431 439
431 440
432 91
432 370
432 371
432 372
432 430
432 431
432 433
432 434
432 435
432 436
432 437
432 438
432 439
433 153
433 295
433 370
433 431
433 432
433 434
433 435
433 436
433 437
433 438
433 439
434 153
434 295
434 298
434 432
434 433
434 435
434 436
434 437
435 152
435 153
435 432
435 433
435 434
435 436
435 437
436 91
436 432
436 433
436 434
436 435
436 437
436 438
437 127
437 128
437 129
437 130
437 432
437 433
437 434
437 435
437 436
437 438
437 439
438 93
438 97
438 127
438 128
438 129
438 430
438 431
438 432
438 433
438 436
438 437
438 439
438 440
439 97
439 125
439 126
439 127
439 128
439 430
439 431
439 432
439 433
439 437
439 438
439 440
439 441
440 97
440 100
440 101
440 125
440 126
440 127
440 428
440 429
440 430
440 431
440 438
440 439
440 441
440 442
441 124
441 125
441 126
441 428
441 429
441 430
441 439
441 440
441 442
441 443
442 124
442 125
442 426
442 427
442 428
442 429
442 440
442 441
442 443
442 444
443 288
443 426
443 427
443 428
443 429
443 441
443 442
443 444
443 445
443 446
444 285
444 424
444 425
444 426
444 427
444 442
444 443
444 445
444 446
445 424
445 425
445 426
445 443
445 444
445 446
445 447
445 448
446 379
446 424
446 425
446 426
446 427
446 443
446 444
446 445
446 447
446 448
447 378
447 379
447 380
447 424
447 425
447 426
447 427
447 445
447 446
447 448
447 449
448 355
448 379
448 380
448 381
448 382
448 421
448 422
448 423
448 424
448 425
448 445
448 446
448 447
448 449
448 450
448 451
449 355
449 380
449 421
449 422
449 423
449 424
449 425
449 447
449 448
449 450
449 451
450 354
450 355
450 421
450 422
450 423
450 424
450 448
450 449
450 451
450 452
451 353
451 354
451 355
451 382
451 394
451 419
451 420
451 421
451 422
451 423
451 448
451 449
451 450
451 452
451 453
452 353
452 354
452 393
452 394
452 395
452 396
452 419
452 420
452 421
452 422
452 450
452 451
452 453
452 454
453 353
453 386
453 390
453 394
453 395
453 396
453 397
453 400
453 417
453 418
453 419
453 420
453 451
453 452
453 454
454 396
454 397
454 399
454 400
454 417
454 418
454 419
454 420
454 452
454 453
