0 1
0 2
0 43
1 0
1 2
1 3
1 5
1 39
2 0
2 1
2 3
2 4
2 5
2 6
3 1
3 2
3 4
3 5
3 6
3 7
3 35
3 36
3 39
4 2
4 3
4 5
4 6
4 7
5 1
5 2
5 3
5 4
5 6
5 7
5 8
6 2
6 3
6 4
6 5
6 7
6 8
6 9
6 10
7 3
7 4
7 5
7 6
7 8
7 9
7 10
7 11
8 5
8 6
8 7
8 9
8 10
8 11
9 6
9 7
9 8
9 10
9 11
9 129
9 130
9 133
10 6
10 7
10 8
10 9
10 11
10 12
10 28
10 129
10 133
11 7
11 8
11 9
11 10
11 12
11 13
12 10
12 11
12 13
12 14
12 16
13 11
13 12
13 14
13 15
13 16
13 17
14 12
14 13
14 15
14 16
14 17
15 13
15 14
15 16
15 17
15 18
15 149
16 12
16 13
16 14
16 15
16 17
16 18
16 19
16 20
16 149
17 13
17 14
17 15
17 16
17 18
17 19
17 20
18 15
18 16
18 17
18 19
18 20
18 21
18 369
18 372
19 16
19 17
19 18
19 20
19 21
19 365
19 368
19 369
19 372
20 16
20 17
20 18
20 19
20 21
20 22
20 23
20 24
20 25
20 368
20 369
20 372
21 18
21 19
21 20
21 22
21 23
21 24
21 25
21 368
21 369
21 371
21 372
22 20
22 21
22 23
22 24
22 25
22 26
22 372
23 20
23 21
23 22
23 24
23 25
23 26
23 27
23 325
23 329
24 20
24 21
24 22
24 23
24 25
24 26
24 27
24 28
24 132
25 20
25 21
25 22
25 23
25 24
25 26
25 27
25 28
25 29
26 22
26 23
26 24
26 25
26 27
26 28
26 29
26 30
27 23
27 24
27 25
27 26
27 28
27 29
27 30
27 31
27 322
27 325
28 10
28 24
28 25
28 26
28 27
28 29
28 30
28 31
28 32
28 129
29 25
29 26
29 27
29 28
29 30
29 31
29 32
29 33
30 26
30 27
30 28
30 29
30 31
30 32
30 33
30 34
30 318
30 322
31 27
31 28
31 29
31 30
31 32
31 33
31 34
31 35
31 125
31 128
31 129
32 28
32 29
32 30
32 31
32 33
32 34
32 35
32 36
33 29
33 30
33 31
33 32
33 34
33 35
33 36
33 37
33 318
34 30
34 31
34 32
34 33
34 35
34 36
34 37
34 38
34 121
34 122
34 125
34 315
34 318
35 3
35 31
35 32
35 33
35 34
35 36
35 37
35 38
35 39
35 121
35 122
35 125
35 126
36 3
36 32
36 33
36 34
36 35
36 37
36 38
36 39
36 40
37 33
37 34
37 35
37 36
37 38
37 39
37 40
37 41
37 118
37 121
37 311
37 315
38 34
38 35
38 36
38 37
38 39
38 40
38 41
38 42
38 118
38 119
38 120
38 121
38 122
39 1
39 3
39 35
39 36
39 37
39 38
39 40
39 41
39 42
39 43
39 118
39 122
40 36
40 37
40 38
40 39
40 41
40 42
40 43
40 44
40 118
41 37
41 38
41 39
41 40
41 42
41 43
41 44
41 45
41 118
41 308
41 311
42 38
42 39
42 40
42 41
42 43
42 44
42 45
42 46
42 118
42 119
43 0
43 39
43 40
43 41
43 42
43 44
43 45
43 46
43 47
44 40
44 41
44 42
44 43
44 45
44 46
44 47
44 48
45 41
45 42
45 43
45 44
45 46
45 47
45 48
45 50
45 115
45 118
46 42
46 43
46 44
46 45
46 47
46 48
47 43
47 44
47 45
47 46
47 48
47 49
48 44
48 45
48 46
48 47
48 49
48 50
49 47
49 48
49 50
49 51
49 52
49 303
50 45
50 48
50 49
50 51
50 52
50 106
50 302
50 303
50 304
51 49
51 50
51 52
51 53
51 102
51 103
51 106
51 300
51 301
51 302
51 303
52 49
52 50
52 51
52 53
52 54
52 102
52 300
52 301
52 302
52 303
53 51
53 52
53 54
53 55
53 98
53 101
53 102
53 105
53 298
53 299
53 300
53 301
54 52
54 53
54 55
54 56
54 98
54 298
54 299
54 300
55 53
55 54
55 56
55 57
55 91
55 295
55 296
55 297
55 298
55 299
56 54
56 55
56 57
56 58
56 295
56 297
56 298
56 299
57 55
57 56
57 58
57 59
57 295
58 56
58 57
58 59
58 60
59 57
59 58
59 60
59 61
60 58
60 59
60 61
60 62
60 63
61 59
61 60
61 62
61 63
62 60
62 61
62 63
62 64
63 60
63 61
63 62
63 64
63 65
63 66
64 62
64 63
64 65
64 66
65 63
65 64
65 66
65 67
65 69
66 63
66 64
66 65
66 67
66 68
66 69
66 284
67 65
67 66
67 68
67 69
67 70
67 284
67 299
68 66
68 67
68 69
68 70
68 71
68 72
68 282
68 283
68 284
68 299
69 65
69 66
69 67
69 68
69 70
69 71
69 72
70 67
70 68
70 69
70 71
70 72
70 73
70 74
71 68
71 69
71 70
71 72
71 73
72 68
72 69
72 70
72 71
72 73
72 74
73 70
73 71
73 72
73 74
73 75
73 76
74 70
74 72
74 73
74 75
74 76
75 73
75 74
75 76
75 77
76 73
76 74
76 75
76 77
76 78
77 75
77 76
77 78
77 79
78 76
78 77
78 79
78 80
79 77
79 78
79 80
79 81
80 78
80 79
80 81
80 82
81 79
81 80
81 82
81 83
82 80
82 81
82 83
82 84
83 81
83 82
83 84
83 85
84 82
84 83
84 85
84 86
85 83
85 84
85 86
85 87
86 84
86 85
86 87
86 88
87 85
87 86
87 88
87 89
88 86
88 87
88 89
88 90
89 87
89 88
89 90
89 91
90 88
90 89
90 91
90 92
91 55
91 89
91 90
91 92
91 93
92 90
92 91
92 93
92 94
93 91
93 92
93 94
93 95
93 97
93 98
93 293
94 92
94 93
94 95
94 96
94 97
94 98
95 93
95 94
95 96
95 97
95 98
95 99
96 94
96 95
96 97
96 98
96 99
96 100
97 93
97 94
97 95
97 96
97 98
97 99
97 100
97 101
97 293
98 53
98 54
98 93
98 94
98 95
98 96
98 97
98 99
98 100
98 101
98 102
99 95
99 96
99 97
99 98
99 100
99 101
99 102
99 103
100 96
100 97
100 98
100 99
100 101
100 102
100 103
100 104
101 53
101 97
101 98
101 99
101 100
101 102
101 103
101 104
101 105
102 51
102 52
102 53
102 98
102 99
102 100
102 101
102 103
102 104
102 105
102 106
102 300
103 51
103 99
103 100
103 101
103 102
103 104
103 105
103 106
103 107
104 100
104 101
104 102
104 103
104 105
104 106
104 107
104 108
105 53
105 101
105 102
105 103
105 104
105 106
105 107
105 108
105 109
105 110
105 285
105 287
105 300
106 50
106 51
106 102
106 103
106 104
106 105
106 107
106 108
106 109
106 110
107 103
107 104
107 105
107 106
107 108
107 109
107 110
108 104
108 105
108 106
108 107
108 109
108 110
108 285
109 105
109 106
109 107
109 108
109 110
109 111
109 283
109 284
109 285
109 286
110 105
110 106
110 107
110 108
110 109
110 111
110 112
110 114
110 115
110 283
111 109
111 110
111 112
111 113
111 114
111 115
111 278
111 279
112 110
112 111
112 113
112 114
112 115
112 116
113 111
113 112
113 114
113 115
113 116
113 117
113 275
113 276
113 278
113 279
114 110
114 111
114 112
114 113
114 115
114 116
114 117
114 278
114 279
114 305
114 308
115 45
115 110
115 111
115 112
115 113
115 114
115 116
115 117
116 112
116 113
116 114
116 115
116 117
116 118
116 119
116 120
117 113
117 114
117 115
117 116
117 118
117 119
117 120
117 121
117 312
118 37
118 38
118 39
118 40
118 41
118 42
118 45
118 116
118 117
118 119
118 120
118 121
118 122
119 38
119 42
119 116
119 117
119 118
119 120
119 121
119 122
119 123
120 38
120 116
120 117
120 118
120 119
120 121
120 122
120 123
120 124
121 34
121 35
121 37
121 38
121 117
121 118
121 119
121 120
121 122
121 123
121 124
121 125
121 315
122 34
122 35
122 38
122 39
122 118
122 119
122 120
122 121
122 123
122 124
122 125
122 126
123 119
123 120
123 121
123 122
123 124
123 125
123 126
123 127
124 120
124 121
124 122
124 123
124 125
124 126
124 127
124 128
125 31
125 34
125 35
125 121
125 122
125 123
125 124
125 126
125 127
125 128
125 129
126 35
126 122
126 123
126 124
126 125
126 127
126 128
126 129
126 130
127 123
127 124
127 125
127 126
127 128
127 129
127 130
127 131
128 31
128 124
128 125
128 126
128 127
128 129
128 130
128 131
128 132
128 261
129 9
129 10
129 28
129 31
129 125
129 126
129 127
129 128
129 130
129 131
129 132
129 133
130 9
130 126
130 127
130 128
130 129
130 131
130 132
130 133
130 134
131 127
131 128
131 129
131 130
131 132
131 133
131 134
131 135
131 257
131 260
131 261
132 24
132 128
132 129
132 130
132 131
132 133
132 134
132 135
132 257
133 9
133 10
133 129
133 130
133 131
133 132
133 134
133 135
133 136
133 137
134 130
134 131
134 132
134 133
134 135
134 136
134 137
134 138
135 131
135 132
135 133
135 134
135 136
135 137
135 138
135 141
135 142
135 250
135 253
135 254
136 133
136 134
136 135
136 137
136 138
136 141
136 142
136 145
137 133
137 134
137 135
137 136
137 138
137 139
137 141
137 142
138 134
138 135
138 136
138 137
138 139
138 140
138 141
138 142
139 137
139 138
139 140
139 141
139 142
139 143
140 138
140 139
140 141
140 142
140 143
140 144
140 249
141 135
141 136
141 137
141 138
141 139
141 140
141 142
141 143
141 144
141 145
141 249
141 250
142 135
142 136
142 137
142 138
142 139
142 140
142 141
142 143
142 144
142 145
142 146
143 139
143 140
143 141
143 142
143 144
143 145
143 146
143 147
144 140
144 141
144 142
144 143
144 145
144 146
144 147
144 148
144 244
145 136
145 141
145 142
145 143
145 144
145 146
145 147
145 148
145 149
146 142
146 143
146 144
146 145
146 147
146 148
146 149
146 150
147 143
147 144
147 145
147 146
147 148
147 149
147 150
147 151
148 144
148 145
148 146
148 147
148 149
148 150
148 151
148 152
148 240
149 15
149 16
149 145
149 146
149 147
149 148
149 150
149 151
149 152
149 153
150 146
150 147
150 148
150 149
150 151
150 152
150 153
150 154
151 147
151 148
151 149
151 150
151 152
151 153
151 154
151 155
151 233
151 236
151 237
152 148
152 149
152 150
152 151
152 153
152 154
152 155
152 156
152 376
152 380
153 149
153 150
153 151
153 152
153 154
153 155
153 156
153 157
154 150
154 151
154 152
154 153
154 155
154 156
154 157
154 158
154 233
155 151
155 152
155 153
155 154
155 156
155 157
155 158
155 161
155 233
155 379
155 380
155 383
156 152
156 153
156 154
156 155
156 157
156 158
156 161
156 376
156 379
156 380
157 153
157 154
157 155
157 156
157 158
157 159
158 154
158 155
158 156
158 157
158 159
158 160
158 161
158 162
158 226
158 230
159 157
159 158
159 160
159 161
159 162
159 163
159 222
159 226
160 158
160 159
160 161
160 162
160 163
160 164
160 222
160 226
160 227
160 230
161 155
161 156
161 158
161 159
161 160
161 162
161 163
161 164
161 165
161 379
161 382
161 383
162 158
162 159
162 160
162 161
162 163
162 164
162 165
162 166
162 379
163 159
163 160
163 161
163 162
163 164
163 165
163 166
163 167
163 219
164 160
164 161
164 162
164 163
164 165
164 166
164 167
164 168
164 382
164 388
165 161
165 162
165 163
165 164
165 166
165 167
165 168
165 169
165 350
165 382
166 162
166 163
166 164
166 165
166 167
166 168
166 169
166 170
167 163
167 164
167 165
167 166
167 168
167 169
167 170
167 171
168 164
168 165
168 166
168 167
168 169
168 170
168 171
168 172
168 350
168 351
169 165
169 166
169 167
169 168
169 170
169 171
169 172
169 173
169 349
169 350
170 166
170 167
170 168
170 169
170 171
170 172
170 173
170 174
171 167
171 168
171 169
171 170
171 172
171 173
171 174
171 175
172 168
172 169
172 170
172 171
172 173
172 174
172 175
173 169
173 170
173 171
173 172
173 174
173 175
174 170
174 171
174 172
174 173
174 175
174 176
175 171
175 172
175 173
175 174
175 176
175 177
175 178
176 174
176 175
176 177
176 178
176 179
176 180
177 175
177 176
177 178
177 179
177 180
177 181
178 175
178 176
178 177
178 179
178 180
178 181
178 182
179 176
179 177
179 178
179 180
179 181
179 182
179 183
180 176
180 177
180 178
180 179
180 181
180 182
180 183
180 184
181 177
181 178
181 179
181 180
181 182
181 183
181 184
181 185
182 178
182 179
182 180
182 181
182 183
182 184
182 185
182 186
183 179
183 180
183 181
183 182
183 184
183 185
183 186
183 187
184 180
184 181
184 182
184 183
184 185
184 186
184 187
184 188
185 181
185 182
185 183
185 184
185 186
185 187
185 188
186 182
186 183
186 184
186 185
186 187
186 188
186 189
187 183
187 184
187 185
187 186
187 188
187 189
187 190
188 184
188 185
188 186
188 187
188 189
188 190
188 191
189 186
189 187
189 188
189 190
189 191
190 187
190 188
190 189
190 191
190 192
191 188
191 189
191 190
191 192
191 193
192 190
192 191
192 193
192 194
193 191
193 192
193 194
193 195
194 192
194 193
194 195
194 196
195 193
195 194
195 196
195 197
196 194
196 195
196 197
196 198
197 195
197 196
197 198
197 199
198 196
198 197
198 199
198 200
199 197
199 198
199 200
199 201
200 198
200 199
200 201
200 202
201 199
201 200
201 202
201 203
202 200
202 201
202 203
202 204
203 201
203 202
203 204
203 205
204 202
204 203
204 205
204 206
205 203
205 204
205 206
205 207
206 204
206 205
206 207
206 208
207 205
207 206
207 208
207 209
208 206
208 207
208 209
208 210
209 207
209 208
209 210
209 211
210 208
210 209
210 211
210 212
211 209
211 210
211 212
211 213
212 210
212 211
212 213
212 214
213 211
213 212
213 214
213 215
214 212
214 213
214 215
214 216
215 213
215 214
215 216
215 217
216 214
216 215
216 217
216 218
216 219
217 215
217 216
217 218
217 219
218 216
218 217
218 219
218 220
219 163
219 216
219 217
219 218
219 220
219 221
220 218
220 219
220 221
220 222
221 219
221 220
221 222
221 223
222 159
222 160
222 220
222 221
222 223
222 224
222 225
222 226
222 227
223 221
223 222
223 224
223 225
223 226
223 227
224 222
224 223
224 225
224 226
224 227
224 228
224 396
224 399
225 222
225 223
225 224
225 226
225 227
225 228
225 229
226 158
226 159
226 160
226 222
226 223
226 224
226 225
226 227
226 228
226 229
226 230
227 160
227 222
227 223
227 224
227 225
227 226
227 228
227 229
227 230
227 231
227 392
227 395
227 396
228 224
228 225
228 226
228 227
228 229
228 230
228 231
228 232
228 396
229 225
229 226
229 227
229 228
229 230
229 231
229 232
229 233
230 158
230 160
230 226
230 227
230 228
230 229
230 231
230 232
230 233
230 234
230 392
231 227
231 228
231 229
231 230
231 232
231 233
231 234
231 235
231 389
231 392
231 393
232 228
232 229
232 230
232 231
232 233
232 234
232 235
232 236
233 151
233 154
233 155
233 229
233 230
233 231
233 232
233 234
233 235
233 236
233 237
233 383
234 230
234 231
234 232
234 233
234 235
234 236
234 237
234 238
234 383
234 384
234 389
235 231
235 232
235 233
235 234
235 236
235 237
235 238
235 239
236 151
236 232
236 233
236 234
236 235
236 237
236 238
236 239
236 240
237 151
237 233
237 234
237 235
237 236
237 238
237 239
237 240
237 241
237 383
237 384
238 234
238 235
238 236
238 237
238 239
238 240
238 241
238 242
238 384
239 235
239 236
239 237
239 238
239 240
239 241
239 242
239 243
240 148
240 236
240 237
240 238
240 239
240 241
240 242
240 243
240 244
241 237
241 238
241 239
241 240
241 242
241 243
241 244
241 245
241 362
242 238
242 239
242 240
242 241
242 243
242 244
242 245
242 246
243 239
243 240
243 241
243 242
243 244
243 245
243 246
243 247
244 144
244 240
244 241
244 242
244 243
244 245
244 246
244 247
244 360
244 361
244 362
245 241
245 242
245 243
245 244
245 246
245 247
245 248
245 358
245 359
245 360
245 361
245 362
245 363
246 242
246 243
246 244
246 245
246 247
246 248
246 360
247 243
247 244
247 245
247 246
247 248
247 249
247 250
247 360
247 361
248 245
248 246
248 247
248 249
248 250
248 251
248 252
248 360
248 361
249 140
249 141
249 247
249 248
249 250
249 251
249 252
249 253
249 361
250 135
250 141
250 247
250 248
250 249
250 251
250 252
250 253
250 254
250 361
250 364
251 248
251 249
251 250
251 252
251 253
251 254
251 255
251 339
251 360
251 361
251 364
252 248
252 249
252 250
252 251
252 253
252 254
252 255
252 256
253 135
253 249
253 250
253 251
253 252
253 254
253 255
253 256
253 257
254 135
254 250
254 251
254 252
254 253
254 255
254 256
254 257
254 258
255 251
255 252
255 253
255 254
255 256
255 257
255 258
255 259
255 330
255 333
256 252
256 253
256 254
256 255
256 257
256 258
256 259
256 260
257 131
257 132
257 253
257 254
257 255
257 256
257 258
257 259
257 260
257 261
258 254
258 255
258 256
258 257
258 259
258 260
258 261
258 262
258 326
258 329
258 330
259 255
259 256
259 257
259 258
259 260
259 261
259 262
259 263
259 330
260 131
260 256
260 257
260 258
260 259
260 261
260 262
260 263
260 264
261 128
261 131
261 257
261 258
261 259
261 260
261 262
261 263
261 264
261 265
261 326
262 258
262 259
262 260
262 261
262 263
262 264
262 265
262 266
262 323
262 326
262 327
263 259
263 260
263 261
263 262
263 264
263 265
263 266
263 267
264 260
264 261
264 262
264 263
264 265
264 266
264 267
264 268
265 261
265 262
265 263
265 264
265 266
265 267
265 268
265 269
265 319
265 320
265 322
265 323
266 262
266 263
266 264
266 265
266 267
266 268
266 269
266 270
266 323
267 263
267 264
267 265
267 266
267 268
267 269
267 270
267 271
268 264
268 265
268 266
268 267
268 269
268 270
268 271
268 272
268 319
269 265
269 266
269 267
269 268
269 270
269 271
269 272
269 273
269 316
269 319
269 320
270 266
270 267
270 268
270 269
270 271
270 272
270 273
270 274
271 267
271 268
271 269
271 270
271 272
271 273
271 274
271 275
272 268
272 269
272 270
272 271
272 273
272 274
272 275
272 276
272 312
272 316
273 269
273 270
273 271
273 272
273 274
273 275
273 276
273 277
273 316
274 270
274 271
274 272
274 273
274 275
274 276
274 277
275 113
275 271
275 272
275 273
275 274
275 276
275 277
275 278
275 279
276 113
276 272
276 273
276 274
276 275
276 277
276 278
276 279
276 309
276 312
276 313
277 273
277 274
277 275
277 276
277 278
277 279
277 280
278 111
278 113
278 114
278 275
278 276
278 277
278 279
278 280
279 111
279 113
279 114
279 275
279 276
279 277
279 278
279 280
279 281
279 305
279 308
279 309
280 277
280 278
280 279
280 281
280 282
280 283
280 302
280 305
281 279
281 280
281 282
281 283
281 301
281 302
281 303
281 304
281 305
281 306
282 68
282 280
282 281
282 283
282 284
282 299
282 300
282 301
282 302
283 68
283 109
283 110
283 280
283 281
283 282
283 284
283 285
283 299
283 300
283 301
283 302
284 66
284 67
284 68
284 109
284 282
284 283
284 285
284 286
284 297
284 298
284 299
284 300
285 105
285 108
285 109
285 283
285 284
285 286
285 287
285 297
285 298
285 299
285 300
286 109
286 284
286 285
286 287
286 288
286 296
286 297
286 298
287 105
287 285
287 286
287 288
287 289
287 290
287 296
287 297
288 286
288 287
288 289
288 290
288 291
288 296
289 287
289 288
289 290
289 291
289 292
289 293
289 294
289 295
289 296
290 287
290 288
290 289
290 291
290 292
290 293
290 294
290 295
290 296
291 288
291 289
291 290
291 292
291 293
291 294
292 289
292 290
292 291
292 293
292 294
293 93
293 97
293 289
293 290
293 291
293 292
293 294
293 295
294 289
294 290
294 291
294 292
294 293
294 295
294 296
295 55
295 56
295 57
295 289
295 290
295 293
295 294
295 296
295 297
295 298
296 55
296 286
296 287
296 288
296 289
296 290
296 294
296 295
296 297
296 298
297 55
297 56
297 284
297 285
297 286
297 287
297 295
297 296
297 298
297 299
298 53
298 54
298 55
298 56
298 284
298 285
298 286
298 295
298 296
298 297
298 299
298 300
299 53
299 54
299 55
299 56
299 67
299 68
299 282
299 283
299 284
299 285
299 297
299 298
299 300
299 301
300 51
300 52
300 53
300 54
300 102
300 105
300 282
300 283
300 284
300 285
300 298
300 299
300 301
300 302
301 51
301 52
301 53
301 281
301 282
301 283
301 299
301 300
301 302
301 303
302 50
302 51
302 52
302 280
302 281
302 282
302 283
302 300
302 301
302 303
302 304
302 305
303 49
303 50
303 51
303 52
303 281
303 301
303 302
303 304
303 305
303 306
304 50
304 281
304 302
304 303
304 305
304 306
304 307
304 308
305 114
305 279
305 280
305 281
305 302
305 303
305 304
305 306
305 307
305 308
305 309
306 281
306 303
306 304
306 305
306 307
306 308
306 309
306 310
307 304
307 305
307 306
307 308
307 309
307 310
307 311
308 41
308 114
308 279
308 304
308 305
308 306
308 307
308 309
308 310
308 311
308 312
309 276
309 279
309 305
309 306
309 307
309 308
309 310
309 311
309 312
309 313
310 306
310 307
310 308
310 309
310 311
310 312
310 313
310 314
311 37
311 41
311 307
311 308
311 309
311 310
311 312
311 313
311 314
311 315
312 117
312 272
312 276
312 308
312 309
312 310
312 311
312 313
312 314
312 315
312 316
313 276
313 309
313 310
313 311
313 312
313 314
313 315
313 316
313 317
314 310
314 311
314 312
314 313
314 315
314 316
314 317
314 318
315 34
315 37
315 121
315 311
315 312
315 313
315 314
315 316
315 317
315 318
315 319
316 269
316 272
316 273
316 312
316 313
316 314
316 315
316 317
316 318
316 319
316 320
317 313
317 314
317 315
317 316
317 318
317 319
317 320
317 321
318 30
318 33
318 34
318 314
318 315
318 316
318 317
318 319
318 320
318 321
318 322
319 265
319 268
319 269
319 315
319 316
319 317
319 318
319 320
319 321
319 322
319 323
320 265
320 269
320 316
320 317
320 318
320 319
320 321
320 322
320 323
320 324
321 317
321 318
321 319
321 320
321 322
321 323
321 324
321 325
322 27
322 30
322 265
322 318
322 319
322 320
322 321
322 323
322 324
322 325
322 326
323 262
323 265
323 266
323 319
323 320
323 321
323 322
323 324
323 325
323 326
323 327
324 320
324 321
324 322
324 323
324 325
324 326
324 327
324 328
325 23
325 27
325 321
325 322
325 323
325 324
325 326
325 327
325 328
325 329
326 258
326 261
326 262
326 322
326 323
326 324
326 325
326 327
326 328
326 329
326 330
327 262
327 323
327 324
327 325
327 326
327 328
327 329
327 330
327 331
328 324
328 325
328 326
328 327
328 329
328 330
328 331
328 332
329 23
329 258
329 325
329 326
329 327
329 328
329 330
329 331
329 332
329 333
330 255
330 258
330 259
330 326
330 327
330 328
330 329
330 331
330 332
330 333
330 334
331 327
331 328
331 329
331 330
331 332
331 333
331 334
331 335
332 328
332 329
332 330
332 331
332 333
332 334
332 335
332 336
333 255
333 329
333 330
333 331
333 332
333 334
333 335
333 336
333 337
333 338
334 330
334 331
334 332
334 333
334 335
334 336
334 337
335 331
335 332
335 333
335 334
335 336
335 337
336 332
336 333
336 334
336 335
336 337
336 338
337 333
337 334
337 335
337 336
337 338
337 339
337 340
338 333
338 336
338 337
338 339
338 340
338 341
338 360
338 363
338 364
338 367
339 251
339 337
339 338
339 340
339 341
339 359
339 360
339 361
339 363
339 364
340 337
340 338
340 339
340 341
340 342
340 357
340 358
340 359
340 360
340 363
340 364
341 338
341 339
341 340
341 342
341 343
341 357
341 358
341 359
341 363
341 364
341 366
341 367
342 340
342 341
342 343
342 344
342 356
342 357
342 358
343 341
343 342
343 344
343 345
343 346
343 347
343 355
343 356
343 357
343 381
344 342
344 343
344 345
344 346
344 347
344 348
345 343
345 344
345 346
345 347
345 348
345 349
346 343
346 344
346 345
346 347
346 348
346 349
346 350
346 351
346 352
346 378
346 381
347 343
347 344
347 345
347 346
347 348
347 349
347 350
347 351
347 352
347 353
347 354
347 355
348 344
348 345
348 346
348 347
348 349
348 350
348 351
348 352
348 353
349 169
349 345
349 346
349 347
349 348
349 350
349 351
350 165
350 168
350 169
350 346
350 347
350 348
350 349
350 351
350 352
351 168
351 346
351 347
351 348
351 349
351 350
351 352
351 353
352 346
352 347
352 348
352 350
352 351
352 353
352 354
352 355
352 385
352 387
353 347
353 348
353 351
353 352
353 354
353 355
354 347
354 352
354 353
354 355
354 356
354 385
354 386
354 387
355 343
355 347
355 352
355 353
355 354
355 356
355 357
355 381
355 382
355 384
355 385
355 386
356 342
356 343
356 354
356 355
356 357
356 358
356 384
356 385
357 340
357 341
357 342
357 343
357 355
357 356
357 358
357 359
358 245
358 340
358 341
358 342
358 356
358 357
358 359
358 360
358 362
358 363
359 245
359 339
359 340
359 341
359 357
359 358
359 360
359 361
359 362
359 363
359 364
360 244
360 245
360 246
360 247
360 248
360 251
360 338
360 339
360 340
360 358
360 359
360 361
360 362
360 363
360 364
361 244
361 245
361 247
361 248
361 249
361 250
361 251
361 339
361 359
361 360
361 362
361 363
361 364
361 365
362 241
362 244
362 245
362 358
362 359
362 360
362 361
362 363
362 364
362 365
362 366
363 245
363 338
363 339
363 340
363 341
363 358
363 359
363 360
363 361
363 362
363 364
363 365
363 366
363 367
364 250
364 251
364 338
364 339
364 340
364 341
364 359
364 360
364 361
364 362
364 363
364 365
364 366
364 367
364 368
365 19
365 361
365 362
365 363
365 364
365 366
365 367
365 368
365 369
366 341
366 362
366 363
366 364
366 365
366 367
366 368
366 369
366 370
366 377
367 338
367 341
367 363
367 364
367 365
367 366
367 368
367 369
367 370
367 371
368 19
368 20
368 21
368 364
368 365
368 366
368 367
368 369
368 370
368 371
368 372
369 18
369 19
369 20
369 21
369 365
369 366
369 367
369 368
369 370
369 371
369 372
369 373
369 374
369 376
369 377
370 366
370 367
370 368
370 369
370 371
370 372
370 373
370 374
370 375
370 376
370 377
371 21
371 367
371 368
371 369
371 370
371 372
371 373
371 374
372 18
372 19
372 20
372 21
372 22
372 368
372 369
372 370
372 371
372 373
372 374
373 369
373 370
373 371
373 372
373 374
373 375
373 376
373 377
374 369
374 370
374 371
374 372
374 373
374 375
374 376
374 377
374 378
375 370
375 373
375 374
375 376
375 377
375 378
375 379
376 152
376 156
376 369
376 370
376 373
376 374
376 375
376 377
376 378
376 379
376 380
377 366
377 369
377 370
377 373
377 374
377 375
377 376
377 378
377 379
377 380
377 381
378 346
378 374
378 375
378 376
378 377
378 379
378 380
378 381
378 382
379 155
379 156
379 161
379 162
379 375
379 376
379 377
379 378
379 380
379 381
379 382
379 383
380 152
380 155
380 156
380 376
380 377
380 378
380 379
380 381
380 382
380 383
380 384
381 343
381 346
381 355
381 377
381 378
381 379
381 380
381 382
381 383
381 384
381 385
382 161
382 164
382 165
382 355
382 378
382 379
382 380
382 381
382 383
382 384
382 385
382 388
383 155
383 161
383 233
383 234
383 237
383 379
383 380
383 381
383 382
383 384
383 385
383 388
383 389
384 234
384 237
384 238
384 355
384 356
384 380
384 381
384 382
384 383
384 385
384 386
385 352
385 354
385 355
385 356
385 381
385 382
385 383
385 384
385 386
385 387
385 388
385 389
386 354
386 355
386 384
386 385
386 387
386 388
386 389
386 390
387 352
387 354
387 385
387 386
387 388
387 389
387 390
387 391
388 164
388 382
388 383
388 385
388 386
388 387
388 389
388 390
388 391
388 392
389 231
389 234
389 383
389 385
389 386
389 387
389 388
389 390
389 391
389 392
389 393
390 386
390 387
390 388
390 389
390 391
390 392
390 393
390 394
391 387
391 388
391 389
391 390
391 392
391 393
391 394
391 395
392 227
392 230
392 231
392 388
392 389
392 390
392 391
392 393
392 394
392 395
392 396
393 231
393 389
393 390
393 391
393 392
393 394
393 395
393 396
393 397
394 390
394 391
394 392
394 393
394 395
394 396
394 397
394 398
394 427
394 428
394 429
395 227
395 391
395 392
395 393
395 394
395 396
395 397
395 398
395 399
396 224
396 227
396 228
396 392
396 393
396 394
396 395
396 397
396 398
396 399
396 400
397 393
397 394
397 395
397 396
397 398
397 399
397 400
397 401
397 427
397 429
398 394
398 395
398 396
398 397
398 399
398 400
398 401
398 402
398 429
398 430
398 431
399 224
399 395
399 396
399 397
399 398
399 400
399 401
399 402
400 396
400 397
400 398
400 399
400 401
400 402
401 397
401 398
401 399
401 400
401 402
401 403
401 405
401 406
401 429
401 431
402 398
402 399
402 400
402 401
402 403
402 404
402 405
402 406
402 431
403 401
403 402
403 404
403 405
403 406
403 407
403 431
403 432
403 434
403 435
404 402
404 403
404 405
404 406
404 407
404 408
405 401
405 402
405 403
405 404
405 406
405 407
405 408
405 409
406 401
406 402
406 403
406 404
406 405
406 407
406 408
406 409
406 410
406 420
406 432
407 403
407 404
407 405
407 406
407 408
407 409
407 410
407 435
408 404
408 405
408 406
408 407
408 409
408 410
409 405
409 406
409 407
409 408
409 410
409 411
409 420
409 421
410 406
410 407
410 408
410 409
410 411
410 412
410 418
410 419
410 420
410 421
410 438
411 409
411 410
411 412
411 413
411 418
411 419
411 420
412 410
412 411
412 413
412 414
412 415
412 416
412 417
412 418
412 419
413 411
413 412
413 414
413 415
413 416
413 417
413 418
413 419
414 412
414 413
414 415
414 416
414 417
415 412
415 413
415 414
415 416
415 417
416 412
416 413
416 414
416 415
416 417
416 418
417 412
417 413
417 414
417 415
417 416
417 418
417 419
417 439
417 440
418 410
418 411
418 412
418 413
418 416
418 417
418 419
418 420
418 437
418 438
418 439
418 440
419 410
419 411
419 412
419 413
419 417
419 418
419 420
419 421
419 438
419 439
419 440
419 441
419 442
420 406
420 409
420 410
420 411
420 418
420 419
420 421
420 422
420 438
420 440
420 441
420 442
421 409
421 410
421 419
421 420
421 422
421 423
421 441
421 442
421 443
421 444
422 420
422 421
422 423
422 424
422 425
422 442
422 443
422 444
423 421
423 422
423 424
423 425
423 443
423 444
423 445
423 446
424 422
424 423
424 425
424 426
424 444
424 445
424 446
425 422
425 423
425 424
425 426
425 427
425 428
425 445
425 446
426 424
426 425
426 427
426 428
426 446
426 447
427 394
427 397
427 425
427 426
427 428
427 429
427 446
427 447
427 448
427 449
428 394
428 425
428 426
428 427
428 429
428 430
428 432
428 446
428 449
429 394
429 397
429 398
429 401
429 427
429 428
429 430
429 431
429 432
430 398
430 428
430 429
430 431
430 432
430 433
430 434
430 452
430 454
431 398
431 401
431 402
431 403
431 429
431 430
431 432
431 433
431 434
431 435
432 403
432 406
432 428
432 429
432 430
432 431
432 433
432 434
432 435
433 430
433 431
433 432
433 434
433 435
433 436
433 454
433 455
433 456
433 457
433 458
434 403
434 430
434 431
434 432
434 433
434 435
434 436
434 454
434 457
434 458
435 403
435 407
435 431
435 432
435 433
435 434
435 436
435 437
435 438
435 458
436 433
436 434
436 435
436 437
436 438
436 457
436 458
436 459
436 460
437 418
437 435
437 436
437 438
437 439
437 458
437 460
438 410
438 418
438 419
438 420
438 435
438 436
438 437
438 439
438 440
438 441
438 458
438 460
438 461
439 417
439 418
439 419
439 437
439 438
439 440
439 441
439 458
439 460
439 461
439 462
439 463
440 417
440 418
440 419
440 420
440 438
440 439
440 441
440 442
440 461
440 462
440 463
440 464
440 465
441 419
441 420
441 421
441 438
441 439
441 440
441 442
441 443
441 461
441 463
441 464
441 465
442 419
442 420
442 421
442 422
442 440
442 441
442 443
442 444
442 464
442 465
442 466
442 467
443 421
443 422
443 423
443 441
443 442
443 444
443 445
443 446
443 464
443 465
443 466
443 467
443 469
444 421
444 422
444 423
444 424
444 442
444 443
444 445
444 446
444 466
444 467
444 468
444 469
445 423
445 424
445 425
445 443
445 444
445 446
445 447
445 467
445 468
445 469
446 423
446 424
446 425
446 426
446 427
446 428
446 443
446 444
446 445
446 447
446 448
446 449
446 468
446 469
446 470
447 426
447 427
447 445
447 446
447 448
447 449
447 469
447 470
448 427
448 446
448 447
448 449
448 450
448 469
448 470
448 471
448 472
449 427
449 428
449 446
449 447
449 448
449 450
449 451
449 469
449 470
449 471
449 472
450 448
450 449
450 451
450 452
450 471
450 472
450 473
450 474
451 449
451 450
451 452
451 453
451 454
451 455
451 471
451 472
451 473
451 474
452 430
452 450
452 451
452 453
452 454
452 455
453 451
453 452
453 454
453 455
453 456
453 476
453 477
454 430
454 433
454 434
454 451
454 452
454 453
454 455
454 456
454 457
454 458
455 433
455 451
455 452
455 453
455 454
455 456
455 457
455 458
455 477
456 433
456 453
456 454
456 455
456 457
456 458
456 459
456 477
456 480
457 433
457 434
457 436
457 454
457 455
457 456
457 458
457 459
458 433
458 434
458 435
458 436
458 437
458 438
458 439
458 454
458 455
458 456
458 457
458 459
458 460
458 461
459 436
459 456
459 457
459 458
459 460
459 461
459 484
460 436
460 437
460 438
460 439
460 458
460 459
460 461
460 462
460 484
461 438
461 439
461 440
461 441
461 458
461 459
461 460
461 462
461 463
461 464
461 484
461 485
462 439
462 440
462 460
462 461
462 463
462 464
462 484
462 485
462 486
462 487
463 439
463 440
463 441
463 461
463 462
463 464
463 465
463 485
463 486
463 487
463 488
463 489
464 440
464 441
464 442
464 443
464 461
464 462
464 463
464 465
464 466
464 485
464 487
464 488
464 489
465 440
465 441
465 442
465 443
465 463
465 464
465 466
465 467
465 488
465 489
465 490
466 442
466 443
466 444
466 464
466 465
466 467
466 468
466 469
466 470
466 471
466 489
466 490
466 491
467 442
467 443
467 444
467 445
467 465
467 466
467 468
467 469
467 489
467 490
467 491
467 492
468 444
468 445
468 446
468 466
468 467
468 469
468 470
468 490
468 491
468 492
468 493
469 443
469 444
469 445
469 446
469 447
469 448
469 449
469 466
469 467
469 468
469 470
469 471
469 492
470 446
470 447
470 448
470 449
470 466
470 468
470 469
470 471
470 472
470 497
470 498
470 499
471 448
471 449
471 450
471 451
471 466
471 469
471 470
471 472
471 473
471 499
472 448
472 449
472 450
472 451
472 470
472 471
472 473
472 474
472 499
473 450
473 451
473 471
473 472
473 474
473 475
473 477
473 478
473 501
474 450
474 451
474 472
474 473
474 475
474 476
474 477
474 478
475 473
475 474
475 476
475 477
475 478
475 479
476 453
476 474
476 475
476 477
476 478
476 479
476 480
477 453
477 455
477 456
477 473
477 474
477 475
477 476
477 478
477 479
477 480
477 481
478 473
478 474
478 475
478 476
478 477
478 479
478 480
478 481
478 482
478 501
478 504
478 505
479 475
479 476
479 477
479 478
479 480
479 481
479 482
479 483
480 456
480 476
480 477
480 478
480 479
480 481
480 482
480 483
480 484
481 477
481 478
481 479
481 480
481 482
481 483
481 484
481 485
481 505
482 478
482 479
482 480
482 481
482 483
482 484
482 485
482 504
482 505
482 506
482 507
482 508
483 479
483 480
483 481
483 482
483 484
483 485
483 505
483 506
483 507
483 508
484 459
484 460
484 461
484 462
484 480
484 481
484 482
484 483
484 485
484 486
484 507
485 461
485 462
485 463
485 464
485 481
485 482
485 483
485 484
485 486
485 487
485 488
485 505
485 507
485 508
486 462
486 463
486 484
486 485
486 487
486 488
486 507
486 508
486 509
486 510
487 462
487 463
487 464
487 485
487 486
487 488
487 489
487 508
487 509
487 510
487 511
488 463
488 464
488 465
488 485
488 486
488 487
488 489
488 490
488 502
488 508
488 510
488 511
488 512
489 463
489 464
489 465
489 466
489 467
489 487
489 488
489 490
489 491
489 511
489 512
489 513
490 465
490 466
490 467
490 468
490 488
490 489
490 491
490 492
490 498
490 512
490 513
490 514
491 466
491 467
491 468
491 489
491 490
491 492
491 493
491 513
491 514
491 515
492 467
492 468
492 469
492 490
492 491
492 493
492 494
492 495
492 497
492 498
492 514
492 515
492 516
493 468
493 491
493 492
493 494
493 495
493 497
493 515
493 516
494 492
494 493
494 495
494 496
494 497
494 498
494 515
494 516
494 517
495 492
495 493
495 494
495 496
495 497
495 498
495 515
495 516
495 517
495 526
496 494
496 495
496 497
496 498
496 499
496 526
497 470
497 492
497 493
497 494
497 495
497 496
497 498
497 499
498 470
498 490
498 492
498 494
498 495
498 496
498 497
498 499
498 500
498 502
498 526
499 470
499 471
499 472
499 496
499 497
499 498
499 500
499 501
499 502
500 498
500 499
500 501
500 502
500 503
500 504
500 526
501 473
501 478
501 499
501 500
501 502
501 503
501 504
501 505
502 488
502 498
502 499
502 500
502 501
502 503
502 504
502 505
503 500
503 501
503 502
503 504
503 505
503 506
503 529
503 530
503 532
503 533
504 478
504 482
504 500
504 501
504 502
504 503
504 505
504 506
504 532
504 533
505 478
505 481
505 482
505 483
505 485
505 501
505 502
505 503
505 504
505 506
505 507
505 508
505 533
506 482
506 483
506 503
506 504
506 505
506 507
506 508
506 532
506 533
506 534
506 535
507 482
507 483
507 484
507 485
507 486
507 505
507 506
507 508
507 509
507 533
507 534
507 535
507 536
508 482
508 483
508 485
508 486
508 487
508 488
508 505
508 506
508 507
508 509
508 510
508 511
508 533
508 535
508 536
509 486
509 487
509 507
509 508
509 510
509 511
509 535
509 536
509 537
509 538
510 486
510 487
510 488
510 508
510 509
510 511
510 512
510 536
510 537
510 538
510 539
511 487
511 488
511 489
511 508
511 509
511 510
511 512
511 513
511 536
511 538
511 539
511 540
512 488
512 489
512 490
512 510
512 511
512 513
512 514
512 539
512 540
512 541
513 489
513 490
513 491
513 511
513 512
513 514
513 515
513 540
513 541
513 542
514 490
514 491
514 492
514 512
514 513
514 515
514 516
514 541
514 542
514 543
515 491
515 492
515 493
515 494
515 495
515 513
515 514
515 516
515 517
515 542
515 543
516 492
516 493
516 494
516 495
516 514
516 515
516 517
516 518
516 543
516 544
517 494
517 495
517 515
517 516
517 518
517 519
517 521
517 522
517 543
517 544
517 545
518 516
518 517
518 519
518 520
518 521
518 522
518 544
518 545
519 517
519 518
519 520
519 521
519 522
519 545
519 546
520 518
520 519
520 521
520 522
520 523
520 524
521 517
521 518
521 519
521 520
521 522
521 523
521 524
522 517
522 518
522 519
522 520
522 521
522 523
522 524
522 527
522 545
522 549
523 520
523 521
523 522
523 524
523 525
523 528
524 520
524 521
524 522
524 523
524 525
524 526
524 527
524 528
525 523
525 524
525 526
525 527
525 528
525 529
526 495
526 496
526 498
526 500
526 524
526 525
526 527
526 528
526 529
527 522
527 524
527 525
527 526
527 528
527 529
527 530
527 549
527 551
528 523
528 524
528 525
528 526
528 527
528 529
528 530
528 531
528 551
529 503
529 525
529 526
529 527
529 528
529 530
529 531
529 532
529 533
529 551
530 503
530 527
530 528
530 529
530 531
530 532
530 533
530 551
530 552
530 554
530 555
531 528
531 529
531 530
531 532
531 533
531 534
531 551
531 554
531 555
532 503
532 504
532 506
532 529
532 530
532 531
532 533
532 534
533 503
533 504
533 505
533 506
533 507
533 508
533 529
533 530
533 531
533 532
533 534
533 535
533 536
533 555
534 506
534 507
534 531
534 532
534 533
534 535
534 536
534 555
534 558
535 506
535 507
535 508
535 509
535 533
535 534
535 536
535 537
535 558
536 507
536 508
536 509
536 510
536 511
536 533
536 534
536 535
536 537
536 538
536 539
536 555
536 558
536 559
537 509
537 510
537 535
537 536
537 538
537 539
537 558
537 559
537 560
537 561
538 509
538 510
538 511
538 536
538 537
538 539
538 540
538 559
538 560
538 561
538 562
539 510
539 511
539 512
539 536
539 537
539 538
539 540
539 541
539 559
539 561
539 562
539 563
540 511
540 512
540 513
540 538
540 539
540 541
540 542
540 562
540 563
540 564
540 565
541 512
541 513
541 514
541 539
541 540
541 542
541 543
541 563
541 564
541 565
542 513
542 514
542 515
542 540
542 541
542 543
542 544
542 564
542 565
542 566
542 567
543 514
543 515
543 516
543 517
543 541
543 542
543 544
543 545
543 564
543 565
543 566
543 567
544 516
544 517
544 518
544 542
544 543
544 545
544 546
544 566
544 567
544 568
544 569
545 517
545 518
545 519
545 522
545 543
545 544
545 546
545 547
545 548
545 566
545 569
545 570
545 571
546 519
546 544
546 545
546 547
546 548
546 569
546 570
546 571
546 572
547 545
547 546
547 548
547 549
547 571
547 572
547 573
547 574
548 545
548 546
548 547
548 549
548 550
548 552
548 571
548 572
548 573
548 574
548 576
549 522
549 527
549 547
549 548
549 550
549 551
549 552
549 553
550 548
550 549
550 551
550 552
550 553
550 554
550 576
551 527
551 528
551 529
551 530
551 531
551 549
551 550
551 552
551 553
551 554
551 555
552 530
552 548
552 549
552 550
552 551
552 553
552 554
552 555
552 556
553 549
553 550
553 551
553 552
553 554
553 555
553 556
553 576
553 577
553 579
553 580
554 530
554 531
554 550
554 551
554 552
554 553
554 555
554 556
554 557
555 530
555 531
555 533
555 534
555 536
555 551
555 552
555 553
555 554
555 556
555 557
555 558
555 559
556 552
556 553
556 554
556 555
556 557
556 558
556 559
556 579
556 580
556 581
556 582
556 583
557 554
557 555
557 556
557 558
557 559
557 580
557 581
557 582
558 534
558 535
558 536
558 537
558 555
558 556
558 557
558 559
558 560
558 582
558 583
559 536
559 537
559 538
559 539
559 555
559 556
559 557
559 558
559 560
559 561
559 562
559 580
559 582
559 583
560 537
560 538
560 558
560 559
560 561
560 562
560 582
560 583
560 584
560 585
561 537
561 538
561 539
561 559
561 560
561 562
561 563
561 583
561 584
561 585
561 586
562 538
562 539
562 540
562 559
562 560
562 561
562 563
562 564
562 583
562 585
562 586
562 587
563 539
563 540
563 541
563 561
563 562
563 564
563 565
563 586
563 587
563 588
563 589
564 540
564 541
564 542
564 543
564 562
564 563
564 565
564 566
564 587
564 588
564 589
564 591
565 540
565 541
565 542
565 543
565 563
565 564
565 566
565 567
565 587
565 588
565 589
565 590
565 591
566 542
566 543
566 544
566 545
566 564
566 565
566 567
566 568
566 569
566 570
566 571
566 588
566 589
566 590
566 591
566 592
567 542
567 543
567 544
567 565
567 566
567 568
567 569
567 589
567 590
567 591
568 544
568 566
568 567
568 569
568 570
568 590
568 591
568 592
568 614
569 544
569 545
569 546
569 566
569 567
569 568
569 570
569 571
569 590
569 591
569 592
570 545
570 546
570 566
570 568
570 569
570 571
570 572
570 591
570 592
570 593
571 545
571 546
571 547
571 548
571 566
571 569
571 570
571 572
571 573
571 574
571 591
571 592
571 593
572 546
572 547
572 548
572 570
572 571
572 573
572 574
573 547
573 548
573 571
573 572
573 574
573 575
573 576
574 547
574 548
574 571
574 572
574 573
574 575
574 576
574 577
574 597
574 599
575 573
575 574
575 576
575 577
575 578
575 598
575 599
576 548
576 550
576 553
576 573
576 574
576 575
576 577
576 578
576 579
576 580
576 599
577 553
577 574
577 575
577 576
577 578
577 579
577 580
577 599
577 600
578 575
578 576
578 577
578 579
578 580
578 581
578 599
578 600
578 602
578 603
579 553
579 556
579 576
579 577
579 578
579 580
579 581
580 553
580 556
580 557
580 559
580 576
580 577
580 578
580 579
580 581
580 582
580 583
580 603
581 556
581 557
581 578
581 579
581 580
581 582
581 583
581 602
581 603
581 604
581 605
582 556
582 557
582 558
582 559
582 560
582 580
582 581
582 583
582 584
582 603
582 604
582 605
582 606
583 556
583 558
583 559
583 560
583 561
583 562
583 580
583 581
583 582
583 584
583 585
583 586
583 603
583 605
583 606
584 560
584 561
584 582
584 583
584 585
584 586
584 605
584 606
584 607
584 608
585 560
585 561
585 562
585 583
585 584
585 586
585 587
585 606
585 607
585 608
585 609
586 561
586 562
586 563
586 583
586 584
586 585
586 587
586 588
586 606
586 608
586 609
586 610
587 562
587 563
587 564
587 565
587 585
587 586
587 588
587 589
587 609
587 610
587 611
587 612
588 563
588 564
588 565
588 566
588 586
588 587
588 589
588 590
588 591
588 610
588 611
588 612
589 563
589 564
589 565
589 566
589 567
589 587
589 588
589 590
589 591
589 610
589 611
589 612
589 613
589 614
590 565
590 566
590 567
590 568
590 569
590 588
590 589
590 591
590 592
590 593
590 611
590 612
590 613
590 614
591 564
591 565
591 566
591 567
591 568
591 569
591 570
591 571
591 588
591 589
591 590
591 592
591 593
591 613
591 614
592 566
592 568
592 569
592 570
592 571
592 590
592 591
592 593
592 594
592 613
592 614
592 615
593 570
593 571
593 590
593 591
593 592
593 594
593 595
593 596
593 597
593 614
593 615
593 616
594 592
594 593
594 595
594 596
594 614
594 615
594 616
594 617
595 593
595 594
595 596
595 597
595 615
595 616
595 617
595 618
595 619
595 621
596 593
596 594
596 595
596 597
596 598
596 600
596 616
596 619
596 621
597 574
597 593
597 595
597 596
597 598
597 599
597 600
597 601
598 575
598 596
598 597
598 599
598 600
598 601
598 602
598 621
599 574
599 575
599 576
599 577
599 578
599 597
599 598
599 600
599 601
599 602
599 603
600 577
600 578
600 596
600 597
600 598
600 599
600 601
600 602
600 603
601 597
601 598
601 599
601 600
601 602
601 603
601 604
601 624
601 625
601 627
601 628
602 578
602 581
602 598
602 599
602 600
602 601
602 603
602 604
602 627
602 628
603 578
603 580
603 581
603 582
603 583
603 599
603 600
603 601
603 602
603 604
603 605
603 606
603 628
604 581
604 582
604 601
604 602
604 603
604 605
604 606
604 627
604 628
604 629
604 630
605 581
605 582
605 583
605 584
605 603
605 604
605 606
605 607
605 628
605 629
605 630
605 631
606 582
606 583
606 584
606 585
606 586
606 603
606 604
606 605
606 607
606 608
606 609
606 628
606 630
606 631
607 584
607 585
607 605
607 606
607 608
607 609
607 630
607 631
607 632
607 633
608 584
608 585
608 586
608 606
608 607
608 609
608 610
608 631
608 632
608 633
608 634
608 635
609 585
609 586
609 587
609 606
609 607
609 608
609 610
609 611
609 631
609 633
609 634
609 635
610 586
610 587
610 588
610 589
610 608
610 609
610 611
610 612
610 634
610 635
610 636
611 587
611 588
611 589
611 590
611 609
611 610
611 612
611 613
611 614
611 635
611 636
611 637
612 587
612 588
612 589
612 590
612 610
612 611
612 613
612 614
612 635
612 636
612 637
612 638
612 639
613 589
613 590
613 591
613 592
613 611
613 612
613 614
613 615
613 637
613 638
613 639
614 568
614 589
614 590
614 591
614 592
614 593
614 594
614 611
614 612
614 613
614 615
614 616
614 638
614 639
615 592
615 593
615 594
615 595
615 613
615 614
615 616
615 617
615 639
615 640
616 593
616 594
616 595
616 596
616 614
616 615
616 617
616 618
616 619
616 639
616 640
616 641
617 594
617 595
617 615
617 616
617 618
617 619
617 639
617 640
617 641
617 642
618 595
618 616
618 617
618 619
618 620
618 640
618 641
618 642
618 643
618 644
619 595
619 596
619 616
619 617
619 618
619 620
619 621
619 622
619 641
619 643
619 644
619 645
620 618
620 619
620 621
620 622
620 623
620 644
620 645
620 647
621 595
621 596
621 598
621 619
621 620
621 622
621 623
621 624
621 625
622 619
622 620
622 621
622 623
622 624
622 625
622 626
622 645
622 647
622 648
623 620
623 621
623 622
623 624
623 625
623 626
623 647
623 648
623 650
624 601
624 621
624 622
624 623
624 625
624 626
624 627
624 628
625 601
625 621
625 622
625 623
625 624
625 626
625 627
625 628
625 629
625 650
625 651
626 622
626 623
626 624
626 625
626 627
626 628
626 629
626 650
626 651
627 601
627 602
627 604
627 624
627 625
627 626
627 628
627 629
628 601
628 602
628 603
628 604
628 605
628 606
628 624
628 625
628 626
628 627
628 629
628 630
628 631
629 604
629 605
629 625
629 626
629 627
629 628
629 630
629 631
629 651
629 652
629 653
630 604
630 605
630 606
630 607
630 628
630 629
630 631
630 632
630 653
631 605
631 606
631 607
631 608
631 609
631 628
631 629
631 630
631 632
631 633
631 634
631 651
631 653
631 654
632 607
632 608
632 630
632 631
632 633
632 634
632 653
632 654
632 655
632 656
633 607
633 608
633 609
633 631
633 632
633 634
633 635
633 654
633 655
633 656
633 657
634 608
634 609
634 610
634 631
634 632
634 633
634 635
634 636
634 654
634 656
634 657
634 658
635 608
635 609
635 610
635 611
635 612
635 633
635 634
635 636
635 637
635 656
635 657
635 658
635 659
636 610
636 611
636 612
636 634
636 635
636 637
636 638
636 639
636 657
636 658
636 659
636 660
637 611
637 612
637 613
637 635
637 636
637 638
637 639
637 658
637 659
637 660
637 661
637 662
638 612
638 613
638 614
638 636
638 637
638 639
638 640
638 659
638 660
638 661
638 662
639 612
639 613
639 614
639 615
639 616
639 617
639 636
639 637
639 638
639 640
639 641
639 661
639 662
640 615
640 616
640 617
640 618
640 638
640 639
640 641
640 642
640 661
640 662
640 663
641 616
641 617
641 618
641 619
641 639
641 640
641 642
641 643
641 644
641 662
641 663
641 664
642 617
642 618
642 640
642 641
642 643
642 644
642 662
642 663
642 664
642 665
643 618
643 619
643 641
643 642
643 644
643 645
643 663
643 664
643 665
643 666
643 667
644 618
644 619
644 620
644 641
644 642
644 643
644 645
644 646
644 648
644 664
644 667
644 668
645 619
645 620
645 622
645 643
645 644
645 646
645 647
645 648
645 668
646 644
646 645
646 647
646 648
646 649
646 668
646 669
646 670
646 671
647 620
647 622
647 623
647 645
647 646
647 648
647 649
647 650
647 670
648 622
648 623
648 644
648 645
648 646
648 647
648 649
648 650
648 651
648 670
648 671
648 674
649 646
649 647
649 648
649 650
649 651
649 652
649 670
649 671
649 672
649 673
649 674
650 623
650 625
650 626
650 647
650 648
650 649
650 651
650 652
650 674
651 625
651 626
651 629
651 631
651 648
651 649
651 650
651 652
651 653
651 654
651 674
652 629
652 649
652 650
652 651
652 653
652 654
652 674
652 675
652 676
653 629
653 630
653 631
653 632
653 651
653 652
653 654
653 655
653 676
654 631
654 632
654 633
654 634
654 651
654 652
654 653
654 655
654 656
654 657
654 674
654 676
654 677
655 632
655 633
655 653
655 654
655 656
655 657
655 676
655 677
655 678
655 679
656 632
656 633
656 634
656 635
656 654
656 655
656 657
656 658
656 677
656 678
656 679
656 680
657 633
657 634
657 635
657 636
657 654
657 655
657 656
657 658
657 659
657 677
657 679
657 680
657 681
658 634
658 635
658 636
658 637
658 656
658 657
658 659
658 660
658 679
658 680
658 681
658 682
659 635
659 636
659 637
659 638
659 657
659 658
659 660
659 661
659 662
659 680
659 681
659 682
659 683
660 636
660 637
660 638
660 658
660 659
660 661
660 662
660 681
660 682
660 683
660 684
660 685
661 637
661 638
661 639
661 640
661 659
661 660
661 662
661 663
661 682
661 683
661 684
661 685
662 637
662 638
662 639
662 640
662 641
662 642
662 659
662 660
662 661
662 663
662 664
662 682
662 684
662 685
663 640
663 641
663 642
663 643
663 661
663 662
663 664
663 665
663 685
663 686
664 641
664 642
664 643
664 644
664 662
664 663
664 665
664 666
664 667
664 685
664 686
664 687
665 642
665 643
665 663
665 664
665 666
665 667
665 685
665 686
665 687
665 688
666 643
666 664
666 665
666 667
666 668
666 686
666 687
666 688
666 689
666 690
667 643
667 644
667 664
667 665
667 666
667 668
667 669
667 671
667 687
667 690
667 691
668 644
668 645
668 646
668 666
668 667
668 669
668 670
668 671
668 691
669 646
669 667
669 668
669 670
669 671
669 672
669 673
669 691
669 692
669 693
669 694
670 646
670 647
670 648
670 649
670 668
670 669
670 671
670 672
670 673
670 674
670 693
671 646
671 648
671 649
671 667
671 668
671 669
671 670
671 672
671 673
671 674
671 693
671 694
672 649
672 669
672 670
672 671
672 673
672 674
672 675
672 693
672 694
672 695
672 696
672 697
673 649
673 669
673 670
673 671
673 672
673 674
673 675
673 693
673 696
673 697
674 648
674 649
674 650
674 651
674 652
674 654
674 670
674 671
674 672
674 673
674 675
674 676
674 677
674 697
675 652
675 672
675 673
675 674
675 676
675 677
675 696
675 697
675 698
675 699
676 652
676 653
676 654
676 655
676 674
676 675
676 677
676 678
676 697
676 699
677 654
677 655
677 656
677 657
677 674
677 675
677 676
677 678
677 679
677 680
677 697
677 699
677 700
678 655
678 656
678 676
678 677
678 679
678 680
678 697
678 699
678 700
678 701
678 702
679 655
679 656
679 657
679 658
679 677
679 678
679 680
679 681
679 700
679 701
679 702
679 703
680 656
680 657
680 658
680 659
680 677
680 678
680 679
680 681
680 682
680 700
680 702
680 703
680 704
681 657
681 658
681 659
681 660
681 679
681 680
681 682
681 683
681 702
681 703
681 704
681 705
682 658
682 659
682 660
682 661
682 662
682 680
682 681
682 683
682 684
682 685
682 704
682 705
682 706
683 659
683 660
683 661
683 681
683 682
683 684
683 685
683 704
683 705
683 706
683 707
683 708
684 660
684 661
684 662
684 682
684 683
684 685
684 686
684 705
684 706
684 707
684 708
685 660
685 661
685 662
685 663
685 664
685 665
685 682
685 683
685 684
685 686
685 687
685 707
685 708
686 663
686 664
686 665
686 666
686 684
686 685
686 687
686 688
686 707
686 708
686 709
687 664
687 665
687 666
687 667
687 685
687 686
687 688
687 689
687 690
687 708
687 709
687 710
688 665
688 666
688 686
688 687
688 689
688 690
688 708
688 709
688 710
688 711
689 666
689 687
689 688
689 690
689 691
689 709
689 710
689 711
689 712
689 713
690 666
690 667
690 687
690 688
690 689
690 691
690 692
690 694
690 710
690 713
690 714
691 667
691 668
691 669
691 689
691 690
691 692
691 693
691 694
691 714
692 669
692 690
692 691
692 693
692 694
692 695
692 714
692 715
692 716
692 717
693 669
693 670
693 671
693 672
693 673
693 691
693 692
693 694
693 695
693 696
693 697
693 716
694 669
694 671
694 672
694 690
694 691
694 692
694 693
694 695
694 696
694 697
694 716
694 717
695 672
695 692
695 693
695 694
695 696
695 697
695 698
695 716
695 717
695 718
695 719
695 720
696 672
696 673
696 675
696 693
696 694
696 695
696 697
696 698
696 716
696 719
696 720
697 672
697 673
697 674
697 675
697 676
697 677
697 678
697 693
697 694
697 695
697 696
697 698
697 699
697 700
697 720
698 675
698 695
698 696
698 697
698 699
698 700
698 719
698 720
698 721
698 722
699 675
699 676
699 677
699 678
699 697
699 698
699 700
699 701
699 720
699 722
699 723
700 677
700 678
700 679
700 680
700 697
700 698
700 699
700 701
700 702
700 703
700 720
700 722
700 723
701 678
701 679
701 699
701 700
701 702
701 703
701 722
701 723
701 724
701 725
702 678
702 679
702 680
702 681
702 700
702 701
702 703
702 704
702 723
702 724
702 725
702 726
703 679
703 680
703 681
703 700
703 701
703 702
703 704
703 705
703 723
703 725
703 726
703 727
704 680
704 681
704 682
704 683
704 702
704 703
704 705
704 706
704 725
704 726
704 727
704 728
705 681
705 682
705 683
705 684
705 703
705 704
705 706
705 707
705 708
705 726
705 727
705 728
705 729
706 682
706 683
706 684
706 704
706 705
706 707
706 708
706 727
706 728
706 729
706 730
706 731
707 683
707 684
707 685
707 686
707 705
707 706
707 708
707 709
707 728
707 729
707 730
707 731
708 683
708 684
708 685
708 686
708 687
708 688
708 705
708 706
708 707
708 709
708 710
708 730
708 731
708 732
709 686
709 687
709 688
709 689
709 707
709 708
709 710
709 711
709 730
709 731
709 732
710 687
710 688
710 689
710 690
710 708
710 709
710 711
710 712
710 713
710 731
710 732
710 733
711 688
711 689
711 709
711 710
711 712
711 713
711 731
711 732
711 733
711 734
712 689
712 710
712 711
712 713
712 714
712 732
712 733
712 734
712 735
712 736
713 689
713 690
713 710
713 711
713 712
713 714
713 715
713 717
713 733
713 736
713 737
714 690
714 691
714 692
714 712
714 713
714 715
714 716
714 717
715 692
715 713
715 714
715 716
715 717
715 718
715 719
715 737
715 739
716 692
716 693
716 694
716 695
716 696
716 714
716 715
716 717
716 718
716 719
716 720
717 692
717 694
717 695
717 713
717 714
717 715
717 716
717 718
717 719
717 720
718 695
718 715
718 716
718 717
718 719
718 720
718 721
718 739
718 740
718 742
718 743
719 695
719 696
719 698
719 715
719 716
719 717
719 718
719 720
719 721
719 742
719 743
720 695
720 696
720 697
720 698
720 699
720 700
720 716
720 717
720 718
720 719
720 721
720 722
720 723
720 743
721 698
721 718
721 719
721 720
721 722
721 723
721 742
721 743
721 744
721 745
722 698
722 699
722 700
722 701
722 720
722 721
722 723
722 724
722 743
722 744
722 745
722 746
723 699
723 700
723 701
723 702
723 703
723 720
723 721
723 722
723 724
723 725
723 726
723 743
723 745
723 746
724 701
724 702
724 722
724 723
724 725
724 726
724 743
724 745
724 746
724 747
724 748
725 701
725 702
725 703
725 704
725 723
725 724
725 726
725 727
725 746
725 747
725 748
725 749
726 702
726 703
726 704
726 705
726 723
726 724
726 725
726 727
726 728
726 746
726 748
726 749
726 750
727 703
727 704
727 705
727 706
727 725
727 726
727 728
727 729
727 748
727 749
727 750
727 751
728 704
728 705
728 706
728 707
728 726
728 727
728 729
728 730
728 731
728 749
728 750
728 751
728 752
729 705
729 706
729 707
729 727
729 728
729 730
729 731
729 750
729 751
729 752
729 753
729 754
730 706
730 707
730 708
730 709
730 728
730 729
730 731
730 732
730 751
730 752
730 753
730 754
731 706
731 707
731 708
731 709
731 710
731 711
731 728
731 729
731 730
731 732
731 733
731 753
731 754
731 755
732 708
732 709
732 710
732 711
732 712
732 730
732 731
732 733
732 734
732 753
732 754
732 755
733 710
733 711
733 712
733 713
733 731
733 732
733 734
733 735
733 736
733 754
733 755
733 756
734 711
734 712
734 732
734 733
734 735
734 736
734 754
734 755
734 756
734 757
735 712
735 733
735 734
735 736
735 737
735 755
735 756
735 757
735 758
735 759
736 712
736 713
736 733
736 734
736 735
736 737
736 738
736 740
736 756
736 759
736 760
737 713
737 715
737 735
737 736
737 738
737 739
737 740
737 760
738 736
738 737
738 739
738 740
738 741
738 760
738 761
738 762
738 763
739 715
739 718
739 737
739 738
739 740
739 741
739 742
739 743
739 762
740 718
740 736
740 737
740 738
740 739
740 741
740 742
740 743
740 762
740 763
740 766
741 738
741 739
741 740
741 742
741 743
741 744
741 762
741 763
741 764
741 765
741 766
742 718
742 719
742 721
742 739
742 740
742 741
742 743
742 744
742 765
742 766
743 718
743 719
743 720
743 721
743 722
743 723
743 724
743 739
743 740
743 741
743 742
743 744
743 745
743 746
743 766
744 721
744 722
744 741
744 742
744 743
744 745
744 746
744 765
744 766
744 767
744 768
745 721
745 722
745 723
745 724
745 743
745 744
745 746
745 747
745 766
745 767
745 768
745 769
746 722
746 723
746 724
746 725
746 726
746 743
746 744
746 745
746 747
746 748
746 749
746 766
746 767
746 768
746 769
747 724
747 725
747 745
747 746
747 748
747 749
747 766
747 768
747 769
747 770
747 773
748 724
748 725
748 726
748 727
748 746
748 747
748 749
748 750
748 769
748 770
748 772
748 773
748 774
748 775
749 725
749 726
749 727
749 728
749 746
749 747
749 748
749 750
749 751
749 769
749 773
749 774
749 775
750 726
750 727
750 728
750 729
750 748
750 749
750 751
750 752
750 773
750 774
750 775
750 776
751 727
751 728
751 729
751 730
751 749
751 750
751 752
751 753
751 754
751 774
751 775
751 776
752 728
752 729
752 730
752 750
752 751
752 753
752 754
752 775
752 776
752 777
753 729
753 730
753 731
753 732
753 751
753 752
753 754
753 755
753 776
753 777
754 729
754 730
754 731
754 732
754 733
754 734
754 751
754 752
754 753
754 755
754 756
755 731
755 732
755 733
755 734
755 735
755 753
755 754
755 756
755 757
756 733
756 734
756 735
756 736
756 754
756 755
756 757
756 758
756 759
756 780
757 734
757 735
757 755
757 756
757 758
757 759
757 780
758 735
758 756
758 757
758 759
758 760
758 780
758 783
758 784
759 735
759 736
759 756
759 757
759 758
759 760
759 761
759 763
759 780
759 781
759 783
759 784
760 736
760 737
760 738
760 758
760 759
760 761
760 762
760 763
760 784
761 738
761 759
761 760
761 762
761 763
761 764
761 784
761 785
761 788
762 738
762 739
762 740
762 741
762 760
762 761
762 763
762 764
762 765
762 766
763 738
763 740
763 741
763 759
763 760
763 761
763 762
763 764
763 765
763 766
763 769
763 788
764 741
764 761
764 762
764 763
764 765
764 766
764 767
764 769
764 788
764 789
764 791
764 792
765 741
765 742
765 744
765 762
765 763
765 764
765 766
765 767
766 740
766 741
766 742
766 743
766 744
766 745
766 746
766 747
766 762
766 763
766 764
766 765
766 767
766 768
766 769
767 744
767 745
767 746
767 764
767 765
767 766
767 768
767 769
768 744
768 745
768 746
768 747
768 766
768 767
768 769
768 770
769 745
769 746
769 747
769 748
769 749
769 763
769 764
769 766
769 767
769 768
769 770
769 771
769 773
769 774
769 792
770 747
770 748
770 768
770 769
770 771
770 772
770 773
770 774
770 791
770 792
770 793
770 794
770 795
771 769
771 770
771 772
771 773
771 774
771 789
771 792
771 793
772 748
772 770
772 771
772 773
772 774
772 775
773 747
773 748
773 749
773 750
773 769
773 770
773 771
773 772
773 774
773 775
774 748
774 749
774 750
774 751
774 769
774 770
774 771
774 772
774 773
774 775
774 776
775 748
775 749
775 750
775 751
775 752
775 772
775 773
775 774
775 776
775 777
776 750
776 751
776 752
776 753
776 774
776 775
776 777
776 778
776 780
776 781
777 752
777 753
777 775
777 776
777 778
777 779
777 780
777 781
778 776
778 777
778 779
778 780
778 781
778 782
779 777
779 778
779 780
779 781
779 782
779 783
780 756
780 757
780 758
780 759
780 776
780 777
780 778
780 779
780 781
780 782
780 783
780 784
781 759
781 776
781 777
781 778
781 779
781 780
781 782
781 783
781 784
781 789
782 778
782 779
782 780
782 781
782 783
782 784
783 758
783 759
783 779
783 780
783 781
783 782
783 784
783 785
784 758
784 759
784 760
784 761
784 780
784 781
784 782
784 783
784 785
784 786
784 788
784 789
785 761
785 783
785 784
785 786
785 787
785 788
785 789
786 784
786 785
786 787
786 788
786 789
786 790
787 785
787 786
787 788
787 789
787 790
787 791
788 761
788 763
788 764
788 784
788 785
788 786
788 787
788 789
788 790
788 791
788 792
789 764
789 771
789 781
789 784
789 785
789 786
789 787
789 788
789 790
789 791
789 792
789 793
790 786
790 787
790 788
790 789
790 791
790 792
790 793
790 794
791 764
791 770
791 787
791 788
791 789
791 790
791 792
791 793
791 794
792 764
792 769
792 770
792 771
792 788
792 789
792 790
792 791
792 793
792 794
792 795
793 770
793 771
793 789
793 790
793 791
793 792
793 794
793 795
794 770
794 790
794 791
794 792
794 793
794 795
795 770
795 792
795 793
795 794
