0 1
0 2
1 0
1 2
1 3
2 0
2 1
2 3
2 4
3 1
3 2
3 4
3 5
4 2
4 3
4 5
4 6
5 3
5 4
5 6
5 7
5 88
5 91
5 92
6 4
6 5
6 7
6 8
6 67
6 68
7 5
7 6
7 8
7 9
7 65
7 66
7 67
7 68
8 6
8 7
8 9
8 10
8 47
8 65
8 66
8 67
9 7
9 8
9 10
9 11
9 63
9 64
9 65
9 66
10 8
10 9
10 11
10 12
10 58
10 63
10 64
10 65
11 9
11 10
11 12
11 13
11 15
11 58
11 62
11 63
11 64
12 10
12 11
12 13
12 14
12 15
12 58
12 61
12 62
12 63
13 11
13 12
13 14
13 15
14 12
14 13
14 15
14 16
14 61
15 11
15 12
15 13
15 14
15 16
15 17
15 61
15 62
15 63
16 14
16 15
16 17
16 18
16 33
16 34
16 61
17 15
17 16
17 18
17 19
17 33
18 16
18 17
18 19
18 20
18 33
19 17
19 18
19 20
19 21
20 18
20 19
20 21
20 22
21 19
21 20
21 22
21 23
22 20
22 21
22 23
22 24
23 21
23 22
23 24
23 25
24 22
24 23
24 25
24 26
25 23
25 24
25 26
25 27
26 24
26 25
26 27
26 28
27 25
27 26
27 28
27 29
28 26
28 27
28 29
28 30
28 31
29 27
29 28
29 30
29 31
29 32
30 28
30 29
30 31
30 32
31 28
31 29
31 30
31 32
31 33
32 29
32 30
32 31
32 33
32 34
32 274
32 275
33 16
33 17
33 18
33 31
33 32
33 34
33 35
33 104
33 105
33 274
34 16
34 32
34 33
34 35
34 36
34 61
34 62
34 63
34 104
34 105
34 274
35 33
35 34
35 36
35 37
35 62
35 63
35 104
35 105
35 106
35 107
35 270
35 274
36 34
36 35
36 37
36 38
36 62
36 63
36 64
36 65
36 101
36 104
36 105
36 106
36 107
37 35
37 36
37 38
37 39
37 57
37 62
37 63
37 64
37 65
37 106
37 107
37 108
37 109
38 36
38 37
38 39
38 40
38 64
38 65
38 66
38 67
38 106
38 107
38 108
38 109
39 37
39 38
39 40
39 41
39 50
39 54
39 64
39 65
39 66
39 67
39 108
39 109
39 110
39 111
40 38
40 39
40 41
40 42
40 66
40 67
40 68
40 69
40 108
40 109
40 110
40 111
40 115
40 116
40 118
40 119
41 39
41 40
41 42
41 43
41 45
41 50
41 66
41 67
41 68
41 69
41 110
41 111
41 112
41 114
41 115
42 40
42 41
42 43
42 44
42 45
42 68
42 69
42 111
42 112
42 113
42 114
42 115
43 41
43 42
43 44
43 45
43 68
43 69
43 70
43 71
43 74
43 112
43 113
43 114
43 115
43 156
43 157
43 160
44 42
44 43
44 45
44 46
44 68
44 70
44 71
44 160
45 41
45 42
45 43
45 44
45 46
45 47
45 49
45 50
45 68
46 44
46 45
46 47
46 48
46 49
46 50
46 68
47 8
47 45
47 46
47 48
47 49
47 50
47 51
47 66
47 67
47 68
48 46
48 47
48 49
48 50
48 51
48 52
49 45
49 46
49 47
49 48
49 50
49 51
49 52
49 53
50 39
50 41
50 45
50 46
50 47
50 48
50 49
50 51
50 52
50 53
50 54
50 66
51 47
51 48
51 49
51 50
51 52
51 53
51 54
51 55
51 66
52 48
52 49
52 50
52 51
52 53
52 54
52 55
52 56
53 49
53 50
53 51
53 52
53 54
53 55
53 56
53 57
53 255
54 39
54 50
54 51
54 52
54 53
54 55
54 56
54 57
54 58
54 64
54 66
55 51
55 52
55 53
55 54
55 56
55 57
55 58
55 59
56 52
56 53
56 54
56 55
56 57
56 58
56 59
56 60
56 263
56 266
56 267
57 37
57 53
57 54
57 55
57 56
57 58
57 59
57 60
57 61
57 62
57 63
57 64
57 267
58 10
58 11
58 12
58 54
58 55
58 56
58 57
58 59
58 60
58 61
58 62
58 63
58 64
59 55
59 56
59 57
59 58
59 60
59 61
59 62
60 56
60 57
60 58
60 59
60 61
60 62
61 12
61 14
61 15
61 16
61 34
61 57
61 58
61 59
61 60
61 62
61 63
62 11
62 12
62 15
62 34
62 35
62 36
62 37
62 57
62 58
62 59
62 60
62 61
62 63
62 64
63 9
63 10
63 11
63 12
63 15
63 34
63 35
63 36
63 37
63 57
63 58
63 61
63 62
63 64
63 65
64 9
64 10
64 11
64 36
64 37
64 38
64 39
64 54
64 57
64 58
64 62
64 63
64 65
64 66
65 7
65 8
65 9
65 10
65 36
65 37
65 38
65 39
65 63
65 64
65 66
65 67
66 7
66 8
66 9
66 38
66 39
66 40
66 41
66 47
66 50
66 51
66 54
66 64
66 65
66 67
66 68
67 6
67 7
67 8
67 38
67 39
67 40
67 41
67 47
67 65
67 66
67 68
67 69
68 6
68 7
68 40
68 41
68 42
68 43
68 44
68 45
68 46
68 47
68 66
68 67
68 69
68 70
68 115
69 40
69 41
69 42
69 43
69 67
69 68
69 70
69 71
69 73
69 74
69 85
69 88
69 114
69 115
69 118
70 43
70 44
70 68
70 69
70 71
70 72
70 73
70 74
71 43
71 44
71 69
71 70
71 72
71 73
71 74
71 75
71 114
72 70
72 71
72 73
72 74
72 75
72 76
72 77
73 69
73 70
73 71
73 72
73 74
73 75
73 76
73 77
73 78
73 84
73 85
74 43
74 69
74 70
74 71
74 72
74 73
74 75
74 76
74 77
74 78
74 79
74 85
74 114
74 117
75 71
75 72
75 73
75 74
75 76
75 77
75 78
75 79
75 157
75 176
76 72
76 73
76 74
76 75
76 77
76 78
76 79
76 80
76 176
76 179
77 72
77 73
77 74
77 75
77 76
77 78
77 79
77 80
77 81
77 82
77 83
77 84
78 73
78 74
78 75
78 76
78 77
78 79
78 80
78 81
78 82
78 83
78 84
78 85
79 74
79 75
79 76
79 77
79 78
79 80
79 81
79 82
79 179
79 180
79 183
79 184
80 76
80 77
80 78
80 79
80 81
80 82
80 179
80 183
81 77
81 78
81 79
81 80
81 82
81 83
81 191
81 195
82 77
82 78
82 79
82 80
82 81
82 83
82 84
83 77
83 78
83 81
83 82
83 84
83 85
83 86
83 87
84 73
84 77
84 78
84 82
84 83
84 85
84 86
84 87
84 88
85 69
85 73
85 74
85 78
85 83
85 84
85 86
85 87
85 88
85 89
85 117
85 118
85 121
86 83
86 84
86 85
86 87
86 88
86 89
86 90
86 118
86 121
86 122
87 83
87 84
87 85
87 86
87 88
87 89
87 90
87 91
88 5
88 69
88 84
88 85
88 86
88 87
88 89
88 90
88 91
88 92
88 118
89 85
89 86
89 87
89 88
89 90
89 91
89 92
89 93
89 118
89 119
89 121
89 122
89 125
90 86
90 87
90 88
90 89
90 91
90 92
90 93
90 94
90 121
90 122
90 125
91 5
91 87
91 88
91 89
91 90
91 92
91 93
91 94
91 95
92 5
92 88
92 89
92 90
92 91
92 93
92 94
92 95
92 96
93 89
93 90
93 91
93 92
93 94
93 95
93 96
93 97
93 122
93 131
94 90
94 91
94 92
94 93
94 95
94 96
94 97
94 98
95 91
95 92
95 93
95 94
95 96
95 97
95 98
95 99
96 92
96 93
96 94
96 95
96 97
96 98
96 99
96 100
96 101
96 102
97 93
97 94
97 95
97 96
97 98
97 99
97 100
97 101
97 102
98 94
98 95
98 96
98 97
98 99
98 100
98 101
99 95
99 96
99 97
99 98
99 100
99 101
99 102
100 96
100 97
100 98
100 99
100 101
100 102
100 103
101 36
101 96
101 97
101 98
101 99
101 100
101 102
101 103
101 104
102 96
102 97
102 99
102 100
102 101
102 103
102 104
102 134
103 100
103 101
103 102
103 104
103 105
103 134
103 135
104 33
104 34
104 35
104 36
104 101
104 102
104 103
104 105
104 106
104 135
105 33
105 34
105 35
105 36
105 103
105 104
105 106
105 107
105 134
105 135
105 136
105 137
105 274
106 35
106 36
106 37
106 38
106 104
106 105
106 107
106 108
106 134
106 135
106 136
106 137
106 138
107 35
107 36
107 37
107 38
107 105
107 106
107 108
107 109
107 136
107 137
107 138
107 139
107 140
107 270
108 37
108 38
108 39
108 40
108 106
108 107
108 109
108 110
108 136
108 138
108 139
108 140
109 37
109 38
109 39
109 40
109 107
109 108
109 110
109 111
109 139
109 140
109 141
109 142
110 39
110 40
110 41
110 108
110 109
110 111
110 112
110 115
110 116
110 119
110 139
110 140
110 141
110 142
110 144
111 39
111 40
111 41
111 42
111 109
111 110
111 112
111 113
111 114
111 115
111 116
111 141
111 142
111 143
111 144
111 252
112 41
112 42
112 43
112 110
112 111
112 113
112 114
112 115
112 116
112 141
112 142
112 143
112 144
112 145
112 146
112 222
112 251
112 252
113 42
113 43
113 111
113 112
113 114
113 115
113 116
113 117
113 143
113 144
113 145
113 146
113 222
114 41
114 42
114 43
114 69
114 71
114 74
114 111
114 112
114 113
114 115
114 116
114 117
114 118
115 40
115 41
115 42
115 43
115 68
115 69
115 110
115 111
115 112
115 113
115 114
115 116
115 117
115 118
115 119
116 40
116 110
116 111
116 112
116 113
116 114
116 115
116 117
116 118
116 119
116 120
116 144
116 145
116 198
117 74
117 85
117 113
117 114
117 115
117 116
117 118
117 119
117 120
117 121
117 198
118 40
118 69
118 85
118 86
118 88
118 89
118 114
118 115
118 116
118 117
118 119
118 120
118 121
118 122
119 40
119 89
119 110
119 115
119 116
119 117
119 118
119 120
119 121
119 122
119 123
120 116
120 117
120 118
120 119
120 121
120 122
120 123
120 124
120 198
120 201
120 202
121 85
121 86
121 89
121 90
121 117
121 118
121 119
121 120
121 122
121 123
121 124
121 125
122 86
122 89
122 90
122 93
122 118
122 119
122 120
122 121
122 123
122 124
122 125
122 126
123 119
123 120
123 121
123 122
123 124
123 125
123 126
123 127
123 205
123 207
124 120
124 121
124 122
124 123
124 125
124 126
124 127
124 128
125 89
125 90
125 121
125 122
125 123
125 124
125 126
125 127
125 128
125 130
125 131
125 132
126 122
126 123
126 124
126 125
126 127
126 128
126 130
126 131
126 132
126 133
126 134
127 123
127 124
127 125
127 126
127 128
127 129
127 131
127 132
128 124
128 125
128 126
128 127
128 129
128 130
128 131
128 132
129 127
129 128
129 130
129 131
129 132
129 133
130 125
130 126
130 128
130 129
130 131
130 132
130 133
131 93
131 125
131 126
131 127
131 128
131 129
131 130
131 132
131 133
131 134
132 125
132 126
132 127
132 128
132 129
132 130
132 131
132 133
132 134
133 126
133 129
133 130
133 131
133 132
133 134
133 135
134 102
134 103
134 105
134 106
134 126
134 131
134 132
134 133
134 135
134 136
135 103
135 104
135 105
135 106
135 133
135 134
135 136
135 137
136 105
136 106
136 107
136 108
136 134
136 135
136 137
136 138
136 209
137 105
137 106
137 107
137 135
137 136
137 138
137 139
137 209
137 210
137 273
137 274
137 276
138 106
138 107
138 108
138 136
138 137
138 139
138 140
138 209
138 210
138 211
138 270
138 273
139 107
139 108
139 109
139 110
139 137
139 138
139 140
139 141
139 209
139 210
139 211
139 212
140 107
140 108
140 109
140 110
140 138
140 139
140 141
140 142
140 211
140 212
140 213
140 214
140 266
141 109
141 110
141 111
141 112
141 139
141 140
141 142
141 143
141 144
141 145
141 211
141 212
141 213
141 214
142 109
142 110
142 111
142 112
142 140
142 141
142 143
142 144
142 213
142 214
142 215
142 252
143 111
143 112
143 113
143 141
143 142
143 144
143 145
143 213
143 214
143 215
143 216
143 219
143 222
143 251
143 252
144 110
144 111
144 112
144 113
144 116
144 141
144 142
144 143
144 145
144 146
144 213
144 214
144 215
144 222
144 227
145 112
145 113
145 116
145 141
145 143
145 144
145 146
145 147
145 199
145 222
145 226
145 227
145 230
146 112
146 113
146 144
146 145
146 147
146 148
146 149
146 199
146 222
146 223
146 226
146 227
147 145
147 146
147 148
147 149
147 199
147 222
147 226
148 146
148 147
148 149
148 150
149 146
149 147
149 148
149 150
149 151
149 152
149 153
149 221
149 222
150 148
150 149
150 151
150 152
150 153
150 154
150 177
150 180
151 149
151 150
151 152
151 153
151 154
151 155
151 221
152 149
152 150
152 151
152 153
152 154
152 155
152 156
152 220
152 221
152 222
153 149
153 150
153 151
153 152
153 154
153 155
153 156
153 157
153 221
154 150
154 151
154 152
154 153
154 155
154 156
154 157
154 158
154 173
154 176
154 177
155 151
155 152
155 153
155 154
155 156
155 157
155 158
155 159
155 220
155 221
156 43
156 152
156 153
156 154
156 155
156 157
156 158
156 159
156 160
156 221
157 43
157 75
157 153
157 154
157 155
157 156
157 158
157 159
157 160
157 161
157 173
158 154
158 155
158 156
158 157
158 159
158 160
158 161
158 162
158 169
158 173
159 155
159 156
159 157
159 158
159 160
159 161
159 162
160 43
160 44
160 156
160 157
160 158
160 159
160 161
160 162
160 163
161 157
161 158
161 159
161 160
161 162
161 163
161 164
161 169
162 158
162 159
162 160
162 161
162 163
162 164
162 169
163 160
163 161
163 162
163 164
163 165
164 161
164 162
164 163
164 165
164 166
164 168
164 169
165 163
165 164
165 166
165 167
165 168
165 169
166 164
166 165
166 167
166 168
166 169
166 170
167 165
167 166
167 168
167 169
167 170
167 171
168 164
168 165
168 166
168 167
168 169
168 170
168 171
168 172
169 158
169 161
169 162
169 164
169 165
169 166
169 167
169 168
169 170
169 171
169 172
169 173
170 166
170 167
170 168
170 169
170 171
170 172
170 173
170 174
171 167
171 168
171 169
171 170
171 172
171 173
171 174
171 175
172 168
172 169
172 170
172 171
172 173
172 174
172 175
172 176
173 154
173 157
173 158
173 169
173 170
173 171
173 172
173 174
173 175
173 176
173 177
174 170
174 171
174 172
174 173
174 175
174 176
174 177
174 178
175 171
175 172
175 173
175 174
175 176
175 177
175 178
175 179
176 75
176 76
176 154
176 172
176 173
176 174
176 175
176 177
176 178
176 179
176 180
177 150
177 154
177 173
177 174
177 175
177 176
177 178
177 179
177 180
177 181
178 174
178 175
178 176
178 177
178 179
178 180
178 181
178 182
179 76
179 79
179 80
179 175
179 176
179 177
179 178
179 180
179 181
179 182
179 183
179 184
180 79
180 150
180 176
180 177
180 178
180 179
180 181
180 182
180 183
180 184
180 185
181 177
181 178
181 179
181 180
181 182
181 183
181 184
181 185
181 186
182 178
182 179
182 180
182 181
182 183
182 184
182 185
182 186
182 187
183 79
183 80
183 179
183 180
183 181
183 182
183 184
183 185
183 186
183 187
183 188
183 191
184 79
184 179
184 180
184 181
184 182
184 183
184 185
184 186
184 187
184 188
184 191
185 180
185 181
185 182
185 183
185 184
185 186
185 187
185 188
186 181
186 182
186 183
186 184
186 185
186 187
186 188
186 189
187 182
187 183
187 184
187 185
187 186
187 188
187 189
187 190
187 191
188 183
188 184
188 185
188 186
188 187
188 189
188 190
188 191
188 192
189 186
189 187
189 188
189 190
189 191
189 192
189 193
190 187
190 188
190 189
190 191
190 192
190 193
190 194
191 81
191 183
191 184
191 187
191 188
191 189
191 190
191 192
191 193
191 194
191 195
192 188
192 189
192 190
192 191
192 193
192 194
192 195
192 196
193 189
193 190
193 191
193 192
193 194
193 195
193 196
194 190
194 191
194 192
194 193
194 195
194 196
195 81
195 191
195 192
195 193
195 194
195 196
195 197
196 192
196 193
196 194
196 195
196 197
196 198
196 200
196 201
197 195
197 196
197 198
197 199
197 200
197 201
198 116
198 117
198 120
198 196
198 197
198 199
198 200
198 201
198 202
199 145
199 146
199 147
199 197
199 198
199 200
199 201
199 202
199 203
200 196
200 197
200 198
200 199
200 201
200 202
200 203
200 204
201 120
201 196
201 197
201 198
201 199
201 200
201 202
201 203
201 204
201 205
202 120
202 198
202 199
202 200
202 201
202 203
202 204
202 205
203 199
203 200
203 201
203 202
203 204
203 205
203 230
203 233
203 234
204 200
204 201
204 202
204 203
204 205
204 206
204 234
205 123
205 201
205 202
205 203
205 204
205 206
205 207
206 204
206 205
206 207
206 208
207 123
207 205
207 206
207 208
207 209
207 239
208 206
208 207
208 209
208 210
208 238
208 239
208 240
209 136
209 137
209 138
209 139
209 207
209 208
209 210
209 211
209 239
209 240
210 137
210 138
210 139
210 208
210 209
210 211
210 212
210 239
210 240
210 241
210 273
211 138
211 139
211 140
211 141
211 209
211 210
211 212
211 213
211 239
211 240
211 241
211 242
212 139
212 140
212 141
212 210
212 211
212 213
212 214
212 241
212 242
212 243
212 244
212 269
213 140
213 141
213 142
213 143
213 144
213 211
213 212
213 214
213 215
213 227
213 231
213 241
213 242
213 243
213 244
214 140
214 141
214 142
214 143
214 144
214 212
214 213
214 215
214 216
214 243
214 244
214 245
214 246
214 254
215 142
215 143
215 144
215 213
215 214
215 216
215 217
215 219
215 224
215 227
215 243
215 244
215 245
215 246
215 247
215 251
215 254
216 143
216 214
216 215
216 217
216 218
216 219
216 224
216 244
216 245
216 246
216 247
216 248
216 249
216 250
216 251
217 215
217 216
217 218
217 219
217 223
217 224
217 245
217 246
217 247
217 248
218 216
218 217
218 219
218 220
218 247
218 248
218 249
218 250
218 251
219 143
219 215
219 216
219 217
219 218
219 220
219 221
219 222
219 223
219 224
219 248
219 249
219 250
219 251
220 152
220 155
220 218
220 219
220 221
220 222
220 223
220 250
220 251
221 149
221 151
221 152
221 153
221 155
221 156
221 219
221 220
221 222
221 223
221 251
222 112
222 113
222 143
222 144
222 145
222 146
222 147
222 149
222 152
222 219
222 220
222 221
222 223
222 224
222 226
222 227
222 251
223 146
223 217
223 219
223 220
223 221
223 222
223 224
223 225
223 226
223 227
224 215
224 216
224 217
224 219
224 222
224 223
224 225
224 226
224 227
224 228
225 223
225 224
225 226
225 227
225 228
225 229
226 145
226 146
226 147
226 222
226 223
226 224
226 225
226 227
226 228
226 229
226 230
227 144
227 145
227 146
227 213
227 215
227 222
227 223
227 224
227 225
227 226
227 228
227 229
227 230
227 231
228 224
228 225
228 226
228 227
228 229
228 230
228 231
228 232
228 243
229 225
229 226
229 227
229 228
229 230
229 231
229 232
229 233
230 145
230 203
230 226
230 227
230 228
230 229
230 231
230 232
230 233
230 234
231 213
231 227
231 228
231 229
231 230
231 232
231 233
231 234
231 235
231 241
231 242
231 243
232 228
232 229
232 230
232 231
232 233
232 234
232 235
232 236
233 203
233 229
233 230
233 231
233 232
233 234
233 235
233 236
233 237
234 203
234 204
234 230
234 231
234 232
234 233
234 235
234 236
234 237
234 238
234 239
234 240
234 241
235 231
235 232
235 233
235 234
235 236
235 237
235 238
235 239
235 240
235 241
236 232
236 233
236 234
236 235
236 237
236 238
236 239
237 233
237 234
237 235
237 236
237 238
237 239
238 208
238 234
238 235
238 236
238 237
238 239
238 240
239 207
239 208
239 209
239 210
239 211
239 234
239 235
239 236
239 237
239 238
239 240
239 241
240 208
240 209
240 210
240 211
240 234
240 235
240 238
240 239
240 241
240 242
241 210
241 211
241 212
241 213
241 231
241 234
241 235
241 239
241 240
241 242
241 243
242 211
242 212
242 213
242 231
242 240
242 241
242 243
242 244
243 212
243 213
243 214
243 215
243 228
243 231
243 241
243 242
243 244
243 245
244 212
244 213
244 214
244 215
244 216
244 242
244 243
244 245
244 246
245 214
245 215
245 216
245 217
245 243
245 244
245 246
245 247
246 214
246 215
246 216
246 217
246 244
246 245
246 247
246 248
246 249
246 254
247 215
247 216
247 217
247 218
247 245
247 246
247 248
247 249
248 216
248 217
248 218
248 219
248 246
248 247
248 249
248 250
249 216
249 218
249 219
249 246
249 247
249 248
249 250
249 251
249 253
249 254
249 257
250 216
250 218
250 219
250 220
250 248
250 249
250 251
250 252
250 253
250 254
251 112
251 143
251 215
251 216
251 218
251 219
251 220
251 221
251 222
251 249
251 250
251 252
251 253
251 254
252 111
252 112
252 142
252 143
252 250
252 251
252 253
252 254
252 255
253 249
253 250
253 251
253 252
253 254
253 255
253 256
253 257
254 214
254 215
254 246
254 249
254 250
254 251
254 252
254 253
254 255
254 256
254 257
254 258
254 259
254 262
255 53
255 252
255 253
255 254
255 256
255 257
255 258
255 259
255 260
255 262
255 263
256 253
256 254
256 255
256 257
256 258
256 259
257 249
257 253
257 254
257 255
257 256
257 258
257 259
258 254
258 255
258 256
258 257
258 259
258 260
258 261
258 262
259 254
259 255
259 256
259 257
259 258
259 260
259 261
259 262
259 263
260 255
260 258
260 259
260 261
260 262
260 263
260 264
261 258
261 259
261 260
261 262
261 263
261 264
261 265
262 254
262 255
262 258
262 259
262 260
262 261
262 263
262 264
262 265
262 266
263 56
263 255
263 259
263 260
263 261
263 262
263 264
263 265
263 266
263 267
264 260
264 261
264 262
264 263
264 265
264 266
264 267
264 268
265 261
265 262
265 263
265 264
265 266
265 267
265 268
265 269
266 56
266 140
266 262
266 263
266 264
266 265
266 267
266 268
266 269
266 270
267 56
267 57
267 263
267 264
267 265
267 266
267 268
267 269
267 270
267 271
268 264
268 265
268 266
268 267
268 269
268 270
268 271
268 272
269 212
269 265
269 266
269 267
269 268
269 270
269 271
269 272
269 273
270 35
270 107
270 138
270 266
270 267
270 268
270 269
270 271
270 272
270 273
270 274
271 267
271 268
271 269
271 270
271 272
271 273
271 274
271 275
272 268
272 269
272 270
272 271
272 273
272 274
272 275
272 276
273 137
273 138
273 210
273 269
273 270
273 271
273 272
273 274
273 275
273 276
274 32
274 33
274 34
274 35
274 105
274 137
274 270
274 271
274 272
274 273
274 275
274 276
275 32
275 271
275 272
275 273
275 274
275 276
276 137
276 272
276 273
276 274
276 275
