0 1
0 2
1 0
1 2
1 3
2 0
2 1
2 3
2 4
3 1
3 2
3 4
3 5
4 2
4 3
4 5
4 6
5 3
5 4
5 6
5 7
6 4
6 5
6 7
6 8
7 5
7 6
7 8
7 9
8 6
8 7
8 9
8 10
9 7
9 8
9 10
9 11
10 8
10 9
10 11
10 12
11 9
11 10
11 12
11 13
12 10
12 11
12 13
12 14
13 11
13 12
13 14
13 15
14 12
14 13
14 15
14 16
15 13
15 14
15 16
15 17
16 14
16 15
16 17
16 18
17 15
17 16
17 18
17 19
18 16
18 17
18 19
18 20
19 17
19 18
19 20
19 21
20 18
20 19
20 21
20 22
21 19
21 20
21 22
21 23
22 20
22 21
22 23
22 24
23 21
23 22
23 24
23 25
24 22
24 23
24 25
24 26
25 23
25 24
25 26
25 27
26 24
26 25
26 27
26 28
27 25
27 26
27 28
27 29
28 26
28 27
28 29
28 30
29 27
29 28
29 30
29 31
30 28
30 29
30 31
30 32
31 29
31 30
31 32
31 33
32 30
32 31
32 33
32 34
33 31
33 32
33 34
33 35
34 32
34 33
34 35
34 36
35 33
35 34
35 36
35 37
36 34
36 35
36 37
36 38
37 35
37 36
37 38
37 39
38 36
38 37
38 39
38 40
38 147
39 37
39 38
39 40
39 41
39 147
40 38
40 39
40 41
40 42
40 58
40 59
40 60
40 100
40 147
40 148
41 39
41 40
41 42
41 43
41 58
41 59
41 60
41 147
41 148
41 149
42 40
42 41
42 43
42 44
42 59
42 60
42 61
42 62
43 41
43 42
43 44
43 45
43 47
43 59
43 60
43 61
43 62
44 42
44 43
44 45
44 46
44 47
44 61
44 62
44 85
45 43
45 44
45 46
45 47
45 61
45 62
45 64
45 65
45 70
45 83
45 84
45 85
45 86
46 44
46 45
46 47
46 48
46 70
46 83
46 84
47 43
47 44
47 45
47 46
47 48
47 49
47 51
47 83
47 84
47 85
48 46
48 47
48 49
48 50
48 51
48 52
48 80
48 81
48 82
48 83
48 84
49 47
49 48
49 50
49 51
49 52
49 80
49 81
49 82
49 83
49 84
49 132
50 48
50 49
50 51
50 52
50 53
50 80
50 81
50 130
50 152
51 47
51 48
51 49
51 50
51 52
51 53
51 151
51 152
52 48
52 49
52 50
52 51
52 53
52 54
52 149
52 150
52 151
52 152
53 50
53 51
53 52
53 54
53 55
53 149
53 150
53 151
53 152
54 52
54 53
54 55
54 56
54 57
54 149
54 150
55 53
55 54
55 56
55 57
55 104
55 105
56 54
56 55
56 57
56 58
56 102
56 103
56 104
56 105
56 145
57 54
57 55
57 56
57 58
57 59
57 102
57 103
57 104
57 145
57 146
57 149
58 40
58 41
58 56
58 57
58 59
58 60
58 100
58 101
58 102
58 103
58 137
58 145
58 146
59 40
59 41
59 42
59 43
59 57
59 58
59 60
59 61
59 100
59 101
59 102
59 103
60 40
60 41
60 42
60 43
60 58
60 59
60 61
60 62
60 98
60 99
60 100
60 101
61 42
61 43
61 44
61 45
61 59
61 60
61 62
61 63
61 85
61 98
61 99
61 100
61 101
62 42
62 43
62 44
62 45
62 60
62 61
62 63
62 64
62 65
62 97
62 98
62 99
63 61
63 62
63 64
63 65
63 96
63 97
63 98
63 99
64 45
64 62
64 63
64 65
64 66
64 67
64 96
64 97
64 98
65 45
65 62
65 63
65 64
65 66
65 67
65 70
65 85
65 86
65 89
65 96
65 98
66 64
66 65
66 67
66 68
66 70
66 86
66 89
66 96
66 119
66 120
67 64
67 65
67 66
67 68
67 69
67 70
67 120
68 66
68 67
68 69
68 70
68 71
68 120
68 121
69 67
69 68
69 70
69 71
70 45
70 46
70 65
70 66
70 67
70 68
70 69
70 71
70 72
70 82
70 83
70 86
71 68
71 69
71 70
71 72
71 73
71 82
71 83
71 86
71 122
71 123
72 70
72 71
72 73
72 74
72 78
72 79
72 81
72 82
72 83
72 86
72 87
72 121
72 122
72 123
73 71
73 72
73 74
73 75
73 78
73 79
73 81
73 82
73 87
73 112
73 113
73 114
73 122
73 123
73 124
73 125
74 72
74 73
74 75
74 76
74 77
74 78
74 79
74 112
74 113
74 114
74 115
74 122
74 123
74 124
74 125
75 73
75 74
75 76
75 77
75 78
75 90
75 91
75 112
75 113
75 114
75 115
75 122
76 74
76 75
76 77
76 78
76 91
76 133
76 134
77 74
77 75
77 76
77 78
77 79
77 112
77 131
77 132
77 133
78 72
78 73
78 74
78 75
78 76
78 77
78 79
78 80
78 82
78 87
78 112
78 131
78 132
78 133
79 72
79 73
79 74
79 77
79 78
79 80
79 81
79 82
79 108
79 109
79 112
79 125
79 128
79 130
79 131
79 132
80 48
80 49
80 50
80 78
80 79
80 81
80 82
80 83
80 105
80 128
80 130
80 131
80 132
81 48
81 49
81 50
81 72
81 73
81 79
81 80
81 82
81 83
82 48
82 49
82 70
82 71
82 72
82 73
82 78
82 79
82 80
82 81
82 83
82 84
82 86
82 87
83 45
83 46
83 47
83 48
83 49
83 70
83 71
83 72
83 80
83 81
83 82
83 84
83 85
83 86
83 87
84 45
84 46
84 47
84 48
84 49
84 82
84 83
84 85
84 86
84 87
84 88
84 103
85 44
85 45
85 47
85 61
85 65
85 83
85 84
85 86
85 87
85 88
85 89
86 45
86 65
86 66
86 70
86 71
86 72
86 82
86 83
86 84
86 85
86 87
86 88
86 89
86 90
86 120
87 72
87 73
87 78
87 82
87 83
87 84
87 85
87 86
87 88
87 89
87 90
87 91
87 122
87 134
88 84
88 85
88 86
88 87
88 89
88 90
88 91
88 92
88 93
88 94
88 101
88 134
88 135
89 65
89 66
89 85
89 86
89 87
89 88
89 90
89 91
89 92
89 93
89 94
89 95
89 96
89 118
89 119
89 120
90 75
90 86
90 87
90 88
90 89
90 91
90 92
90 93
90 94
90 116
90 117
90 118
90 119
90 120
90 121
90 122
91 75
91 76
91 87
91 88
91 89
91 90
91 92
91 93
91 94
91 117
91 118
91 134
92 88
92 89
92 90
92 91
92 93
92 94
92 95
92 117
92 118
93 88
93 89
93 90
93 91
93 92
93 94
93 95
93 101
93 134
93 135
93 136
94 88
94 89
94 90
94 91
94 92
94 93
94 95
94 96
94 97
94 98
94 99
94 100
94 101
95 89
95 92
95 93
95 94
95 96
95 97
95 98
95 118
96 63
96 64
96 65
96 66
96 89
96 94
96 95
96 97
96 98
97 62
97 63
97 64
97 94
97 95
97 96
97 98
97 99
98 60
98 61
98 62
98 63
98 64
98 65
98 94
98 95
98 96
98 97
98 99
98 100
99 60
99 61
99 62
99 63
99 94
99 97
99 98
99 100
99 101
100 40
100 58
100 59
100 60
100 61
100 94
100 98
100 99
100 101
100 102
100 136
100 137
101 58
101 59
101 60
101 61
101 88
101 93
101 94
101 99
101 100
101 102
101 103
101 134
101 135
101 136
101 137
102 56
102 57
102 58
102 59
102 100
102 101
102 103
102 104
102 134
102 135
102 136
102 137
102 138
102 139
103 56
103 57
103 58
103 59
103 84
103 101
103 102
103 104
103 105
103 132
103 133
103 134
103 135
104 55
104 56
104 57
104 102
104 103
104 105
104 106
104 132
104 133
104 134
104 135
105 55
105 56
105 80
105 103
105 104
105 106
105 107
105 130
105 131
105 132
105 133
106 104
106 105
106 107
106 108
106 130
106 131
106 132
106 133
107 105
107 106
107 108
107 109
107 129
107 130
107 131
107 132
108 79
108 106
108 107
108 109
108 110
108 127
108 128
108 129
108 130
108 131
109 79
109 107
109 108
109 110
109 111
109 112
109 127
109 128
109 129
109 130
109 131
110 108
110 109
110 111
110 112
110 126
110 127
110 128
111 109
111 110
111 112
111 113
111 124
111 125
111 126
111 127
111 128
112 73
112 74
112 75
112 77
112 78
112 79
112 109
112 110
112 111
112 113
112 114
112 124
112 125
112 126
112 127
113 73
113 74
113 75
113 111
113 112
113 114
113 115
113 123
113 124
113 125
114 73
114 74
114 75
114 112
114 113
114 115
114 116
114 121
114 122
114 123
114 124
114 125
115 74
115 75
115 113
115 114
115 116
115 117
115 121
115 122
115 123
115 124
116 90
116 114
116 115
116 117
116 118
116 119
116 120
116 121
116 122
117 90
117 91
117 92
117 115
117 116
117 118
117 119
117 120
117 121
117 122
118 89
118 90
118 91
118 92
118 95
118 116
118 117
118 119
118 120
119 66
119 89
119 90
119 116
119 117
119 118
119 120
119 121
120 66
120 67
120 68
120 86
120 89
120 90
120 116
120 117
120 118
120 119
120 121
120 122
121 68
121 72
121 90
121 114
121 115
121 116
121 117
121 119
121 120
121 122
121 123
122 71
122 72
122 73
122 74
122 75
122 87
122 90
122 114
122 115
122 116
122 117
122 120
122 121
122 123
122 124
123 71
123 72
123 73
123 74
123 113
123 114
123 115
123 121
123 122
123 124
123 125
124 73
124 74
124 111
124 112
124 113
124 114
124 115
124 122
124 123
124 125
124 126
125 73
125 74
125 79
125 111
125 112
125 113
125 114
125 123
125 124
125 126
125 127
125 128
126 110
126 111
126 112
126 124
126 125
126 127
126 128
127 108
127 109
127 110
127 111
127 112
127 125
127 126
127 128
127 129
128 79
128 80
128 108
128 109
128 110
128 111
128 125
128 126
128 127
128 129
128 130
128 131
129 107
129 108
129 109
129 127
129 128
129 130
129 131
130 50
130 79
130 80
130 105
130 106
130 107
130 108
130 109
130 128
130 129
130 131
130 132
131 77
131 78
131 79
131 80
131 105
131 106
131 107
131 108
131 109
131 128
131 129
131 130
131 132
131 133
132 49
132 77
132 78
132 79
132 80
132 103
132 104
132 105
132 106
132 107
132 130
132 131
132 133
132 134
133 76
133 77
133 78
133 103
133 104
133 105
133 106
133 131
133 132
133 134
133 135
134 76
134 87
134 88
134 91
134 93
134 101
134 102
134 103
134 104
134 132
134 133
134 135
134 136
135 88
135 93
135 101
135 102
135 103
135 104
135 133
135 134
135 136
135 137
136 93
136 100
136 101
136 102
136 134
136 135
136 137
136 138
137 58
137 100
137 101
137 102
137 135
137 136
137 138
137 139
138 102
138 136
138 137
138 139
138 140
139 102
139 137
139 138
139 140
139 141
139 143
140 138
140 139
140 141
140 142
140 143
141 139
141 140
141 142
141 143
142 140
142 141
142 143
142 144
143 139
143 140
143 141
143 142
143 144
143 145
144 142
144 143
144 145
144 146
145 56
145 57
145 58
145 143
145 144
145 146
145 147
146 57
146 58
146 144
146 145
146 147
146 148
146 149
147 38
147 39
147 40
147 41
147 145
147 146
147 148
147 149
148 40
148 41
148 146
148 147
148 149
148 150
149 41
149 52
149 53
149 54
149 57
149 146
149 147
149 148
149 150
149 151
150 52
150 53
150 54
150 148
150 149
150 151
150 152
151 51
151 52
151 53
151 149
151 150
151 152
151 153
151 154
151 156
152 50
152 51
152 52
152 53
152 150
152 151
152 153
152 154
153 151
153 152
153 154
153 155
153 156
154 151
154 152
154 153
154 155
154 156
155 153
155 154
155 156
155 157
156 151
156 153
156 154
156 155
156 157
156 158
157 155
157 156
157 158
157 159
158 156
158 157
158 159
158 160
159 157
159 158
159 160
159 161
160 158
160 159
160 161
160 162
161 159
161 160
161 162
161 163
162 160
162 161
162 163
162 164
163 161
163 162
163 164
163 165
164 162
164 163
164 165
164 166
165 163
165 164
165 166
165 167
166 164
166 165
166 167
166 168
167 165
167 166
167 168
167 169
168 166
168 167
168 169
168 170
169 167
169 168
169 170
169 171
170 168
170 169
170 171
170 172
171 169
171 170
171 172
171 173
172 170
172 171
172 173
172 174
173 171
173 172
173 174
173 175
174 172
174 173
174 175
174 176
175 173
175 174
175 176
175 177
176 174
176 175
176 177
176 178
177 175
177 176
177 178
177 179
178 176
178 177
178 179
178 180
179 177
179 178
179 180
179 181
180 178
180 179
180 181
180 182
181 179
181 180
181 182
181 183
182 180
182 181
182 183
182 184
183 181
183 182
183 184
183 185
184 182
184 183
184 185
184 186
185 183
185 184
185 186
185 187
186 184
186 185
186 187
186 188
187 185
187 186
187 188
187 189
188 186
188 187
188 189
188 190
189 187
189 188
189 190
189 191
190 188
190 189
190 191
190 192
191 189
191 190
191 192
191 193
192 190
192 191
192 193
192 194
193 191
193 192
193 194
193 195
194 192
194 193
194 195
194 196
195 193
195 194
195 196
195 197
196 194
196 195
196 197
196 198
197 195
197 196
197 198
197 199
198 196
198 197
198 199
198 200
199 197
199 198
199 200
199 201
200 198
200 199
200 201
200 202
201 199
201 200
201 202
201 203
202 200
202 201
202 203
202 204
203 201
203 202
203 204
203 205
204 202
204 203
204 205
204 206
205 203
205 204
205 206
205 207
206 204
206 205
206 207
206 208
207 205
207 206
207 208
207 209
208 206
208 207
208 209
208 210
209 207
209 208
209 210
209 211
210 208
210 209
210 211
210 212
211 209
211 210
211 212
211 213
212 210
212 211
212 213
212 214
213 211
213 212
213 214
213 215
214 212
214 213
214 215
214 216
215 213
215 214
215 216
215 217
216 214
216 215
216 217
216 218
217 215
217 216
217 218
217 219
218 216
218 217
218 219
218 220
219 217
219 218
219 220
219 221
220 218
220 219
220 221
220 222
221 219
221 220
221 222
221 223
222 220
222 221
222 223
222 224
223 221
223 222
223 224
223 225
224 222
224 223
224 225
224 226
225 223
225 224
225 226
225 227
226 224
226 225
226 227
226 228
227 225
227 226
227 228
227 229
228 226
228 227
228 229
228 230
229 227
229 228
229 230
229 231
230 228
230 229
230 231
230 232
231 229
231 230
231 232
231 233
232 230
232 231
232 233
232 234
233 231
233 232
233 234
233 235
234 232
234 233
234 235
234 236
235 233
235 234
235 236
235 237
236 234
236 235
236 237
236 238
237 235
237 236
237 238
237 239
238 236
238 237
238 239
238 240
239 237
239 238
239 240
239 241
240 238
240 239
240 241
240 242
241 239
241 240
241 242
241 243
242 240
242 241
242 243
242 244
243 241
243 242
243 244
243 245
244 242
244 243
244 245
244 246
245 243
245 244
245 246
245 247
246 244
246 245
246 247
246 248
247 245
247 246
247 248
247 249
248 246
248 247
248 249
248 250
249 247
249 248
249 250
249 251
250 248
250 249
250 251
250 252
251 249
251 250
251 252
251 253
252 250
252 251
252 253
252 254
253 251
253 252
253 254
253 255
254 252
254 253
254 255
254 256
255 253
255 254
255 256
255 257
256 254
256 255
256 257
256 258
257 255
257 256
257 258
257 259
258 256
258 257
258 259
258 260
259 257
259 258
259 260
259 261
260 258
260 259
260 261
260 262
261 259
261 260
261 262
261 263
262 260
262 261
262 263
262 264
263 261
263 262
263 264
263 265
264 262
264 263
264 265
264 266
265 263
265 264
265 266
265 267
266 264
266 265
266 267
266 268
267 265
267 266
267 268
267 269
268 266
268 267
268 269
268 270
269 267
269 268
269 270
269 271
270 268
270 269
270 271
270 272
271 269
271 270
271 272
271 273
272 270
272 271
272 273
272 274
273 271
273 272
273 274
273 275
274 272
274 273
274 275
274 276
275 273
275 274
275 276
275 277
276 274
276 275
276 277
276 278
277 275
277 276
277 278
277 279
278 276
278 277
278 279
278 280
279 277
279 278
279 280
279 281
280 278
280 279
280 281
280 282
281 279
281 280
281 282
281 283
282 280
282 281
282 283
282 284
283 281
283 282
283 284
283 285
283 320
283 321
283 322
283 323
284 282
284 283
284 285
284 286
284 321
284 322
285 283
285 284
285 286
285 287
285 289
285 321
285 322
285 323
286 284
286 285
286 287
286 288
286 289
286 322
286 478
287 285
287 286
287 288
287 289
287 290
287 328
288 286
288 287
288 289
288 290
288 328
288 478
289 285
289 286
289 287
289 288
289 290
289 291
289 322
289 328
289 329
289 478
289 479
289 480
290 287
290 288
290 289
290 291
290 292
290 327
290 328
290 329
290 330
290 393
290 394
290 478
291 289
291 290
291 292
291 293
291 328
291 329
291 330
291 393
291 394
291 395
291 396
291 477
291 478
292 290
292 291
292 293
292 294
292 329
292 330
292 331
292 346
292 389
292 390
292 393
292 394
292 395
292 396
293 291
293 292
293 294
293 295
293 329
293 330
293 331
293 332
293 346
293 395
293 396
293 397
293 398
294 292
294 293
294 295
294 296
294 331
294 332
294 333
294 334
294 346
294 378
294 396
294 397
294 398
295 293
295 294
295 296
295 297
295 315
295 331
295 332
295 333
295 334
295 397
295 398
295 399
295 400
296 294
296 295
296 297
296 298
296 333
296 334
296 335
296 336
296 374
296 375
296 397
296 398
296 399
296 400
297 295
297 296
297 298
297 299
297 311
297 333
297 334
297 335
297 336
297 399
297 400
297 401
298 296
298 297
298 299
298 300
298 303
298 308
298 335
298 336
298 337
298 369
298 400
298 401
298 402
299 297
299 298
299 300
299 301
299 303
299 308
299 335
299 336
299 337
299 364
299 365
299 366
299 367
299 369
300 298
300 299
300 301
300 302
300 303
300 304
300 336
300 337
300 338
300 364
300 365
300 366
300 367
300 368
300 369
301 299
301 300
301 302
301 303
301 304
301 365
301 366
301 367
301 368
302 300
302 301
302 303
302 304
302 368
302 402
303 298
303 299
303 300
303 301
303 302
303 304
303 305
303 306
303 307
303 308
303 402
304 300
304 301
304 302
304 303
304 305
304 306
304 307
304 308
304 364
305 303
305 304
305 306
305 307
305 308
305 309
305 364
306 303
306 304
306 305
306 307
306 308
306 309
306 310
307 303
307 304
307 305
307 306
307 308
307 309
307 310
307 311
307 463
308 298
308 299
308 303
308 304
308 305
308 306
308 307
308 309
308 310
308 311
308 312
308 364
309 305
309 306
309 307
309 308
309 310
309 311
309 312
309 313
310 306
310 307
310 308
310 309
310 311
310 312
310 313
310 314
310 463
310 466
311 297
311 307
311 308
311 309
311 310
311 312
311 313
311 314
311 315
311 466
312 308
312 309
312 310
312 311
312 313
312 314
312 315
312 316
312 359
312 360
313 309
313 310
313 311
313 312
313 314
313 315
313 316
313 317
313 360
314 310
314 311
314 312
314 313
314 315
314 316
314 317
314 318
314 466
314 467
314 470
315 295
315 311
315 312
315 313
315 314
315 316
315 317
315 318
315 319
315 356
315 359
316 312
316 313
316 314
316 315
316 317
316 318
316 319
316 320
316 352
316 355
316 356
316 359
316 360
317 313
317 314
317 315
317 316
317 318
317 319
317 320
317 321
317 470
318 314
318 315
318 316
318 317
318 319
318 320
318 321
318 322
318 470
318 474
319 315
319 316
319 317
319 318
319 320
319 321
319 322
319 323
319 324
319 331
319 352
319 355
319 356
320 283
320 316
320 317
320 318
320 319
320 321
320 322
320 323
320 324
320 352
320 353
320 356
321 283
321 284
321 285
321 317
321 318
321 319
321 320
321 322
321 323
321 474
322 283
322 284
322 285
322 286
322 289
322 318
322 319
322 320
322 321
322 323
322 324
322 329
322 474
323 283
323 285
323 319
323 320
323 321
323 322
323 324
323 325
323 328
323 329
323 351
323 352
324 319
324 320
324 322
324 323
324 325
324 326
324 328
324 329
324 330
324 331
324 350
324 351
324 352
325 323
325 324
325 326
325 327
325 328
325 329
325 330
325 349
325 350
325 351
325 352
326 324
326 325
326 327
326 328
326 329
326 330
326 350
326 351
327 290
327 325
327 326
327 328
327 329
328 287
328 288
328 289
328 290
328 291
328 323
328 324
328 325
328 326
328 327
328 329
328 330
329 289
329 290
329 291
329 292
329 293
329 322
329 323
329 324
329 325
329 326
329 327
329 328
329 330
329 331
330 290
330 291
330 292
330 293
330 324
330 325
330 326
330 328
330 329
330 331
330 332
330 346
330 347
330 350
331 292
331 293
331 294
331 295
331 319
331 324
331 329
331 330
331 332
331 333
331 345
331 346
332 293
332 294
332 295
332 330
332 331
332 333
332 334
332 342
332 343
332 344
332 345
332 346
332 347
332 348
333 294
333 295
333 296
333 297
333 331
333 332
333 334
333 335
333 342
333 343
333 344
333 345
334 294
334 295
334 296
334 297
334 332
334 333
334 335
334 336
334 340
334 341
334 342
334 343
334 344
334 378
335 296
335 297
335 298
335 299
335 333
335 334
335 336
335 337
335 340
335 341
335 342
335 343
336 296
336 297
336 298
336 299
336 300
336 334
336 335
336 337
336 338
336 339
336 340
336 341
336 369
336 370
336 371
336 374
337 298
337 299
337 300
337 335
337 336
337 338
337 339
337 340
337 365
337 366
337 367
337 368
337 369
337 370
338 300
338 336
338 337
338 339
338 340
338 366
338 367
338 368
338 369
338 370
339 336
339 337
339 338
339 340
339 341
339 370
339 373
339 374
340 334
340 335
340 336
340 337
340 338
340 339
340 341
340 342
340 373
340 374
340 377
341 334
341 335
341 336
341 339
341 340
341 342
341 343
342 332
342 333
342 334
342 335
342 340
342 341
342 343
342 344
342 345
342 382
343 332
343 333
343 334
343 335
343 341
343 342
343 344
343 345
343 362
344 332
344 333
344 334
344 342
344 343
344 345
344 346
344 347
344 348
344 349
345 331
345 332
345 333
345 342
345 343
345 344
345 346
345 347
345 348
345 349
345 382
345 387
345 388
346 292
346 293
346 294
346 330
346 331
346 332
346 344
346 345
346 347
346 348
346 349
346 387
346 388
346 389
347 330
347 332
347 344
347 345
347 346
347 348
347 349
347 350
347 387
347 388
348 332
348 344
348 345
348 346
348 347
348 349
348 350
349 325
349 344
349 345
349 346
349 347
349 348
349 350
349 351
349 352
349 354
349 355
350 324
350 325
350 326
350 330
350 347
350 348
350 349
350 351
350 352
350 354
350 355
351 323
351 324
351 325
351 326
351 349
351 350
351 352
351 353
351 354
351 355
352 316
352 319
352 320
352 323
352 324
352 325
352 349
352 350
352 351
352 353
352 354
352 355
352 356
353 320
353 351
353 352
353 354
353 355
353 356
353 357
354 349
354 350
354 351
354 352
354 353
354 355
354 356
354 357
354 358
355 316
355 319
355 349
355 350
355 351
355 352
355 353
355 354
355 356
355 357
355 358
355 359
356 315
356 316
356 319
356 320
356 352
356 353
356 354
356 355
356 357
356 358
356 359
356 360
357 353
357 354
357 355
357 356
357 358
357 359
357 360
357 361
358 354
358 355
358 356
358 357
358 359
358 360
358 361
358 362
359 312
359 315
359 316
359 355
359 356
359 357
359 358
359 360
359 361
359 362
360 312
360 313
360 316
360 356
360 357
360 358
360 359
360 361
360 362
361 357
361 358
361 359
361 360
361 362
361 363
362 343
362 358
362 359
362 360
362 361
362 363
362 364
363 361
363 362
363 364
363 365
364 299
364 300
364 304
364 305
364 308
364 362
364 363
364 365
364 366
365 299
365 300
365 301
365 337
365 363
365 364
365 366
365 367
366 299
366 300
366 301
366 337
366 338
366 364
366 365
366 367
366 368
367 299
367 300
367 301
367 337
367 338
367 365
367 366
367 368
367 369
368 300
368 301
368 302
368 337
368 338
368 366
368 367
368 369
368 370
368 406
369 298
369 299
369 300
369 336
369 337
369 338
369 367
369 368
369 370
369 371
369 401
369 404
369 405
369 406
369 407
370 336
370 337
370 338
370 339
370 368
370 369
370 371
370 372
370 373
370 374
370 405
370 406
370 407
371 336
371 369
371 370
371 372
371 373
371 374
371 375
371 399
371 401
371 405
371 406
371 407
371 408
371 409
372 370
372 371
372 373
372 374
372 375
372 376
372 405
372 407
372 408
372 409
372 410
372 411
372 412
372 413
373 339
373 340
373 370
373 371
373 372
373 374
373 375
373 376
373 377
373 407
373 412
374 296
374 336
374 339
374 340
374 370
374 371
374 372
374 373
374 375
374 376
374 377
374 378
375 296
375 371
375 372
375 373
375 374
375 376
375 377
375 378
375 379
375 409
375 412
375 413
375 416
376 372
376 373
376 374
376 375
376 377
376 378
376 379
376 380
376 412
376 413
376 415
376 416
377 340
377 373
377 374
377 375
377 376
377 378
377 379
377 380
377 381
377 382
378 294
378 334
378 374
378 375
378 376
378 377
378 379
378 380
378 381
378 382
378 383
379 375
379 376
379 377
379 378
379 380
379 381
379 382
379 383
379 415
379 416
379 419
379 421
380 376
380 377
380 378
380 379
380 381
380 382
380 383
381 377
381 378
381 379
381 380
381 382
381 383
381 384
382 342
382 345
382 377
382 378
382 379
382 380
382 381
382 383
382 384
382 387
383 378
383 379
383 380
383 381
383 382
383 384
383 385
383 387
383 388
383 389
383 395
384 381
384 382
384 383
384 385
384 386
384 387
384 388
384 389
385 383
385 384
385 386
385 387
385 388
385 389
385 390
386 384
386 385
386 387
386 388
386 389
387 345
387 346
387 347
387 382
387 383
387 384
387 385
387 386
387 388
387 389
388 345
388 346
388 347
388 383
388 384
388 385
388 386
388 387
388 389
388 390
389 292
389 346
389 383
389 384
389 385
389 386
389 387
389 388
389 390
389 391
389 393
389 395
390 292
390 385
390 388
390 389
390 391
390 392
390 393
391 389
391 390
391 392
391 393
392 390
392 391
392 393
392 394
393 290
393 291
393 292
393 389
393 390
393 391
393 392
393 394
393 395
394 290
394 291
394 292
394 392
394 393
394 395
394 396
394 420
394 421
394 422
394 480
394 483
395 291
395 292
395 293
395 383
395 389
395 393
395 394
395 396
395 397
395 420
395 421
395 422
396 291
396 292
396 293
396 294
396 394
396 395
396 397
396 398
396 421
396 422
396 423
396 424
396 477
397 293
397 294
397 295
397 296
397 395
397 396
397 398
397 399
397 421
397 422
397 423
397 424
398 293
398 294
398 295
398 296
398 396
398 397
398 399
398 400
398 423
398 424
398 425
398 426
399 295
399 296
399 297
399 371
399 397
399 398
399 400
399 401
399 423
399 424
399 425
399 426
400 295
400 296
400 297
400 298
400 398
400 399
400 401
400 402
400 425
400 426
400 427
400 428
401 297
401 298
401 369
401 371
401 399
401 400
401 402
401 403
401 404
401 405
401 425
401 426
401 427
401 428
402 298
402 302
402 303
402 400
402 401
402 403
402 404
402 427
402 428
402 429
402 430
403 401
403 402
403 404
403 405
403 427
403 428
403 429
403 430
403 431
404 369
404 401
404 402
404 403
404 405
404 406
404 427
404 430
404 431
404 439
405 369
405 370
405 371
405 372
405 401
405 403
405 404
405 406
405 407
405 408
405 409
405 439
405 440
405 441
405 444
406 368
406 369
406 370
406 371
406 404
406 405
406 407
406 408
406 439
406 440
407 369
407 370
407 371
407 372
407 373
407 405
407 406
407 408
407 409
407 440
407 441
408 371
408 372
408 405
408 406
408 407
408 409
408 410
408 411
408 412
408 440
408 441
408 444
409 371
409 372
409 375
409 405
409 407
409 408
409 410
409 411
409 412
409 413
409 441
409 444
409 447
409 448
410 372
410 408
410 409
410 411
410 412
410 413
410 414
410 444
410 447
410 448
411 372
411 408
411 409
411 410
411 412
411 413
411 414
411 415
412 372
412 373
412 375
412 376
412 408
412 409
412 410
412 411
412 413
412 414
412 415
412 416
413 372
413 375
413 376
413 409
413 410
413 411
413 412
413 414
413 415
413 416
413 417
413 423
413 447
413 448
413 449
414 410
414 411
414 412
414 413
414 415
414 416
414 417
414 418
414 448
415 376
415 379
415 411
415 412
415 413
415 414
415 416
415 417
415 418
415 419
416 375
416 376
416 379
416 412
416 413
416 414
416 415
416 417
416 418
416 419
416 420
416 421
416 422
416 423
417 413
417 414
417 415
417 416
417 418
417 419
417 420
417 421
417 422
417 423
417 450
417 485
417 486
417 487
418 414
418 415
418 416
418 417
418 419
418 420
418 421
418 487
418 676
419 379
419 415
419 416
419 417
419 418
419 420
419 421
420 394
420 395
420 416
420 417
420 418
420 419
420 421
420 422
420 485
420 486
420 487
421 379
421 394
421 395
421 396
421 397
421 416
421 417
421 418
421 419
421 420
421 422
421 423
421 485
422 394
422 395
422 396
422 397
422 416
422 417
422 420
422 421
422 423
422 424
422 449
422 450
422 483
422 485
423 396
423 397
423 398
423 399
423 413
423 416
423 417
423 421
423 422
423 424
423 425
423 448
423 449
423 450
423 456
424 396
424 397
424 398
424 399
424 422
424 423
424 425
424 426
424 449
424 456
424 457
424 458
425 398
425 399
425 400
425 401
425 423
425 424
425 426
425 427
425 445
425 449
425 456
425 457
425 458
426 398
426 399
426 400
426 401
426 424
426 425
426 427
426 428
426 457
426 458
426 459
426 460
427 400
427 401
427 402
427 403
427 404
427 425
427 426
427 428
427 429
427 430
427 457
427 458
427 459
427 460
428 400
428 401
428 402
428 403
428 426
428 427
428 429
428 430
428 459
428 460
428 461
428 462
428 463
428 466
429 402
429 403
429 427
429 428
429 430
429 431
429 460
429 461
429 462
429 463
430 402
430 403
430 404
430 427
430 428
430 429
430 431
430 432
430 459
430 460
430 461
431 403
431 404
431 429
431 430
431 432
431 433
431 435
431 436
431 439
432 430
432 431
432 433
432 434
432 435
432 436
433 431
433 432
433 434
433 435
433 436
433 437
434 432
434 433
434 435
434 436
434 437
435 431
435 432
435 433
435 434
435 436
435 437
435 438
435 439
436 431
436 432
436 433
436 434
436 435
436 437
436 438
436 439
436 442
437 433
437 434
437 435
437 436
437 438
437 439
438 435
438 436
438 437
438 439
438 440
439 404
439 405
439 406
439 431
439 435
439 436
439 437
439 438
439 440
439 441
439 442
440 405
440 406
440 407
440 408
440 438
440 439
440 441
440 442
441 405
441 407
441 408
441 409
441 439
441 440
441 442
441 443
441 444
442 436
442 439
442 440
442 441
442 443
442 444
443 441
443 442
443 444
443 445
443 446
443 447
444 405
444 408
444 409
444 410
444 441
444 442
444 443
444 445
444 446
444 447
444 448
445 425
445 443
445 444
445 446
445 447
445 448
445 449
445 457
446 443
446 444
446 445
446 447
446 448
446 449
446 451
446 452
446 457
446 529
447 409
447 410
447 413
447 443
447 444
447 445
447 446
447 448
447 449
447 529
448 409
448 410
448 413
448 414
448 423
448 444
448 445
448 446
448 447
448 449
448 450
449 413
449 422
449 423
449 424
449 425
449 445
449 446
449 447
449 448
449 450
449 451
449 452
449 456
449 457
450 417
450 422
450 423
450 448
450 449
450 451
450 452
450 456
450 485
451 446
451 449
451 450
451 452
451 453
451 454
451 455
451 456
451 530
452 446
452 449
452 450
452 451
452 453
452 454
452 455
452 456
453 451
453 452
453 454
453 455
453 456
454 451
454 452
454 453
454 455
454 456
454 457
454 458
455 451
455 452
455 453
455 454
455 456
455 457
455 458
455 476
456 423
456 424
456 425
456 449
456 450
456 451
456 452
456 453
456 454
456 455
456 457
456 458
456 476
457 424
457 425
457 426
457 427
457 445
457 446
457 449
457 454
457 455
457 456
457 458
457 459
458 424
458 425
458 426
458 427
458 454
458 455
458 456
458 457
458 459
458 460
458 469
459 426
459 427
459 428
459 430
459 457
459 458
459 460
459 461
460 426
460 427
460 428
460 429
460 430
460 458
460 459
460 461
460 462
460 463
460 465
460 466
460 469
461 428
461 429
461 430
461 459
461 460
461 462
461 463
461 465
462 428
462 429
462 460
462 461
462 463
462 464
462 465
462 466
463 307
463 310
463 428
463 429
463 460
463 461
463 462
463 464
463 465
463 466
464 462
464 463
464 465
464 466
464 467
465 460
465 461
465 462
465 463
465 464
465 466
465 467
465 468
465 469
466 310
466 311
466 314
466 428
466 460
466 462
466 463
466 464
466 465
466 467
466 468
466 469
466 470
467 314
467 464
467 465
467 466
467 468
467 469
467 470
468 465
468 466
468 467
468 469
468 470
468 471
468 472
469 458
469 460
469 465
469 466
469 467
469 468
469 470
469 471
469 472
469 473
470 314
470 317
470 318
470 466
470 467
470 468
470 469
470 471
470 472
470 473
470 474
471 468
471 469
471 470
471 472
471 473
471 474
471 475
472 468
472 469
472 470
472 471
472 473
472 474
472 475
472 476
473 469
473 470
473 471
473 472
473 474
473 475
473 476
473 477
474 318
474 321
474 322
474 470
474 471
474 472
474 473
474 475
474 476
474 477
474 478
475 471
475 472
475 473
475 474
475 476
475 477
475 478
475 479
476 455
476 456
476 472
476 473
476 474
476 475
476 477
476 478
476 479
476 482
477 291
477 396
477 473
477 474
477 475
477 476
477 478
477 479
477 480
477 483
478 286
478 288
478 289
478 290
478 291
478 474
478 475
478 476
478 477
478 479
478 480
479 289
479 475
479 476
479 477
479 478
479 480
479 481
479 482
479 483
480 289
480 394
480 477
480 478
480 479
480 481
480 482
480 483
480 484
481 479
481 480
481 482
481 483
481 484
482 476
482 479
482 480
482 481
482 483
482 484
482 485
483 394
483 422
483 477
483 479
483 480
483 481
483 482
483 484
483 485
484 480
484 481
484 482
484 483
484 485
484 486
485 417
485 420
485 421
485 422
485 450
485 482
485 483
485 484
485 486
485 487
485 488
486 417
486 420
486 484
486 485
486 487
486 488
487 417
487 418
487 420
487 485
487 486
487 488
487 489
487 490
487 491
487 492
488 485
488 486
488 487
488 489
488 490
488 491
488 492
488 668
488 671
489 487
489 488
489 490
489 491
489 492
489 493
489 524
489 664
489 667
489 668
489 671
490 487
490 488
490 489
490 491
490 492
490 493
490 523
490 524
490 525
490 530
490 531
490 668
491 487
491 488
491 489
491 490
491 492
491 493
491 524
491 525
491 526
491 530
491 531
492 487
492 488
492 489
492 490
492 491
492 493
492 494
492 529
492 530
492 531
492 591
492 592
492 593
493 489
493 490
493 491
493 492
493 494
493 495
493 530
493 531
493 532
493 592
493 593
493 594
493 595
494 492
494 493
494 495
494 496
494 531
494 532
494 533
494 534
494 548
494 585
494 588
494 589
494 592
494 593
494 594
494 595
495 493
495 494
495 496
495 497
495 531
495 532
495 533
495 534
495 594
495 595
495 596
495 597
496 494
496 495
496 497
496 498
496 533
496 534
496 535
496 536
496 580
496 584
496 585
496 594
496 595
496 596
496 597
497 495
497 496
497 498
497 499
497 517
497 533
497 534
497 535
497 536
497 596
497 597
497 598
497 599
498 496
498 497
498 499
498 500
498 535
498 536
498 537
498 538
498 576
498 577
498 580
498 596
498 597
498 598
498 599
499 497
499 498
499 500
499 501
499 535
499 536
499 537
499 538
499 598
499 599
499 600
500 498
500 499
500 501
500 502
500 505
500 537
500 538
500 539
500 571
500 598
500 599
500 600
500 601
501 499
501 500
501 502
501 503
501 505
501 506
501 510
501 537
501 538
501 539
501 566
501 567
501 568
501 569
501 571
502 500
502 501
502 503
502 504
502 505
502 506
502 538
502 539
502 567
502 568
502 569
502 570
502 571
503 501
503 502
503 504
503 505
503 506
503 568
503 569
503 570
504 502
504 503
504 505
504 506
504 570
504 601
504 602
505 500
505 501
505 502
505 503
505 504
505 506
505 507
505 508
505 509
505 510
505 601
506 501
506 502
506 503
506 504
506 505
506 507
506 508
506 509
506 510
506 566
506 568
507 505
507 506
507 508
507 509
507 510
507 511
507 566
508 505
508 506
508 507
508 509
508 510
508 511
508 512
509 505
509 506
509 507
509 508
509 510
509 511
509 512
509 513
509 653
509 654
510 501
510 505
510 506
510 507
510 508
510 509
510 511
510 512
510 513
510 514
510 566
511 507
511 508
511 509
511 510
511 512
511 513
511 514
511 515
512 508
512 509
512 510
512 511
512 513
512 514
512 515
512 516
512 653
512 654
513 509
513 510
513 511
513 512
513 514
513 515
513 516
513 517
513 599
513 653
513 656
514 510
514 511
514 512
514 513
514 515
514 516
514 517
514 518
514 561
514 562
514 564
515 511
515 512
515 513
515 514
515 516
515 517
515 518
515 519
515 562
516 512
516 513
516 514
516 515
516 517
516 518
516 519
516 520
516 656
516 657
516 660
517 497
517 513
517 514
517 515
517 516
517 518
517 519
517 520
517 521
517 561
518 514
518 515
518 516
518 517
518 519
518 520
518 521
518 522
518 558
518 561
518 562
519 515
519 516
519 517
519 518
519 520
519 521
519 522
519 523
519 657
519 660
520 516
520 517
520 518
520 519
520 521
520 522
520 523
520 524
520 660
520 664
521 517
521 518
521 519
521 520
521 522
521 523
521 524
521 533
521 554
521 558
522 518
522 519
522 520
522 521
522 523
522 524
522 525
522 554
523 490
523 519
523 520
523 521
523 522
523 524
523 525
523 664
524 489
524 490
524 491
524 520
524 521
524 522
524 523
524 525
524 526
524 531
525 490
525 491
525 522
525 523
525 524
525 526
525 527
525 530
525 531
525 554
526 491
526 524
526 525
526 527
526 528
526 530
526 531
526 532
526 533
526 552
526 553
526 554
527 525
527 526
527 528
527 529
527 530
527 531
527 532
527 552
527 553
527 554
528 526
528 527
528 529
528 530
528 531
528 532
528 549
528 552
529 446
529 447
529 492
529 527
529 528
529 530
529 531
530 451
530 490
530 491
530 492
530 493
530 525
530 526
530 527
530 528
530 529
530 531
530 532
531 490
531 491
531 492
531 493
531 494
531 495
531 524
531 525
531 526
531 527
531 528
531 529
531 530
531 532
531 533
532 493
532 494
532 495
532 526
532 527
532 528
532 530
532 531
532 533
532 534
532 548
532 552
533 494
533 495
533 496
533 497
533 521
533 526
533 531
533 532
533 534
533 535
533 547
533 548
533 557
534 494
534 495
534 496
534 497
534 532
534 533
534 535
534 536
534 545
534 546
534 547
534 548
534 584
535 496
535 497
535 498
535 499
535 533
535 534
535 536
535 537
535 544
535 545
535 546
535 547
536 496
536 497
536 498
536 499
536 534
536 535
536 537
536 538
536 542
536 543
536 544
536 545
536 546
536 576
536 580
537 498
537 499
537 500
537 501
537 535
537 536
537 538
537 539
537 542
537 543
537 544
537 545
537 576
538 498
538 499
538 500
538 501
538 502
538 536
538 537
538 539
538 540
538 541
538 542
538 543
538 571
538 572
538 573
538 576
539 500
539 501
539 502
539 537
539 538
539 540
539 541
539 542
539 567
539 568
539 569
539 570
539 571
539 572
539 573
540 538
540 539
540 541
540 542
540 569
540 570
540 571
540 572
541 538
541 539
541 540
541 542
541 543
541 572
542 536
542 537
542 538
542 539
542 540
542 541
542 543
542 544
542 575
542 576
542 579
543 536
543 537
543 538
543 541
543 542
543 544
543 545
544 535
544 536
544 537
544 542
544 543
544 545
544 546
544 547
544 583
544 584
545 534
545 535
545 536
545 537
545 543
545 544
545 546
545 547
545 564
546 534
546 535
546 536
546 544
546 545
546 547
546 548
546 549
546 550
547 533
547 534
547 535
547 544
547 545
547 546
547 548
547 549
547 550
547 551
547 584
547 587
548 494
548 532
548 533
548 534
548 546
548 547
548 549
548 550
548 551
548 584
548 587
548 588
549 528
549 546
549 547
549 548
549 550
549 551
549 552
550 546
550 547
550 548
550 549
550 551
550 552
551 547
551 548
551 549
551 550
551 552
551 553
551 556
551 557
552 526
552 527
552 528
552 532
552 549
552 550
552 551
552 553
552 554
552 556
552 557
553 526
553 527
553 551
553 552
553 554
553 555
553 556
553 557
554 521
554 522
554 525
554 526
554 527
554 552
554 553
554 555
554 556
554 557
554 558
555 553
555 554
555 556
555 557
555 558
555 559
556 551
556 552
556 553
556 554
556 555
556 557
556 558
556 559
556 560
557 533
557 551
557 552
557 553
557 554
557 555
557 556
557 558
557 559
557 560
557 561
558 518
558 521
558 554
558 555
558 556
558 557
558 559
558 560
558 561
558 562
559 555
559 556
559 557
559 558
559 560
559 561
559 562
559 563
560 556
560 557
560 558
560 559
560 561
560 562
560 563
560 564
561 514
561 517
561 518
561 557
561 558
561 559
561 560
561 562
561 563
561 564
562 514
562 515
562 518
562 558
562 559
562 560
562 561
562 563
562 564
563 559
563 560
563 561
563 562
563 564
563 565
564 514
564 545
564 560
564 561
564 562
564 563
564 565
564 566
565 563
565 564
565 566
565 567
566 501
566 506
566 507
566 510
566 564
566 565
566 567
566 568
567 501
567 502
567 539
567 565
567 566
567 568
567 569
568 501
568 502
568 503
568 506
568 539
568 566
568 567
568 569
568 570
569 501
569 502
569 503
569 539
569 540
569 567
569 568
569 570
569 571
570 502
570 503
570 504
570 539
570 540
570 568
570 569
570 571
570 572
570 605
571 500
571 501
571 502
571 538
571 539
571 540
571 569
571 570
571 572
571 573
571 602
571 603
571 604
571 605
572 538
572 539
572 540
572 541
572 570
572 571
572 573
572 574
572 575
572 576
572 604
572 605
572 606
573 538
573 539
573 571
573 572
573 574
573 575
573 576
573 577
573 604
573 605
573 606
573 608
574 572
574 573
574 575
574 576
574 577
574 578
574 604
574 606
574 607
574 608
574 609
574 610
574 611
574 612
575 542
575 572
575 573
575 574
575 576
575 577
575 578
575 579
575 606
575 608
575 611
576 498
576 536
576 537
576 538
576 542
576 572
576 573
576 574
576 575
576 577
576 578
576 579
576 580
577 498
577 573
577 574
577 575
577 576
577 578
577 579
577 580
577 581
577 608
577 611
577 612
577 615
578 574
578 575
578 576
578 577
578 579
578 580
578 581
578 582
578 611
578 614
578 615
579 542
579 575
579 576
579 577
579 578
579 580
579 581
579 582
579 583
579 584
580 496
580 498
580 536
580 576
580 577
580 578
580 579
580 581
580 582
580 583
580 584
580 585
581 577
581 578
581 579
581 580
581 582
581 583
581 584
581 585
581 586
581 615
582 578
582 579
582 580
582 581
582 583
582 584
582 585
582 586
583 544
583 579
583 580
583 581
583 582
583 584
583 585
583 586
583 587
584 496
584 534
584 544
584 547
584 548
584 579
584 580
584 581
584 582
584 583
584 585
584 586
584 587
584 588
585 494
585 496
585 580
585 581
585 582
585 583
585 584
585 586
585 587
585 588
585 594
585 620
586 581
586 582
586 583
586 584
586 585
586 587
586 588
587 547
587 548
587 583
587 584
587 585
587 586
587 588
587 589
588 494
588 548
588 584
588 585
588 586
588 587
588 589
588 590
588 592
588 594
589 494
589 587
589 588
589 590
589 591
589 592
590 588
590 589
590 591
590 592
591 492
591 589
591 590
591 592
591 593
592 492
592 493
592 494
592 588
592 589
592 590
592 591
592 593
592 594
593 492
593 493
593 494
593 591
593 592
593 594
593 595
593 620
593 621
594 493
594 494
594 495
594 496
594 585
594 588
594 592
594 593
594 595
594 596
594 619
594 620
594 621
595 493
595 494
595 495
595 496
595 593
595 594
595 596
595 597
595 620
595 621
595 622
595 623
596 495
596 496
596 497
596 498
596 594
596 595
596 597
596 598
596 620
596 621
596 622
596 623
597 495
597 496
597 497
597 498
597 595
597 596
597 598
597 599
597 622
597 623
597 624
597 625
598 497
598 498
598 499
598 500
598 596
598 597
598 599
598 600
598 622
598 623
598 624
598 625
599 497
599 498
599 499
599 500
599 513
599 597
599 598
599 600
599 601
599 624
599 625
599 626
599 627
600 499
600 500
600 598
600 599
600 601
600 602
600 625
600 626
600 627
600 630
601 500
601 504
601 505
601 599
601 600
601 602
601 603
601 626
601 627
601 628
601 629
601 630
602 504
602 571
602 600
602 601
602 603
602 604
602 626
602 627
602 628
602 629
602 630
602 631
603 571
603 601
603 602
603 604
603 605
603 629
603 630
603 631
603 634
604 571
604 572
604 573
604 574
604 602
604 603
604 605
604 606
604 607
604 608
604 634
605 570
605 571
605 572
605 573
605 603
605 604
605 606
605 607
606 572
606 573
606 574
606 575
606 604
606 605
606 607
606 608
607 574
607 604
607 605
607 606
607 608
607 609
607 610
607 611
608 573
608 574
608 575
608 577
608 604
608 606
608 607
608 609
608 610
608 611
608 612
608 634
608 637
608 638
609 574
609 607
609 608
609 610
609 611
609 612
609 613
609 637
609 638
610 574
610 607
610 608
610 609
610 611
610 612
610 613
610 614
611 574
611 575
611 577
611 578
611 607
611 608
611 609
611 610
611 612
611 613
611 614
611 615
612 574
612 577
612 608
612 609
612 610
612 611
612 613
612 614
612 615
612 616
612 637
612 638
612 639
613 609
613 610
613 611
613 612
613 614
613 615
613 616
613 617
613 638
614 578
614 610
614 611
614 612
614 613
614 615
614 616
614 617
614 618
615 577
615 578
615 581
615 611
615 612
615 613
615 614
615 616
615 617
615 618
615 619
615 620
615 621
615 622
616 612
616 613
616 614
616 615
616 617
616 618
616 619
616 620
616 621
616 622
616 640
617 613
617 614
617 615
617 616
617 618
617 619
617 620
618 614
618 615
618 616
618 617
618 619
618 620
619 594
619 615
619 616
619 617
619 618
619 620
619 621
620 585
620 593
620 594
620 595
620 596
620 615
620 616
620 617
620 618
620 619
620 621
620 622
621 593
621 594
621 595
621 596
621 615
621 616
621 619
621 620
621 622
621 623
621 639
621 640
622 595
622 596
622 597
622 598
622 615
622 616
622 620
622 621
622 623
622 624
622 638
622 639
622 640
622 646
623 595
623 596
623 597
623 598
623 621
623 622
623 624
623 625
623 638
623 639
623 640
623 646
623 647
623 648
624 597
624 598
624 599
624 622
624 623
624 625
624 626
624 635
624 636
624 638
624 639
624 646
624 647
624 648
625 597
625 598
625 599
625 600
625 623
625 624
625 626
625 627
625 635
625 647
625 648
625 649
625 650
626 599
626 600
626 601
626 602
626 624
626 625
626 627
626 628
626 629
626 630
626 631
626 632
626 635
626 647
626 648
626 649
626 650
627 599
627 600
627 601
627 602
627 625
627 626
627 628
627 629
627 630
627 649
627 650
627 651
627 652
627 653
628 601
628 602
628 626
628 627
628 629
628 630
628 649
628 650
628 651
628 652
628 653
629 601
629 602
629 603
629 626
629 627
629 628
629 630
629 631
630 600
630 601
630 602
630 603
630 626
630 627
630 628
630 629
630 631
630 632
630 635
630 649
631 602
631 603
631 626
631 629
631 630
631 632
631 633
631 634
631 635
632 626
632 630
632 631
632 633
632 634
632 635
632 636
632 649
633 631
633 632
633 634
633 635
633 636
633 637
634 603
634 604
634 608
634 631
634 632
634 633
634 635
634 636
634 637
634 638
635 624
635 625
635 626
635 630
635 631
635 632
635 633
635 634
635 636
635 637
635 638
635 639
635 647
635 648
636 624
636 632
636 633
636 634
636 635
636 637
636 638
636 639
636 643
636 644
636 647
637 608
637 609
637 612
637 633
637 634
637 635
637 636
637 638
637 639
637 640
637 643
638 608
638 609
638 612
638 613
638 622
638 623
638 624
638 634
638 635
638 636
638 637
638 639
638 640
638 647
639 612
639 621
639 622
639 623
639 624
639 635
639 636
639 637
639 638
639 640
639 641
639 642
639 643
639 646
639 647
640 616
640 621
640 622
640 623
640 637
640 638
640 639
640 641
640 642
640 643
640 646
641 639
641 640
641 642
641 643
641 644
641 645
641 646
642 639
642 640
642 641
642 643
642 644
642 645
642 646
643 636
643 637
643 639
643 640
643 641
643 642
643 644
643 645
643 646
643 647
644 636
644 641
644 642
644 643
644 645
644 646
644 647
644 648
645 641
645 642
645 643
645 644
645 646
645 647
645 666
646 622
646 623
646 624
646 639
646 640
646 641
646 642
646 643
646 644
646 645
646 647
646 648
646 663
646 666
647 623
647 624
647 625
647 626
647 635
647 636
647 638
647 639
647 643
647 644
647 645
647 646
647 648
647 649
648 623
648 624
648 625
648 626
648 635
648 644
648 646
648 647
648 649
648 650
649 625
649 626
649 627
649 628
649 630
649 632
649 647
649 648
649 650
649 651
650 625
650 626
650 627
650 628
650 648
650 649
650 651
650 652
650 653
650 655
650 656
651 627
651 628
651 649
651 650
651 652
651 653
651 655
652 627
652 628
652 650
652 651
652 653
652 654
652 655
652 656
653 509
653 512
653 513
653 627
653 628
653 650
653 651
653 652
653 654
653 655
653 656
654 509
654 512
654 652
654 653
654 655
654 656
654 657
655 650
655 651
655 652
655 653
655 654
655 656
655 657
655 658
655 659
656 513
656 516
656 650
656 652
656 653
656 654
656 655
656 657
656 658
656 659
656 660
657 516
657 519
657 654
657 655
657 656
657 658
657 659
657 660
658 655
658 656
658 657
658 659
658 660
658 661
659 655
659 656
659 657
659 658
659 660
659 661
659 662
659 663
660 516
660 519
660 520
660 656
660 657
660 658
660 659
660 661
660 662
660 663
660 664
661 658
661 659
661 660
661 662
661 663
661 664
661 665
662 659
662 660
662 661
662 663
662 664
662 665
662 666
663 646
663 659
663 660
663 661
663 662
663 664
663 665
663 666
663 667
664 489
664 520
664 523
664 660
664 661
664 662
664 663
664 665
664 666
664 667
664 668
665 661
665 662
665 663
665 664
665 666
665 667
665 668
665 669
666 645
666 646
666 662
666 663
666 664
666 665
666 667
666 668
666 669
666 670
667 489
667 663
667 664
667 665
667 666
667 668
667 669
667 670
667 671
668 488
668 489
668 490
668 664
668 665
668 666
668 667
668 669
668 670
668 671
668 672
669 665
669 666
669 667
669 668
669 670
669 671
669 672
669 673
670 666
670 667
670 668
670 669
670 671
670 672
670 673
670 674
671 488
671 489
671 667
671 668
671 669
671 670
671 672
671 673
671 674
671 675
672 668
672 669
672 670
672 671
672 673
672 674
672 675
673 669
673 670
673 671
673 672
673 674
673 675
674 670
674 671
674 672
674 673
674 675
674 676
675 671
675 672
675 673
675 674
675 676
675 677
676 418
676 674
676 675
676 677
677 675
677 676
