0 1
0 2
1 0
1 2
1 3
2 0
2 1
2 3
2 4
3 1
3 2
3 4
3 5
4 2
4 3
4 5
4 6
5 3
5 4
5 6
5 7
6 4
6 5
6 7
6 8
7 5
7 6
7 8
7 9
8 6
8 7
8 9
8 10
9 7
9 8
9 10
9 11
10 8
10 9
10 11
10 12
11 9
11 10
11 12
11 13
12 10
12 11
12 13
12 14
13 11
13 12
13 14
13 15
14 12
14 13
14 15
14 16
15 13
15 14
15 16
15 17
16 14
16 15
16 17
16 18
17 15
17 16
17 18
17 19
18 16
18 17
18 19
18 20
19 17
19 18
19 20
19 21
20 18
20 19
20 21
20 22
21 19
21 20
21 22
21 23
22 20
22 21
22 23
22 24
23 21
23 22
23 24
23 25
24 22
24 23
24 25
24 26
25 23
25 24
25 26
25 27
26 24
26 25
26 27
26 28
27 25
27 26
27 28
27 29
28 26
28 27
28 29
28 30
29 27
29 28
29 30
29 31
30 28
30 29
30 31
30 32
30 33
31 29
31 30
31 32
31 33
32 30
32 31
32 33
32 34
33 30
33 31
33 32
33 34
33 35
33 36
33 37
33 38
34 32
34 33
34 35
34 36
34 37
34 38
35 33
35 34
35 36
35 37
35 38
35 39
36 33
36 34
36 35
36 37
36 38
36 39
36 40
37 33
37 34
37 35
37 36
37 38
37 39
37 40
37 41
37 338
37 339
38 33
38 34
38 35
38 36
38 37
38 39
38 40
38 41
38 42
39 35
39 36
39 37
39 38
39 40
39 41
39 42
39 43
40 36
40 37
40 38
40 39
40 41
40 42
40 43
40 44
40 339
41 37
41 38
41 39
41 40
41 42
41 43
41 44
41 45
41 339
42 38
42 39
42 40
42 41
42 43
42 44
42 45
42 46
43 39
43 40
43 41
43 42
43 44
43 45
43 46
43 47
44 40
44 41
44 42
44 43
44 45
44 46
44 47
44 48
44 224
45 41
45 42
45 43
45 44
45 46
45 47
45 48
45 49
46 42
46 43
46 44
46 45
46 47
46 48
46 49
46 50
47 43
47 44
47 45
47 46
47 48
47 49
47 50
47 51
48 44
48 45
48 46
48 47
48 49
48 50
48 51
48 52
49 45
49 46
49 47
49 48
49 50
49 51
49 52
49 53
50 46
50 47
50 48
50 49
50 51
50 52
50 53
51 47
51 48
51 49
51 50
51 52
51 53
52 48
52 49
52 50
52 51
52 53
52 54
53 49
53 50
53 51
53 52
53 54
53 55
54 52
54 53
54 55
54 56
55 53
55 54
55 56
55 57
56 54
56 55
56 57
56 58
56 60
56 61
57 55
57 56
57 58
57 59
57 60
57 61
58 56
58 57
58 59
58 60
58 61
58 62
59 57
59 58
59 60
59 61
59 62
59 63
60 56
60 57
60 58
60 59
60 61
60 62
60 63
60 64
61 56
61 57
61 58
61 59
61 60
61 62
61 63
61 64
61 65
62 58
62 59
62 60
62 61
62 63
62 64
62 65
62 66
63 59
63 60
63 61
63 62
63 64
63 65
63 66
63 67
63 127
63 128
64 60
64 61
64 62
64 63
64 65
64 66
64 67
64 68
65 61
65 62
65 63
65 64
65 66
65 67
65 68
65 69
66 62
66 63
66 64
66 65
66 67
66 68
66 69
66 70
66 124
66 128
67 63
67 64
67 65
67 66
67 68
67 69
67 70
67 71
67 125
67 128
68 64
68 65
68 66
68 67
68 69
68 70
68 71
68 72
69 65
69 66
69 67
69 68
69 70
69 71
69 72
69 75
70 66
70 67
70 68
70 69
70 71
70 72
70 75
70 76
70 121
70 124
70 125
71 67
71 68
71 69
71 70
71 72
71 73
71 75
71 76
71 199
72 68
72 69
72 70
72 71
72 73
72 74
72 75
72 76
72 199
73 71
73 72
73 74
73 75
73 76
73 77
73 196
73 199
73 200
74 72
74 73
74 75
74 76
74 77
74 78
75 69
75 70
75 71
75 72
75 73
75 74
75 76
75 77
75 78
75 79
76 70
76 71
76 72
76 73
76 74
76 75
76 77
76 78
76 79
76 80
76 192
76 195
76 196
77 73
77 74
77 75
77 76
77 78
77 79
77 80
77 81
77 196
78 74
78 75
78 76
78 77
78 79
78 80
78 81
78 82
79 75
79 76
79 77
79 78
79 80
79 81
79 82
79 83
79 118
79 192
80 76
80 77
80 78
80 79
80 81
80 82
80 83
80 84
80 189
80 192
81 77
81 78
81 79
81 80
81 82
81 83
81 84
81 85
82 78
82 79
82 80
82 81
82 83
82 84
82 85
82 86
82 114
83 79
83 80
83 81
83 82
83 84
83 85
83 86
83 87
83 114
83 185
83 186
83 188
83 189
84 80
84 81
84 82
84 83
84 85
84 86
84 87
84 88
84 186
85 81
85 82
85 83
85 84
85 86
85 87
85 88
85 89
86 82
86 83
86 84
86 85
86 87
86 88
86 89
86 90
86 111
86 114
87 83
87 84
87 85
87 86
87 88
87 89
87 90
87 91
87 182
87 183
87 185
87 186
88 84
88 85
88 86
88 87
88 89
88 90
88 91
88 92
89 85
89 86
89 87
89 88
89 90
89 91
89 92
89 93
89 107
89 111
90 86
90 87
90 88
90 89
90 91
90 92
90 93
90 94
90 182
90 183
91 87
91 88
91 89
91 90
91 92
91 93
91 94
91 95
92 88
92 89
92 90
92 91
92 93
92 94
92 95
92 96
92 97
93 89
93 90
93 91
93 92
93 94
93 95
93 96
93 97
93 103
94 90
94 91
94 92
94 93
94 95
94 96
94 97
94 98
95 91
95 92
95 93
95 94
95 96
95 97
95 98
96 92
96 93
96 94
96 95
96 97
96 98
97 92
97 93
97 94
97 95
97 96
97 98
97 99
97 100
97 101
97 102
97 103
98 94
98 95
98 96
98 97
98 99
98 100
99 97
99 98
99 100
99 101
100 97
100 98
100 99
100 101
100 102
101 97
101 99
101 100
101 102
101 103
102 97
102 100
102 101
102 103
102 104
103 93
103 97
103 101
103 102
103 104
103 105
103 107
103 108
104 102
104 103
104 105
104 106
104 107
104 108
105 103
105 104
105 106
105 107
105 108
105 109
106 104
106 105
106 107
106 108
106 109
106 110
107 89
107 103
107 104
107 105
107 106
107 108
107 109
107 110
107 111
108 103
108 104
108 105
108 106
108 107
108 109
108 110
108 111
108 112
108 154
108 158
109 105
109 106
109 107
109 108
109 110
109 111
109 112
109 113
110 106
110 107
110 108
110 109
110 111
110 112
110 113
110 114
111 86
111 89
111 107
111 108
111 109
111 110
111 112
111 113
111 114
111 115
111 154
112 108
112 109
112 110
112 111
112 113
112 114
112 115
112 116
112 151
112 154
112 155
113 109
113 110
113 111
113 112
113 114
113 115
113 116
113 117
114 82
114 83
114 86
114 110
114 111
114 112
114 113
114 115
114 116
114 117
114 118
115 111
115 112
115 113
115 114
115 116
115 117
115 118
115 119
115 147
115 150
115 151
116 112
116 113
116 114
116 115
116 117
116 118
116 119
116 120
116 151
117 113
117 114
117 115
117 116
117 118
117 119
117 120
117 121
118 79
118 114
118 115
118 116
118 117
118 119
118 120
118 121
118 122
118 147
119 115
119 116
119 117
119 118
119 120
119 121
119 122
119 123
119 144
119 147
119 148
120 116
120 117
120 118
120 119
120 121
120 122
120 123
120 124
121 70
121 117
121 118
121 119
121 120
121 122
121 123
121 124
121 125
122 118
122 119
122 120
122 121
122 123
122 124
122 125
122 126
122 144
123 119
123 120
123 121
123 122
123 124
123 125
123 126
123 127
124 66
124 70
124 120
124 121
124 122
124 123
124 125
124 126
124 127
124 128
125 67
125 70
125 121
125 122
125 123
125 124
125 126
125 127
125 128
125 129
125 130
125 134
126 122
126 123
126 124
126 125
126 127
126 128
126 129
126 130
126 131
126 134
127 63
127 123
127 124
127 125
127 126
127 128
127 129
127 130
127 131
128 63
128 66
128 67
128 124
128 125
128 126
128 127
128 129
128 130
129 125
129 126
129 127
129 128
129 130
129 131
129 133
129 134
130 125
130 126
130 127
130 128
130 129
130 131
130 132
130 133
130 134
131 126
131 127
131 129
131 130
131 132
131 133
131 134
131 135
132 130
132 131
132 133
132 134
132 135
132 136
133 129
133 130
133 131
133 132
133 134
133 135
133 136
133 137
134 125
134 126
134 129
134 130
134 131
134 132
134 133
134 135
134 136
134 137
134 140
135 131
135 132
135 133
135 134
135 136
135 137
135 138
135 140
135 141
136 132
136 133
136 134
136 135
136 137
136 138
136 140
136 141
137 133
137 134
137 135
137 136
137 138
137 139
137 140
137 141
138 135
138 136
138 137
138 139
138 140
138 141
138 142
139 137
139 138
139 140
139 141
139 142
139 143
139 191
140 134
140 135
140 136
140 137
140 138
140 139
140 141
140 142
140 143
140 144
140 191
141 135
141 136
141 137
141 138
141 139
141 140
141 142
141 143
141 144
141 145
142 138
142 139
142 140
142 141
142 143
142 144
142 145
142 146
143 139
143 140
143 141
143 142
143 144
143 145
143 146
143 147
143 188
143 191
144 119
144 122
144 140
144 141
144 142
144 143
144 145
144 146
144 147
144 148
145 141
145 142
145 143
145 144
145 146
145 147
145 148
145 149
146 142
146 143
146 144
146 145
146 147
146 148
146 149
146 150
146 184
146 185
146 187
146 188
147 115
147 118
147 119
147 143
147 144
147 145
147 146
147 148
147 149
147 150
147 151
147 185
147 188
148 119
148 144
148 145
148 146
148 147
148 149
148 150
148 151
148 152
149 145
149 146
149 147
149 148
149 150
149 151
149 152
149 153
150 115
150 146
150 147
150 148
150 149
150 151
150 152
150 153
150 154
150 179
150 181
150 182
150 184
150 185
151 112
151 115
151 116
151 147
151 148
151 149
151 150
151 152
151 153
151 154
151 155
152 148
152 149
152 150
152 151
152 153
152 154
152 155
152 156
153 149
153 150
153 151
153 152
153 154
153 155
153 156
153 157
153 178
153 179
154 108
154 111
154 112
154 150
154 151
154 152
154 153
154 155
154 156
154 157
154 158
154 179
155 112
155 151
155 152
155 153
155 154
155 156
155 157
155 158
155 159
156 152
156 153
156 154
156 155
156 157
156 158
156 159
156 160
157 153
157 154
157 155
157 156
157 158
157 159
157 160
157 161
157 175
158 108
158 154
158 155
158 156
158 157
158 159
158 160
158 161
158 162
159 155
159 156
159 157
159 158
159 160
159 161
159 162
159 163
160 156
160 157
160 158
160 159
160 161
160 162
160 163
160 164
160 165
161 157
161 158
161 159
161 160
161 162
161 163
161 164
161 165
161 166
162 158
162 159
162 160
162 161
162 163
162 164
163 159
163 160
163 161
163 162
163 164
163 165
164 160
164 161
164 162
164 163
164 165
164 166
164 167
165 160
165 161
165 163
165 164
165 166
165 167
165 168
165 171
166 161
166 164
166 165
166 167
166 168
166 169
167 164
167 165
167 166
167 168
167 169
168 165
168 166
168 167
168 169
168 170
168 171
168 172
169 166
169 167
169 168
169 170
169 171
169 172
169 173
170 168
170 169
170 171
170 172
170 173
170 174
171 165
171 168
171 169
171 170
171 172
171 173
171 174
171 175
172 168
172 169
172 170
172 171
172 173
172 174
172 175
172 176
173 169
173 170
173 171
173 172
173 174
173 175
173 176
173 177
174 170
174 171
174 172
174 173
174 175
174 176
174 177
174 178
175 157
175 171
175 172
175 173
175 174
175 176
175 177
175 178
175 179
176 172
176 173
176 174
176 175
176 177
176 178
176 179
176 180
177 173
177 174
177 175
177 176
177 178
177 179
177 180
177 181
178 153
178 174
178 175
178 176
178 177
178 179
178 180
178 181
179 150
179 153
179 154
179 175
179 176
179 177
179 178
179 180
179 181
179 182
179 183
180 176
180 177
180 178
180 179
180 181
180 182
180 183
180 184
181 150
181 177
181 178
181 179
181 180
181 182
181 183
181 184
182 87
182 90
182 150
182 179
182 180
182 181
182 183
182 184
182 185
183 87
183 90
183 179
183 180
183 181
183 182
183 184
183 185
183 186
184 146
184 150
184 180
184 181
184 182
184 183
184 185
184 186
184 187
184 188
185 83
185 87
185 146
185 147
185 150
185 182
185 183
185 184
185 186
185 187
185 188
185 189
186 83
186 84
186 87
186 183
186 184
186 185
186 187
186 188
186 189
186 190
187 146
187 184
187 185
187 186
187 188
187 189
187 190
187 191
188 83
188 143
188 146
188 147
188 184
188 185
188 186
188 187
188 189
188 190
188 191
188 192
189 80
189 83
189 185
189 186
189 187
189 188
189 190
189 191
189 192
189 193
190 186
190 187
190 188
190 189
190 191
190 192
190 193
190 194
191 139
191 140
191 143
191 187
191 188
191 189
191 190
191 192
191 193
191 194
191 195
192 76
192 79
192 80
192 188
192 189
192 190
192 191
192 193
192 194
192 195
192 196
193 189
193 190
193 191
193 192
193 194
193 195
193 196
193 197
194 190
194 191
194 192
194 193
194 195
194 196
194 197
194 198
195 76
195 191
195 192
195 193
195 194
195 196
195 197
195 198
195 199
196 73
196 76
196 77
196 192
196 193
196 194
196 195
196 197
196 198
196 199
196 200
197 193
197 194
197 195
197 196
197 198
197 199
197 200
197 201
197 240
197 241
198 194
198 195
198 196
198 197
198 199
198 200
198 201
198 202
198 217
198 240
198 241
199 71
199 72
199 73
199 195
199 196
199 197
199 198
199 200
199 201
199 202
199 203
200 73
200 196
200 197
200 198
200 199
200 201
200 202
200 203
200 204
200 240
200 241
200 242
201 197
201 198
201 199
201 200
201 202
201 203
201 204
201 205
201 219
201 240
201 241
201 242
201 243
202 198
202 199
202 200
202 201
202 203
202 204
202 205
202 206
202 241
203 199
203 200
203 201
203 202
203 204
203 205
203 206
204 200
204 201
204 202
204 203
204 205
204 206
204 241
204 242
205 201
205 202
205 203
205 204
205 206
205 207
205 208
205 210
205 219
205 321
206 202
206 203
206 204
206 205
206 207
206 208
207 205
207 206
207 208
207 209
207 355
207 356
207 357
207 359
207 360
207 362
207 364
208 205
208 206
208 207
208 209
208 210
208 219
208 354
208 355
208 356
208 364
209 207
209 208
209 210
209 211
209 219
209 220
209 221
209 353
209 354
209 355
209 356
210 205
210 208
210 209
210 211
210 212
210 217
210 218
210 219
210 220
210 221
211 209
211 210
211 212
211 213
211 216
211 217
211 218
211 219
211 220
211 221
212 210
212 211
212 213
212 214
212 215
212 216
212 217
212 218
213 211
213 212
213 214
213 215
213 216
213 217
214 212
214 213
214 215
214 216
215 212
215 213
215 214
215 216
215 217
216 211
216 212
216 213
216 214
216 215
216 217
216 218
216 247
216 251
217 198
217 210
217 211
217 212
217 213
217 215
217 216
217 218
217 219
218 210
218 211
218 212
218 216
218 217
218 219
218 220
218 243
218 247
218 248
219 201
219 205
219 208
219 209
219 210
219 211
219 217
219 218
219 220
219 221
219 230
219 231
219 242
219 243
219 322
220 209
220 210
220 211
220 218
220 219
220 221
220 222
220 228
220 229
220 230
220 231
220 322
221 209
221 210
221 211
221 219
221 220
221 222
221 223
221 228
221 229
221 230
221 353
221 354
222 220
222 221
222 223
222 224
222 225
222 226
222 227
222 228
222 229
222 353
223 221
223 222
223 224
223 225
223 226
223 227
223 228
223 229
223 350
223 353
223 354
224 44
224 222
224 223
224 225
224 226
224 227
224 228
225 222
225 223
225 224
225 226
225 227
225 228
225 314
226 222
226 223
226 224
226 225
226 227
226 228
226 312
226 313
226 314
226 315
227 222
227 223
227 224
227 225
227 226
227 228
227 229
227 314
227 315
227 316
227 317
227 330
228 220
228 221
228 222
228 223
228 224
228 225
228 226
228 227
228 229
228 230
228 314
228 315
228 316
228 317
229 220
229 221
229 222
229 223
229 227
229 228
229 230
229 231
229 316
229 317
229 318
229 322
229 326
229 327
229 330
230 219
230 220
230 221
230 228
230 229
230 231
230 232
230 316
230 317
230 318
230 319
230 321
230 322
230 326
231 219
231 220
231 229
231 230
231 232
231 233
231 242
231 243
231 318
231 319
231 320
231 321
231 322
231 323
232 230
232 231
232 233
232 234
232 242
232 243
232 318
232 319
232 320
232 321
232 322
233 231
233 232
233 234
233 235
233 239
233 242
233 243
233 244
233 245
233 248
234 232
234 233
234 235
234 236
234 238
234 239
234 242
234 243
234 244
234 245
234 271
235 233
235 234
235 236
235 237
235 238
235 239
235 244
235 245
236 234
236 235
236 237
236 238
236 239
236 240
237 235
237 236
237 238
237 239
237 240
238 234
238 235
238 236
238 237
238 239
238 240
238 241
238 242
239 233
239 234
239 235
239 236
239 237
239 238
239 240
239 241
239 242
239 243
239 244
239 245
240 197
240 198
240 200
240 201
240 236
240 237
240 238
240 239
240 241
240 242
240 243
240 244
241 197
241 198
241 200
241 201
241 202
241 204
241 238
241 239
241 240
241 242
241 243
242 200
242 201
242 204
242 219
242 231
242 232
242 233
242 234
242 238
242 239
242 240
242 241
242 243
242 244
243 201
243 218
243 219
243 231
243 232
243 233
243 234
243 239
243 240
243 241
243 242
243 244
243 245
243 247
243 248
244 233
244 234
244 235
244 239
244 240
244 242
244 243
244 245
244 246
244 247
244 248
245 233
245 234
245 235
245 239
245 243
245 244
245 246
245 247
245 248
245 249
245 275
246 244
246 245
246 247
246 248
246 249
246 250
246 275
247 216
247 218
247 243
247 244
247 245
247 246
247 248
247 249
247 250
247 251
248 218
248 233
248 243
248 244
248 245
248 246
248 247
248 249
248 250
248 251
248 252
249 245
249 246
249 247
249 248
249 250
249 251
249 252
249 253
249 275
249 276
250 246
250 247
250 248
250 249
250 251
250 252
250 253
250 254
251 216
251 247
251 248
251 249
251 250
251 252
251 253
251 254
251 255
251 256
252 248
252 249
252 250
252 251
252 253
252 254
252 255
252 256
252 257
252 260
253 249
253 250
253 251
253 252
253 254
253 255
253 256
253 257
253 258
254 250
254 251
254 252
254 253
254 255
254 256
254 257
255 251
255 252
255 253
255 254
255 256
255 257
256 251
256 252
256 253
256 254
256 255
256 257
256 258
256 259
256 260
256 312
256 313
256 314
257 252
257 253
257 254
257 255
257 256
257 258
257 259
257 260
258 253
258 256
258 257
258 259
258 260
259 256
259 257
259 258
259 260
259 261
259 310
259 312
259 313
259 314
260 252
260 256
260 257
260 258
260 259
260 261
260 262
260 279
260 313
260 314
260 315
260 316
261 259
261 260
261 262
261 263
261 279
261 280
261 281
261 306
261 313
261 314
261 315
261 316
262 260
262 261
262 263
262 264
262 276
262 279
262 280
262 281
262 315
262 316
262 317
262 318
263 261
263 262
263 264
263 265
263 280
263 281
263 282
263 283
263 315
263 316
263 317
263 318
264 262
264 263
264 265
264 266
264 270
264 280
264 281
264 282
264 283
264 317
264 318
264 319
265 263
265 264
265 266
265 267
265 282
265 283
265 284
265 285
265 317
265 318
265 319
265 325
265 326
266 264
266 265
266 267
266 268
266 269
266 270
266 282
266 283
266 284
266 285
266 286
266 287
266 318
266 319
266 320
267 265
267 266
267 268
267 269
267 270
267 283
267 284
267 285
267 286
267 287
268 266
268 267
268 269
268 270
268 284
268 286
268 287
269 266
269 267
269 268
269 270
269 271
270 264
270 266
270 267
270 268
270 269
270 271
270 272
271 234
271 269
271 270
271 272
271 273
272 270
272 271
272 273
272 274
272 275
273 271
273 272
273 274
273 275
273 276
273 277
273 278
273 279
273 280
274 272
274 273
274 275
274 276
274 277
274 278
275 245
275 246
275 249
275 272
275 273
275 274
275 276
275 277
275 278
276 249
276 262
276 273
276 274
276 275
276 277
276 278
276 279
276 280
277 273
277 274
277 275
277 276
277 278
277 279
278 273
278 274
278 275
278 276
278 277
278 279
278 280
279 260
279 261
279 262
279 273
279 276
279 277
279 278
279 280
279 281
280 261
280 262
280 263
280 264
280 273
280 276
280 278
280 279
280 281
280 282
281 261
281 262
281 263
281 264
281 279
281 280
281 282
281 283
282 263
282 264
282 265
282 266
282 280
282 281
282 283
282 284
283 263
283 264
283 265
283 266
283 267
283 281
283 282
283 284
283 285
283 291
283 295
284 265
284 266
284 267
284 268
284 282
284 283
284 285
284 286
284 291
285 265
285 266
285 267
285 283
285 284
285 286
285 287
285 289
285 290
285 291
285 325
286 266
286 267
286 268
286 284
286 285
286 287
286 288
286 289
286 290
287 266
287 267
287 268
287 285
287 286
287 288
287 289
287 320
287 325
287 471
288 286
288 287
288 289
288 290
288 324
288 325
288 367
288 368
288 470
288 471
289 285
289 286
289 287
289 288
289 290
289 291
289 325
289 368
289 370
289 371
290 285
290 286
290 288
290 289
290 291
290 292
290 325
290 328
290 370
290 371
290 374
290 478
291 283
291 284
291 285
291 289
291 290
291 292
291 293
291 295
291 296
291 325
292 290
292 291
292 293
292 294
292 295
292 296
292 456
293 291
293 292
293 294
293 295
293 296
293 297
293 374
293 377
293 378
293 389
293 455
293 456
294 292
294 293
294 295
294 296
294 297
294 298
294 389
295 283
295 291
295 292
295 293
295 294
295 296
295 297
295 298
295 299
296 291
296 292
296 293
296 294
296 295
296 297
296 298
296 299
296 300
296 329
296 332
296 378
297 293
297 294
297 295
297 296
297 298
297 299
297 300
297 301
297 378
297 387
298 294
298 295
298 296
298 297
298 299
298 300
298 301
298 302
299 295
299 296
299 297
299 298
299 300
299 301
299 302
299 303
300 296
300 297
300 298
300 299
300 301
300 302
300 303
300 304
300 332
300 333
300 336
301 297
301 298
301 299
301 300
301 302
301 303
301 304
301 305
302 298
302 299
302 300
302 301
302 303
302 304
302 305
302 306
303 299
303 300
303 301
303 302
303 304
303 305
303 306
303 307
303 315
304 300
304 301
304 302
304 303
304 305
304 306
304 307
304 308
305 301
305 302
305 303
305 304
305 306
305 307
305 308
305 309
306 261
306 302
306 303
306 304
306 305
306 307
306 308
306 309
306 310
306 313
307 303
307 304
307 305
307 306
307 308
307 309
307 310
307 311
307 313
307 314
307 315
308 304
308 305
308 306
308 307
308 309
308 310
308 311
308 313
309 305
309 306
309 307
309 308
309 310
309 311
309 313
310 259
310 306
310 307
310 308
310 309
310 311
310 312
310 313
311 307
311 308
311 309
311 310
311 312
311 313
312 226
312 256
312 259
312 310
312 311
312 313
312 314
313 226
313 256
313 259
313 260
313 261
313 306
313 307
313 308
313 309
313 310
313 311
313 312
313 314
313 315
314 225
314 226
314 227
314 228
314 256
314 259
314 260
314 261
314 307
314 312
314 313
314 315
314 316
315 226
315 227
315 228
315 260
315 261
315 262
315 263
315 303
315 307
315 313
315 314
315 316
315 317
316 227
316 228
316 229
316 230
316 260
316 261
316 262
316 263
316 314
316 315
316 317
316 318
317 227
317 228
317 229
317 230
317 262
317 263
317 264
317 265
317 315
317 316
317 318
317 319
317 322
317 326
317 330
318 229
318 230
318 231
318 232
318 262
318 263
318 264
318 265
318 266
318 316
318 317
318 319
318 320
318 321
318 322
318 325
318 326
319 230
319 231
319 232
319 264
319 265
319 266
319 317
319 318
319 320
319 321
319 322
319 323
319 325
319 326
320 231
320 232
320 266
320 287
320 318
320 319
320 321
320 322
321 205
321 230
321 231
321 232
321 318
321 319
321 320
321 322
321 323
321 324
322 219
322 220
322 229
322 230
322 231
322 232
322 317
322 318
322 319
322 320
322 321
322 323
322 324
322 325
322 326
322 327
323 231
323 319
323 321
323 322
323 324
323 325
323 326
323 327
323 364
323 365
323 366
323 367
324 288
324 321
324 322
324 323
324 325
324 326
324 327
324 328
324 365
324 366
324 367
324 368
324 371
325 265
325 285
325 287
325 288
325 289
325 290
325 291
325 318
325 319
325 322
325 323
325 324
325 326
325 327
325 328
325 329
325 366
325 371
326 229
326 230
326 265
326 317
326 318
326 319
326 322
326 323
326 324
326 325
326 327
326 328
326 329
326 330
327 229
327 322
327 323
327 324
327 325
327 326
327 328
327 329
327 330
327 331
327 347
327 350
327 351
327 365
327 366
328 290
328 324
328 325
328 326
328 327
328 329
328 330
328 331
328 332
328 366
328 371
328 372
328 374
328 375
329 296
329 325
329 326
329 327
329 328
329 330
329 331
329 332
329 333
330 227
330 229
330 317
330 326
330 327
330 328
330 329
330 331
330 332
330 333
330 334
330 350
331 327
331 328
331 329
331 330
331 332
331 333
331 334
331 335
331 343
331 346
331 347
331 350
331 375
332 296
332 300
332 328
332 329
332 330
332 331
332 333
332 334
332 335
332 336
332 375
332 378
332 379
333 300
333 329
333 330
333 331
333 332
333 334
333 335
333 336
333 337
334 330
334 331
334 332
334 333
334 335
334 336
334 337
334 338
334 339
334 340
334 346
335 331
335 332
335 333
335 334
335 336
335 337
335 338
335 339
335 340
335 341
335 342
335 343
335 346
335 379
335 382
336 300
336 332
336 333
336 334
336 335
336 337
336 338
336 339
336 382
337 333
337 334
337 335
337 336
337 338
337 339
337 340
338 37
338 334
338 335
338 336
338 337
338 339
338 340
338 341
339 37
339 40
339 41
339 334
339 335
339 336
339 337
339 338
339 340
339 341
340 334
340 335
340 337
340 338
340 339
340 341
340 342
340 343
340 345
340 346
341 335
341 338
341 339
341 340
341 342
341 343
341 345
341 346
341 379
342 335
342 340
342 341
342 343
342 344
342 345
342 346
342 376
342 379
343 331
343 335
343 340
343 341
343 342
343 344
343 345
343 346
343 347
343 372
343 375
343 376
343 379
344 342
344 343
344 345
344 346
344 347
344 348
344 376
345 340
345 341
345 342
345 343
345 344
345 346
345 347
345 348
345 349
346 331
346 334
346 335
346 340
346 341
346 342
346 343
346 344
346 345
346 347
346 348
346 349
346 350
347 327
347 331
347 343
347 344
347 345
347 346
347 348
347 349
347 350
347 351
347 365
347 366
347 372
348 344
348 345
348 346
348 347
348 349
348 350
348 351
348 352
348 365
349 345
349 346
349 347
349 348
349 350
349 351
349 352
349 353
350 223
350 327
350 330
350 331
350 346
350 347
350 348
350 349
350 351
350 352
350 353
350 354
350 365
350 366
351 327
351 347
351 348
351 349
351 350
351 352
351 353
351 354
351 355
351 363
351 364
351 365
351 366
352 348
352 349
352 350
352 351
352 353
352 354
352 355
352 356
352 363
352 364
352 365
353 209
353 221
353 222
353 223
353 349
353 350
353 351
353 352
353 354
353 355
353 356
354 208
354 209
354 221
354 223
354 350
354 351
354 352
354 353
354 355
354 356
354 364
354 365
355 207
355 208
355 209
355 351
355 352
355 353
355 354
355 356
355 357
355 362
355 363
355 364
355 365
356 207
356 208
356 209
356 352
356 353
356 354
356 355
356 357
356 358
356 359
356 360
356 361
357 207
357 355
357 356
357 358
357 359
357 360
357 361
357 362
358 356
358 357
358 359
358 360
358 361
359 207
359 356
359 357
359 358
359 360
359 361
360 207
360 356
360 357
360 358
360 359
360 361
360 362
361 356
361 357
361 358
361 359
361 360
361 362
361 363
362 207
362 355
362 357
362 360
362 361
362 363
362 364
363 351
363 352
363 355
363 361
363 362
363 364
363 365
364 207
364 208
364 323
364 351
364 352
364 354
364 355
364 362
364 363
364 365
364 366
364 367
365 323
365 324
365 327
365 347
365 348
365 350
365 351
365 352
365 354
365 355
365 363
365 364
365 366
365 367
366 323
366 324
366 325
366 327
366 328
366 347
366 350
366 351
366 364
366 365
366 367
366 368
366 371
366 372
367 288
367 323
367 324
367 364
367 365
367 366
367 368
367 369
367 371
368 288
368 289
368 324
368 366
368 367
368 369
368 370
368 371
368 372
368 496
368 497
368 498
368 500
369 367
369 368
369 370
369 371
369 372
369 373
369 477
369 494
369 495
369 496
369 497
369 500
370 289
370 290
370 368
370 369
370 371
370 372
370 373
370 374
370 477
370 478
370 479
370 495
370 496
370 497
371 289
371 290
371 324
371 325
371 328
371 366
371 367
371 368
371 369
371 370
371 372
371 373
371 374
371 375
372 328
372 343
372 347
372 366
372 368
372 369
372 370
372 371
372 373
372 374
372 375
372 376
373 369
373 370
373 371
373 372
373 374
373 375
373 376
373 377
373 479
374 290
374 293
374 328
374 370
374 371
374 372
374 373
374 375
374 376
374 377
374 378
374 479
375 328
375 331
375 332
375 343
375 371
375 372
375 373
375 374
375 376
375 377
375 378
375 379
376 342
376 343
376 344
376 372
376 373
376 374
376 375
376 377
376 378
376 379
376 380
377 293
377 373
377 374
377 375
377 376
377 378
377 379
377 380
377 381
377 483
378 293
378 296
378 297
378 332
378 374
378 375
378 376
378 377
378 379
378 380
378 381
378 382
379 332
379 335
379 341
379 342
379 343
379 375
379 376
379 377
379 378
379 380
379 381
379 382
379 383
379 384
380 376
380 377
380 378
380 379
380 381
380 382
380 383
380 384
380 385
381 377
381 378
381 379
381 380
381 382
381 383
381 384
381 385
381 386
381 387
381 388
381 389
381 390
382 335
382 336
382 378
382 379
382 380
382 381
382 383
382 384
382 385
382 386
382 387
382 388
383 379
383 380
383 381
383 382
383 384
383 385
383 386
383 387
384 379
384 380
384 381
384 382
384 383
384 385
384 386
385 380
385 381
385 382
385 383
385 384
385 386
385 387
385 388
385 389
385 390
386 381
386 382
386 383
386 384
386 385
386 387
386 388
387 297
387 381
387 382
387 383
387 385
387 386
387 388
387 389
388 381
388 382
388 385
388 386
388 387
388 389
388 390
389 293
389 294
389 381
389 385
389 387
389 388
389 390
389 391
390 381
390 385
390 388
390 389
390 391
390 392
390 482
390 483
391 389
391 390
391 392
391 393
391 482
392 390
392 391
392 393
392 394
392 454
392 455
392 481
392 482
393 391
393 392
393 394
393 395
393 454
393 455
393 481
393 482
394 392
394 393
394 395
394 396
394 452
394 453
394 454
394 481
394 520
394 521
395 393
395 394
395 396
395 397
395 452
395 453
395 454
395 481
395 518
395 519
395 520
395 521
396 394
396 395
396 397
396 398
396 450
396 451
396 452
396 453
396 518
396 519
396 520
397 395
397 396
397 398
397 399
397 400
397 447
397 450
397 451
397 516
397 517
397 518
397 519
398 396
398 397
398 399
398 400
398 446
398 447
398 448
398 450
398 516
398 517
398 518
398 519
399 397
399 398
399 400
399 401
399 444
399 445
399 446
399 447
399 516
399 517
399 518
400 397
400 398
400 399
400 401
400 402
400 443
400 444
400 445
400 446
400 447
400 514
400 515
400 516
400 517
401 399
401 400
401 402
401 403
401 442
401 443
401 444
401 445
401 514
401 515
401 516
402 400
402 401
402 403
402 404
402 405
402 442
402 443
402 444
402 512
402 513
402 514
402 515
403 401
403 402
403 404
403 405
403 441
403 442
403 443
403 511
403 512
403 513
403 514
404 402
404 403
404 405
404 406
404 441
404 442
404 508
404 509
404 511
404 512
404 513
405 402
405 403
405 404
405 406
405 407
405 409
405 441
405 442
405 507
405 508
405 509
405 512
406 404
406 405
406 407
406 408
406 409
406 506
406 507
406 508
406 509
407 405
407 406
407 408
407 409
407 465
407 466
407 507
408 406
408 407
408 409
408 410
408 411
408 465
408 466
409 405
409 406
409 407
409 408
409 410
409 411
409 412
409 463
409 465
409 466
410 408
410 409
410 411
410 412
411 408
411 409
411 410
411 412
411 413
411 463
411 464
411 465
412 409
412 410
412 411
412 413
412 414
412 461
412 462
412 463
413 411
413 412
413 414
413 415
413 425
413 426
413 427
413 461
413 462
413 463
414 412
414 413
414 415
414 416
414 425
414 426
414 427
414 459
414 460
414 461
414 462
415 413
415 414
415 416
415 417
415 422
415 423
415 424
415 425
415 426
415 459
415 460
415 461
416 414
416 415
416 417
416 418
416 422
416 423
416 424
416 425
416 457
416 458
416 459
416 460
417 415
417 416
417 418
417 419
417 420
417 421
417 422
417 423
417 424
417 457
417 458
417 459
417 460
418 416
418 417
418 419
418 420
418 421
418 422
418 423
418 453
418 454
418 456
418 457
418 458
419 417
419 418
419 420
419 421
419 456
419 457
420 417
420 418
420 419
420 421
420 422
421 417
421 418
421 419
421 420
421 422
421 423
422 415
422 416
422 417
422 418
422 420
422 421
422 423
422 424
422 425
423 415
423 416
423 417
423 418
423 421
423 422
423 424
423 425
423 451
424 415
424 416
424 417
424 422
424 423
424 425
424 426
424 450
424 451
425 413
425 414
425 415
425 416
425 422
425 423
425 424
425 426
425 427
425 428
425 431
426 413
426 414
426 415
426 424
426 425
426 427
426 428
426 429
426 431
426 432
427 413
427 414
427 425
427 426
427 428
427 429
427 431
428 425
428 426
428 427
428 429
428 430
428 431
429 426
429 427
429 428
429 430
429 431
429 432
430 428
430 429
430 431
430 432
430 433
430 448
431 425
431 426
431 427
431 428
431 429
431 430
431 432
431 433
431 447
431 448
431 449
431 450
432 426
432 429
432 430
432 431
432 433
432 434
432 445
432 446
432 447
432 448
433 430
433 431
433 432
433 434
433 435
433 444
433 445
433 446
433 447
434 432
434 433
434 435
434 436
434 443
434 444
434 445
434 446
435 433
435 434
435 436
435 437
435 443
435 444
435 445
436 434
436 435
436 437
436 438
436 441
436 442
436 443
436 444
437 435
437 436
437 438
437 439
437 440
437 441
437 442
437 443
437 444
438 436
438 437
438 439
438 440
438 441
438 442
439 437
439 438
439 440
439 441
439 442
440 437
440 438
440 439
440 441
440 442
441 403
441 404
441 405
441 436
441 437
441 438
441 439
441 440
441 442
441 443
442 401
442 402
442 403
442 404
442 405
442 436
442 437
442 438
442 439
442 440
442 441
442 443
442 444
443 400
443 401
443 402
443 403
443 434
443 435
443 436
443 437
443 441
443 442
443 444
443 445
444 399
444 400
444 401
444 402
444 433
444 434
444 435
444 436
444 437
444 442
444 443
444 445
444 446
445 399
445 400
445 401
445 432
445 433
445 434
445 435
445 443
445 444
445 446
445 447
446 398
446 399
446 400
446 432
446 433
446 434
446 444
446 445
446 447
446 448
447 397
447 398
447 399
447 400
447 431
447 432
447 433
447 445
447 446
447 448
447 449
447 450
448 398
448 430
448 431
448 432
448 446
448 447
448 449
448 450
449 431
449 447
449 448
449 450
449 451
450 396
450 397
450 398
450 424
450 431
450 447
450 448
450 449
450 451
450 452
451 396
451 397
451 423
451 424
451 449
451 450
451 452
451 453
452 394
452 395
452 396
452 450
452 451
452 453
452 454
453 394
453 395
453 396
453 418
453 451
453 452
453 454
453 455
453 457
453 481
454 392
454 393
454 394
454 395
454 418
454 452
454 453
454 455
454 456
454 457
454 480
454 481
454 482
455 293
455 392
455 393
455 453
455 454
455 456
455 457
455 480
455 481
455 482
456 292
456 293
456 418
456 419
456 454
456 455
456 457
456 458
456 478
456 479
456 480
456 481
457 416
457 417
457 418
457 419
457 453
457 454
457 455
457 456
457 458
457 459
457 478
457 479
457 480
457 481
458 416
458 417
458 418
458 456
458 457
458 459
458 460
458 476
458 477
458 478
458 479
459 414
459 415
459 416
459 417
459 457
459 458
459 460
459 461
459 476
459 477
459 478
460 414
460 415
460 416
460 417
460 458
460 459
460 461
460 462
460 473
460 475
460 476
460 477
461 412
461 413
461 414
461 415
461 459
461 460
461 462
461 463
461 473
461 474
461 475
461 476
462 412
462 413
462 414
462 460
462 461
462 463
462 464
462 466
462 473
462 474
462 475
463 409
463 411
463 412
463 413
463 461
463 462
463 464
463 465
463 466
463 473
463 474
464 411
464 462
464 463
464 465
464 466
464 467
465 407
465 408
465 409
465 411
465 463
465 464
465 466
465 467
466 407
466 408
466 409
466 462
466 463
466 464
466 465
466 467
466 468
466 474
467 464
467 465
467 466
467 468
467 469
467 473
467 474
468 466
468 467
468 469
468 470
468 472
468 473
468 474
468 475
469 467
469 468
469 470
469 471
469 472
469 473
469 474
469 475
469 498
470 288
470 468
470 469
470 471
470 472
470 473
470 474
470 475
470 497
470 498
471 287
471 288
471 469
471 470
471 472
471 473
471 476
472 468
472 469
472 470
472 471
472 473
472 474
473 460
473 461
473 462
473 463
473 467
473 468
473 469
473 470
473 471
473 472
473 474
473 475
473 476
474 461
474 462
474 463
474 466
474 467
474 468
474 469
474 470
474 472
474 473
474 475
474 476
474 498
475 460
475 461
475 462
475 468
475 469
475 470
475 473
475 474
475 476
475 477
475 496
475 497
475 498
475 499
476 458
476 459
476 460
476 461
476 471
476 473
476 474
476 475
476 477
476 478
476 496
476 497
476 498
477 369
477 370
477 458
477 459
477 460
477 475
477 476
477 478
477 479
477 496
477 497
478 290
478 370
478 456
478 457
478 458
478 459
478 476
478 477
478 479
478 480
479 370
479 373
479 374
479 456
479 457
479 458
479 477
479 478
479 480
479 481
479 483
480 454
480 455
480 456
480 457
480 478
480 479
480 481
480 482
480 483
480 484
481 392
481 393
481 394
481 395
481 453
481 454
481 455
481 456
481 457
481 479
481 480
481 482
481 483
481 484
482 390
482 391
482 392
482 393
482 454
482 455
482 480
482 481
482 483
482 484
483 377
483 390
483 479
483 480
483 481
483 482
483 484
483 485
484 480
484 481
484 482
484 483
484 485
484 486
484 487
484 488
484 489
485 483
485 484
485 486
485 487
485 488
485 489
486 484
486 485
486 487
486 488
487 484
487 485
487 486
487 488
487 489
487 517
487 518
487 519
487 520
488 484
488 485
488 486
488 487
488 489
488 490
488 515
488 516
488 517
488 518
489 484
489 485
489 487
489 488
489 490
489 491
489 515
489 516
489 517
490 488
490 489
490 491
490 492
490 513
490 514
490 515
490 516
491 489
491 490
491 492
491 493
491 494
491 495
491 496
491 513
491 514
491 515
492 490
492 491
492 493
492 494
492 495
492 496
492 511
492 512
492 513
492 514
493 491
493 492
493 494
493 495
493 496
493 499
493 500
493 508
493 509
493 510
493 511
493 512
493 513
493 514
494 369
494 491
494 492
494 493
494 495
494 496
494 499
494 500
494 501
495 369
495 370
495 491
495 492
495 493
495 494
495 496
495 497
495 499
495 500
496 368
496 369
496 370
496 475
496 476
496 477
496 491
496 492
496 493
496 494
496 495
496 497
496 498
496 499
496 500
497 368
497 369
497 370
497 470
497 475
497 476
497 477
497 495
497 496
497 498
497 499
497 500
498 368
498 469
498 470
498 474
498 475
498 476
498 496
498 497
498 499
498 500
498 501
498 504
499 475
499 493
499 494
499 495
499 496
499 497
499 498
499 500
499 501
499 502
499 504
499 505
499 508
500 368
500 369
500 493
500 494
500 495
500 496
500 497
500 498
500 499
500 501
500 502
500 504
501 494
501 498
501 499
501 500
501 502
501 503
501 504
501 505
502 499
502 500
502 501
502 503
502 504
502 505
503 501
503 502
503 504
503 505
503 506
504 498
504 499
504 500
504 501
504 502
504 503
504 505
504 506
504 507
504 508
505 499
505 501
505 502
505 503
505 504
505 506
505 507
505 508
505 509
505 510
506 406
506 503
506 504
506 505
506 507
506 508
506 509
507 405
507 406
507 407
507 504
507 505
507 506
507 508
507 509
508 404
508 405
508 406
508 493
508 499
508 504
508 505
508 506
508 507
508 509
508 510
508 511
508 512
509 404
509 405
509 406
509 493
509 505
509 506
509 507
509 508
509 510
509 511
509 512
510 493
510 505
510 508
510 509
510 511
510 512
511 403
511 404
511 492
511 493
511 508
511 509
511 510
511 512
511 513
512 402
512 403
512 404
512 405
512 492
512 493
512 508
512 509
512 510
512 511
512 513
512 514
513 402
513 403
513 404
513 490
513 491
513 492
513 493
513 511
513 512
513 514
513 515
514 400
514 401
514 402
514 403
514 490
514 491
514 492
514 493
514 512
514 513
514 515
514 516
515 400
515 401
515 402
515 488
515 489
515 490
515 491
515 513
515 514
515 516
515 517
516 397
516 398
516 399
516 400
516 401
516 488
516 489
516 490
516 514
516 515
516 517
516 518
517 397
517 398
517 399
517 400
517 487
517 488
517 489
517 515
517 516
517 518
517 519
518 395
518 396
518 397
518 398
518 399
518 487
518 488
518 516
518 517
518 519
518 520
519 395
519 396
519 397
519 398
519 487
519 517
519 518
519 520
519 521
520 394
520 395
520 396
520 487
520 518
520 519
520 521
521 394
521 395
521 519
521 520
