0 1
0 2
1 0
1 2
1 3
2 0
2 1
2 3
2 4
3 1
3 2
3 4
3 5
4 2
4 3
4 5
4 6
5 3
5 4
5 6
5 7
6 4
6 5
6 7
6 8
7 5
7 6
7 8
7 9
8 6
8 7
8 9
8 10
9 7
9 8
9 10
9 11
10 8
10 9
10 11
10 12
11 9
11 10
11 12
11 13
12 10
12 11
12 13
12 14
13 11
13 12
13 14
13 15
14 12
14 13
14 15
14 16
15 13
15 14
15 16
15 17
16 14
16 15
16 17
16 18
17 15
17 16
17 18
17 19
18 16
18 17
18 19
18 20
19 17
19 18
19 20
19 21
20 18
20 19
20 21
20 22
21 19
21 20
21 22
21 23
22 20
22 21
22 23
22 24
23 21
23 22
23 24
23 25
24 22
24 23
24 25
24 26
25 23
25 24
25 26
25 27
26 24
26 25
26 27
26 28
27 25
27 26
27 28
27 29
28 26
28 27
28 29
28 30
29 27
29 28
29 30
29 31
30 28
30 29
30 31
30 32
31 29
31 30
31 32
31 33
32 30
32 31
32 33
32 34
32 35
33 31
33 32
33 34
33 35
34 32
34 33
34 35
34 36
35 32
35 33
35 34
35 36
35 37
36 34
36 35
36 37
36 38
37 35
37 36
37 38
37 39
38 36
38 37
38 39
38 40
39 37
39 38
39 40
39 41
40 38
40 39
40 41
40 42
41 39
41 40
41 42
41 43
42 40
42 41
42 43
42 44
42 126
42 127
42 128
42 129
43 41
43 42
43 44
43 45
43 127
43 128
43 129
44 42
44 43
44 45
44 46
44 128
44 129
44 130
44 131
45 43
45 44
45 46
45 47
45 129
45 130
45 131
46 44
46 45
46 47
46 48
46 130
46 131
46 132
46 133
47 45
47 46
47 48
47 49
47 57
47 130
47 131
47 132
47 133
48 46
48 47
48 49
48 50
48 132
48 133
48 134
48 135
49 47
49 48
49 50
49 51
49 53
49 54
49 55
49 107
49 132
49 133
49 134
49 135
50 48
50 49
50 51
50 52
50 53
50 107
50 134
50 135
50 136
50 137
50 208
51 49
51 50
51 52
51 53
51 106
51 107
51 108
51 109
51 134
51 135
51 136
52 50
52 51
52 53
52 54
52 105
52 106
52 107
52 108
53 49
53 50
53 51
53 52
53 54
53 55
53 105
53 106
53 107
54 49
54 52
54 53
54 55
54 56
54 103
54 104
54 105
54 106
54 107
55 49
55 53
55 54
55 56
55 57
55 102
55 103
55 104
55 105
55 107
56 54
56 55
56 57
56 58
56 93
56 101
56 102
56 103
56 104
57 47
57 55
57 56
57 58
57 59
57 101
57 102
57 103
57 130
58 56
58 57
58 59
58 60
58 99
58 100
58 101
58 102
59 57
59 58
59 60
59 61
59 99
59 100
59 101
59 102
59 117
59 128
60 58
60 59
60 61
60 62
60 98
60 99
60 100
60 101
61 59
61 60
61 62
61 63
61 64
61 66
61 67
61 68
61 98
61 99
61 100
61 119
61 120
62 60
62 61
62 63
62 64
62 66
62 98
62 119
62 120
62 121
63 61
63 62
63 64
63 65
63 66
63 98
64 61
64 62
64 63
64 65
64 66
64 97
64 98
65 63
65 64
65 66
65 67
66 61
66 62
66 63
66 64
66 65
66 67
66 68
66 119
66 120
66 121
67 61
67 65
67 66
67 68
67 69
67 79
67 80
67 119
67 120
68 61
68 66
68 67
68 69
68 70
68 79
68 80
68 100
68 117
68 118
68 119
68 120
69 67
69 68
69 70
69 71
69 76
69 77
69 78
69 79
69 80
69 117
69 118
69 119
70 68
70 69
70 71
70 72
70 76
70 77
70 78
70 79
70 102
70 115
70 116
70 117
70 118
71 69
71 70
71 72
71 73
71 74
71 75
71 76
71 77
71 78
71 115
71 116
71 117
72 70
72 71
72 73
72 74
72 75
72 76
72 77
72 113
72 114
72 115
72 116
73 71
73 72
73 74
73 75
73 113
73 114
73 115
73 116
74 71
74 72
74 73
74 75
74 76
75 71
75 72
75 73
75 74
75 76
75 77
76 69
76 70
76 71
76 72
76 74
76 75
76 77
76 78
76 79
76 84
76 85
77 69
77 70
77 71
77 72
77 75
77 76
77 78
77 79
77 83
77 84
77 85
78 69
78 70
78 71
78 76
78 77
78 79
78 80
78 81
78 82
78 83
78 84
78 85
78 92
79 67
79 68
79 69
79 70
79 76
79 77
79 78
79 80
79 81
79 82
79 83
79 84
80 67
80 68
80 69
80 78
80 79
80 81
80 82
81 78
81 79
81 80
81 82
81 83
82 78
82 79
82 80
82 81
82 83
82 84
83 77
83 78
83 79
83 81
83 82
83 84
83 85
83 86
84 76
84 77
84 78
84 79
84 82
84 83
84 85
84 86
85 76
85 77
85 78
85 83
85 84
85 86
85 87
85 90
86 83
86 84
86 85
86 87
86 88
87 85
87 86
87 88
87 89
87 90
88 86
88 87
88 89
88 90
88 91
89 87
89 88
89 90
89 91
89 103
89 104
89 105
89 106
90 85
90 87
90 88
90 89
90 91
90 92
90 102
90 103
90 104
90 105
91 88
91 89
91 90
91 92
91 93
91 102
91 103
91 104
92 78
92 90
92 91
92 93
92 94
92 100
92 101
92 102
92 103
93 56
93 91
93 92
93 94
93 95
93 99
93 100
93 101
93 102
93 103
94 92
94 93
94 95
94 96
94 97
94 98
94 99
94 100
94 101
95 93
95 94
95 96
95 97
95 99
96 94
96 95
96 97
96 98
96 99
97 64
97 94
97 95
97 96
97 98
97 99
98 60
98 61
98 62
98 63
98 64
98 94
98 96
98 97
98 99
98 100
99 58
99 59
99 60
99 61
99 93
99 94
99 95
99 96
99 97
99 98
99 100
99 101
100 58
100 59
100 60
100 61
100 68
100 92
100 93
100 94
100 98
100 99
100 101
100 102
101 56
101 57
101 58
101 59
101 60
101 92
101 93
101 94
101 99
101 100
101 102
101 103
102 55
102 56
102 57
102 58
102 59
102 70
102 90
102 91
102 92
102 93
102 100
102 101
102 103
102 104
103 54
103 55
103 56
103 57
103 89
103 90
103 91
103 92
103 93
103 101
103 102
103 104
103 105
104 54
104 55
104 56
104 89
104 90
104 91
104 102
104 103
104 105
104 106
104 107
105 52
105 53
105 54
105 55
105 89
105 90
105 103
105 104
105 106
105 107
106 51
106 52
106 53
106 54
106 89
106 104
106 105
106 107
106 108
107 49
107 50
107 51
107 52
107 53
107 54
107 55
107 104
107 105
107 106
107 108
107 109
107 111
107 134
108 51
108 52
108 106
108 107
108 109
108 110
108 111
108 112
108 134
109 51
109 107
109 108
109 110
109 111
109 112
109 133
109 134
109 135
109 136
110 108
110 109
110 111
110 112
111 107
111 108
111 109
111 110
111 112
111 113
111 132
111 133
111 134
112 108
112 109
112 110
112 111
112 113
112 114
112 131
112 132
112 133
112 134
113 72
113 73
113 111
113 112
113 114
113 115
113 131
113 132
113 133
114 72
114 73
114 112
114 113
114 115
114 116
114 129
114 130
114 131
114 132
115 70
115 71
115 72
115 73
115 113
115 114
115 116
115 117
115 129
115 130
115 131
115 132
116 70
116 71
116 72
116 73
116 114
116 115
116 117
116 118
116 127
116 128
116 129
116 130
117 59
117 68
117 69
117 70
117 71
117 115
117 116
117 118
117 119
117 127
117 128
117 129
118 68
118 69
118 70
118 116
118 117
118 119
118 120
118 125
118 126
118 127
118 128
119 61
119 62
119 66
119 67
119 68
119 69
119 117
119 118
119 120
119 121
119 125
119 126
119 127
120 61
120 62
120 66
120 67
120 68
120 118
120 119
120 121
120 122
120 124
120 125
120 126
121 62
121 66
121 119
121 120
121 122
121 123
121 124
121 125
121 126
122 120
122 121
122 123
122 124
122 125
123 121
123 122
123 124
123 125
124 120
124 121
124 122
124 123
124 125
124 126
125 118
125 119
125 120
125 121
125 122
125 123
125 124
125 126
125 127
126 42
126 118
126 119
126 120
126 121
126 124
126 125
126 127
126 128
127 42
127 43
127 116
127 117
127 118
127 119
127 125
127 126
127 128
127 129
128 42
128 43
128 44
128 59
128 116
128 117
128 118
128 126
128 127
128 129
128 130
129 42
129 43
129 44
129 45
129 114
129 115
129 116
129 117
129 127
129 128
129 130
129 131
130 44
130 45
130 46
130 47
130 57
130 114
130 115
130 116
130 128
130 129
130 131
130 132
131 44
131 45
131 46
131 47
131 112
131 113
131 114
131 115
131 129
131 130
131 132
131 133
132 46
132 47
132 48
132 49
132 111
132 112
132 113
132 114
132 115
132 130
132 131
132 133
132 134
133 46
133 47
133 48
133 49
133 109
133 111
133 112
133 113
133 131
133 132
133 134
133 135
134 48
134 49
134 50
134 51
134 107
134 108
134 109
134 111
134 112
134 132
134 133
134 135
134 136
134 164
135 48
135 49
135 50
135 51
135 109
135 133
135 134
135 136
135 137
135 163
135 164
135 165
135 208
136 50
136 51
136 109
136 134
136 135
136 137
136 138
136 163
136 164
136 165
136 208
137 50
137 135
137 136
137 138
137 139
137 163
137 164
137 206
137 208
137 209
137 210
137 211
138 136
138 137
138 139
138 140
138 161
138 162
138 163
138 164
138 166
138 167
138 204
138 205
138 206
138 208
138 209
138 210
138 211
138 212
139 137
139 138
139 140
139 141
139 161
139 162
139 163
139 204
139 211
139 212
140 138
140 139
140 141
140 142
140 143
140 159
140 160
140 161
140 162
140 204
140 212
140 213
140 214
141 139
141 140
141 142
141 143
141 160
141 161
141 162
142 140
142 141
142 143
142 144
142 158
142 159
142 160
142 161
143 140
143 141
143 142
143 144
143 145
143 157
143 158
143 159
143 160
143 214
143 216
144 142
144 143
144 145
144 146
144 157
144 158
144 159
144 216
145 143
145 144
145 146
145 147
145 216
145 217
146 144
146 145
146 147
146 148
146 216
146 217
146 218
147 145
147 146
147 148
147 149
147 216
147 217
147 218
147 219
148 146
148 147
148 149
148 150
148 218
148 219
148 220
148 221
149 147
149 148
149 150
149 151
149 153
149 218
149 219
149 220
149 221
150 148
150 149
150 151
150 152
150 153
150 192
150 220
150 221
150 222
151 149
151 150
151 152
151 153
151 191
151 192
151 193
151 194
151 220
151 221
151 222
152 150
152 151
152 153
152 154
152 190
152 191
152 192
152 193
153 149
153 150
153 151
153 152
153 154
153 155
153 190
153 191
153 192
154 152
154 153
154 155
154 156
154 188
154 189
154 190
154 191
154 192
155 153
155 154
155 156
155 157
155 188
155 189
155 190
155 191
155 192
156 154
156 155
156 157
156 158
156 186
156 187
156 188
156 189
157 143
157 144
157 155
157 156
157 158
157 159
157 186
157 187
157 188
158 142
158 143
158 144
158 156
158 157
158 159
158 160
158 185
158 186
158 187
159 140
159 142
159 143
159 144
159 157
159 158
159 160
159 161
159 169
159 185
159 186
159 202
160 140
160 141
160 142
160 143
160 158
160 159
160 161
160 162
160 169
160 185
161 138
161 139
161 140
161 141
161 142
161 159
161 160
161 162
161 163
161 167
161 169
161 204
162 138
162 139
162 140
162 141
162 160
162 161
162 163
162 164
162 166
162 167
163 135
163 136
163 137
163 138
163 139
163 161
163 162
163 164
163 165
163 166
163 167
163 206
164 134
164 135
164 136
164 137
164 138
164 162
164 163
164 165
164 166
164 167
164 206
165 135
165 136
165 163
165 164
165 166
165 167
165 206
165 208
166 138
166 162
166 163
166 164
166 165
166 167
166 168
166 206
167 138
167 161
167 162
167 163
167 164
167 165
167 166
167 168
167 169
167 204
167 205
167 206
168 166
168 167
168 169
168 170
168 183
168 184
168 204
168 205
168 206
169 159
169 160
169 161
169 167
169 168
169 170
169 171
169 183
169 184
169 185
169 202
169 203
169 204
169 205
170 168
170 169
170 171
170 172
170 181
170 182
170 183
170 184
170 185
170 202
170 203
170 204
171 169
171 170
171 172
171 173
171 180
171 181
171 182
171 183
171 184
171 187
171 200
171 201
171 202
171 203
172 170
172 171
172 173
172 174
172 178
172 179
172 180
172 181
172 200
172 201
172 202
173 171
173 172
173 174
173 175
173 178
173 179
173 180
173 196
173 198
173 199
173 200
173 201
174 172
174 173
174 175
174 176
174 178
174 198
174 199
174 200
174 201
175 173
175 174
175 176
175 177
175 178
175 198
175 199
176 174
176 175
176 177
176 178
177 175
177 176
177 178
177 179
178 172
178 173
178 174
178 175
178 176
178 177
178 179
178 180
179 172
179 173
179 177
179 178
179 180
179 181
180 171
180 172
180 173
180 178
180 179
180 181
180 182
181 170
181 171
181 172
181 179
181 180
181 182
181 183
181 187
182 170
182 171
182 180
182 181
182 183
182 184
183 168
183 169
183 170
183 171
183 181
183 182
183 184
183 185
184 168
184 169
184 170
184 171
184 182
184 183
184 185
184 186
184 187
185 158
185 159
185 160
185 169
185 170
185 183
185 184
185 186
185 187
186 156
186 157
186 158
186 159
186 184
186 185
186 187
186 188
187 156
187 157
187 158
187 171
187 181
187 184
187 185
187 186
187 188
187 189
188 154
188 155
188 156
188 157
188 186
188 187
188 189
188 190
189 154
189 155
189 156
189 187
189 188
189 190
189 191
189 192
190 152
190 153
190 154
190 155
190 188
190 189
190 191
190 192
191 151
191 152
191 153
191 154
191 155
191 189
191 190
191 192
191 193
192 150
192 151
192 152
192 153
192 154
192 155
192 189
192 190
192 191
192 193
192 194
192 196
192 220
193 151
193 152
193 191
193 192
193 194
193 195
193 196
193 197
193 220
194 151
194 192
194 193
194 195
194 196
194 197
194 220
194 221
194 222
195 193
195 194
195 196
195 197
196 173
196 192
196 193
196 194
196 195
196 197
196 198
196 220
197 193
197 194
197 195
197 196
197 198
197 199
197 217
197 218
197 219
197 220
198 173
198 174
198 175
198 196
198 197
198 199
198 200
198 217
198 218
198 219
199 173
199 174
199 175
199 197
199 198
199 200
199 201
199 215
199 216
199 217
199 218
200 171
200 172
200 173
200 174
200 198
200 199
200 201
200 202
200 215
200 216
200 217
200 218
201 171
201 172
201 173
201 174
201 199
201 200
201 202
201 203
201 213
201 214
201 215
201 216
202 159
202 169
202 170
202 171
202 172
202 200
202 201
202 203
202 204
202 213
202 214
202 215
203 169
203 170
203 171
203 201
203 202
203 204
203 205
203 211
203 212
203 213
203 214
204 138
204 139
204 140
204 161
204 167
204 168
204 169
204 170
204 202
204 203
204 205
204 206
204 211
204 212
204 213
205 138
205 167
205 168
205 169
205 203
205 204
205 206
205 207
205 208
205 209
205 210
205 211
205 212
206 137
206 138
206 163
206 164
206 165
206 166
206 167
206 168
206 204
206 205
206 207
206 208
206 209
206 211
207 205
207 206
207 208
207 209
207 210
207 211
208 50
208 135
208 136
208 137
208 138
208 165
208 205
208 206
208 207
208 209
208 210
209 137
209 138
209 205
209 206
209 207
209 208
209 210
209 211
210 137
210 138
210 205
210 207
210 208
210 209
210 211
210 212
211 137
211 138
211 139
211 203
211 204
211 205
211 206
211 207
211 209
211 210
211 212
211 213
212 138
212 139
212 140
212 203
212 204
212 205
212 210
212 211
212 213
212 214
213 140
213 201
213 202
213 203
213 204
213 211
213 212
213 214
213 215
214 140
214 143
214 201
214 202
214 203
214 212
214 213
214 215
214 216
215 199
215 200
215 201
215 202
215 213
215 214
215 216
215 217
216 143
216 144
216 145
216 146
216 147
216 199
216 200
216 201
216 214
216 215
216 217
216 218
217 145
217 146
217 147
217 197
217 198
217 199
217 200
217 215
217 216
217 218
217 219
218 146
218 147
218 148
218 149
218 197
218 198
218 199
218 200
218 216
218 217
218 219
218 220
219 147
219 148
219 149
219 197
219 198
219 217
219 218
219 220
219 221
220 148
220 149
220 150
220 151
220 192
220 193
220 194
220 196
220 197
220 218
220 219
220 221
220 222
220 249
221 148
221 149
221 150
221 151
221 194
221 219
221 220
221 222
221 223
221 248
221 249
221 250
221 302
222 150
222 151
222 194
222 220
222 221
222 223
222 224
222 248
222 249
222 250
222 302
223 221
223 222
223 224
223 225
223 248
223 249
223 299
223 300
223 301
223 302
223 303
223 304
224 222
224 223
224 225
224 226
224 246
224 247
224 248
224 249
224 251
224 252
224 298
224 299
224 300
224 302
224 303
224 304
224 305
225 223
225 224
225 226
225 227
225 246
225 247
225 248
225 298
225 305
226 224
226 225
226 227
226 228
226 229
226 244
226 245
226 246
226 247
226 298
226 305
226 306
226 307
227 225
227 226
227 228
227 229
227 244
227 245
227 246
227 247
228 226
228 227
228 229
228 230
228 243
228 244
228 245
228 246
229 226
229 227
229 228
229 230
229 231
229 242
229 243
229 244
229 245
229 307
229 308
229 309
230 228
230 229
230 231
230 232
230 242
230 243
230 244
230 309
231 229
231 230
231 232
231 233
231 240
231 241
231 242
231 243
231 309
231 310
231 311
232 230
232 231
232 233
232 234
232 240
232 241
232 242
232 311
232 312
233 231
233 232
233 234
233 235
233 240
233 311
233 312
233 313
233 314
234 232
234 233
234 235
234 236
234 238
234 239
234 240
234 286
234 311
234 312
234 313
234 314
235 233
235 234
235 236
235 237
235 238
235 286
235 313
235 314
236 234
236 235
236 237
236 238
236 285
236 286
236 287
236 288
236 313
237 235
237 236
237 238
237 239
237 285
237 286
237 287
238 234
238 235
238 236
238 237
238 239
238 240
238 284
238 285
238 286
239 234
239 237
239 238
239 240
239 241
239 282
239 283
239 284
239 285
239 286
240 231
240 232
240 233
240 234
240 238
240 239
240 241
240 242
240 282
240 283
240 284
240 285
240 286
240 311
241 231
241 232
241 239
241 240
241 242
241 243
241 280
241 281
241 282
241 283
242 229
242 230
242 231
242 232
242 240
242 241
242 243
242 244
242 280
242 281
242 282
242 311
243 228
243 229
243 230
243 231
243 241
243 242
243 244
243 245
243 278
243 279
243 280
243 281
244 226
244 227
244 228
244 229
244 230
244 242
244 243
244 245
244 246
244 278
244 279
244 280
244 296
245 226
245 227
245 228
245 229
245 243
245 244
245 246
245 247
245 277
245 278
245 279
246 224
246 225
246 226
246 227
246 228
246 244
246 245
246 247
246 248
246 252
246 277
246 278
246 298
247 224
247 225
247 226
247 227
247 245
247 246
247 248
247 249
247 251
247 252
247 277
247 278
248 221
248 222
248 223
248 224
248 225
248 246
248 247
248 249
248 250
248 251
248 252
248 277
248 300
249 220
249 221
249 222
249 223
249 224
249 247
249 248
249 250
249 251
249 252
249 300
250 221
250 222
250 248
250 249
250 251
250 252
250 300
250 301
251 224
251 247
251 248
251 249
251 250
251 252
251 253
251 276
251 277
251 300
252 224
252 246
252 247
252 248
252 249
252 250
252 251
252 253
252 254
252 276
252 277
252 298
252 299
252 300
253 251
253 252
253 254
253 255
253 298
253 299
253 300
254 252
254 253
254 255
254 256
254 274
254 278
254 279
254 296
254 297
254 298
254 299
255 253
255 254
255 256
255 257
255 262
255 263
255 296
255 297
255 298
256 254
256 255
256 257
256 258
256 262
256 263
256 264
256 281
256 294
256 295
256 296
256 297
257 255
257 256
257 258
257 259
257 260
257 261
257 262
257 263
257 294
257 295
257 296
257 297
258 256
258 257
258 259
258 260
258 261
258 262
258 263
258 292
258 293
258 294
258 295
259 257
259 258
259 260
259 261
259 293
259 294
259 295
260 257
260 258
260 259
260 261
260 262
261 257
261 258
261 259
261 260
261 262
261 263
262 255
262 256
262 257
262 258
262 260
262 261
262 263
262 264
263 255
263 256
263 257
263 258
263 261
263 262
263 264
263 265
263 267
264 256
264 262
264 263
264 265
264 266
264 267
264 270
264 271
264 272
265 263
265 264
265 266
265 267
265 270
265 271
265 272
265 273
266 264
266 265
266 267
266 268
266 269
266 270
266 271
266 272
267 263
267 264
267 265
267 266
267 268
267 269
267 270
267 271
268 266
268 267
268 269
268 270
269 266
269 267
269 268
269 270
269 271
269 283
269 284
269 285
270 264
270 265
270 266
270 267
270 268
270 269
270 271
270 272
270 281
270 282
270 283
270 284
271 264
271 265
271 266
271 267
271 269
271 270
271 272
271 273
271 281
271 282
271 283
271 284
272 264
272 265
272 266
272 270
272 271
272 273
272 274
272 279
272 280
272 281
272 282
273 265
273 271
273 272
273 274
273 275
273 279
273 280
273 281
274 254
274 272
274 273
274 275
274 276
274 278
274 279
274 280
275 273
275 274
275 276
275 277
275 278
275 279
276 251
276 252
276 274
276 275
276 277
276 278
277 245
277 246
277 247
277 248
277 251
277 252
277 275
277 276
277 278
277 279
278 243
278 244
278 245
278 246
278 247
278 254
278 274
278 275
278 276
278 277
278 279
278 280
279 243
279 244
279 245
279 254
279 272
279 273
279 274
279 275
279 277
279 278
279 280
279 281
280 241
280 242
280 243
280 244
280 272
280 273
280 274
280 278
280 279
280 281
280 282
281 241
281 242
281 243
281 256
281 270
281 271
281 272
281 273
281 279
281 280
281 282
281 283
282 239
282 240
282 241
282 242
282 270
282 271
282 272
282 280
282 281
282 283
282 284
283 239
283 240
283 241
283 269
283 270
283 271
283 281
283 282
283 284
283 285
283 286
283 290
284 238
284 239
284 240
284 269
284 270
284 271
284 282
284 283
284 285
284 286
285 236
285 237
285 238
285 239
285 240
285 269
285 283
285 284
285 286
285 287
286 234
286 235
286 236
286 237
286 238
286 239
286 240
286 283
286 284
286 285
286 287
286 288
286 289
286 290
286 291
287 236
287 237
287 285
287 286
287 288
287 289
287 290
287 291
288 236
288 286
288 287
288 289
288 290
288 291
289 286
289 287
289 288
289 290
289 291
290 283
290 286
290 287
290 288
290 289
290 291
290 292
290 311
291 286
291 287
291 288
291 289
291 290
291 292
291 293
291 310
291 311
291 312
291 313
292 258
292 290
292 291
292 293
292 294
292 310
292 311
292 312
293 258
293 259
293 291
293 292
293 294
293 295
293 308
293 309
293 310
293 311
294 256
294 257
294 258
294 259
294 292
294 293
294 295
294 296
294 308
294 309
294 310
294 311
295 256
295 257
295 258
295 259
295 293
295 294
295 296
295 297
295 306
295 307
295 308
295 309
296 244
296 254
296 255
296 256
296 257
296 294
296 295
296 297
296 298
296 306
296 307
296 308
297 254
297 255
297 256
297 257
297 295
297 296
297 298
297 299
297 304
297 305
297 306
297 307
298 224
298 225
298 226
298 246
298 252
298 253
298 254
298 255
298 296
298 297
298 299
298 300
298 304
298 305
298 306
299 223
299 224
299 252
299 253
299 254
299 297
299 298
299 300
299 301
299 302
299 303
299 304
299 305
300 223
300 224
300 248
300 249
300 250
300 251
300 252
300 253
300 298
300 299
300 301
300 302
300 303
300 304
301 223
301 250
301 299
301 300
301 302
301 303
302 221
302 222
302 223
302 224
302 299
302 300
302 301
302 303
302 304
303 223
303 224
303 299
303 300
303 301
303 302
303 304
303 305
304 223
304 224
304 297
304 298
304 299
304 300
304 302
304 303
304 305
304 306
305 224
305 225
305 226
305 297
305 298
305 299
305 303
305 304
305 306
305 307
306 226
306 295
306 296
306 297
306 298
306 304
306 305
306 307
306 308
307 226
307 229
307 295
307 296
307 297
307 305
307 306
307 308
307 309
308 229
308 293
308 294
308 295
308 296
308 306
308 307
308 309
308 310
309 229
309 230
309 231
309 293
309 294
309 295
309 307
309 308
309 310
309 311
310 231
310 291
310 292
310 293
310 294
310 308
310 309
310 311
310 312
311 231
311 232
311 233
311 234
311 240
311 242
311 290
311 291
311 292
311 293
311 294
311 309
311 310
311 312
311 313
312 232
312 233
312 234
312 291
312 292
312 310
312 311
312 313
312 314
313 233
313 234
313 235
313 236
313 291
313 311
313 312
313 314
313 315
314 233
314 234
314 235
314 312
314 313
314 315
314 316
315 313
315 314
315 316
315 317
316 314
316 315
316 317
316 318
317 315
317 316
317 318
317 319
318 316
318 317
318 319
318 320
319 317
319 318
319 320
319 321
320 318
320 319
320 321
320 322
321 319
321 320
321 322
321 323
322 320
322 321
322 323
322 324
323 321
323 322
323 324
323 325
324 322
324 323
324 325
324 326
325 323
325 324
325 326
325 327
326 324
326 325
326 327
326 328
327 325
327 326
327 328
327 329
328 326
328 327
328 329
328 330
329 327
329 328
329 330
329 331
330 328
330 329
330 331
330 332
331 329
331 330
331 332
331 333
332 330
332 331
332 333
332 334
333 331
333 332
333 334
333 335
334 332
334 333
334 335
334 336
335 333
335 334
335 336
335 337
336 334
336 335
336 337
336 338
337 335
337 336
337 338
337 339
338 336
338 337
338 339
338 340
339 337
339 338
339 340
339 341
340 338
340 339
340 341
340 342
341 339
341 340
341 342
341 343
342 340
342 341
342 343
342 344
343 341
343 342
343 344
343 345
344 342
344 343
344 345
344 346
345 343
345 344
345 346
345 347
346 344
346 345
346 347
346 348
347 345
347 346
347 348
347 349
348 346
348 347
348 349
348 350
349 347
349 348
349 350
349 351
350 348
350 349
350 351
350 352
351 349
351 350
351 352
351 353
352 350
352 351
352 353
353 351
353 352
