0 1
0 2
1 0
1 2
1 3
2 0
2 1
2 3
2 4
3 1
3 2
3 4
3 5
4 2
4 3
4 5
4 6
5 3
5 4
5 6
5 7
6 4
6 5
6 7
6 8
7 5
7 6
7 8
7 9
8 6
8 7
8 9
8 10
9 7
9 8
9 10
9 11
10 8
10 9
10 11
10 12
11 9
11 10
11 12
11 13
12 10
12 11
12 13
12 14
13 11
13 12
13 14
13 15
14 12
14 13
14 15
14 16
15 13
15 14
15 16
15 17
16 14
16 15
16 17
16 18
17 15
17 16
17 18
17 19
18 16
18 17
18 19
18 20
19 17
19 18
19 20
19 21
20 18
20 19
20 21
20 22
21 19
21 20
21 22
21 23
22 20
22 21
22 23
22 24
23 21
23 22
23 24
23 25
24 22
24 23
24 25
24 26
25 23
25 24
25 26
25 27
26 24
26 25
26 27
26 28
27 25
27 26
27 28
27 29
28 26
28 27
28 29
28 30
29 27
29 28
29 30
29 31
30 28
30 29
30 31
30 32
31 29
31 30
31 32
31 33
32 30
32 31
32 33
32 34
33 31
33 32
33 34
33 35
34 32
34 33
34 35
34 36
35 33
35 34
35 36
35 37
35 38
36 34
36 35
36 37
36 38
37 35
37 36
37 38
37 39
38 35
38 36
38 37
38 39
38 40
39 37
39 38
39 40
39 41
40 38
40 39
40 41
40 42
41 39
41 40
41 42
41 43
42 40
42 41
42 43
42 44
43 41
43 42
43 44
43 45
43 47
44 42
44 43
44 45
44 46
44 47
44 117
44 120
45 43
45 44
45 46
45 47
45 48
45 49
45 113
45 116
45 117
45 118
45 120
45 121
46 44
46 45
46 47
46 48
46 49
46 50
46 116
46 117
46 118
46 119
46 120
46 121
46 406
47 43
47 44
47 45
47 46
47 48
47 49
47 50
47 51
47 117
47 406
48 45
48 46
48 47
48 49
48 50
48 51
48 52
48 109
48 114
48 117
49 45
49 46
49 47
49 48
49 50
49 51
49 52
49 53
49 114
49 117
49 118
50 46
50 47
50 48
50 49
50 51
50 52
50 53
50 54
50 406
50 407
50 408
51 47
51 48
51 49
51 50
51 52
51 53
51 54
51 55
52 48
52 49
52 50
52 51
52 53
52 54
52 55
52 56
52 102
52 103
52 104
53 49
53 50
53 51
53 52
53 54
53 55
53 56
53 57
53 76
53 77
53 80
53 102
53 103
53 408
53 409
54 50
54 51
54 52
54 53
54 55
54 56
54 57
54 58
54 76
54 292
54 408
54 409
55 51
55 52
55 53
55 54
55 56
55 57
55 58
55 59
55 103
55 291
55 292
56 52
56 53
56 54
56 55
56 57
56 58
56 59
56 60
56 76
56 80
56 102
56 103
57 53
57 54
57 55
57 56
57 58
57 59
57 60
57 61
57 76
57 412
58 54
58 55
58 56
58 57
58 59
58 60
58 61
58 62
58 290
58 291
59 55
59 56
59 57
59 58
59 60
59 61
59 62
59 63
59 329
60 56
60 57
60 58
60 59
60 61
60 62
60 63
60 64
60 329
61 57
61 58
61 59
61 60
61 62
61 63
61 64
61 65
61 72
61 412
61 413
62 58
62 59
62 60
62 61
62 63
62 64
62 65
62 66
62 287
62 288
63 59
63 60
63 61
63 62
63 64
63 65
63 66
63 67
63 328
63 329
64 60
64 61
64 62
64 63
64 65
64 66
64 67
64 68
64 72
64 325
65 61
65 62
65 63
65 64
65 66
65 67
65 68
65 69
65 72
66 62
66 63
66 64
66 65
66 67
66 68
66 69
67 63
67 64
67 65
67 66
67 68
67 69
68 64
68 65
68 66
68 67
68 69
68 70
69 65
69 66
69 67
69 68
69 70
69 71
70 68
70 69
70 71
70 72
70 414
70 415
70 416
70 417
71 69
71 70
71 72
71 73
71 316
71 318
71 413
71 414
71 415
71 416
71 417
72 61
72 64
72 65
72 70
72 71
72 73
72 74
72 317
72 318
72 412
72 413
72 414
72 415
73 71
73 72
73 74
73 75
73 316
73 317
73 318
73 359
73 360
73 411
73 412
73 413
73 414
74 72
74 73
74 75
74 76
74 317
74 318
74 319
74 357
74 358
74 359
74 360
74 411
74 412
74 413
75 73
75 74
75 76
75 77
75 78
75 79
75 210
75 359
75 409
75 410
75 411
75 412
76 53
76 54
76 56
76 57
76 74
76 75
76 77
76 78
76 79
76 80
76 409
76 410
76 411
76 412
77 53
77 75
77 76
77 78
77 79
77 80
77 81
77 408
77 409
77 410
77 411
78 75
78 76
78 77
78 79
78 80
78 81
78 82
78 136
78 137
78 208
78 209
78 210
78 357
78 410
79 75
79 76
79 77
79 78
79 80
79 81
79 82
79 83
79 208
79 357
80 53
80 56
80 76
80 77
80 78
80 79
80 81
80 82
80 83
80 84
80 102
81 77
81 78
81 79
81 80
81 82
81 83
81 84
81 85
81 118
81 160
82 78
82 79
82 80
82 81
82 83
82 84
82 85
82 86
82 138
82 206
82 208
83 79
83 80
83 81
83 82
83 84
83 85
83 86
83 87
83 98
83 99
83 102
84 80
84 81
84 82
84 83
84 85
84 86
84 87
84 88
84 98
84 99
84 115
84 118
85 81
85 82
85 83
85 84
85 86
85 87
85 88
85 89
85 156
85 160
86 82
86 83
86 84
86 85
86 87
86 88
86 89
86 90
86 95
87 83
87 84
87 85
87 86
87 88
87 89
87 90
87 91
87 94
87 95
87 96
87 98
87 99
88 84
88 85
88 86
88 87
88 89
88 90
88 95
88 152
88 155
88 156
88 343
89 85
89 86
89 87
89 88
89 90
89 91
89 95
89 152
89 341
89 342
89 343
89 344
90 86
90 87
90 88
90 89
90 91
90 92
90 93
90 94
90 95
90 339
90 340
90 341
90 342
90 343
90 344
91 87
91 89
91 90
91 92
91 93
91 94
91 95
91 340
91 341
91 342
91 343
92 90
92 91
92 93
92 94
92 95
92 96
93 90
93 91
93 92
93 94
93 95
93 96
93 97
94 87
94 90
94 91
94 92
94 93
94 95
94 96
94 97
94 98
94 334
94 339
94 340
94 341
95 86
95 87
95 88
95 89
95 90
95 91
95 92
95 93
95 94
95 96
95 97
95 98
95 99
96 87
96 92
96 93
96 94
96 95
96 97
96 98
96 99
96 100
96 106
97 93
97 94
97 95
97 96
97 98
97 99
97 100
97 101
97 331
97 334
98 83
98 84
98 87
98 94
98 95
98 96
98 97
98 99
98 100
98 101
98 102
98 331
98 334
99 83
99 84
99 87
99 95
99 96
99 97
99 98
99 100
99 101
99 102
99 103
99 104
99 106
99 111
100 96
100 97
100 98
100 99
100 101
100 102
100 103
100 104
100 105
100 106
101 97
101 98
101 99
101 100
101 102
101 103
101 104
101 329
101 330
101 331
102 52
102 53
102 56
102 80
102 83
102 98
102 99
102 100
102 101
102 103
102 104
103 52
103 53
103 55
103 56
103 99
103 100
103 101
103 102
103 104
103 105
104 52
104 99
104 100
104 101
104 102
104 103
104 105
104 106
104 109
105 100
105 103
105 104
105 106
105 107
105 108
105 109
106 96
106 99
106 100
106 104
106 105
106 107
106 108
106 109
106 110
106 111
107 105
107 106
107 108
107 109
107 110
108 105
108 106
108 107
108 109
108 110
109 48
109 104
109 105
109 106
109 107
109 108
109 110
109 111
109 113
109 114
110 106
110 107
110 108
110 109
110 111
110 112
110 113
110 114
111 99
111 106
111 109
111 110
111 112
111 113
111 114
111 115
112 110
112 111
112 113
112 114
112 115
112 116
113 45
113 109
113 110
113 111
113 112
113 114
113 115
113 116
113 117
114 48
114 49
114 109
114 110
114 111
114 112
114 113
114 115
114 116
114 117
114 118
115 84
115 111
115 112
115 113
115 114
115 116
115 117
115 118
115 119
115 159
116 45
116 46
116 112
116 113
116 114
116 115
116 117
116 118
116 119
116 120
116 159
117 44
117 45
117 46
117 47
117 48
117 49
117 113
117 114
117 115
117 116
117 118
117 119
117 120
117 121
118 45
118 46
118 49
118 81
118 84
118 114
118 115
118 116
118 117
118 119
118 120
118 121
118 122
118 159
118 160
119 46
119 115
119 116
119 117
119 118
119 120
119 121
119 122
119 123
119 158
119 159
119 160
120 44
120 45
120 46
120 116
120 117
120 118
120 119
120 121
120 122
120 123
120 124
121 45
121 46
121 117
121 118
121 119
121 120
121 122
121 123
121 124
121 125
121 406
122 118
122 119
122 120
122 121
122 123
122 124
122 125
122 126
122 136
122 160
123 119
123 120
123 121
123 122
123 124
123 125
123 126
123 127
124 120
124 121
124 122
124 123
124 125
124 126
124 127
124 406
125 121
125 122
125 123
125 124
125 126
125 127
125 134
125 135
125 136
125 406
126 122
126 123
126 124
126 125
126 127
126 128
126 134
126 135
126 136
127 123
127 124
127 125
127 126
127 128
127 129
128 126
128 127
128 129
128 130
128 133
129 127
129 128
129 130
129 131
129 132
129 133
129 269
130 128
130 129
130 131
130 132
130 133
131 129
131 130
131 132
131 133
131 214
131 215
131 268
131 269
132 129
132 130
132 131
132 133
132 134
132 212
132 213
132 214
132 215
132 268
132 269
132 270
132 271
133 128
133 129
133 130
133 131
133 132
133 134
133 135
133 211
133 212
133 213
133 214
134 125
134 126
134 132
134 133
134 135
134 136
134 210
134 211
134 212
134 213
135 125
135 126
135 133
135 134
135 136
135 137
135 210
135 211
135 212
136 78
136 122
136 125
136 126
136 134
136 135
136 137
136 138
136 208
136 209
136 210
136 211
137 78
137 135
137 136
137 138
137 139
137 161
137 162
137 208
137 209
137 210
138 82
138 136
138 137
138 139
138 140
138 160
138 161
138 162
138 163
138 206
138 207
138 208
138 209
139 137
139 138
139 140
139 141
139 162
139 163
139 164
139 165
139 206
139 207
139 208
140 138
140 139
140 141
140 142
140 162
140 163
140 164
140 165
140 204
140 205
140 206
140 207
141 139
141 140
141 142
141 143
141 164
141 165
141 166
141 167
141 204
141 205
141 206
141 207
142 140
142 141
142 143
142 144
142 146
142 164
142 165
142 166
142 167
142 203
142 204
142 205
143 141
143 142
143 144
143 145
143 146
143 166
143 167
143 168
143 169
143 202
143 203
143 204
144 142
144 143
144 145
144 146
144 147
144 166
144 167
144 168
145 143
145 144
145 146
145 147
146 142
146 143
146 144
146 145
146 147
146 148
146 203
146 345
147 144
147 145
147 146
147 148
147 149
147 345
148 146
148 147
148 149
148 150
148 152
148 153
148 344
148 345
148 346
149 147
149 148
149 150
149 151
149 152
149 153
149 343
149 344
149 345
149 346
150 148
150 149
150 151
150 152
150 153
150 154
151 149
151 150
151 152
151 153
151 154
151 155
152 88
152 89
152 148
152 149
152 150
152 151
152 153
152 154
152 155
152 156
152 343
152 344
153 148
153 149
153 150
153 151
153 152
153 154
153 155
153 156
153 157
153 163
153 164
154 150
154 151
154 152
154 153
154 155
154 156
154 157
154 158
155 88
155 151
155 152
155 153
155 154
155 156
155 157
155 158
155 159
155 160
156 85
156 88
156 152
156 153
156 154
156 155
156 157
156 158
156 159
156 160
156 161
156 162
156 163
157 153
157 154
157 155
157 156
157 158
157 159
157 160
157 161
157 162
157 163
158 119
158 154
158 155
158 156
158 157
158 159
158 160
158 161
158 162
159 115
159 116
159 118
159 119
159 155
159 156
159 157
159 158
159 160
159 161
160 81
160 85
160 118
160 119
160 122
160 138
160 155
160 156
160 157
160 158
160 159
160 161
160 162
161 137
161 138
161 156
161 157
161 158
161 159
161 160
161 162
161 163
162 137
162 138
162 139
162 140
162 156
162 157
162 158
162 160
162 161
162 163
162 164
163 138
163 139
163 140
163 153
163 156
163 157
163 161
163 162
163 164
163 165
164 139
164 140
164 141
164 142
164 153
164 162
164 163
164 165
164 166
165 139
165 140
165 141
165 142
165 163
165 164
165 166
165 167
166 141
166 142
166 143
166 144
166 164
166 165
166 167
166 168
167 141
167 142
167 143
167 144
167 165
167 166
167 168
167 169
167 175
168 143
168 144
168 166
168 167
168 169
168 170
168 171
168 172
168 175
169 143
169 167
169 168
169 170
169 171
169 172
169 175
169 198
169 199
169 200
169 201
169 202
169 203
170 168
170 169
170 171
170 172
170 199
170 200
170 201
171 168
171 169
171 170
171 172
171 173
171 174
171 175
171 200
172 168
172 169
172 170
172 171
172 173
172 174
172 175
172 176
172 197
172 198
172 199
172 200
173 171
173 172
173 174
173 175
173 176
173 177
174 171
174 172
174 173
174 175
174 176
174 177
174 178
175 167
175 168
175 169
175 171
175 172
175 173
175 174
175 176
175 177
175 178
175 179
176 172
176 173
176 174
176 175
176 177
176 178
176 179
176 180
176 195
176 197
176 198
177 173
177 174
177 175
177 176
177 178
177 179
177 180
177 181
178 174
178 175
178 176
178 177
178 179
178 180
178 181
178 182
179 175
179 176
179 177
179 178
179 180
179 181
179 182
179 183
180 176
180 177
180 178
180 179
180 181
180 182
180 183
180 184
180 192
180 193
180 194
180 195
181 177
181 178
181 179
181 180
181 182
181 183
181 184
181 185
181 192
182 178
182 179
182 180
182 181
182 183
182 184
182 185
182 186
183 179
183 180
183 181
183 182
183 184
183 185
183 186
183 187
183 191
183 192
183 209
184 180
184 181
184 182
184 183
184 185
184 186
184 187
184 188
184 189
184 190
184 191
184 192
185 181
185 182
185 183
185 184
185 186
185 187
185 188
185 189
186 182
186 183
186 184
186 185
186 187
186 188
186 189
187 183
187 184
187 185
187 186
187 188
187 189
187 190
187 191
187 209
187 210
187 211
188 184
188 185
188 186
188 187
188 189
188 190
188 191
189 184
189 185
189 186
189 187
189 188
189 190
189 191
189 192
190 184
190 187
190 188
190 189
190 191
190 192
190 211
190 360
191 183
191 184
191 187
191 188
191 189
191 190
191 192
191 193
191 194
191 209
191 358
191 359
191 360
192 180
192 181
192 183
192 184
192 189
192 190
192 191
192 193
192 194
193 180
193 191
193 192
193 194
193 195
194 180
194 191
194 192
194 193
194 195
194 196
194 319
194 356
194 357
194 358
195 176
195 180
195 193
195 194
195 196
195 197
195 207
195 356
196 194
196 195
196 197
196 198
196 321
196 356
197 172
197 176
197 195
197 196
197 198
197 199
198 169
198 172
198 176
198 196
198 197
198 199
198 200
198 202
199 169
199 170
199 172
199 197
199 198
199 200
199 201
199 202
200 169
200 170
200 171
200 172
200 198
200 199
200 201
200 202
201 169
201 170
201 199
201 200
201 202
201 203
201 353
202 143
202 169
202 198
202 199
202 200
202 201
202 203
202 204
202 205
202 352
202 353
202 354
203 142
203 143
203 146
203 169
203 201
203 202
203 204
203 205
203 350
203 351
203 352
203 353
204 140
204 141
204 142
204 143
204 202
204 203
204 205
204 206
204 351
204 352
204 353
204 354
205 140
205 141
205 142
205 202
205 203
205 204
205 206
205 207
205 352
205 353
205 354
205 355
206 82
206 138
206 139
206 140
206 141
206 204
206 205
206 207
206 208
206 354
206 355
206 356
207 138
207 139
207 140
207 141
207 195
207 205
207 206
207 208
207 209
207 355
207 356
207 357
208 78
208 79
208 82
208 136
208 137
208 138
208 139
208 206
208 207
208 209
208 210
208 356
208 357
208 358
209 78
209 136
209 137
209 138
209 183
209 187
209 191
209 207
209 208
209 210
209 211
209 357
209 358
209 359
210 75
210 78
210 134
210 135
210 136
210 137
210 187
210 208
210 209
210 211
210 212
210 358
210 359
211 133
211 134
211 135
211 136
211 187
211 190
211 209
211 210
211 212
211 213
211 359
211 360
212 132
212 133
212 134
212 135
212 210
212 211
212 213
212 214
212 361
212 368
213 132
213 133
213 134
213 211
213 212
213 214
213 215
213 367
213 368
213 369
214 131
214 132
214 133
214 212
214 213
214 215
214 216
214 267
214 268
214 269
214 271
214 367
214 368
214 369
215 131
215 132
215 213
215 214
215 216
215 217
215 219
215 267
215 268
215 366
215 367
215 368
215 369
216 214
216 215
216 217
216 218
216 219
216 265
216 266
216 267
216 268
216 365
216 366
216 367
216 368
217 215
217 216
217 218
217 219
217 266
217 267
217 268
217 269
218 216
218 217
218 219
218 220
218 248
218 266
218 267
219 215
219 216
219 217
219 218
219 220
219 221
219 365
219 366
219 367
220 218
220 219
220 221
220 222
220 224
220 225
220 244
220 245
220 246
220 365
220 366
221 219
221 220
221 222
221 223
221 224
221 225
221 244
221 245
221 246
221 365
221 374
221 375
221 376
221 377
222 220
222 221
222 223
222 224
222 225
222 244
222 365
222 374
223 221
223 222
223 224
223 225
224 220
224 221
224 222
224 223
224 225
224 226
224 244
224 245
224 246
225 220
225 221
225 222
225 223
225 224
225 226
225 227
225 242
225 243
225 244
225 245
226 224
226 225
226 227
226 228
226 229
226 242
226 243
226 244
226 245
227 225
227 226
227 228
227 229
227 241
227 242
227 243
228 226
228 227
228 229
228 230
228 240
228 241
228 242
228 243
229 226
229 227
229 228
229 230
229 231
229 239
229 240
229 241
229 242
229 243
230 228
230 229
230 231
230 232
230 238
230 239
230 240
230 241
230 394
231 229
231 230
231 232
231 233
231 238
231 239
231 240
231 241
231 393
231 394
231 395
232 230
232 231
232 233
232 234
232 235
232 236
232 237
232 238
232 239
232 394
232 395
232 396
233 231
233 232
233 234
233 235
233 236
233 237
233 238
233 239
233 395
233 396
233 416
233 417
234 232
234 233
234 235
234 236
234 237
234 238
234 395
235 232
235 233
235 234
235 236
235 237
236 232
236 233
236 234
236 235
236 237
236 238
237 232
237 233
237 234
237 235
237 236
237 238
237 239
238 230
238 231
238 232
238 233
238 234
238 236
238 237
238 239
238 240
239 229
239 230
239 231
239 232
239 233
239 237
239 238
239 240
239 241
240 228
240 229
240 230
240 231
240 238
240 239
240 241
240 242
241 227
241 228
241 229
241 230
241 231
241 239
241 240
241 242
241 243
241 312
241 313
241 418
241 419
242 225
242 226
242 227
242 228
242 229
242 240
242 241
242 243
242 244
242 312
242 313
243 225
243 226
243 227
243 228
243 229
243 241
243 242
243 244
243 245
243 310
243 311
243 312
243 313
244 220
244 221
244 222
244 224
244 225
244 226
244 242
244 243
244 245
244 246
244 310
244 311
244 312
244 313
244 364
244 365
245 220
245 221
245 224
245 225
245 226
245 243
245 244
245 246
245 247
245 308
245 309
245 310
245 311
246 220
246 221
246 224
246 244
246 245
246 247
246 248
246 308
246 309
246 310
247 245
247 246
247 248
247 249
247 306
247 307
247 308
247 309
248 218
248 246
248 247
248 249
248 250
248 306
248 307
248 308
248 309
249 247
249 248
249 250
249 251
249 304
249 305
249 306
249 307
250 248
250 249
250 251
250 252
250 263
250 264
250 265
250 266
250 304
250 305
250 306
250 307
251 249
251 250
251 252
251 253
251 263
251 264
251 265
251 302
251 303
251 304
251 305
252 250
252 251
252 253
252 254
252 261
252 262
252 263
252 264
252 302
252 303
252 304
252 305
252 307
253 251
253 252
253 254
253 255
253 261
253 262
253 263
253 298
253 301
253 302
253 303
254 252
254 253
254 255
254 256
254 259
254 260
254 261
254 262
255 253
255 254
255 256
255 257
255 258
255 259
255 260
255 261
255 262
256 254
256 255
256 257
256 258
256 259
256 260
257 255
257 256
257 258
257 259
258 255
258 256
258 257
258 259
258 260
258 278
258 282
258 285
258 286
258 289
259 254
259 255
259 256
259 257
259 258
259 260
259 261
259 278
259 279
259 282
259 286
260 254
260 255
260 256
260 258
260 259
260 261
260 262
260 276
260 277
260 278
260 279
260 282
260 286
261 252
261 253
261 254
261 255
261 259
261 260
261 262
261 263
261 276
261 277
261 278
261 279
261 391
262 252
262 253
262 254
262 255
262 260
262 261
262 263
262 264
262 274
262 275
262 276
262 277
262 298
262 302
263 250
263 251
263 252
263 253
263 261
263 262
263 264
263 265
263 273
263 274
263 275
263 276
263 302
264 250
264 251
264 252
264 262
264 263
264 265
264 266
264 272
264 273
264 274
264 275
264 302
265 216
265 250
265 251
265 263
265 264
265 266
265 267
265 272
265 273
265 274
265 275
266 216
266 217
266 218
266 250
266 264
266 265
266 267
266 268
266 271
266 272
266 273
267 214
267 215
267 216
267 217
267 218
267 265
267 266
267 268
267 269
267 270
267 271
267 272
267 273
267 367
268 131
268 132
268 214
268 215
268 216
268 217
268 266
268 267
268 269
268 270
268 271
269 129
269 131
269 132
269 214
269 217
269 267
269 268
269 270
269 271
270 132
270 267
270 268
270 269
270 271
270 272
270 403
270 404
270 405
271 132
271 214
271 266
271 267
271 268
271 269
271 270
271 272
271 273
271 401
271 402
271 403
271 404
272 264
272 265
272 266
272 267
272 270
272 271
272 273
272 274
272 401
272 402
272 403
272 404
273 263
273 264
273 265
273 266
273 267
273 271
273 272
273 274
273 275
273 399
273 400
273 401
273 402
274 262
274 263
274 264
274 265
274 272
274 273
274 275
274 276
274 399
274 400
274 401
274 402
275 262
275 263
275 264
275 265
275 273
275 274
275 276
275 277
275 397
275 398
275 399
275 400
276 260
276 261
276 262
276 263
276 274
276 275
276 277
276 278
276 397
276 398
276 399
277 260
277 261
277 262
277 275
277 276
277 278
277 279
277 393
277 395
277 396
277 397
277 398
278 258
278 259
278 260
278 261
278 276
278 277
278 279
278 280
278 281
278 282
278 283
278 286
278 396
278 397
279 259
279 260
279 261
279 277
279 278
279 280
279 281
279 282
279 283
280 278
280 279
280 281
280 282
280 283
281 278
281 279
281 280
281 282
281 283
281 284
282 258
282 259
282 260
282 278
282 279
282 280
282 281
282 283
282 284
282 285
282 286
283 278
283 279
283 280
283 281
283 282
283 284
283 285
283 286
283 287
283 396
283 397
284 281
284 282
284 283
284 285
284 286
284 287
284 288
285 258
285 282
285 283
285 284
285 286
285 287
285 288
285 289
286 258
286 259
286 260
286 278
286 282
286 283
286 284
286 285
286 287
286 288
286 289
286 290
287 62
287 283
287 284
287 285
287 286
287 288
287 289
287 290
288 62
288 284
288 285
288 286
288 287
288 289
288 290
289 258
289 285
289 286
289 287
289 288
289 290
289 291
289 294
290 58
290 286
290 287
290 288
290 289
290 291
290 292
290 294
290 295
291 55
291 58
291 289
291 290
291 292
291 293
291 294
291 295
292 54
292 55
292 290
292 291
292 293
292 294
292 295
292 296
293 291
293 292
293 294
293 295
293 296
293 297
294 289
294 290
294 291
294 292
294 293
294 295
294 296
294 297
294 298
295 290
295 291
295 292
295 293
295 294
295 296
295 297
295 298
295 299
296 292
296 293
296 294
296 295
296 297
296 298
296 299
296 300
297 293
297 294
297 295
297 296
297 298
297 299
297 300
297 301
298 253
298 262
298 294
298 295
298 296
298 297
298 299
298 300
298 301
298 302
299 295
299 296
299 297
299 298
299 300
299 301
299 302
300 296
300 297
300 298
300 299
300 301
300 302
301 253
301 297
301 298
301 299
301 300
301 302
301 303
302 251
302 252
302 253
302 262
302 263
302 264
302 298
302 299
302 300
302 301
302 303
302 304
303 251
303 252
303 253
303 301
303 302
303 304
303 305
304 249
304 250
304 251
304 252
304 302
304 303
304 305
304 306
305 249
305 250
305 251
305 252
305 303
305 304
305 306
305 307
305 389
306 247
306 248
306 249
306 250
306 304
306 305
306 307
306 308
306 388
306 389
307 247
307 248
307 249
307 250
307 252
307 305
307 306
307 308
307 309
307 388
307 389
307 390
307 391
308 245
308 246
308 247
308 248
308 306
308 307
308 309
308 310
308 388
308 389
308 390
308 391
309 245
309 246
309 247
309 248
309 307
309 308
309 310
309 311
309 390
309 391
309 392
310 243
310 244
310 245
310 246
310 308
310 309
310 311
310 312
310 391
310 392
310 393
310 394
311 243
311 244
311 245
311 309
311 310
311 312
311 313
311 392
311 393
311 394
312 241
312 242
312 243
312 244
312 310
312 311
312 313
312 314
312 363
312 393
312 394
312 418
313 241
313 242
313 243
313 244
313 311
313 312
313 314
313 315
313 363
313 364
313 365
313 418
314 312
314 313
314 315
314 316
314 362
314 363
314 364
314 418
314 419
314 421
315 313
315 314
315 316
315 317
315 360
315 361
315 362
315 363
315 418
315 419
315 420
315 421
316 71
316 73
316 314
316 315
316 317
316 318
316 360
316 361
316 362
316 415
316 418
316 420
316 421
317 72
317 73
317 74
317 315
317 316
317 318
317 319
317 358
317 359
317 360
317 361
317 421
318 71
318 72
318 73
318 74
318 316
318 317
318 319
318 320
318 358
318 359
318 360
319 74
319 194
319 317
319 318
319 320
319 321
319 356
319 357
319 358
319 359
320 318
320 319
320 321
320 322
320 325
320 356
320 357
320 358
321 196
321 319
321 320
321 322
321 323
321 324
321 325
321 354
321 355
321 356
321 357
322 320
322 321
322 323
322 324
322 325
322 326
322 354
322 355
322 356
322 357
323 321
323 322
323 324
323 325
323 326
323 327
323 335
323 354
323 355
324 321
324 322
324 323
324 325
324 326
324 327
324 328
325 64
325 320
325 321
325 322
325 323
325 324
325 326
325 327
325 328
325 329
326 322
326 323
326 324
326 325
326 327
326 328
326 329
326 330
326 331
326 332
327 323
327 324
327 325
327 326
327 328
327 329
327 330
327 331
327 332
327 333
328 63
328 324
328 325
328 326
328 327
328 329
328 330
328 331
328 332
329 59
329 60
329 63
329 101
329 325
329 326
329 327
329 328
329 330
329 331
330 101
330 326
330 327
330 328
330 329
330 331
330 332
331 97
331 98
331 101
331 326
331 327
331 328
331 329
331 330
331 332
331 333
331 334
332 326
332 327
332 328
332 330
332 331
332 333
332 334
332 335
333 327
333 331
333 332
333 334
333 335
333 336
333 337
333 338
333 339
334 94
334 97
334 98
334 331
334 332
334 333
334 335
334 336
334 338
334 339
335 323
335 332
335 333
335 334
335 336
335 337
335 339
335 351
335 352
335 353
336 333
336 334
336 335
336 337
336 338
336 339
336 351
336 352
337 333
337 335
337 336
337 338
337 339
337 349
337 350
337 351
338 333
338 334
338 336
338 337
338 339
338 340
338 349
339 90
339 94
339 333
339 334
339 335
339 336
339 337
339 338
339 340
339 341
339 349
339 351
340 90
340 91
340 94
340 338
340 339
340 341
340 342
340 343
340 348
340 349
341 89
341 90
341 91
341 94
341 339
341 340
341 342
341 343
341 344
341 345
341 346
341 347
341 348
341 349
341 350
341 351
342 89
342 90
342 91
342 340
342 341
342 343
342 344
342 345
342 346
342 347
342 348
342 349
343 88
343 89
343 90
343 91
343 149
343 152
343 340
343 341
343 342
343 344
343 345
343 346
344 89
344 90
344 148
344 149
344 152
344 341
344 342
344 343
344 345
344 346
345 146
345 147
345 148
345 149
345 341
345 342
345 343
345 344
345 346
345 347
346 148
346 149
346 341
346 342
346 343
346 344
346 345
346 347
346 348
347 341
347 342
347 345
347 346
347 348
347 349
347 350
348 340
348 341
348 342
348 346
348 347
348 349
348 350
349 337
349 338
349 339
349 340
349 341
349 342
349 347
349 348
349 350
349 351
350 203
350 337
350 341
350 347
350 348
350 349
350 351
350 352
351 203
351 204
351 335
351 336
351 337
351 339
351 341
351 349
351 350
351 352
351 353
352 202
352 203
352 204
352 205
352 335
352 336
352 350
352 351
352 353
352 354
352 355
353 201
353 202
353 203
353 204
353 205
353 335
353 351
353 352
353 354
353 355
354 202
354 204
354 205
354 206
354 321
354 322
354 323
354 352
354 353
354 355
354 356
355 205
355 206
355 207
355 321
355 322
355 323
355 352
355 353
355 354
355 356
355 357
356 194
356 195
356 196
356 206
356 207
356 208
356 319
356 320
356 321
356 322
356 354
356 355
356 357
356 358
357 74
357 78
357 79
357 194
357 207
357 208
357 209
357 319
357 320
357 321
357 322
357 355
357 356
357 358
357 359
358 74
358 191
358 194
358 208
358 209
358 210
358 317
358 318
358 319
358 320
358 356
358 357
358 359
358 360
359 73
359 74
359 75
359 191
359 209
359 210
359 211
359 317
359 318
359 319
359 357
359 358
359 360
359 361
359 411
360 73
360 74
360 190
360 191
360 211
360 315
360 316
360 317
360 318
360 358
360 359
360 361
360 362
361 212
361 315
361 316
361 317
361 359
361 360
361 362
361 363
361 368
362 314
362 315
362 316
362 360
362 361
362 363
362 364
362 367
362 368
362 369
362 370
363 312
363 313
363 314
363 315
363 361
363 362
363 364
363 365
363 367
363 368
363 369
364 244
364 313
364 314
364 362
364 363
364 365
364 366
364 367
364 368
364 369
364 370
365 216
365 219
365 220
365 221
365 222
365 244
365 313
365 363
365 364
365 366
365 367
366 215
366 216
366 219
366 220
366 364
366 365
366 367
366 368
366 369
367 213
367 214
367 215
367 216
367 219
367 267
367 362
367 363
367 364
367 365
367 366
367 368
367 369
368 212
368 213
368 214
368 215
368 216
368 361
368 362
368 363
368 364
368 366
368 367
368 369
368 370
369 213
369 214
369 215
369 362
369 363
369 364
369 366
369 367
369 368
369 370
369 371
370 362
370 364
370 368
370 369
370 371
370 372
371 369
371 370
371 372
371 373
372 370
372 371
372 373
372 374
373 371
373 372
373 374
373 375
374 221
374 222
374 372
374 373
374 375
374 376
375 221
375 373
375 374
375 376
375 377
376 221
376 374
376 375
376 377
376 378
377 221
377 375
377 376
377 378
377 379
378 376
378 377
378 379
378 380
379 377
379 378
379 380
379 381
380 378
380 379
380 381
380 382
381 379
381 380
381 382
381 383
382 380
382 381
382 383
382 384
383 381
383 382
383 384
383 385
384 382
384 383
384 385
384 386
385 383
385 384
385 386
385 387
386 384
386 385
386 387
386 388
387 385
387 386
387 388
387 389
388 306
388 307
388 308
388 386
388 387
388 389
388 390
389 305
389 306
389 307
389 308
389 387
389 388
389 390
389 391
390 307
390 308
390 309
390 388
390 389
390 391
390 392
391 261
391 307
391 308
391 309
391 310
391 389
391 390
391 392
391 393
392 309
392 310
392 311
392 390
392 391
392 393
392 394
393 231
393 277
393 310
393 311
393 312
393 391
393 392
393 394
393 395
393 396
393 397
394 230
394 231
394 232
394 310
394 311
394 312
394 392
394 393
394 395
394 396
395 231
395 232
395 233
395 234
395 277
395 393
395 394
395 396
395 397
395 416
396 232
396 233
396 277
396 278
396 283
396 393
396 394
396 395
396 397
396 398
396 414
396 415
396 416
396 417
397 275
397 276
397 277
397 278
397 283
397 393
397 395
397 396
397 398
397 399
397 414
397 415
397 416
398 275
398 276
398 277
398 396
398 397
398 399
398 400
398 412
398 413
398 414
398 415
399 273
399 274
399 275
399 276
399 397
399 398
399 400
399 401
399 411
399 412
399 413
399 414
399 415
400 273
400 274
400 275
400 398
400 399
400 401
400 402
400 409
400 410
400 411
400 412
400 413
401 271
401 272
401 273
401 274
401 399
401 400
401 402
401 403
401 409
401 410
401 411
401 412
402 271
402 272
402 273
402 274
402 400
402 401
402 403
402 404
402 407
402 408
402 409
402 410
402 411
403 270
403 271
403 272
403 401
403 402
403 404
403 405
403 406
403 407
403 408
403 409
403 410
404 270
404 271
404 272
404 402
404 403
404 405
404 406
404 407
404 408
405 270
405 403
405 404
405 406
405 407
405 408
406 46
406 47
406 50
406 121
406 124
406 125
406 403
406 404
406 405
406 407
406 408
407 50
407 402
407 403
407 404
407 405
407 406
407 408
407 409
408 50
408 53
408 54
408 77
408 402
408 403
408 404
408 405
408 406
408 407
408 409
408 410
409 53
409 54
409 75
409 76
409 77
409 400
409 401
409 402
409 403
409 407
409 408
409 410
409 411
409 412
410 75
410 76
410 77
410 78
410 400
410 401
410 402
410 403
410 408
410 409
410 411
410 412
411 73
411 74
411 75
411 76
411 77
411 359
411 399
411 400
411 401
411 402
411 409
411 410
411 412
411 413
412 57
412 61
412 72
412 73
412 74
412 75
412 76
412 398
412 399
412 400
412 401
412 409
412 410
412 411
412 413
412 414
413 61
413 71
413 72
413 73
413 74
413 398
413 399
413 400
413 411
413 412
413 414
413 415
414 70
414 71
414 72
414 73
414 396
414 397
414 398
414 399
414 412
414 413
414 415
414 416
415 70
415 71
415 72
415 316
415 396
415 397
415 398
415 399
415 413
415 414
415 416
415 417
415 418
416 70
416 71
416 233
416 395
416 396
416 397
416 414
416 415
416 417
416 418
417 70
417 71
417 233
417 396
417 415
417 416
417 418
417 419
417 420
418 241
418 312
418 313
418 314
418 315
418 316
418 415
418 416
418 417
418 419
418 420
418 421
419 241
419 314
419 315
419 417
419 418
419 420
419 421
420 315
420 316
420 417
420 418
420 419
420 421
421 314
421 315
421 316
421 317
421 418
421 419
421 420
