0 1
0 2
0 4
1 0
1 2
1 3
1 4
1 5
2 0
2 1
2 3
2 4
2 5
2 6
3 1
3 2
3 4
3 5
3 6
3 7
4 0
4 1
4 2
4 3
4 5
4 6
4 7
4 324
4 325
5 1
5 2
5 3
5 4
5 6
5 7
5 8
5 9
5 292
5 325
6 2
6 3
6 4
6 5
6 7
6 8
6 9
6 10
6 234
6 235
7 3
7 4
7 5
7 6
7 8
7 9
7 10
7 11
7 324
8 5
8 6
8 7
8 9
8 10
8 11
8 12
8 13
8 307
8 319
8 321
8 324
9 5
9 6
9 7
9 8
9 10
9 11
9 12
9 13
9 14
9 233
9 234
10 6
10 7
10 8
10 9
10 11
10 12
10 13
10 14
10 234
11 7
11 8
11 9
11 10
11 12
11 13
11 311
11 316
11 317
11 318
11 319
12 8
12 9
12 10
12 11
12 13
12 14
12 16
12 307
12 310
12 311
12 314
12 316
12 317
12 318
13 8
13 9
13 10
13 11
13 12
13 14
13 15
13 16
13 234
13 314
13 316
14 9
14 10
14 12
14 13
14 15
14 16
14 233
14 234
14 235
14 236
14 237
15 13
15 14
15 16
15 17
15 18
15 19
15 20
15 233
15 234
15 237
16 12
16 13
16 14
16 15
16 17
16 18
16 19
16 20
16 313
16 314
17 15
17 16
17 18
17 19
17 20
17 21
17 313
17 314
18 15
18 16
18 17
18 19
18 20
18 21
18 22
18 310
18 313
18 314
19 15
19 16
19 17
19 18
19 20
19 21
19 22
19 23
19 232
19 233
19 310
20 15
20 16
20 17
20 18
20 19
20 21
20 22
20 23
20 24
21 17
21 18
21 19
21 20
21 22
21 23
21 24
21 25
22 18
22 19
22 20
22 21
22 23
22 24
22 25
22 26
22 229
22 287
23 19
23 20
23 21
23 22
23 24
23 25
23 26
23 27
23 229
24 20
24 21
24 22
24 23
24 25
24 26
24 27
24 28
25 21
25 22
25 23
25 24
25 26
25 27
25 28
25 29
25 280
25 283
25 284
26 22
26 23
26 24
26 25
26 27
26 28
26 29
26 30
26 225
26 229
26 280
27 23
27 24
27 25
27 26
27 28
27 29
27 30
27 31
27 245
27 248
28 24
28 25
28 26
28 27
28 29
28 30
28 31
28 32
28 248
28 280
29 25
29 26
29 27
29 28
29 30
29 31
29 32
29 33
29 188
29 276
29 277
29 280
30 26
30 27
30 28
30 29
30 31
30 32
30 33
30 34
30 221
30 222
30 245
30 246
30 248
30 249
30 252
31 27
31 28
31 29
31 30
31 32
31 33
31 34
31 35
31 248
31 249
31 250
31 251
31 252
31 253
31 276
32 28
32 29
32 30
32 31
32 33
32 34
32 35
32 36
32 218
32 249
32 252
32 273
32 274
32 276
32 277
33 29
33 30
33 31
33 32
33 34
33 35
33 36
33 37
33 218
33 219
33 221
33 222
33 249
33 252
34 30
34 31
34 32
34 33
34 35
34 36
34 37
34 38
34 248
34 249
34 250
34 251
34 252
34 253
35 31
35 32
35 33
35 34
35 36
35 37
35 38
35 39
35 249
35 252
35 253
35 255
35 256
35 273
36 32
36 33
36 34
36 35
36 37
36 38
36 39
36 40
36 214
36 215
36 218
36 273
36 274
37 33
37 34
37 35
37 36
37 38
37 39
37 40
37 160
37 215
38 34
38 35
38 36
38 37
38 39
38 40
38 41
38 253
38 256
38 376
38 377
39 35
39 36
39 37
39 38
39 40
39 41
39 42
39 43
39 256
39 270
39 273
40 36
40 37
40 38
40 39
40 41
40 42
40 43
40 44
40 45
40 156
40 157
41 38
41 39
41 40
41 42
41 43
41 44
41 45
41 376
41 377
41 380
42 39
42 40
42 41
42 43
42 44
42 45
42 138
42 260
42 266
43 39
43 40
43 41
43 42
43 44
43 45
43 138
43 139
43 140
43 266
44 40
44 41
44 42
44 43
44 45
44 46
44 138
44 139
44 140
44 153
44 156
45 40
45 41
45 42
45 43
45 44
45 46
45 47
45 138
45 139
45 140
46 44
46 45
46 47
46 48
46 138
46 140
46 141
46 146
47 45
47 46
47 48
47 49
47 130
47 131
47 132
47 135
47 141
48 46
48 47
48 49
48 50
48 74
48 75
48 77
48 130
48 131
49 47
49 48
49 50
49 51
49 74
49 75
49 77
49 99
49 128
49 129
49 130
49 131
50 48
50 49
50 51
50 52
50 74
50 77
50 97
50 98
50 99
50 100
50 128
50 129
50 130
51 49
51 50
51 52
51 53
51 97
51 98
51 99
51 100
51 101
51 102
51 124
51 127
51 128
51 129
52 50
52 51
52 53
52 54
52 97
52 124
52 126
52 127
52 128
52 129
53 51
53 52
53 54
53 55
53 56
53 57
53 87
53 95
53 97
53 102
53 126
54 52
54 53
54 55
54 56
54 126
55 53
55 54
55 56
55 57
55 89
55 90
56 53
56 54
56 55
56 57
56 58
56 89
56 90
57 53
57 55
57 56
57 58
57 59
57 60
57 87
57 88
57 89
57 90
58 56
58 57
58 59
58 60
58 87
58 88
58 89
58 90
59 57
59 58
59 60
59 61
59 66
59 87
59 88
59 89
60 57
60 58
60 59
60 61
60 62
60 66
60 67
60 68
60 69
60 70
60 85
60 86
60 87
60 88
61 59
61 60
61 62
61 63
61 64
61 65
61 66
61 67
61 68
61 85
61 86
61 87
61 111
61 112
61 113
62 60
62 61
62 63
62 64
62 65
62 66
62 68
62 73
62 84
62 85
62 86
62 113
63 61
63 62
63 64
63 65
63 112
63 113
64 61
64 62
64 63
64 65
64 66
64 112
64 113
65 61
65 62
65 63
65 64
65 66
65 67
65 68
66 59
66 60
66 61
66 62
66 64
66 65
66 67
66 68
67 60
67 61
67 65
67 66
67 68
67 69
68 60
68 61
68 62
68 65
68 66
68 67
68 69
68 70
68 72
68 73
69 60
69 67
69 68
69 70
69 71
69 72
69 73
70 60
70 68
70 69
70 71
70 72
70 73
70 74
71 69
71 70
71 72
71 73
71 74
71 129
71 130
71 131
72 68
72 69
72 70
72 71
72 73
72 74
72 75
72 76
72 131
73 62
73 68
73 69
73 70
73 71
73 72
73 74
73 75
73 76
73 77
73 85
74 48
74 49
74 50
74 70
74 71
74 72
74 73
74 75
74 76
74 77
74 129
74 130
74 131
75 48
75 49
75 72
75 73
75 74
75 76
75 77
75 78
75 131
76 72
76 73
76 74
76 75
76 77
76 78
77 48
77 49
77 50
77 73
77 74
77 75
77 76
77 78
77 79
77 81
77 83
77 84
78 75
78 76
78 77
78 79
78 80
78 81
78 83
79 77
79 78
79 80
79 81
80 78
80 79
80 81
80 82
81 77
81 78
81 79
81 80
81 82
81 83
82 80
82 81
82 83
82 84
82 98
83 77
83 78
83 81
83 82
83 84
83 85
83 98
84 62
84 77
84 82
84 83
84 85
84 86
84 96
84 97
84 98
84 99
85 60
85 61
85 62
85 73
85 83
85 84
85 86
85 87
85 96
85 97
85 98
85 113
86 60
86 61
86 62
86 84
86 85
86 87
86 88
86 94
86 95
86 96
86 97
86 111
86 112
86 113
87 53
87 57
87 58
87 59
87 60
87 61
87 85
87 86
87 88
87 89
87 94
87 95
87 96
87 97
87 111
88 57
88 58
88 59
88 60
88 86
88 87
88 89
88 90
88 92
88 93
88 94
88 95
88 111
89 55
89 56
89 57
89 58
89 59
89 87
89 88
89 90
89 91
89 92
89 93
89 94
89 95
90 55
90 56
90 57
90 58
90 88
90 89
90 91
90 92
90 93
91 89
91 90
91 92
91 93
92 88
92 89
92 90
92 91
92 93
92 94
92 108
93 88
93 89
93 90
93 91
93 92
93 94
93 95
93 104
93 105
93 108
94 86
94 87
94 88
94 89
94 92
94 93
94 95
94 96
94 104
94 105
94 108
94 111
95 53
95 86
95 87
95 88
95 89
95 93
95 94
95 96
95 97
95 102
95 103
95 104
95 105
96 84
96 85
96 86
96 87
96 94
96 95
96 97
96 98
96 102
96 103
96 104
96 105
97 50
97 51
97 52
97 53
97 84
97 85
97 86
97 87
97 95
97 96
97 98
97 99
97 101
97 102
97 103
98 50
98 51
98 82
98 83
98 84
98 85
98 96
98 97
98 99
98 100
98 101
98 102
98 103
99 49
99 50
99 51
99 84
99 97
99 98
99 100
99 101
99 147
100 50
100 51
100 98
100 99
100 101
100 102
100 123
100 124
100 146
100 147
101 51
101 97
101 98
101 99
101 100
101 102
101 103
101 121
101 122
101 123
101 124
102 51
102 53
102 95
102 96
102 97
102 98
102 100
102 101
102 103
102 104
102 121
102 122
102 123
102 124
103 95
103 96
103 97
103 98
103 101
103 102
103 104
103 105
103 119
103 120
103 121
103 122
104 93
104 94
104 95
104 96
104 102
104 103
104 105
104 106
104 119
104 120
104 121
104 122
105 93
105 94
105 95
105 96
105 103
105 104
105 106
105 107
105 108
105 117
105 118
105 119
105 120
106 104
106 105
106 107
106 108
106 117
106 118
106 119
106 120
107 105
107 106
107 108
107 109
107 110
107 117
107 118
108 92
108 93
108 94
108 105
108 106
108 107
108 109
108 110
108 111
109 107
109 108
109 110
109 111
110 107
110 108
110 109
110 111
110 112
110 115
111 61
111 86
111 87
111 88
111 94
111 108
111 109
111 110
111 112
111 113
112 61
112 63
112 64
112 86
112 110
112 111
112 113
112 114
112 115
113 61
113 62
113 63
113 64
113 85
113 86
113 111
113 112
113 114
113 115
114 112
114 113
114 115
114 116
115 110
115 112
115 113
115 114
115 116
115 117
116 114
116 115
116 117
116 118
117 105
117 106
117 107
117 115
117 116
117 118
117 119
118 105
118 106
118 107
118 116
118 117
118 119
118 120
119 103
119 104
119 105
119 106
119 117
119 118
119 120
119 121
120 103
120 104
120 105
120 106
120 118
120 119
120 121
120 122
121 101
121 102
121 103
121 104
121 119
121 120
121 122
121 123
122 101
122 102
122 103
122 104
122 120
122 121
122 123
122 124
123 100
123 101
123 102
123 121
123 122
123 124
123 125
124 51
124 52
124 100
124 101
124 102
124 122
124 123
124 125
124 126
124 127
124 128
125 123
125 124
125 126
125 127
126 52
126 53
126 54
126 124
126 125
126 127
126 128
127 51
127 52
127 124
127 125
127 126
127 128
127 129
127 144
128 49
128 50
128 51
128 52
128 124
128 126
128 127
128 129
128 130
128 144
129 49
129 50
129 51
129 52
129 71
129 74
129 127
129 128
129 130
129 131
130 47
130 48
130 49
130 50
130 71
130 74
130 128
130 129
130 131
130 132
130 141
131 47
131 48
131 49
131 71
131 72
131 74
131 75
131 129
131 130
131 132
131 133
131 134
131 135
132 47
132 130
132 131
132 133
132 134
132 135
132 136
132 137
133 131
133 132
133 134
133 135
133 136
134 131
134 132
134 133
134 135
134 136
134 264
135 47
135 131
135 132
135 133
135 134
135 136
135 137
135 138
135 264
135 265
136 132
136 133
136 134
136 135
136 137
136 138
136 264
136 265
137 132
137 135
137 136
137 138
137 139
137 141
137 142
137 264
137 265
137 266
138 42
138 43
138 44
138 45
138 46
138 135
138 136
138 137
138 139
138 140
138 141
138 142
138 265
138 266
139 43
139 44
139 45
139 137
139 138
139 140
139 141
139 142
139 143
139 145
139 266
140 43
140 44
140 45
140 46
140 138
140 139
140 141
140 142
140 143
140 144
140 145
140 146
140 153
141 46
141 47
141 130
141 137
141 138
141 139
141 140
141 142
141 143
141 144
141 145
142 137
142 138
142 139
142 140
142 141
142 143
142 144
142 145
143 139
143 140
143 141
143 142
143 144
143 145
143 203
143 204
144 127
144 128
144 140
144 141
144 142
144 143
144 145
144 146
144 149
145 139
145 140
145 141
145 142
145 143
145 144
145 146
145 147
145 148
145 149
145 150
145 151
145 152
145 153
146 46
146 100
146 140
146 144
146 145
146 147
146 148
146 149
146 150
146 151
146 153
147 99
147 100
147 145
147 146
147 148
147 149
147 150
148 145
148 146
148 147
148 149
148 150
148 151
149 144
149 145
149 146
149 147
149 148
149 150
149 151
149 152
149 153
150 145
150 146
150 147
150 148
150 149
150 151
150 152
150 153
150 154
151 145
151 146
151 148
151 149
151 150
151 152
151 153
151 154
151 155
152 145
152 149
152 150
152 151
152 153
152 154
152 155
152 156
153 44
153 140
153 145
153 146
153 149
153 150
153 151
153 152
153 154
153 155
153 156
154 150
154 151
154 152
154 153
154 155
154 156
154 157
154 158
154 492
154 493
154 496
155 151
155 152
155 153
155 154
155 156
155 157
155 158
155 159
156 40
156 44
156 152
156 153
156 154
156 155
156 157
156 158
156 159
156 160
156 208
157 40
157 154
157 155
157 156
157 158
157 159
157 160
157 161
157 489
157 492
158 154
158 155
158 156
158 157
158 159
158 160
158 161
158 162
158 488
158 489
158 490
158 492
158 493
159 155
159 156
159 157
159 158
159 160
159 161
159 162
159 163
159 208
159 212
159 489
160 37
160 156
160 157
160 158
160 159
160 161
160 162
160 163
160 164
160 211
160 212
160 215
161 157
161 158
161 159
161 160
161 162
161 163
161 164
161 165
161 215
161 485
161 488
161 489
162 158
162 159
162 160
162 161
162 163
162 164
162 165
162 166
162 212
162 485
162 489
163 159
163 160
163 161
163 162
163 164
163 165
163 166
163 167
163 212
163 213
163 214
163 215
163 216
164 160
164 161
164 162
164 163
164 165
164 166
164 167
164 168
164 212
164 215
164 216
164 217
164 218
164 219
164 220
164 485
165 161
165 162
165 163
165 164
165 166
165 167
165 168
165 169
165 216
165 219
165 482
165 485
165 486
166 162
166 163
166 164
166 165
166 167
166 168
166 169
166 170
166 216
167 163
167 164
167 165
167 166
167 168
167 169
167 170
167 171
167 172
167 215
167 216
167 217
167 218
167 219
167 220
168 164
168 165
168 166
168 167
168 169
168 170
168 171
168 172
168 216
168 219
168 220
168 223
169 165
169 166
169 167
169 168
169 170
169 171
169 172
169 173
169 220
170 166
170 167
170 168
170 169
170 171
170 172
170 173
170 174
170 220
171 167
171 168
171 169
171 170
171 172
171 173
171 174
171 175
171 183
171 217
171 220
171 221
171 223
171 224
172 167
172 168
172 169
172 170
172 171
172 173
172 174
172 175
172 176
172 220
172 223
172 224
173 169
173 170
173 171
173 172
173 174
173 175
173 176
173 177
174 170
174 171
174 172
174 173
174 175
174 176
174 177
174 178
174 179
174 183
175 171
175 172
175 173
175 174
175 176
175 177
175 178
175 179
175 180
175 182
175 183
175 224
176 172
176 173
176 174
176 175
176 177
176 178
176 179
176 180
176 293
177 173
177 174
177 175
177 176
177 178
177 179
178 174
178 175
178 176
178 177
178 179
178 180
178 182
178 183
179 174
179 175
179 176
179 177
179 178
179 180
179 181
179 182
179 183
179 289
179 290
179 293
180 175
180 176
180 178
180 179
180 181
180 182
180 183
180 184
180 224
180 225
180 228
180 289
180 290
180 293
181 179
181 180
181 182
181 183
181 184
181 185
181 228
181 287
181 288
181 289
181 290
182 175
182 178
182 179
182 180
182 181
182 183
182 184
182 185
182 186
183 171
183 174
183 175
183 178
183 179
183 180
183 181
183 182
183 184
183 185
183 186
183 187
183 221
183 224
184 180
184 181
184 182
184 183
184 185
184 186
184 187
184 188
184 221
184 224
184 225
184 284
185 181
185 182
185 183
185 184
185 186
185 187
185 188
185 189
185 281
185 284
185 285
186 182
186 183
186 184
186 185
186 187
186 188
186 189
186 190
187 183
187 184
187 185
187 186
187 188
187 189
187 190
187 191
187 217
187 218
187 220
187 221
188 29
188 184
188 185
188 186
188 187
188 189
188 190
188 191
188 192
188 217
188 218
188 221
188 277
188 280
188 281
189 185
189 186
189 187
189 188
189 190
189 191
189 192
189 193
189 281
190 186
190 187
190 188
190 189
190 191
190 192
190 193
190 194
190 214
190 217
191 187
191 188
191 189
191 190
191 192
191 193
191 194
191 195
191 214
191 217
191 218
191 274
191 277
192 188
192 189
192 190
192 191
192 193
192 194
192 195
192 196
192 274
192 275
192 277
192 278
193 189
193 190
193 191
193 192
193 194
193 195
193 196
193 197
194 190
194 191
194 192
194 193
194 195
194 196
194 197
194 198
194 210
194 211
194 213
194 214
195 191
195 192
195 193
195 194
195 196
195 197
195 198
195 199
195 210
195 211
195 214
195 270
195 271
195 274
196 192
196 193
196 194
196 195
196 197
196 198
196 199
196 200
196 270
196 271
196 274
197 193
197 194
197 195
197 196
197 198
197 199
197 200
197 201
197 207
197 210
198 194
198 195
198 196
198 197
198 199
198 200
198 201
198 206
198 207
198 208
198 210
198 211
198 267
198 270
199 195
199 196
199 197
199 198
199 200
199 201
199 207
199 266
199 267
199 268
199 270
199 271
200 196
200 197
200 198
200 199
200 201
200 202
200 267
201 197
201 198
201 199
201 200
201 202
201 203
201 204
201 206
201 207
201 210
202 200
202 201
202 203
202 204
202 206
202 207
203 143
203 201
203 202
203 204
203 205
203 206
203 207
204 143
204 201
204 202
204 203
204 205
204 206
204 207
204 208
205 203
205 204
205 206
205 207
205 208
205 209
206 198
206 201
206 202
206 203
206 204
206 205
206 207
206 208
206 209
206 210
207 197
207 198
207 199
207 201
207 202
207 203
207 204
207 205
207 206
207 208
207 209
207 210
207 211
208 156
208 159
208 198
208 204
208 205
208 206
208 207
208 209
208 210
208 211
208 212
209 205
209 206
209 207
209 208
209 210
209 211
209 212
209 213
210 194
210 195
210 197
210 198
210 201
210 206
210 207
210 208
210 209
210 211
210 212
210 213
210 214
211 160
211 194
211 195
211 198
211 207
211 208
211 209
211 210
211 212
211 213
211 214
211 215
212 159
212 160
212 162
212 163
212 164
212 208
212 209
212 210
212 211
212 213
212 214
212 215
212 216
213 163
213 194
213 209
213 210
213 211
213 212
213 214
213 215
213 216
213 217
214 36
214 163
214 190
214 191
214 194
214 195
214 210
214 211
214 212
214 213
214 215
214 216
214 217
214 218
215 36
215 37
215 160
215 161
215 163
215 164
215 167
215 211
215 212
215 213
215 214
215 216
215 217
215 218
215 219
216 163
216 164
216 165
216 166
216 167
216 168
216 212
216 213
216 214
216 215
216 217
216 218
216 219
216 220
217 164
217 167
217 171
217 187
217 188
217 190
217 191
217 213
217 214
217 215
217 216
217 218
217 219
217 220
217 221
218 32
218 33
218 36
218 164
218 167
218 187
218 188
218 191
218 214
218 215
218 216
218 217
218 219
218 220
218 221
218 222
219 33
219 164
219 165
219 167
219 168
219 215
219 216
219 217
219 218
219 220
219 221
219 222
219 223
220 164
220 167
220 168
220 169
220 170
220 171
220 172
220 187
220 216
220 217
220 218
220 219
220 221
220 222
220 223
220 224
221 30
221 33
221 171
221 183
221 184
221 187
221 188
221 217
221 218
221 219
221 220
221 222
221 223
221 224
221 225
222 30
222 33
222 218
222 219
222 220
222 221
222 223
222 224
222 225
222 226
223 168
223 171
223 172
223 219
223 220
223 221
223 222
223 224
223 225
223 226
223 227
224 171
224 172
224 175
224 180
224 183
224 184
224 220
224 221
224 222
224 223
224 225
224 226
224 227
224 228
225 26
225 180
225 184
225 221
225 222
225 223
225 224
225 226
225 227
225 228
225 229
226 222
226 223
226 224
226 225
226 227
226 228
226 229
226 230
226 242
226 245
227 223
227 224
227 225
227 226
227 228
227 229
227 230
227 231
228 180
228 181
228 224
228 225
228 226
228 227
228 229
228 230
228 231
228 232
228 290
229 22
229 23
229 26
229 225
229 226
229 227
229 228
229 230
229 231
229 232
229 233
230 226
230 227
230 228
230 229
230 231
230 232
230 233
230 234
230 238
230 241
230 242
231 227
231 228
231 229
231 230
231 232
231 233
231 234
231 290
231 291
231 292
232 19
232 228
232 229
232 230
232 231
232 233
232 234
232 290
232 291
233 9
233 14
233 15
233 19
233 229
233 230
233 231
233 232
233 234
233 235
233 237
233 238
233 241
234 6
234 9
234 10
234 13
234 14
234 15
234 230
234 231
234 232
234 233
234 235
234 236
234 237
234 238
235 6
235 14
235 233
235 234
235 236
235 237
235 238
235 239
236 14
236 234
236 235
236 237
236 238
236 239
237 14
237 15
237 233
237 234
237 235
237 236
237 238
237 239
237 240
237 241
238 230
238 233
238 234
238 235
238 236
238 237
238 239
238 240
238 241
238 242
239 235
239 236
239 237
239 238
239 240
239 241
239 242
239 243
239 462
240 237
240 238
240 239
240 241
240 242
240 243
240 244
240 405
241 230
241 233
241 237
241 238
241 239
241 240
241 242
241 243
241 244
241 245
242 226
242 230
242 238
242 239
242 240
242 241
242 243
242 244
242 245
242 246
243 239
243 240
243 241
243 242
243 244
243 245
243 246
243 247
243 401
243 402
243 405
243 458
244 240
244 241
244 242
244 243
244 245
244 246
244 247
244 248
244 401
244 402
245 27
245 30
245 226
245 241
245 242
245 243
245 244
245 246
245 247
245 248
245 249
246 30
246 242
246 243
246 244
246 245
246 247
246 248
246 249
246 250
246 458
247 243
247 244
247 245
247 246
247 248
247 249
247 250
247 251
247 397
247 398
247 401
248 27
248 28
248 30
248 31
248 34
248 244
248 245
248 246
248 247
248 249
248 250
248 251
248 252
249 30
249 31
249 32
249 33
249 34
249 35
249 245
249 246
249 247
249 248
249 250
249 251
249 252
249 253
250 31
250 34
250 246
250 247
250 248
250 249
250 251
250 252
250 253
250 254
250 394
250 395
250 397
250 398
251 31
251 34
251 247
251 248
251 249
251 250
251 252
251 253
251 254
251 255
251 394
251 395
252 30
252 31
252 32
252 33
252 34
252 35
252 248
252 249
252 250
252 251
252 253
252 254
252 255
252 256
253 31
253 34
253 35
253 38
253 249
253 250
253 251
253 252
253 254
253 255
253 256
253 257
253 390
253 391
253 394
254 250
254 251
254 252
254 253
254 255
254 256
254 257
254 258
254 390
254 391
254 392
254 394
254 395
255 35
255 251
255 252
255 253
255 254
255 256
255 257
255 258
255 259
255 273
256 35
256 38
256 39
256 252
256 253
256 254
256 255
256 257
256 258
256 259
256 260
256 273
257 253
257 254
257 255
257 256
257 258
257 259
257 260
257 261
257 387
257 388
257 390
257 391
258 254
258 255
258 256
258 257
258 259
258 260
258 261
258 262
258 387
258 391
259 255
259 256
259 257
259 258
259 260
259 261
259 262
259 263
259 269
259 272
259 273
260 42
260 256
260 257
260 258
260 259
260 261
260 262
260 263
260 264
260 269
260 387
261 257
261 258
261 259
261 260
261 262
261 263
261 264
261 387
262 258
262 259
262 260
262 261
262 263
262 264
263 259
263 260
263 261
263 262
263 264
263 265
263 266
263 268
263 269
264 134
264 135
264 136
264 137
264 260
264 261
264 262
264 263
264 265
264 266
264 269
265 135
265 136
265 137
265 138
265 263
265 264
265 266
265 267
265 268
265 269
266 42
266 43
266 137
266 138
266 139
266 199
266 263
266 264
266 265
266 267
266 268
266 269
266 270
267 198
267 199
267 200
267 265
267 266
267 268
267 269
267 270
267 271
268 199
268 263
268 265
268 266
268 267
268 269
268 270
268 271
268 272
269 259
269 260
269 263
269 264
269 265
269 266
269 267
269 268
269 270
269 271
269 272
269 273
270 39
270 195
270 196
270 198
270 199
270 266
270 267
270 268
270 269
270 271
270 272
270 273
270 274
271 195
271 196
271 199
271 267
271 268
271 269
271 270
271 272
271 273
271 274
271 275
272 259
272 268
272 269
272 270
272 271
272 273
272 274
272 275
272 276
273 32
273 35
273 36
273 39
273 255
273 256
273 259
273 269
273 270
273 271
273 272
273 274
273 275
273 276
274 32
274 36
274 191
274 192
274 195
274 196
274 270
274 271
274 272
274 273
274 275
274 276
274 277
274 278
275 192
275 271
275 272
275 273
275 274
275 276
275 277
275 278
276 29
276 31
276 32
276 272
276 273
276 274
276 275
276 277
276 278
276 279
277 29
277 32
277 188
277 191
277 192
277 274
277 275
277 276
277 278
277 279
277 280
277 281
278 192
278 274
278 275
278 276
278 277
278 279
278 280
278 281
278 282
279 276
279 277
279 278
279 280
279 281
279 282
279 283
280 25
280 26
280 28
280 29
280 188
280 277
280 278
280 279
280 281
280 282
280 283
280 284
281 185
281 188
281 189
281 277
281 278
281 279
281 280
281 282
281 283
281 284
281 285
282 278
282 279
282 280
282 281
282 283
282 284
282 285
283 25
283 279
283 280
283 281
283 282
283 284
283 285
283 286
283 287
284 25
284 184
284 185
284 280
284 281
284 282
284 283
284 285
284 286
284 287
285 185
285 281
285 282
285 283
285 284
285 286
285 287
286 283
286 284
286 285
286 287
286 288
287 22
287 181
287 283
287 284
287 285
287 286
287 288
287 289
288 181
288 286
288 287
288 289
288 290
288 306
289 179
289 180
289 181
289 287
289 288
289 290
289 291
289 293
289 294
290 179
290 180
290 181
290 228
290 231
290 232
290 288
290 289
290 291
290 292
290 293
290 294
290 303
291 231
291 232
291 289
291 290
291 292
291 293
291 294
291 295
291 302
291 303
291 304
291 306
291 307
292 5
292 231
292 290
292 291
292 293
292 294
292 295
292 296
292 303
293 176
293 179
293 180
293 289
293 290
293 291
293 292
293 294
293 295
293 296
293 297
294 289
294 290
294 291
294 292
294 293
294 295
294 296
294 297
294 298
294 299
294 300
294 302
294 303
295 291
295 292
295 293
295 294
295 296
295 297
295 298
295 299
295 300
295 303
296 292
296 293
296 294
296 295
296 297
296 298
296 299
297 293
297 294
297 295
297 296
297 298
297 299
298 294
298 295
298 296
298 297
298 299
298 300
299 294
299 295
299 296
299 297
299 298
299 300
299 301
299 302
299 303
300 294
300 295
300 298
300 299
300 301
300 302
300 303
300 304
301 299
301 300
301 302
301 303
301 304
301 305
302 291
302 294
302 299
302 300
302 301
302 303
302 304
302 305
302 306
303 290
303 291
303 292
303 294
303 295
303 299
303 300
303 301
303 302
303 304
303 305
303 306
303 307
304 291
304 300
304 301
304 302
304 303
304 305
304 306
304 307
304 308
304 320
304 321
305 301
305 302
305 303
305 304
305 306
305 307
305 308
305 309
306 288
306 291
306 302
306 303
306 304
306 305
306 307
306 308
306 309
306 310
307 8
307 12
307 291
307 303
307 304
307 305
307 306
307 308
307 309
307 310
307 311
307 318
307 319
308 304
308 305
308 306
308 307
308 309
308 310
308 311
308 312
308 318
308 319
309 305
309 306
309 307
309 308
309 310
309 311
309 312
309 313
310 12
310 18
310 19
310 306
310 307
310 308
310 309
310 311
310 312
310 313
310 314
311 11
311 12
311 307
311 308
311 309
311 310
311 312
311 313
311 314
311 315
311 316
311 317
311 318
312 308
312 309
312 310
312 311
312 313
312 314
312 315
312 316
312 317
312 318
313 16
313 17
313 18
313 309
313 310
313 311
313 312
313 314
313 315
313 316
314 12
314 13
314 16
314 17
314 18
314 310
314 311
314 312
314 313
314 315
314 316
315 311
315 312
315 313
315 314
315 316
315 317
316 11
316 12
316 13
316 311
316 312
316 313
316 314
316 315
316 317
316 318
317 11
317 12
317 311
317 312
317 315
317 316
317 318
317 319
318 11
318 12
318 307
318 308
318 311
318 312
318 316
318 317
318 319
318 320
319 8
319 11
319 307
319 308
319 317
319 318
319 320
319 321
319 324
320 304
320 318
320 319
320 321
320 322
320 323
320 324
321 8
321 304
321 319
321 320
321 322
321 323
321 324
321 325
322 320
322 321
322 323
322 324
322 325
322 326
322 327
322 328
322 329
323 320
323 321
323 322
323 324
323 325
323 326
323 327
324 4
324 7
324 8
324 319
324 320
324 321
324 322
324 323
324 325
324 326
324 327
325 4
325 5
325 321
325 322
325 323
325 324
325 326
325 327
326 322
326 323
326 324
326 325
326 327
326 328
327 322
327 323
327 324
327 325
327 326
327 328
327 329
328 322
328 326
328 327
328 329
328 330
328 331
329 322
329 327
329 328
329 330
329 331
330 328
330 329
330 331
330 332
331 328
331 329
331 330
331 332
331 333
331 334
332 330
332 331
332 333
332 334
333 331
333 332
333 334
333 335
334 331
334 332
334 333
334 335
334 336
334 337
335 333
335 334
335 336
335 337
336 334
336 335
336 337
336 338
336 339
337 334
337 335
337 336
337 338
337 339
337 340
338 336
338 337
338 339
338 340
339 336
339 337
339 338
339 340
339 341
339 342
340 337
340 338
340 339
340 341
340 342
341 339
341 340
341 342
341 343
342 339
342 340
342 341
342 343
342 344
343 341
343 342
343 344
343 345
343 346
343 347
343 471
343 472
344 342
344 343
344 345
344 346
344 347
345 343
345 344
345 346
345 347
345 348
345 349
345 475
346 343
346 344
346 345
346 347
346 348
346 349
346 350
347 343
347 344
347 345
347 346
347 348
347 349
347 350
347 472
348 345
348 346
348 347
348 349
348 350
348 351
348 354
348 355
348 358
348 472
348 476
349 345
349 346
349 347
349 348
349 350
349 351
349 352
349 354
349 355
349 358
350 346
350 347
350 348
350 349
350 351
350 352
350 354
350 355
351 348
351 349
351 350
351 352
351 353
351 354
351 355
352 349
352 350
352 351
352 353
352 354
352 355
352 356
353 351
353 352
353 354
353 355
353 356
353 357
354 348
354 349
354 350
354 351
354 352
354 353
354 355
354 356
354 357
354 358
355 348
355 349
355 350
355 351
355 352
355 353
355 354
355 356
355 357
355 358
355 359
356 352
356 353
356 354
356 355
356 357
356 358
356 359
356 360
357 353
357 354
357 355
357 356
357 358
357 359
357 360
357 361
357 523
358 348
358 349
358 354
358 355
358 356
358 357
358 359
358 360
358 361
358 362
358 476
359 355
359 356
359 357
359 358
359 360
359 361
359 362
359 363
360 356
360 357
360 358
360 359
360 361
360 362
360 363
360 364
360 516
360 519
360 520
361 357
361 358
361 359
361 360
361 362
361 363
361 364
361 365
361 460
361 464
361 480
361 520
362 358
362 359
362 360
362 361
362 363
362 364
362 365
362 366
362 479
362 480
362 483
362 484
363 359
363 360
363 361
363 362
363 364
363 365
363 366
363 367
363 483
363 512
363 516
364 360
364 361
364 362
364 363
364 365
364 366
364 367
364 368
364 460
364 513
364 516
365 361
365 362
365 363
365 364
365 366
365 367
365 368
365 369
365 457
365 460
365 480
365 481
365 483
365 484
366 362
366 363
366 364
366 365
366 367
366 368
366 369
366 370
366 480
366 483
366 484
366 485
366 486
366 487
367 363
367 364
367 365
367 366
367 368
367 369
367 370
367 371
367 484
367 487
367 509
367 512
367 513
367 516
368 364
368 365
368 366
368 367
368 369
368 370
368 371
368 372
368 453
368 454
368 456
368 457
368 484
368 513
369 365
369 366
369 367
369 368
369 370
369 371
369 372
369 373
369 457
369 484
369 485
369 487
369 488
370 366
370 367
370 368
370 369
370 371
370 372
370 373
370 374
370 484
370 487
370 488
370 490
370 491
370 509
371 367
371 368
371 369
371 370
371 372
371 373
371 374
371 375
371 450
371 453
371 491
371 509
372 368
372 369
372 370
372 371
372 373
372 374
372 375
372 376
372 450
372 453
372 454
372 457
373 369
373 370
373 371
373 372
373 374
373 375
373 376
373 377
373 488
373 491
373 492
374 370
374 371
374 372
374 373
374 375
374 376
374 377
374 378
374 491
374 492
374 494
374 495
374 505
374 506
374 509
375 371
375 372
375 373
375 374
375 376
375 377
375 378
375 379
375 393
375 446
375 450
376 38
376 41
376 372
376 373
376 374
376 375
376 377
376 378
376 379
376 390
376 393
377 38
377 41
377 373
377 374
377 375
377 376
377 378
377 379
377 380
377 492
377 495
378 374
378 375
378 376
378 377
378 379
378 380
378 381
378 382
378 495
378 505
379 375
379 376
379 377
379 378
379 380
379 381
379 382
379 386
379 389
379 390
379 393
380 41
380 377
380 378
380 379
380 381
380 382
380 383
380 385
380 386
380 387
380 389
380 390
381 378
381 379
381 380
381 382
381 383
381 386
381 502
382 378
382 379
382 380
382 381
382 383
382 384
382 386
382 389
382 439
382 442
382 443
383 380
383 381
383 382
383 384
383 385
383 386
383 436
383 439
383 443
384 382
384 383
384 385
384 386
384 389
384 439
384 440
385 380
385 383
385 384
385 386
385 387
385 388
385 389
386 379
386 380
386 381
386 382
386 383
386 384
386 385
386 387
386 388
386 389
386 390
387 257
387 258
387 260
387 261
387 380
387 385
387 386
387 388
387 389
387 390
387 391
388 257
388 385
388 386
388 387
388 389
388 390
388 391
388 392
389 379
389 380
389 382
389 384
389 385
389 386
389 387
389 388
389 390
389 391
389 392
389 393
389 443
390 253
390 254
390 257
390 376
390 379
390 380
390 386
390 387
390 388
390 389
390 391
390 392
390 393
390 394
391 253
391 254
391 257
391 258
391 387
391 388
391 389
391 390
391 392
391 393
391 394
391 395
392 254
392 388
392 389
392 390
392 391
392 393
392 394
392 395
392 396
392 447
393 375
393 376
393 379
393 389
393 390
393 391
393 392
393 394
393 395
393 396
393 397
393 447
393 450
394 250
394 251
394 253
394 254
394 390
394 391
394 392
394 393
394 395
394 396
394 397
394 398
395 250
395 251
395 254
395 391
395 392
395 393
395 394
395 396
395 397
395 398
395 399
396 392
396 393
396 394
396 395
396 397
396 398
396 399
396 400
396 447
396 450
396 451
397 247
397 250
397 393
397 394
397 395
397 396
397 398
397 399
397 400
397 401
397 450
397 451
397 454
397 455
398 247
398 250
398 394
398 395
398 396
398 397
398 399
398 400
398 401
398 402
399 395
399 396
399 397
399 398
399 400
399 401
399 402
399 403
400 396
400 397
400 398
400 399
400 401
400 402
400 403
400 404
400 451
400 452
400 454
400 455
401 243
401 244
401 247
401 397
401 398
401 399
401 400
401 402
401 403
401 404
401 405
401 454
401 455
401 458
402 243
402 244
402 398
402 399
402 400
402 401
402 403
402 404
402 405
402 406
403 399
403 400
403 401
403 402
403 404
403 405
403 406
403 407
403 455
404 400
404 401
404 402
404 403
404 405
404 406
404 407
404 408
404 416
404 455
404 458
404 459
405 240
405 243
405 401
405 402
405 403
405 404
405 406
405 407
405 408
405 409
406 402
406 403
406 404
406 405
406 407
406 408
406 409
406 410
407 403
407 404
407 405
407 406
407 408
407 409
407 410
407 411
407 412
407 416
408 404
408 405
408 406
408 407
408 409
408 410
408 411
408 412
408 413
408 416
408 527
409 405
409 406
409 407
409 408
409 410
409 411
409 412
409 413
409 527
410 406
410 407
410 408
410 409
410 411
410 412
411 407
411 408
411 409
411 410
411 412
411 413
411 415
411 416
412 407
412 408
412 409
412 410
412 411
412 413
412 414
412 415
412 416
412 525
412 526
412 527
413 408
413 409
413 411
413 412
413 414
413 415
413 416
413 417
413 459
413 463
413 525
413 526
413 527
414 412
414 413
414 415
414 416
414 417
414 418
414 520
414 521
414 523
414 524
414 525
414 526
415 411
415 412
415 413
415 414
415 416
415 417
415 418
415 419
415 521
415 525
416 404
416 407
416 408
416 411
416 412
416 413
416 414
416 415
416 417
416 418
416 419
416 420
416 456
417 413
417 414
417 415
417 416
417 418
417 419
417 420
417 421
417 455
417 456
417 459
417 460
417 517
417 520
418 414
418 415
418 416
418 417
418 419
418 420
418 421
418 422
418 516
418 517
418 518
418 520
418 521
419 415
419 416
419 417
419 418
419 420
419 421
419 422
419 423
419 517
420 416
420 417
420 418
420 419
420 421
420 422
420 423
420 424
420 452
420 453
420 455
420 456
420 517
421 417
421 418
421 419
421 420
421 422
421 423
421 424
421 425
421 452
421 453
421 456
421 513
421 514
421 516
421 517
422 418
422 419
422 420
422 421
422 423
422 424
422 425
422 426
422 513
422 514
422 517
423 419
423 420
423 421
423 422
423 424
423 425
423 426
423 427
423 448
423 449
423 452
424 420
424 421
424 422
424 423
424 425
424 426
424 427
424 428
424 448
424 449
424 450
424 452
424 453
424 510
424 513
425 421
425 422
425 423
425 424
425 426
425 427
425 428
425 429
425 449
425 509
425 510
425 511
425 512
425 513
425 514
426 422
426 423
426 424
426 425
426 427
426 428
426 429
426 430
426 449
426 510
427 423
427 424
427 425
427 426
427 428
427 429
427 430
427 431
427 445
427 446
427 448
427 449
427 510
428 424
428 425
428 426
428 427
428 429
428 430
428 431
428 432
428 445
428 446
428 449
428 506
428 507
428 509
428 510
429 425
429 426
429 427
429 428
429 430
429 431
429 432
429 433
429 506
429 507
429 510
430 426
430 427
430 428
430 429
430 431
430 432
430 433
430 434
430 445
431 427
431 428
431 429
431 430
431 432
431 433
431 434
431 442
431 445
431 446
431 503
431 506
432 428
432 429
432 430
432 431
432 433
432 434
432 503
432 506
432 507
433 429
433 430
433 431
433 432
433 434
433 435
434 430
434 431
434 432
434 433
434 435
434 436
434 438
434 441
434 442
435 433
435 434
435 436
435 437
435 438
435 439
436 383
436 434
436 435
436 437
436 438
436 439
436 442
437 435
437 436
437 438
437 439
438 434
438 435
438 436
438 437
438 439
438 440
438 441
438 442
439 382
439 383
439 384
439 435
439 436
439 437
439 438
439 440
439 441
439 442
439 443
440 384
440 438
440 439
440 441
440 442
440 443
440 444
441 434
441 438
441 439
441 440
441 442
441 443
441 444
441 445
442 382
442 431
442 434
442 436
442 438
442 439
442 440
442 441
442 443
442 444
442 445
442 446
443 382
443 383
443 389
443 439
443 440
443 441
443 442
443 444
443 445
443 446
443 447
444 440
444 441
444 442
444 443
444 445
444 446
444 447
444 448
445 427
445 428
445 430
445 431
445 441
445 442
445 443
445 444
445 446
445 447
445 448
445 449
446 375
446 427
446 428
446 431
446 442
446 443
446 444
446 445
446 447
446 448
446 449
446 450
447 392
447 393
447 396
447 443
447 444
447 445
447 446
447 448
447 449
447 450
447 451
448 423
448 424
448 427
448 444
448 445
448 446
448 447
448 449
448 450
448 451
448 452
449 423
449 424
449 425
449 426
449 427
449 428
449 445
449 446
449 447
449 448
449 450
449 451
449 452
449 453
450 371
450 372
450 375
450 393
450 396
450 397
450 424
450 446
450 447
450 448
450 449
450 451
450 452
450 453
450 454
451 396
451 397
451 400
451 447
451 448
451 449
451 450
451 452
451 453
451 454
451 455
452 400
452 420
452 421
452 423
452 424
452 448
452 449
452 450
452 451
452 453
452 454
452 455
452 456
453 368
453 371
453 372
453 420
453 421
453 424
453 449
453 450
453 451
453 452
453 454
453 455
453 456
453 457
454 368
454 372
454 397
454 400
454 401
454 450
454 451
454 452
454 453
454 455
454 456
454 457
454 458
455 397
455 400
455 401
455 403
455 404
455 417
455 420
455 451
455 452
455 453
455 454
455 456
455 457
455 458
455 459
456 368
456 416
456 417
456 420
456 421
456 452
456 453
456 454
456 455
456 457
456 458
456 459
456 460
457 365
457 368
457 369
457 372
457 453
457 454
457 455
457 456
457 458
457 459
457 460
457 461
458 243
458 246
458 401
458 404
458 454
458 455
458 456
458 457
458 459
458 460
458 461
458 462
459 404
459 413
459 417
459 455
459 456
459 457
459 458
459 460
459 461
459 462
459 463
460 361
460 364
460 365
460 417
460 456
460 457
460 458
460 459
460 461
460 462
460 463
460 464
461 457
461 458
461 459
461 460
461 462
461 463
461 464
461 465
461 477
462 239
462 458
462 459
462 460
462 461
462 463
462 464
462 465
462 466
463 413
463 459
463 460
463 461
463 462
463 464
463 465
463 466
463 467
463 526
464 361
464 460
464 461
464 462
464 463
464 465
464 466
464 467
464 468
464 473
464 476
464 477
465 461
465 462
465 463
465 464
465 466
465 467
465 468
465 469
465 473
465 474
465 476
465 477
466 462
466 463
466 464
466 465
466 467
466 468
466 469
466 526
466 531
467 463
467 464
467 465
467 466
467 468
467 469
467 524
467 526
468 464
468 465
468 466
468 467
468 469
468 470
468 472
468 473
468 476
468 532
469 465
469 466
469 467
469 468
469 470
469 471
469 472
469 473
469 531
469 532
469 533
469 534
469 535
469 538
470 468
470 469
470 471
470 472
470 473
470 474
470 531
470 532
470 533
470 534
471 343
471 469
471 470
471 472
471 473
471 474
471 533
471 534
472 343
472 347
472 348
472 468
472 469
472 470
472 471
472 473
472 474
472 475
472 476
473 464
473 465
473 468
473 469
473 470
473 471
473 472
473 474
473 475
473 476
473 477
474 465
474 470
474 471
474 472
474 473
474 475
474 476
474 477
474 478
475 345
475 472
475 473
475 474
475 476
475 477
475 478
475 479
476 348
476 358
476 464
476 465
476 468
476 472
476 473
476 474
476 475
476 477
476 478
476 479
476 480
477 461
477 464
477 465
477 473
477 474
477 475
477 476
477 478
477 479
477 480
477 481
478 474
478 475
478 476
478 477
478 479
478 480
478 481
478 482
479 362
479 475
479 476
479 477
479 478
479 480
479 481
479 482
479 483
480 361
480 362
480 365
480 366
480 476
480 477
480 478
480 479
480 481
480 482
480 483
480 484
481 365
481 477
481 478
481 479
481 480
481 482
481 483
481 484
481 485
482 165
482 478
482 479
482 480
482 481
482 483
482 484
482 485
482 486
483 362
483 363
483 365
483 366
483 479
483 480
483 481
483 482
483 484
483 485
483 486
483 487
484 362
484 365
484 366
484 367
484 368
484 369
484 370
484 480
484 481
484 482
484 483
484 485
484 486
484 487
484 488
485 161
485 162
485 164
485 165
485 366
485 369
485 481
485 482
485 483
485 484
485 486
485 487
485 488
485 489
486 165
486 366
486 482
486 483
486 484
486 485
486 487
486 488
486 489
486 490
487 366
487 367
487 369
487 370
487 483
487 484
487 485
487 486
487 488
487 489
487 490
487 491
488 158
488 161
488 369
488 370
488 373
488 484
488 485
488 486
488 487
488 489
488 490
488 491
488 492
489 157
489 158
489 159
489 161
489 162
489 485
489 486
489 487
489 488
489 490
489 491
489 492
489 493
490 158
490 370
490 486
490 487
490 488
490 489
490 491
490 492
490 493
490 494
491 370
491 371
491 373
491 374
491 487
491 488
491 489
491 490
491 492
491 493
491 494
491 495
491 505
492 154
492 157
492 158
492 373
492 374
492 377
492 488
492 489
492 490
492 491
492 493
492 494
492 495
492 496
493 154
493 158
493 489
493 490
493 491
493 492
493 494
493 495
493 496
493 497
494 374
494 490
494 491
494 492
494 493
494 495
494 496
494 497
494 498
494 504
494 505
494 508
495 374
495 377
495 378
495 491
495 492
495 493
495 494
495 496
495 497
495 498
495 504
495 505
496 154
496 492
496 493
496 494
496 495
496 497
496 498
496 499
497 493
497 494
497 495
497 496
497 498
497 499
497 500
497 501
497 502
497 504
497 505
498 494
498 495
498 496
498 497
498 499
498 500
498 501
498 502
498 503
498 504
498 505
499 496
499 497
499 498
499 500
499 501
499 502
500 497
500 498
500 499
500 501
500 502
501 497
501 498
501 499
501 500
501 502
501 503
501 504
502 381
502 497
502 498
502 499
502 500
502 501
502 503
502 504
502 505
503 431
503 432
503 498
503 501
503 502
503 504
503 505
503 506
503 507
504 494
504 495
504 497
504 498
504 501
504 502
504 503
504 505
504 506
504 507
504 508
505 374
505 378
505 491
505 494
505 495
505 497
505 498
505 502
505 503
505 504
505 506
505 507
505 508
505 509
506 374
506 428
506 429
506 431
506 432
506 503
506 504
506 505
506 507
506 508
506 509
506 510
507 428
507 429
507 432
507 503
507 504
507 505
507 506
507 508
507 509
507 510
507 511
508 494
508 504
508 505
508 506
508 507
508 509
508 510
508 511
508 512
509 367
509 370
509 371
509 374
509 425
509 428
509 505
509 506
509 507
509 508
509 510
509 511
509 512
509 513
510 424
510 425
510 426
510 427
510 428
510 429
510 506
510 507
510 508
510 509
510 511
510 512
510 513
510 514
511 425
511 507
511 508
511 509
511 510
511 512
511 513
511 514
511 515
512 363
512 367
512 425
512 508
512 509
512 510
512 511
512 513
512 514
512 515
512 516
513 364
513 367
513 368
513 421
513 422
513 424
513 425
513 509
513 510
513 511
513 512
513 514
513 515
513 516
513 517
514 421
514 422
514 425
514 510
514 511
514 512
514 513
514 515
514 516
514 517
514 518
515 511
515 512
515 513
515 514
515 516
515 517
515 518
515 519
516 360
516 363
516 364
516 367
516 418
516 421
516 512
516 513
516 514
516 515
516 517
516 518
516 519
516 520
517 417
517 418
517 419
517 420
517 421
517 422
517 513
517 514
517 515
517 516
517 518
517 519
517 520
517 521
518 418
518 514
518 515
518 516
518 517
518 519
518 520
518 521
518 522
519 360
519 515
519 516
519 517
519 518
519 520
519 521
519 522
519 523
520 360
520 361
520 414
520 417
520 418
520 516
520 517
520 518
520 519
520 521
520 522
520 523
521 414
521 415
521 418
521 517
521 518
521 519
521 520
521 522
521 523
521 524
522 518
522 519
522 520
522 521
522 523
522 524
523 357
523 414
523 519
523 520
523 521
523 522
523 524
523 525
524 414
524 467
524 521
524 522
524 523
524 525
524 526
524 542
525 412
525 413
525 414
525 415
525 523
525 524
525 526
525 527
526 412
526 413
526 414
526 463
526 466
526 467
526 524
526 525
526 527
526 528
526 529
527 408
527 409
527 412
527 413
527 525
527 526
527 528
527 529
528 526
528 527
528 529
528 530
529 526
529 527
529 528
529 530
529 531
530 528
530 529
530 531
530 532
531 466
531 469
531 470
531 529
531 530
531 532
531 533
532 468
532 469
532 470
532 530
532 531
532 533
532 534
532 535
532 537
532 538
532 541
533 469
533 470
533 471
533 531
533 532
533 534
533 535
533 537
533 538
534 469
534 470
534 471
534 532
534 533
534 535
534 536
534 537
534 538
535 469
535 532
535 533
535 534
535 536
535 537
535 538
535 539
536 534
536 535
536 537
536 538
536 539
536 540
537 532
537 533
537 534
537 535
537 536
537 538
537 539
537 540
537 541
538 469
538 532
538 533
538 534
538 535
538 536
538 537
538 539
538 540
538 541
538 542
539 535
539 536
539 537
539 538
539 540
539 541
539 542
539 543
540 536
540 537
540 538
540 539
540 541
540 542
540 543
540 544
541 532
541 537
541 538
541 539
541 540
541 542
541 543
541 544
541 545
542 524
542 538
542 539
542 540
542 541
542 543
542 544
542 545
542 546
543 539
543 540
543 541
543 542
543 544
543 545
543 546
543 547
544 540
544 541
544 542
544 543
544 545
544 546
544 547
544 548
545 541
545 542
545 543
545 544
545 546
545 547
545 548
545 549
546 542
546 543
546 544
546 545
546 547
546 548
546 549
546 550
547 543
547 544
547 545
547 546
547 548
547 549
547 550
547 551
548 544
548 545
548 546
548 547
548 549
548 550
548 551
548 552
549 545
549 546
549 547
549 548
549 550
549 551
549 552
549 553
550 546
550 547
550 548
550 549
550 551
550 552
550 553
550 554
551 547
551 548
551 549
551 550
551 552
551 553
551 554
551 555
552 548
552 549
552 550
552 551
552 553
552 554
552 555
552 556
553 549
553 550
553 551
553 552
553 554
553 555
553 556
553 557
554 550
554 551
554 552
554 553
554 555
554 556
554 557
554 558
555 551
555 552
555 553
555 554
555 556
555 557
555 558
555 559
556 552
556 553
556 554
556 555
556 557
556 558
556 559
556 560
557 553
557 554
557 555
557 556
557 558
557 559
557 560
557 561
558 554
558 555
558 556
558 557
558 559
558 560
558 561
558 562
559 555
559 556
559 557
559 558
559 560
559 561
559 562
559 563
560 556
560 557
560 558
560 559
560 561
560 562
560 563
560 564
561 557
561 558
561 559
561 560
561 562
561 563
561 564
561 565
562 558
562 559
562 560
562 561
562 563
562 564
562 565
562 566
563 559
563 560
563 561
563 562
563 564
563 565
563 566
564 560
564 561
564 562
564 563
564 565
564 566
564 567
565 561
565 562
565 563
565 564
565 566
565 567
566 562
566 563
566 564
566 565
566 567
566 568
567 564
567 565
567 566
567 568
567 569
568 566
568 567
568 569
568 570
569 567
569 568
569 570
569 571
570 568
570 569
570 571
570 572
571 569
571 570
571 572
571 573
572 570
572 571
572 573
572 574
573 571
573 572
573 574
573 575
574 572
574 573
574 575
574 576
575 573
575 574
575 576
576 574
576 575
