0 1
0 2
1 0
1 2
1 3
2 0
2 1
2 3
2 4
3 1
3 2
3 4
3 5
4 2
4 3
4 5
4 6
5 3
5 4
5 6
5 7
6 4
6 5
6 7
6 8
7 5
7 6
7 8
7 9
7 10
8 6
8 7
8 9
8 10
9 7
9 8
9 10
9 11
10 7
10 8
10 9
10 11
10 12
11 9
11 10
11 12
11 13
12 10
12 11
12 13
12 14
13 11
13 12
13 14
13 15
14 12
14 13
14 15
14 16
15 13
15 14
15 16
15 17
16 14
16 15
16 17
16 18
16 19
16 88
17 15
17 16
17 18
17 19
17 20
17 26
17 87
17 88
17 89
18 16
18 17
18 19
18 20
18 27
18 87
19 16
19 17
19 18
19 20
19 21
19 27
20 17
20 18
20 19
20 21
20 22
21 19
21 20
21 22
21 23
21 24
22 20
22 21
22 23
22 24
23 21
23 22
23 24
23 25
24 21
24 22
24 23
24 25
24 26
24 66
24 109
24 110
25 23
25 24
25 26
25 27
25 66
26 17
26 24
26 25
26 27
26 28
26 30
26 31
26 66
26 67
26 110
27 18
27 19
27 25
27 26
27 28
27 29
27 30
27 31
28 26
28 27
28 29
28 30
28 31
28 32
29 27
29 28
29 30
29 31
29 32
29 33
30 26
30 27
30 28
30 29
30 31
30 32
30 33
30 34
31 26
31 27
31 28
31 29
31 30
31 32
31 33
31 34
31 35
31 43
31 67
32 28
32 29
32 30
32 31
32 33
32 34
32 35
32 36
33 29
33 30
33 31
33 32
33 34
33 35
33 36
33 37
34 30
34 31
34 32
34 33
34 35
34 36
34 37
34 38
34 39
34 43
34 69
34 80
35 31
35 32
35 33
35 34
35 36
35 37
35 38
35 39
35 40
35 41
35 42
35 43
36 32
36 33
36 34
36 35
36 37
36 38
36 39
36 40
37 33
37 34
37 35
37 36
37 38
37 39
37 76
37 79
37 80
38 34
38 35
38 36
38 37
38 39
38 40
38 42
38 43
38 69
38 70
38 71
38 72
38 76
39 34
39 35
39 36
39 37
39 38
39 40
39 41
39 42
39 43
40 35
40 36
40 38
40 39
40 41
40 42
40 43
41 35
41 39
41 40
41 42
41 43
41 44
42 35
42 38
42 39
42 40
42 41
42 43
42 44
42 69
42 70
42 71
43 31
43 34
43 35
43 38
43 39
43 40
43 41
43 42
43 44
43 45
43 67
43 68
43 69
43 70
44 41
44 42
44 43
44 45
44 46
44 49
44 50
44 67
44 68
44 69
45 43
45 44
45 46
45 47
45 49
45 50
45 66
45 67
45 68
46 44
46 45
46 47
46 48
46 49
46 50
46 67
47 45
47 46
47 48
47 49
47 50
47 51
48 46
48 47
48 49
48 50
48 51
48 52
49 44
49 45
49 46
49 47
49 48
49 50
49 51
49 52
49 53
49 68
50 44
50 45
50 46
50 47
50 48
50 49
50 51
50 52
50 53
50 54
50 64
50 65
50 66
50 67
50 68
51 47
51 48
51 49
51 50
51 52
51 53
51 54
51 55
51 62
51 63
51 64
51 65
52 48
52 49
52 50
52 51
52 53
52 54
52 55
52 64
53 49
53 50
53 51
53 52
53 54
53 55
53 56
53 64
53 65
53 68
53 94
53 97
53 104
53 105
53 112
54 50
54 51
54 52
54 53
54 55
54 56
54 62
54 63
54 64
54 65
54 104
54 105
54 106
55 51
55 52
55 53
55 54
55 56
55 57
55 58
55 60
55 61
55 62
55 63
55 64
55 97
55 102
55 104
55 105
56 53
56 54
56 55
56 57
56 58
56 97
56 98
56 99
56 100
56 101
56 102
56 103
56 104
56 105
57 55
57 56
57 58
57 59
57 97
57 98
57 99
57 100
57 102
58 55
58 56
58 57
58 59
58 60
58 99
58 100
58 101
58 102
58 385
58 386
58 387
59 57
59 58
59 60
59 61
59 100
59 102
59 384
59 385
59 386
59 434
60 55
60 58
60 59
60 61
60 62
60 101
60 102
61 55
61 59
61 60
61 62
61 63
61 105
62 51
62 54
62 55
62 60
62 61
62 63
62 64
62 105
63 51
63 54
63 55
63 61
63 62
63 64
63 65
63 105
63 106
63 107
63 109
64 50
64 51
64 52
64 53
64 54
64 55
64 62
64 63
64 65
64 66
64 105
64 106
64 107
64 109
65 50
65 51
65 53
65 54
65 63
65 64
65 66
65 67
65 68
65 92
65 105
65 106
65 109
65 110
65 111
65 112
66 24
66 25
66 26
66 45
66 50
66 64
66 65
66 67
66 68
66 109
66 110
66 111
66 112
67 26
67 31
67 43
67 44
67 45
67 46
67 50
67 65
67 66
67 68
67 69
67 110
67 111
67 112
68 43
68 44
68 45
68 49
68 50
68 53
68 65
68 66
68 67
68 69
68 70
68 111
68 112
68 113
68 114
69 34
69 38
69 42
69 43
69 44
69 67
69 68
69 70
69 71
69 111
69 112
69 113
69 114
70 38
70 42
70 43
70 68
70 69
70 71
70 72
70 113
70 114
70 115
70 116
70 117
71 38
71 42
71 69
71 70
71 72
71 73
71 74
71 76
71 77
71 113
71 114
71 115
71 117
71 118
72 38
72 70
72 71
72 73
72 74
72 76
72 115
72 117
72 118
73 71
73 72
73 74
73 75
73 76
73 77
73 118
73 255
74 71
74 72
74 73
74 75
74 76
74 77
74 78
74 192
74 255
75 73
75 74
75 76
75 77
75 78
75 79
76 37
76 38
76 71
76 72
76 73
76 74
76 75
76 77
76 78
76 79
76 80
77 71
77 73
77 74
77 75
77 76
77 78
77 79
77 80
77 81
77 192
77 196
77 253
77 255
78 74
78 75
78 76
78 77
78 79
78 80
78 81
78 82
78 192
78 193
78 195
78 196
78 197
78 198
79 37
79 75
79 76
79 77
79 78
79 80
79 81
79 82
79 83
79 196
80 34
80 37
80 76
80 77
80 78
80 79
80 81
80 82
80 83
80 84
80 196
81 77
81 78
81 79
81 80
81 82
81 83
81 84
81 85
81 91
81 192
81 193
81 194
81 195
81 196
82 78
82 79
82 80
82 81
82 83
82 84
82 85
82 86
82 194
82 195
82 196
82 197
83 79
83 80
83 81
83 82
83 84
83 85
83 86
83 87
84 80
84 81
84 82
84 83
84 85
84 86
84 87
84 88
84 89
84 90
84 91
84 111
85 81
85 82
85 83
85 84
85 86
85 87
85 88
85 89
85 90
85 194
85 195
85 497
85 499
86 82
86 83
86 84
86 85
86 87
86 88
86 89
86 195
87 17
87 18
87 83
87 84
87 85
87 86
87 88
87 89
88 16
88 17
88 84
88 85
88 86
88 87
88 89
88 90
88 497
88 499
89 17
89 84
89 85
89 86
89 87
89 88
89 90
89 91
89 110
89 111
89 499
90 84
90 85
90 88
90 89
90 91
90 92
90 108
90 109
90 110
90 111
90 498
90 499
90 500
90 501
90 502
91 81
91 84
91 89
91 90
91 92
91 93
91 110
91 111
91 112
91 113
91 499
91 500
91 501
92 65
92 90
92 91
92 93
92 94
92 104
92 105
92 106
92 110
92 111
92 112
92 113
92 249
92 500
92 501
93 91
93 92
93 94
93 95
93 104
93 112
93 113
93 114
93 115
93 249
93 253
93 501
94 53
94 92
94 93
94 95
94 96
94 97
94 104
94 112
94 113
94 114
94 115
94 116
94 165
95 93
95 94
95 96
95 97
95 98
95 114
95 115
95 116
95 135
95 136
95 161
95 162
95 164
95 165
96 94
96 95
96 97
96 98
96 116
96 136
96 160
96 161
96 162
96 165
97 53
97 55
97 56
97 57
97 94
97 95
97 96
97 98
97 99
97 104
98 56
98 57
98 95
98 96
98 97
98 99
98 100
98 159
98 161
99 56
99 57
99 58
99 97
99 98
99 100
99 101
99 102
99 103
99 104
99 465
100 56
100 57
100 58
100 59
100 98
100 99
100 101
100 102
100 103
100 387
100 465
101 56
101 58
101 60
101 99
101 100
101 102
101 103
101 465
101 466
101 467
101 468
101 469
101 470
101 471
102 55
102 56
102 57
102 58
102 59
102 60
102 99
102 100
102 101
102 103
102 104
102 105
102 468
102 469
102 470
103 56
103 99
103 100
103 101
103 102
103 104
103 105
103 248
103 468
103 469
103 501
103 504
104 53
104 54
104 55
104 56
104 92
104 93
104 94
104 97
104 99
104 102
104 103
104 105
104 106
105 53
105 54
105 55
105 56
105 61
105 62
105 63
105 64
105 65
105 92
105 102
105 103
105 104
105 106
105 107
106 54
106 63
106 64
106 65
106 92
106 104
106 105
106 107
106 108
106 109
106 110
106 112
106 501
107 63
107 64
107 105
107 106
107 108
107 109
107 502
107 503
108 90
108 106
108 107
108 109
108 110
108 502
108 503
109 24
109 63
109 64
109 65
109 66
109 90
109 106
109 107
109 108
109 110
109 111
110 24
110 26
110 65
110 66
110 67
110 89
110 90
110 91
110 92
110 106
110 108
110 109
110 111
110 112
111 65
111 66
111 67
111 68
111 69
111 84
111 89
111 90
111 91
111 92
111 109
111 110
111 112
111 113
112 53
112 65
112 66
112 67
112 68
112 69
112 91
112 92
112 93
112 94
112 106
112 110
112 111
112 113
112 114
113 68
113 69
113 70
113 71
113 91
113 92
113 93
113 94
113 111
113 112
113 114
113 115
114 68
114 69
114 70
114 71
114 93
114 94
114 95
114 112
114 113
114 115
114 116
114 117
115 70
115 71
115 72
115 93
115 94
115 95
115 113
115 114
115 116
115 117
115 118
115 135
115 136
115 255
116 70
116 94
116 95
116 96
116 114
116 115
116 117
116 118
116 119
116 135
116 136
116 137
116 162
117 70
117 71
117 72
117 114
117 115
117 116
117 118
117 119
117 136
118 71
118 72
118 73
118 115
118 116
118 117
118 119
118 120
118 134
118 135
118 136
118 137
119 116
119 117
119 118
119 120
119 121
119 133
119 134
119 135
119 136
119 137
119 138
120 118
120 119
120 121
120 122
120 133
120 134
120 136
120 137
121 119
121 120
121 122
121 123
121 124
121 131
121 132
121 133
121 134
121 137
121 142
122 120
122 121
122 123
122 124
122 131
122 132
122 133
122 134
123 121
123 122
123 124
123 125
123 131
123 132
123 133
124 121
124 122
124 123
124 125
124 126
124 130
124 131
124 132
125 123
125 124
125 126
125 127
125 128
125 129
125 130
125 131
125 207
125 208
126 124
126 125
126 127
126 128
126 129
126 130
126 149
126 151
127 125
127 126
127 128
127 129
127 209
127 210
128 125
128 126
128 127
128 129
128 130
128 207
128 208
128 209
128 210
129 125
129 126
129 127
129 128
129 130
129 131
129 151
129 208
129 260
129 261
129 262
129 263
130 124
130 125
130 126
130 128
130 129
130 131
130 132
130 207
130 208
130 258
130 259
130 260
130 261
131 121
131 122
131 123
131 124
131 125
131 129
131 130
131 132
131 133
131 207
131 258
131 259
131 260
131 261
132 121
132 122
132 123
132 124
132 130
132 131
132 133
132 134
132 256
132 257
132 258
132 259
133 119
133 120
133 121
133 122
133 123
133 131
133 132
133 134
133 135
133 137
133 163
133 256
133 257
133 258
133 259
134 118
134 119
134 120
134 121
134 122
134 132
134 133
134 135
134 136
134 137
134 164
134 255
134 256
134 257
135 95
135 115
135 116
135 118
135 119
135 133
135 134
135 136
135 137
135 162
135 163
135 164
135 165
135 254
135 255
135 256
135 257
136 95
136 96
136 115
136 116
136 117
136 118
136 119
136 120
136 134
136 135
136 137
136 138
136 162
136 163
136 164
137 116
137 118
137 119
137 120
137 121
137 133
137 134
137 135
137 136
137 138
137 139
137 141
137 142
137 162
137 163
137 164
138 119
138 136
138 137
138 139
138 140
138 141
138 142
138 160
138 161
138 162
138 163
139 137
139 138
139 140
139 141
139 142
139 143
139 153
139 156
139 160
139 161
139 162
139 163
140 138
140 139
140 141
140 142
140 143
140 144
140 160
141 137
141 138
141 139
141 140
141 142
141 143
141 144
141 145
142 121
142 137
142 138
142 139
142 140
142 141
142 143
142 144
142 145
142 146
142 153
143 139
143 140
143 141
143 142
143 144
143 145
143 146
143 147
143 152
143 153
144 140
144 141
144 142
144 143
144 145
144 146
144 147
145 141
145 142
145 143
145 144
145 146
145 147
145 148
146 142
146 143
146 144
146 145
146 147
146 148
146 149
146 150
146 151
146 152
147 143
147 144
147 145
147 146
147 148
147 149
147 150
147 151
147 152
148 145
148 146
148 147
148 149
148 150
148 151
149 126
149 146
149 147
149 148
149 150
149 151
150 146
150 147
150 148
150 149
150 151
150 152
150 263
150 264
151 126
151 129
151 146
151 147
151 148
151 149
151 150
151 152
151 153
151 261
151 262
151 263
151 264
152 143
152 146
152 147
152 150
152 151
152 153
152 154
152 261
152 262
152 263
152 264
153 139
153 142
153 143
153 151
153 152
153 154
153 155
153 260
153 261
153 262
154 152
154 153
154 155
154 156
154 175
154 176
154 179
154 261
154 262
155 153
155 154
155 156
155 157
155 171
155 172
155 173
155 174
155 175
155 176
155 179
155 180
155 181
155 182
156 139
156 154
156 155
156 157
156 158
156 159
156 172
156 173
156 174
156 175
157 155
157 156
157 158
157 159
157 160
157 161
157 171
157 172
157 173
157 174
158 156
158 157
158 159
158 160
158 173
158 174
158 370
159 98
159 156
159 157
159 158
159 160
159 161
159 370
160 96
160 138
160 139
160 140
160 157
160 158
160 159
160 161
160 162
161 95
161 96
161 98
161 138
161 139
161 157
161 159
161 160
161 162
161 163
161 165
161 166
162 95
162 96
162 116
162 135
162 136
162 137
162 138
162 139
162 160
162 161
162 163
162 164
162 165
162 166
163 133
163 135
163 136
163 137
163 138
163 139
163 161
163 162
163 164
163 165
163 166
163 167
163 257
164 95
164 134
164 135
164 136
164 137
164 162
164 163
164 165
164 166
164 167
164 168
164 254
164 255
164 256
164 257
165 94
165 95
165 96
165 135
165 161
165 162
165 163
165 164
165 166
165 167
165 168
165 169
166 161
166 162
166 163
166 164
166 165
166 167
166 168
166 169
166 170
166 171
166 182
167 163
167 164
167 165
167 166
167 168
167 169
167 170
167 171
167 182
167 183
167 186
167 244
167 245
167 246
167 257
168 164
168 165
168 166
168 167
168 169
168 170
168 171
168 244
168 245
168 246
168 247
168 248
168 249
168 254
169 165
169 166
169 167
169 168
169 170
169 171
169 245
169 246
169 247
169 248
169 464
169 465
169 466
170 166
170 167
170 168
170 169
170 171
170 172
170 181
170 182
170 183
170 245
170 246
170 247
170 464
170 466
171 155
171 157
171 166
171 167
171 168
171 169
171 170
171 172
171 173
171 181
171 182
171 183
171 246
171 464
171 465
172 155
172 156
172 157
172 170
172 171
172 173
172 174
172 175
172 176
172 180
172 181
172 182
172 463
172 464
173 155
173 156
173 157
173 158
173 171
173 172
173 174
173 175
173 176
173 181
173 420
173 464
174 155
174 156
174 157
174 158
174 172
174 173
174 175
174 176
174 177
174 297
174 298
174 299
174 420
175 154
175 155
175 156
175 172
175 173
175 174
175 176
175 177
175 178
175 179
175 180
175 296
175 297
176 154
176 155
176 172
176 173
176 174
176 175
176 177
176 178
176 179
176 180
176 181
176 296
176 297
176 422
176 423
177 174
177 175
177 176
177 178
177 179
177 180
177 295
177 296
177 297
177 298
177 422
177 423
178 175
178 176
178 177
178 179
178 180
178 294
178 295
178 296
178 297
179 154
179 155
179 175
179 176
179 177
179 178
179 180
179 181
179 184
179 296
180 155
180 172
180 175
180 176
180 177
180 178
180 179
180 181
180 182
180 183
180 184
180 185
181 155
181 170
181 171
181 172
181 173
181 176
181 179
181 180
181 182
181 183
181 184
181 185
182 155
182 166
182 167
182 170
182 171
182 172
182 180
182 181
182 183
182 184
182 185
182 186
182 245
183 167
183 170
183 171
183 180
183 181
183 182
183 184
183 185
183 186
183 242
183 245
184 179
184 180
184 181
184 182
184 183
184 185
184 186
184 187
185 180
185 181
185 182
185 183
185 184
185 186
185 187
185 259
185 260
185 261
186 167
186 182
186 183
186 184
186 185
186 187
186 188
186 189
186 241
186 245
186 257
186 258
186 259
186 260
187 184
187 185
187 186
187 188
187 189
187 202
187 206
187 207
187 241
187 257
187 258
187 259
187 260
188 186
188 187
188 189
188 190
188 200
188 201
188 202
188 203
188 206
188 207
188 241
188 257
188 258
188 259
189 186
189 187
189 188
189 190
189 191
189 199
189 200
189 201
189 202
189 241
189 244
189 254
189 255
189 256
189 257
189 258
190 188
190 189
190 191
190 192
190 198
190 199
190 200
190 201
190 254
190 255
190 256
190 257
191 189
191 190
191 192
191 193
191 198
191 199
191 200
191 201
191 252
191 253
191 254
191 255
191 256
192 74
192 77
192 78
192 81
192 190
192 191
192 193
192 194
192 195
192 196
192 197
192 198
192 199
192 252
192 253
192 254
192 255
193 78
193 81
193 191
193 192
193 194
193 195
193 196
193 197
193 198
193 199
193 251
193 252
193 253
193 494
193 495
194 81
194 82
194 85
194 192
194 193
194 195
194 196
194 197
194 251
194 252
194 253
194 494
194 495
194 499
194 500
195 78
195 81
195 82
195 85
195 86
195 192
195 193
195 194
195 196
195 197
195 495
196 77
196 78
196 79
196 80
196 81
196 82
196 192
196 193
196 194
196 195
196 197
196 198
197 78
197 82
197 192
197 193
197 194
197 195
197 196
197 198
197 199
198 78
198 190
198 191
198 192
198 193
198 196
198 197
198 199
198 200
199 189
199 190
199 191
199 192
199 193
199 197
199 198
199 200
199 201
200 188
200 189
200 190
200 191
200 198
200 199
200 201
200 202
200 203
200 204
201 188
201 189
201 190
201 191
201 199
201 200
201 202
201 203
201 239
201 240
201 241
202 187
202 188
202 189
202 200
202 201
202 203
202 204
202 206
202 239
202 240
202 241
203 188
203 200
203 201
203 202
203 204
203 205
203 206
204 200
204 202
204 203
204 205
204 206
205 203
205 204
205 206
205 207
206 187
206 188
206 202
206 203
206 204
206 205
206 207
206 208
206 230
206 258
207 125
207 128
207 130
207 131
207 187
207 188
207 205
207 206
207 208
207 209
207 230
207 258
208 125
208 128
208 129
208 130
208 206
208 207
208 209
208 210
208 230
208 231
208 232
208 260
209 127
209 128
209 207
209 208
209 210
209 211
209 228
209 229
209 230
209 231
209 232
210 127
210 128
210 208
210 209
210 211
210 212
210 230
211 209
211 210
211 212
211 213
211 228
212 210
212 211
212 213
212 214
213 211
213 212
213 214
213 215
213 216
214 212
214 213
214 215
214 216
215 213
215 214
215 216
215 217
216 213
216 214
216 215
216 217
216 218
217 215
217 216
217 218
217 219
218 216
218 217
218 219
218 220
219 217
219 218
219 220
219 221
220 218
220 219
220 221
220 222
221 219
221 220
221 222
221 223
222 220
222 221
222 223
222 224
223 221
223 222
223 224
223 225
224 222
224 223
224 225
224 226
225 223
225 224
225 226
225 227
226 224
226 225
226 227
226 228
227 225
227 226
227 228
227 229
228 209
228 211
228 226
228 227
228 229
228 230
228 231
229 209
229 227
229 228
229 230
229 231
230 206
230 207
230 208
230 209
230 210
230 228
230 229
230 231
230 232
231 208
231 209
231 228
231 229
231 230
231 232
231 233
231 234
232 208
232 209
232 230
232 231
232 233
232 234
233 231
233 232
233 234
233 235
234 231
234 232
234 233
234 235
234 236
235 233
235 234
235 236
235 237
235 238
236 234
236 235
236 237
236 238
237 235
237 236
237 238
237 239
238 235
238 236
238 237
238 239
238 240
239 201
239 202
239 237
239 238
239 240
239 241
239 242
239 243
240 201
240 202
240 238
240 239
240 241
240 242
240 243
240 244
241 186
241 187
241 188
241 189
241 201
241 202
241 239
241 240
241 242
241 243
241 244
241 245
242 183
242 239
242 240
242 241
242 243
242 244
242 245
242 246
243 239
243 240
243 241
243 242
243 244
243 245
243 246
243 247
244 167
244 168
244 189
244 240
244 241
244 242
244 243
244 245
244 246
244 247
244 249
244 251
244 252
245 167
245 168
245 169
245 170
245 182
245 183
245 186
245 241
245 242
245 243
245 244
245 246
245 247
245 248
246 167
246 168
246 169
246 170
246 171
246 242
246 243
246 244
246 245
246 247
246 248
246 466
247 168
247 169
247 170
247 243
247 244
247 245
247 246
247 248
247 249
247 250
247 251
247 505
248 103
248 168
248 169
248 245
248 246
248 247
248 249
248 250
248 251
248 466
248 468
248 501
248 504
248 505
249 92
249 93
249 168
249 244
249 247
249 248
249 250
249 251
249 252
249 253
249 254
249 500
249 501
250 247
250 248
250 249
250 251
250 252
250 491
250 500
250 501
250 502
250 504
250 505
251 193
251 194
251 244
251 247
251 248
251 249
251 250
251 252
251 253
251 491
251 494
251 495
251 500
252 191
252 192
252 193
252 194
252 244
252 249
252 250
252 251
252 253
252 254
252 500
253 77
253 93
253 191
253 192
253 193
253 194
253 249
253 251
253 252
253 254
253 255
254 135
254 164
254 168
254 189
254 190
254 191
254 192
254 249
254 252
254 253
254 255
254 256
254 257
255 73
255 74
255 77
255 115
255 134
255 135
255 164
255 189
255 190
255 191
255 192
255 253
255 254
255 256
255 257
256 132
256 133
256 134
256 135
256 164
256 189
256 190
256 191
256 254
256 255
256 257
256 258
257 132
257 133
257 134
257 135
257 163
257 164
257 167
257 186
257 187
257 188
257 189
257 190
257 254
257 255
257 256
257 258
257 259
258 130
258 131
258 132
258 133
258 186
258 187
258 188
258 189
258 206
258 207
258 256
258 257
258 259
258 260
259 130
259 131
259 132
259 133
259 185
259 186
259 187
259 188
259 257
259 258
259 260
259 261
260 129
260 130
260 131
260 153
260 185
260 186
260 187
260 208
260 258
260 259
260 261
260 262
261 129
261 130
261 131
261 151
261 152
261 153
261 154
261 185
261 259
261 260
261 262
261 263
262 129
262 151
262 152
262 153
262 154
262 260
262 261
262 263
262 264
263 129
263 150
263 151
263 152
263 261
263 262
263 264
263 265
264 150
264 151
264 152
264 262
264 263
264 265
264 266
265 263
265 264
265 266
265 267
265 268
265 328
265 329
265 330
266 264
266 265
266 267
266 268
266 328
266 329
266 330
266 331
267 265
267 266
267 268
267 269
267 328
267 329
267 330
267 331
267 334
268 265
268 266
268 267
268 269
268 270
268 326
268 327
268 328
268 329
268 357
269 267
269 268
269 270
269 271
269 326
269 327
269 328
269 334
269 355
269 356
269 357
269 358
269 362
270 268
270 269
270 271
270 272
270 324
270 325
270 326
270 327
270 355
270 356
270 357
270 362
270 365
271 269
271 270
271 272
271 273
271 324
271 325
271 326
271 353
271 354
271 355
271 356
272 270
272 271
272 273
272 274
272 322
272 323
272 324
272 325
272 352
272 353
272 354
272 355
273 271
273 272
273 274
273 275
273 322
273 323
273 324
273 345
273 350
273 351
273 352
273 353
273 354
274 272
274 273
274 275
274 276
274 281
274 318
274 320
274 321
274 322
274 323
274 350
274 351
274 352
274 353
275 273
275 274
275 276
275 277
275 278
275 280
275 281
275 320
275 321
275 322
275 348
275 349
275 350
275 351
276 274
276 275
276 277
276 278
276 280
276 320
276 321
276 349
276 350
277 275
277 276
277 278
277 279
277 280
277 281
277 320
277 321
278 275
278 276
278 277
278 279
278 280
278 281
278 282
278 302
278 321
278 401
278 402
279 277
279 278
279 280
279 281
279 282
279 283
279 398
279 401
279 402
280 275
280 276
280 277
280 278
280 279
280 281
280 282
280 283
280 284
280 348
280 349
280 350
281 274
281 275
281 277
281 278
281 279
281 280
281 282
281 283
281 284
281 285
281 300
281 321
281 322
281 323
281 345
281 348
281 350
282 278
282 279
282 280
282 281
282 283
282 284
282 285
282 286
282 300
282 397
282 398
282 401
282 421
283 279
283 280
283 281
283 282
283 284
283 285
283 286
283 287
283 348
283 398
284 280
284 281
284 282
284 283
284 285
284 286
284 287
284 288
284 344
284 345
284 348
285 281
285 282
285 283
285 284
285 286
285 287
285 288
285 289
285 298
285 421
285 422
286 282
286 283
286 284
286 285
286 287
286 288
286 289
286 290
286 394
286 395
286 397
287 283
287 284
287 285
287 286
287 288
287 289
287 290
287 291
287 344
288 284
288 285
288 286
288 287
288 289
288 290
288 291
288 292
288 293
288 341
288 344
289 285
289 286
289 287
289 288
289 290
289 291
289 292
289 293
289 422
290 286
290 287
290 288
290 289
290 291
290 292
290 293
291 287
291 288
291 289
291 290
291 292
291 293
292 288
292 289
292 290
292 291
292 293
292 294
293 288
293 289
293 290
293 291
293 292
293 294
293 295
293 337
293 340
293 341
294 178
294 292
294 293
294 295
294 296
294 327
294 328
294 337
295 177
295 178
295 293
295 294
295 296
295 297
295 298
295 325
295 326
295 327
295 328
295 337
296 175
296 176
296 177
296 178
296 179
296 294
296 295
296 297
296 298
296 325
296 326
296 327
296 328
297 174
297 175
297 176
297 177
297 178
297 295
297 296
297 298
297 299
297 324
297 325
297 326
297 327
297 420
297 422
298 174
298 177
298 285
298 295
298 296
298 297
298 299
298 300
298 323
298 324
298 325
298 326
298 420
298 421
298 422
299 174
299 297
299 298
299 300
299 301
299 323
299 324
299 325
299 418
299 419
299 420
299 421
299 422
300 281
300 282
300 298
300 299
300 301
300 302
300 321
300 322
300 323
300 324
300 417
300 418
300 419
300 420
300 421
300 426
301 299
301 300
301 302
301 303
301 304
301 305
301 306
301 321
301 322
301 323
301 324
301 417
301 418
301 419
302 278
302 300
302 301
302 303
302 304
302 305
302 306
302 320
302 321
302 322
302 416
302 417
302 418
303 301
303 302
303 304
303 305
303 306
303 307
303 319
303 320
303 321
303 322
304 301
304 302
304 303
304 305
304 306
304 307
304 308
304 319
304 320
304 415
304 416
304 417
305 301
305 302
305 303
305 304
305 306
305 307
305 308
305 309
305 372
305 375
305 376
305 416
305 417
305 418
306 301
306 302
306 303
306 304
306 305
306 307
306 308
306 309
306 310
306 317
306 318
306 319
306 320
306 321
306 322
307 303
307 304
307 305
307 306
307 308
307 309
307 310
307 311
307 319
308 304
308 305
308 306
308 307
308 309
308 310
308 311
308 312
308 372
308 375
308 376
308 378
308 379
309 305
309 306
309 307
309 308
309 310
309 311
309 312
309 313
309 314
309 315
309 368
309 369
309 371
309 372
309 375
309 376
310 306
310 307
310 308
310 309
310 311
310 312
310 313
310 314
310 315
310 316
310 317
311 307
311 308
311 309
311 310
311 312
311 313
311 314
311 315
311 375
312 308
312 309
312 310
312 311
312 313
312 314
312 374
312 375
312 378
313 309
313 310
313 311
313 312
313 314
313 315
313 368
313 371
313 375
314 309
314 310
314 311
314 312
314 313
314 315
314 316
315 309
315 310
315 311
315 313
315 314
315 316
315 317
315 368
316 310
316 314
316 315
316 317
316 318
317 306
317 310
317 315
317 316
317 318
317 319
317 352
318 274
318 306
318 316
318 317
318 319
318 320
318 352
319 303
319 304
319 306
319 307
319 317
319 318
319 320
319 321
320 274
320 275
320 276
320 277
320 302
320 303
320 304
320 306
320 318
320 319
320 321
320 322
321 274
321 275
321 276
321 277
321 278
321 281
321 300
321 301
321 302
321 303
321 306
321 319
321 320
321 322
321 323
322 272
322 273
322 274
322 275
322 281
322 300
322 301
322 302
322 303
322 306
322 320
322 321
322 323
322 324
323 272
323 273
323 274
323 281
323 298
323 299
323 300
323 301
323 321
323 322
323 324
323 325
324 270
324 271
324 272
324 273
324 297
324 298
324 299
324 300
324 301
324 322
324 323
324 325
324 326
325 270
325 271
325 272
325 295
325 296
325 297
325 298
325 299
325 323
325 324
325 326
325 327
326 268
326 269
326 270
326 271
326 295
326 296
326 297
326 298
326 324
326 325
326 327
326 328
327 268
327 269
327 270
327 294
327 295
327 296
327 297
327 325
327 326
327 328
327 329
327 334
327 337
327 338
328 265
328 266
328 267
328 268
328 269
328 294
328 295
328 296
328 326
328 327
328 329
328 330
328 334
329 265
329 266
329 267
329 268
329 327
329 328
329 330
329 331
329 332
329 333
329 334
330 265
330 266
330 267
330 328
330 329
330 331
330 332
330 333
330 334
331 266
331 267
331 329
331 330
331 332
331 333
331 334
331 335
332 329
332 330
332 331
332 333
332 334
332 335
332 336
333 329
333 330
333 331
333 332
333 334
333 335
333 336
333 337
334 267
334 269
334 327
334 328
334 329
334 330
334 331
334 332
334 333
334 335
334 336
334 337
334 338
335 331
335 332
335 333
335 334
335 336
335 337
335 338
335 339
336 332
336 333
336 334
336 335
336 337
336 338
336 339
336 340
337 293
337 294
337 295
337 327
337 333
337 334
337 335
337 336
337 338
337 339
337 340
337 341
338 327
338 334
338 335
338 336
338 337
338 339
338 340
338 341
338 342
339 335
339 336
339 337
339 338
339 340
339 341
339 342
339 343
340 293
340 336
340 337
340 338
340 339
340 341
340 342
340 343
340 344
341 288
341 293
341 337
341 338
341 339
341 340
341 342
341 343
341 344
341 345
342 338
342 339
342 340
342 341
342 343
342 344
342 345
342 346
343 339
343 340
343 341
343 342
343 344
343 345
343 346
343 347
344 284
344 287
344 288
344 340
344 341
344 342
344 343
344 345
344 346
344 347
344 348
345 273
345 281
345 284
345 341
345 342
345 343
345 344
345 346
345 347
345 348
345 349
345 350
346 342
346 343
346 344
346 345
346 347
346 348
346 349
346 350
346 351
347 343
347 344
347 345
347 346
347 348
347 349
347 350
348 275
348 280
348 281
348 283
348 284
348 344
348 345
348 346
348 347
348 349
348 350
349 275
349 276
349 280
349 345
349 346
349 347
349 348
349 350
349 351
350 273
350 274
350 275
350 276
350 280
350 281
350 345
350 346
350 347
350 348
350 349
350 351
350 352
350 353
351 273
351 274
351 275
351 346
351 349
351 350
351 352
351 353
352 272
352 273
352 274
352 317
352 318
352 350
352 351
352 353
352 354
353 271
353 272
353 273
353 274
353 350
353 351
353 352
353 354
353 355
354 271
354 272
354 273
354 352
354 353
354 355
354 356
355 269
355 270
355 271
355 272
355 353
355 354
355 356
355 357
356 269
356 270
356 271
356 354
356 355
356 357
356 358
356 359
356 361
356 362
357 268
357 269
357 270
357 355
357 356
357 358
357 359
357 361
357 362
358 269
358 356
358 357
358 359
358 360
358 361
358 362
359 356
359 357
359 358
359 360
359 361
359 362
359 363
360 358
360 359
360 361
360 362
360 363
360 364
361 356
361 357
361 358
361 359
361 360
361 362
361 363
361 364
361 365
362 269
362 270
362 356
362 357
362 358
362 359
362 360
362 361
362 363
362 364
362 365
362 366
363 359
363 360
363 361
363 362
363 364
363 365
363 366
363 367
364 360
364 361
364 362
364 363
364 365
364 366
364 367
364 368
365 270
365 361
365 362
365 363
365 364
365 366
365 367
365 368
365 369
366 362
366 363
366 364
366 365
366 367
366 368
366 369
366 370
367 363
367 364
367 365
367 366
367 368
367 369
367 370
367 371
368 309
368 313
368 315
368 364
368 365
368 366
368 367
368 369
368 370
368 371
368 372
369 309
369 365
369 366
369 367
369 368
369 370
369 371
369 372
370 158
370 159
370 366
370 367
370 368
370 369
370 371
370 372
370 373
371 309
371 313
371 367
371 368
371 369
371 370
371 372
371 373
371 374
371 375
372 305
372 308
372 309
372 368
372 369
372 370
372 371
372 373
372 374
372 375
372 376
372 418
373 370
373 371
373 372
373 374
373 375
373 376
373 377
373 385
373 429
374 312
374 371
374 372
374 373
374 375
374 376
374 377
374 378
375 305
375 308
375 309
375 311
375 312
375 313
375 371
375 372
375 373
375 374
375 376
375 377
375 378
375 379
376 305
376 308
376 309
376 372
376 373
376 374
376 375
376 377
376 378
376 379
376 380
376 385
376 416
376 429
376 431
377 373
377 374
377 375
377 376
377 378
377 379
377 380
377 381
377 383
377 384
377 385
377 431
378 308
378 312
378 374
378 375
378 376
378 377
378 379
378 380
378 381
379 308
379 375
379 376
379 377
379 378
379 380
379 381
380 376
380 377
380 378
380 379
380 381
380 382
380 383
380 431
381 377
381 378
381 379
381 380
381 382
381 383
382 380
382 381
382 383
382 384
382 433
383 377
383 380
383 381
383 382
383 384
383 385
383 431
383 432
383 433
383 434
384 59
384 377
384 382
384 383
384 385
384 386
384 431
384 432
384 433
384 434
385 58
385 59
385 373
385 376
385 377
385 383
385 384
385 386
385 387
385 429
385 430
385 431
385 432
386 58
386 59
386 384
386 385
386 387
386 388
386 429
386 430
386 431
386 432
386 443
387 58
387 100
387 385
387 386
387 388
387 389
387 427
387 428
387 429
387 430
388 386
388 387
388 389
388 390
388 427
388 428
388 429
388 447
388 462
388 465
389 387
389 388
389 390
389 391
389 425
389 426
389 427
389 428
389 451
389 461
389 462
389 463
389 464
389 465
390 388
390 389
390 391
390 392
390 425
390 426
390 427
390 450
390 451
390 454
390 459
390 460
390 461
390 462
390 463
391 389
391 390
391 392
391 393
391 423
391 424
391 425
391 426
391 454
391 459
391 460
391 461
391 462
391 463
392 390
392 391
392 393
392 394
392 396
392 397
392 424
392 425
392 454
392 457
392 458
392 459
392 460
393 391
393 392
393 394
393 395
393 396
393 397
393 424
393 457
393 458
393 459
394 286
394 392
394 393
394 395
394 396
394 397
394 398
394 422
394 423
394 424
395 286
395 393
395 394
395 396
395 397
395 398
396 392
396 393
396 394
396 395
396 397
396 398
396 399
396 400
396 457
397 282
397 286
397 392
397 393
397 394
397 395
397 396
397 398
397 399
397 400
397 401
397 421
397 424
398 279
398 282
398 283
398 394
398 395
398 396
398 397
398 399
398 400
398 401
398 402
399 396
399 397
399 398
399 400
399 401
399 402
399 403
400 396
400 397
400 398
400 399
400 401
400 402
400 403
400 404
400 453
400 454
401 278
401 279
401 282
401 397
401 398
401 399
401 400
401 402
401 403
401 404
401 405
402 278
402 279
402 398
402 399
402 400
402 401
402 403
402 404
402 405
402 406
403 399
403 400
403 401
403 402
403 404
403 405
403 406
403 407
404 400
404 401
404 402
404 403
404 405
404 406
404 407
404 408
404 450
405 401
405 402
405 403
405 404
405 406
405 407
405 408
405 409
405 417
406 402
406 403
406 404
406 405
406 407
406 408
406 409
406 410
407 403
407 404
407 405
407 406
407 408
407 409
407 410
407 411
408 404
408 405
408 406
408 407
408 409
408 410
408 411
408 412
408 413
408 414
408 415
408 416
409 405
409 406
409 407
409 408
409 410
409 411
409 412
409 413
410 406
410 407
410 408
410 409
410 411
410 412
411 407
411 408
411 409
411 410
411 412
411 413
411 442
411 446
412 408
412 409
412 410
412 411
412 413
412 414
413 408
413 409
413 411
413 412
413 414
413 415
413 430
413 431
413 439
413 442
413 443
414 408
414 412
414 413
414 415
414 416
414 430
414 431
414 432
415 304
415 408
415 413
415 414
415 416
415 417
415 428
415 429
415 430
415 431
416 302
416 304
416 305
416 376
416 408
416 414
416 415
416 417
416 418
416 428
416 429
416 430
417 300
417 301
417 302
417 304
417 305
417 405
417 415
417 416
417 418
417 419
417 426
417 427
417 428
417 429
418 299
418 300
418 301
418 302
418 305
418 372
418 416
418 417
418 419
418 420
418 426
418 427
418 428
418 429
419 299
419 300
419 301
419 417
419 418
419 420
419 421
419 425
419 426
419 427
420 173
420 174
420 297
420 298
420 299
420 300
420 418
420 419
420 421
420 422
420 423
420 424
420 425
420 426
421 282
421 285
421 298
421 299
421 300
421 397
421 419
421 420
421 422
421 423
421 424
421 425
421 426
422 176
422 177
422 285
422 289
422 297
422 298
422 299
422 394
422 420
422 421
422 423
422 424
422 425
423 176
423 177
423 391
423 394
423 420
423 421
423 422
423 424
423 425
424 391
424 392
424 393
424 394
424 397
424 420
424 421
424 422
424 423
424 425
424 426
425 389
425 390
425 391
425 392
425 419
425 420
425 421
425 422
425 423
425 424
425 426
425 427
425 463
426 300
426 389
426 390
426 391
426 417
426 418
426 419
426 420
426 421
426 424
426 425
426 427
426 428
426 463
427 387
427 388
427 389
427 390
427 417
427 418
427 419
427 425
427 426
427 428
427 429
428 387
428 388
428 389
428 415
428 416
428 417
428 418
428 426
428 427
428 429
428 430
429 373
429 376
429 385
429 386
429 387
429 388
429 415
429 416
429 417
429 418
429 427
429 428
429 430
429 431
430 385
430 386
430 387
430 413
430 414
430 415
430 416
430 428
430 429
430 431
430 432
430 443
431 376
431 377
431 380
431 383
431 384
431 385
431 386
431 413
431 414
431 415
431 429
431 430
431 432
431 433
432 383
432 384
432 385
432 386
432 414
432 430
432 431
432 433
432 434
432 436
432 439
432 440
432 443
433 382
433 383
433 384
433 431
433 432
433 434
433 435
433 436
433 439
433 440
434 59
434 383
434 384
434 432
434 433
434 435
434 436
434 437
434 440
435 433
435 434
435 436
435 437
436 432
436 433
436 434
436 435
436 437
436 438
436 439
436 440
437 434
437 435
437 436
437 438
437 439
437 440
437 441
438 436
438 437
438 439
438 440
438 441
438 442
439 413
439 432
439 433
439 436
439 437
439 438
439 440
439 441
439 442
439 443
440 432
440 433
440 434
440 436
440 437
440 438
440 439
440 441
440 442
440 443
440 444
441 437
441 438
441 439
441 440
441 442
441 443
441 444
441 445
442 411
442 413
442 438
442 439
442 440
442 441
442 443
442 444
442 445
442 446
443 386
443 413
443 430
443 432
443 439
443 440
443 441
443 442
443 444
443 445
443 446
443 447
444 440
444 441
444 442
444 443
444 445
444 446
444 447
444 448
445 441
445 442
445 443
445 444
445 446
445 447
445 448
445 449
446 411
446 442
446 443
446 444
446 445
446 447
446 448
446 449
446 450
447 388
447 443
447 444
447 445
447 446
447 448
447 449
447 450
447 451
448 444
448 445
448 446
448 447
448 449
448 450
448 451
448 452
448 474
449 445
449 446
449 447
449 448
449 450
449 451
449 452
449 453
450 390
450 404
450 446
450 447
450 448
450 449
450 451
450 452
450 453
450 454
450 461
451 389
451 390
451 447
451 448
451 449
451 450
451 452
451 453
451 454
451 455
451 460
451 461
451 462
451 474
452 448
452 449
452 450
452 451
452 453
452 454
452 455
452 456
452 461
452 474
453 400
453 449
453 450
453 451
453 452
453 454
453 455
453 456
453 457
454 390
454 391
454 392
454 400
454 450
454 451
454 452
454 453
454 455
454 456
454 457
454 458
454 459
454 460
454 461
455 451
455 452
455 453
455 454
455 456
455 457
455 458
455 459
455 460
455 461
455 478
456 452
456 453
456 454
456 455
456 457
456 458
456 459
457 392
457 393
457 396
457 453
457 454
457 455
457 456
457 458
457 459
458 392
458 393
458 454
458 455
458 456
458 457
458 459
458 460
459 390
459 391
459 392
459 393
459 454
459 455
459 456
459 457
459 458
459 460
459 461
460 390
460 391
460 392
460 451
460 454
460 455
460 458
460 459
460 461
460 462
460 463
460 478
461 389
461 390
461 391
461 450
461 451
461 452
461 454
461 455
461 459
461 460
461 462
461 463
461 471
461 474
461 475
461 478
462 388
462 389
462 390
462 391
462 451
462 460
462 461
462 463
462 464
462 465
462 466
462 467
463 172
463 389
463 390
463 391
463 425
463 426
463 460
463 461
463 462
463 464
463 465
463 466
464 169
464 170
464 171
464 172
464 173
464 389
464 462
464 463
464 465
464 466
465 99
465 100
465 101
465 169
465 171
465 388
465 389
465 462
465 463
465 464
465 466
465 467
466 101
466 169
466 170
466 246
466 248
466 462
466 463
466 464
466 465
466 467
466 468
466 471
467 101
467 462
467 465
467 466
467 468
467 469
467 470
467 471
467 472
467 475
467 504
467 505
468 101
468 102
468 103
468 248
468 466
468 467
468 469
468 470
468 471
468 472
468 504
468 505
469 101
469 102
469 103
469 467
469 468
469 470
469 471
469 472
469 503
469 504
469 505
470 101
470 102
470 467
470 468
470 469
470 471
470 472
470 473
471 101
471 461
471 466
471 467
471 468
471 469
471 470
471 472
471 473
471 474
471 475
471 505
472 467
472 468
472 469
472 470
472 471
472 473
472 474
472 475
472 476
472 504
472 505
472 506
473 470
473 471
473 472
473 474
473 475
473 476
473 477
474 448
474 451
474 452
474 461
474 471
474 472
474 473
474 475
474 476
474 477
474 478
475 461
475 467
475 471
475 472
475 473
475 474
475 476
475 477
475 478
475 479
475 480
475 484
475 505
476 472
476 473
476 474
476 475
476 477
476 478
476 479
476 480
476 481
476 483
476 484
477 473
477 474
477 475
477 476
477 478
477 479
477 480
478 455
478 460
478 461
478 474
478 475
478 476
478 477
478 479
478 480
479 475
479 476
479 477
479 478
479 480
479 481
479 482
479 483
479 484
480 475
480 476
480 477
480 478
480 479
480 481
480 482
480 483
480 484
481 476
481 479
481 480
481 482
481 483
481 484
481 485
482 479
482 480
482 481
482 483
482 484
482 485
482 486
483 476
483 479
483 480
483 481
483 482
483 484
483 485
483 486
483 487
484 475
484 476
484 479
484 480
484 481
484 482
484 483
484 485
484 486
484 487
484 488
484 506
485 481
485 482
485 483
485 484
485 486
485 487
485 488
485 489
486 482
486 483
486 484
486 485
486 487
486 488
486 489
486 490
487 483
487 484
487 485
487 486
487 488
487 489
487 490
487 491
487 506
488 484
488 485
488 486
488 487
488 489
488 490
488 491
488 492
488 506
489 485
489 486
489 487
489 488
489 490
489 491
489 492
489 493
490 486
490 487
490 488
490 489
490 491
490 492
490 493
490 494
491 250
491 251
491 487
491 488
491 489
491 490
491 492
491 493
491 494
491 495
491 496
491 498
492 488
492 489
492 490
492 491
492 493
492 494
492 495
492 496
492 497
492 498
493 489
493 490
493 491
493 492
493 494
493 495
493 496
494 193
494 194
494 251
494 490
494 491
494 492
494 493
494 495
494 496
495 193
495 194
495 195
495 251
495 491
495 492
495 493
495 494
495 496
495 497
495 498
495 499
495 500
496 491
496 492
496 493
496 494
496 495
496 497
496 498
497 85
497 88
497 492
497 495
497 496
497 498
497 499
498 90
498 491
498 492
498 495
498 496
498 497
498 499
498 500
498 501
498 502
499 85
499 88
499 89
499 90
499 91
499 194
499 495
499 497
499 498
499 500
499 501
499 502
500 90
500 91
500 92
500 194
500 249
500 250
500 251
500 252
500 495
500 498
500 499
500 501
500 502
501 90
501 91
501 92
501 93
501 103
501 106
501 248
501 249
501 250
501 498
501 499
501 500
501 502
501 503
501 504
502 90
502 107
502 108
502 250
502 498
502 499
502 500
502 501
502 503
502 504
503 107
503 108
503 469
503 501
503 502
503 504
503 505
503 506
504 103
504 248
504 250
504 467
504 468
504 469
504 472
504 501
504 502
504 503
504 505
504 506
505 247
505 248
505 250
505 467
505 468
505 469
505 471
505 472
505 475
505 503
505 504
505 506
506 472
506 484
506 487
506 488
506 503
506 504
506 505
