0 1
0 2
1 0
1 2
1 3
2 0
2 1
2 3
2 4
3 1
3 2
3 4
3 5
4 2
4 3
4 5
4 6
5 3
5 4
5 6
5 7
6 4
6 5
6 7
6 8
7 5
7 6
7 8
7 9
8 6
8 7
8 9
8 10
9 7
9 8
9 10
9 11
10 8
10 9
10 11
10 12
11 9
11 10
11 12
11 13
12 10
12 11
12 13
12 14
13 11
13 12
13 14
13 15
14 12
14 13
14 15
14 16
15 13
15 14
15 16
15 17
16 14
16 15
16 17
16 18
17 15
17 16
17 18
17 19
18 16
18 17
18 19
18 20
19 17
19 18
19 20
19 21
20 18
20 19
20 21
20 22
21 19
21 20
21 22
21 23
22 20
22 21
22 23
22 24
23 21
23 22
23 24
23 25
24 22
24 23
24 25
24 26
25 23
25 24
25 26
25 27
26 24
26 25
26 27
26 28
27 25
27 26
27 28
27 29
28 26
28 27
28 29
28 30
29 27
29 28
29 30
29 31
30 28
30 29
30 31
30 32
31 29
31 30
31 32
31 33
32 30
32 31
32 33
32 34
33 31
33 32
33 34
33 35
34 32
34 33
34 35
34 36
35 33
35 34
35 36
35 37
36 34
36 35
36 37
36 38
37 35
37 36
37 38
37 39
38 36
38 37
38 39
38 40
39 37
39 38
39 40
39 41
40 38
40 39
40 41
40 42
41 39
41 40
41 42
41 43
42 40
42 41
42 43
42 44
43 41
43 42
43 44
43 45
44 42
44 43
44 45
44 46
45 43
45 44
45 46
45 47
45 48
46 44
46 45
46 47
46 48
46 49
46 50
47 45
47 46
47 48
47 49
47 50
48 45
48 46
48 47
48 49
48 50
48 51
48 52
49 46
49 47
49 48
49 50
49 51
49 52
49 53
50 46
50 47
50 48
50 49
50 51
50 52
50 53
51 48
51 49
51 50
51 52
51 53
51 54
51 55
52 48
52 49
52 50
52 51
52 53
52 54
52 55
52 56
53 49
53 50
53 51
53 52
53 54
53 55
53 56
53 57
54 51
54 52
54 53
54 55
54 56
54 57
54 58
55 51
55 52
55 53
55 54
55 56
55 57
55 58
55 59
56 52
56 53
56 54
56 55
56 57
56 58
56 59
56 60
57 53
57 54
57 55
57 56
57 58
57 59
57 60
57 61
58 54
58 55
58 56
58 57
58 59
58 60
58 61
58 62
59 55
59 56
59 57
59 58
59 60
59 61
59 62
59 63
60 56
60 57
60 58
60 59
60 61
60 62
60 63
60 64
61 57
61 58
61 59
61 60
61 62
61 63
61 64
61 65
62 58
62 59
62 60
62 61
62 63
62 64
62 65
62 66
63 59
63 60
63 61
63 62
63 64
63 65
63 66
63 67
64 60
64 61
64 62
64 63
64 65
64 66
64 67
64 68
65 61
65 62
65 63
65 64
65 66
65 67
65 68
65 69
66 62
66 63
66 64
66 65
66 67
66 68
66 69
66 70
67 63
67 64
67 65
67 66
67 68
67 69
67 70
67 71
68 64
68 65
68 66
68 67
68 69
68 70
68 71
68 72
69 65
69 66
69 67
69 68
69 70
69 71
69 72
69 73
70 66
70 67
70 68
70 69
70 71
70 72
70 73
70 74
71 67
71 68
71 69
71 70
71 72
71 73
71 74
71 75
71 76
72 68
72 69
72 70
72 71
72 73
72 74
72 75
72 76
72 77
73 69
73 70
73 71
73 72
73 74
73 75
73 76
73 77
73 78
74 70
74 71
74 72
74 73
74 75
74 76
74 77
74 78
74 79
75 71
75 72
75 73
75 74
75 76
75 77
75 78
75 79
76 71
76 72
76 73
76 74
76 75
76 77
76 78
76 79
77 72
77 73
77 74
77 75
77 76
77 78
77 79
77 80
78 73
78 74
78 75
78 76
78 77
78 79
78 80
79 74
79 75
79 76
79 77
79 78
79 80
79 81
80 77
80 78
80 79
80 81
80 82
80 158
80 159
81 79
81 80
81 82
81 83
81 158
81 159
82 80
82 81
82 83
82 84
82 156
82 157
82 158
82 159
83 81
83 82
83 84
83 85
83 156
83 157
83 158
83 159
83 162
84 82
84 83
84 85
84 86
84 154
84 155
84 156
84 157
85 83
85 84
85 86
85 87
85 154
85 155
85 156
85 157
85 162
85 206
85 207
86 84
86 85
86 87
86 88
86 152
86 153
86 154
86 155
86 205
86 206
86 207
86 208
87 85
87 86
87 88
87 89
87 152
87 153
87 154
87 167
87 203
87 204
87 205
87 206
87 207
88 86
88 87
88 89
88 90
88 150
88 151
88 152
88 153
88 203
88 204
88 205
88 206
89 87
89 88
89 90
89 91
89 150
89 151
89 152
89 201
89 202
89 203
89 204
90 88
90 89
90 91
90 92
90 148
90 149
90 150
90 151
90 200
90 201
90 202
90 203
91 89
91 90
91 92
91 93
91 148
91 149
91 150
91 196
91 197
91 198
91 200
91 201
91 202
92 90
92 91
92 93
92 94
92 146
92 147
92 148
92 149
92 196
92 197
92 198
92 200
92 201
93 91
93 92
93 94
93 95
93 96
93 146
93 147
93 148
93 149
93 194
93 195
93 196
93 197
94 92
94 93
94 95
94 96
94 97
94 146
94 147
94 194
94 195
94 196
94 197
95 93
95 94
95 96
95 97
95 146
95 194
95 195
96 93
96 94
96 95
96 97
96 98
96 146
96 147
96 194
97 94
97 95
97 96
97 98
97 99
97 144
97 145
97 146
97 147
98 96
98 97
98 99
98 100
98 102
98 142
98 143
98 144
98 145
98 146
98 147
98 148
99 97
99 98
99 100
99 101
99 102
99 103
100 98
100 99
100 101
100 102
100 103
100 104
101 99
101 100
101 102
101 103
101 104
101 107
101 109
101 110
102 98
102 99
102 100
102 101
102 103
102 104
102 105
102 107
102 109
102 110
102 141
102 142
103 99
103 100
103 101
103 102
103 104
103 105
103 110
103 141
103 142
103 222
103 223
103 224
104 100
104 101
104 102
104 103
104 105
104 106
104 107
104 110
104 222
104 223
105 102
105 103
105 104
105 106
105 107
105 110
105 111
105 141
105 221
106 104
106 105
106 107
106 108
106 110
106 111
107 101
107 102
107 104
107 105
107 106
107 108
107 109
107 110
107 111
108 106
108 107
108 109
108 110
108 111
108 112
109 101
109 102
109 107
109 108
109 110
109 111
109 112
109 113
110 101
110 102
110 103
110 104
110 105
110 106
110 107
110 108
110 109
110 111
110 112
110 113
110 114
111 105
111 106
111 107
111 108
111 109
111 110
111 112
111 113
111 114
111 115
112 108
112 109
112 110
112 111
112 113
112 114
112 115
112 116
113 109
113 110
113 111
113 112
113 114
113 115
113 116
113 117
114 110
114 111
114 112
114 113
114 115
114 116
114 117
114 118
114 139
114 140
114 141
115 111
115 112
115 113
115 114
115 116
115 117
115 118
115 119
116 112
116 113
116 114
116 115
116 117
116 118
116 119
116 120
117 113
117 114
117 115
117 116
117 118
117 119
117 120
117 121
117 139
117 149
118 114
118 115
118 116
118 117
118 119
118 120
118 121
118 122
118 137
118 138
118 139
119 115
119 116
119 117
119 118
119 120
119 121
119 122
119 123
119 190
120 116
120 117
120 118
120 119
120 121
120 122
120 123
120 124
120 190
120 191
120 194
121 117
121 118
121 119
121 120
121 122
121 123
121 124
121 125
121 137
122 118
122 119
122 120
122 121
122 123
122 124
122 125
122 126
122 136
122 137
123 119
123 120
123 121
123 122
123 124
123 125
123 126
123 127
123 189
123 190
124 120
124 121
124 122
124 123
124 125
124 126
124 127
124 128
124 174
124 177
124 190
125 121
125 122
125 123
125 124
125 126
125 127
125 128
125 130
125 131
125 134
125 174
126 122
126 123
126 124
126 125
126 127
126 128
126 129
126 130
126 131
126 132
126 134
127 123
127 124
127 125
127 126
127 128
127 129
127 130
127 131
127 177
128 124
128 125
128 126
128 127
128 129
128 130
128 131
128 173
128 174
128 177
129 126
129 127
129 128
129 130
129 131
129 132
129 173
130 125
130 126
130 127
130 128
130 129
130 131
130 132
130 133
130 134
130 155
131 125
131 126
131 127
131 128
131 129
131 130
131 132
131 133
131 134
132 126
132 129
132 130
132 131
132 133
132 134
133 130
133 131
133 132
133 134
133 135
133 155
133 156
133 157
134 125
134 126
134 130
134 131
134 132
134 133
134 135
134 136
134 154
134 155
134 156
135 133
135 134
135 136
135 137
135 153
135 154
135 155
135 156
136 122
136 134
136 135
136 137
136 138
136 153
136 154
136 155
137 118
137 121
137 122
137 135
137 136
137 138
137 139
137 151
137 152
137 153
137 154
138 118
138 136
138 137
138 139
138 140
138 151
138 152
138 153
139 114
139 117
139 118
139 137
139 138
139 140
139 141
139 149
139 150
139 151
139 152
140 114
140 138
140 139
140 141
140 142
140 149
140 150
140 151
140 152
141 102
141 103
141 105
141 114
141 139
141 140
141 142
141 143
141 149
141 150
141 151
142 98
142 102
142 103
142 140
142 141
142 143
142 144
142 147
142 148
142 149
142 150
143 98
143 141
143 142
143 144
143 145
143 147
143 148
143 149
143 150
143 223
143 225
143 249
144 97
144 98
144 142
144 143
144 145
144 146
144 147
144 148
144 225
144 249
145 97
145 98
145 143
145 144
145 146
145 147
145 148
146 92
146 93
146 94
146 95
146 96
146 97
146 98
146 144
146 145
146 147
146 148
147 92
147 93
147 94
147 96
147 97
147 98
147 142
147 143
147 144
147 145
147 146
147 148
147 149
148 90
148 91
148 92
148 93
148 98
148 142
148 143
148 144
148 145
148 146
148 147
148 149
148 150
149 90
149 91
149 92
149 93
149 117
149 139
149 140
149 141
149 142
149 143
149 147
149 148
149 150
149 151
150 88
150 89
150 90
150 91
150 139
150 140
150 141
150 142
150 143
150 148
150 149
150 151
150 152
150 277
151 88
151 89
151 90
151 137
151 138
151 139
151 140
151 141
151 149
151 150
151 152
151 153
152 86
152 87
152 88
152 89
152 137
152 138
152 139
152 140
152 150
152 151
152 153
152 154
153 86
153 87
153 88
153 135
153 136
153 137
153 138
153 151
153 152
153 154
153 155
154 84
154 85
154 86
154 87
154 134
154 135
154 136
154 137
154 152
154 153
154 155
154 156
155 84
155 85
155 86
155 130
155 133
155 134
155 135
155 136
155 153
155 154
155 156
155 157
156 82
156 83
156 84
156 85
156 133
156 134
156 135
156 154
156 155
156 157
156 158
157 82
157 83
157 84
157 85
157 133
157 155
157 156
157 158
157 159
157 161
157 162
158 80
158 81
158 82
158 83
158 156
158 157
158 159
158 160
158 161
158 162
159 80
159 81
159 82
159 83
159 157
159 158
159 160
159 161
159 162
160 158
160 159
160 161
160 162
160 163
161 157
161 158
161 159
161 160
161 162
161 163
161 164
161 165
162 83
162 85
162 157
162 158
162 159
162 160
162 161
162 163
162 164
162 165
162 166
163 160
163 161
163 162
163 164
163 165
163 166
164 161
164 162
164 163
164 165
164 166
164 169
165 161
165 162
165 163
165 164
165 166
165 167
165 168
165 169
165 170
166 162
166 163
166 164
166 165
166 167
166 168
166 169
166 170
166 205
167 87
167 165
167 166
167 168
167 169
167 170
167 171
167 203
167 204
167 205
168 165
168 166
168 167
168 169
168 170
168 171
168 172
168 203
169 164
169 165
169 166
169 167
169 168
169 170
169 171
169 172
169 173
170 165
170 166
170 167
170 168
170 169
170 171
170 172
170 173
170 174
170 203
171 167
171 168
171 169
171 170
171 172
171 173
171 174
171 175
171 201
171 202
171 203
172 168
172 169
172 170
172 171
172 173
172 174
172 175
172 176
173 128
173 129
173 169
173 170
173 171
173 172
173 174
173 175
173 176
173 177
174 124
174 125
174 128
174 170
174 171
174 172
174 173
174 175
174 176
174 177
174 178
175 171
175 172
175 173
175 174
175 176
175 177
175 178
175 179
175 198
175 201
176 172
176 173
176 174
176 175
176 177
176 178
176 179
176 180
177 124
177 127
177 128
177 173
177 174
177 175
177 176
177 178
177 179
177 180
177 181
178 174
178 175
178 176
178 177
178 179
178 180
178 181
178 182
178 196
178 198
179 175
179 176
179 177
179 178
179 180
179 181
179 182
179 183
179 198
180 176
180 177
180 178
180 179
180 181
180 182
180 183
180 184
181 177
181 178
181 179
181 180
181 182
181 183
181 184
181 185
181 186
181 188
182 178
182 179
182 180
182 181
182 183
182 184
182 185
183 179
183 180
183 181
183 182
183 184
183 185
184 180
184 181
184 182
184 183
184 185
184 186
184 187
185 181
185 182
185 183
185 184
185 186
185 187
186 181
186 184
186 185
186 187
186 188
187 184
187 185
187 186
187 188
187 189
187 191
187 192
188 181
188 186
188 187
188 189
188 190
188 191
188 192
189 123
189 187
189 188
189 190
189 191
189 192
190 119
190 120
190 123
190 124
190 188
190 189
190 191
190 192
190 193
190 194
191 120
191 187
191 188
191 189
191 190
191 192
191 193
191 194
191 195
191 196
192 187
192 188
192 189
192 190
192 191
192 193
192 194
193 190
193 191
193 192
193 194
193 195
194 93
194 94
194 95
194 96
194 120
194 190
194 191
194 192
194 193
194 195
194 196
195 93
195 94
195 95
195 191
195 193
195 194
195 196
195 197
196 91
196 92
196 93
196 94
196 178
196 191
196 194
196 195
196 197
196 198
197 91
197 92
197 93
197 94
197 195
197 196
197 198
197 199
197 200
197 201
198 91
198 92
198 175
198 178
198 179
198 196
198 197
198 199
198 200
198 201
199 197
199 198
199 200
199 201
200 90
200 91
200 92
200 197
200 198
200 199
200 201
200 202
201 89
201 90
201 91
201 92
201 171
201 175
201 197
201 198
201 199
201 200
201 202
201 203
202 89
202 90
202 91
202 171
202 200
202 201
202 203
202 204
203 87
203 88
203 89
203 90
203 167
203 168
203 170
203 171
203 201
203 202
203 204
203 205
204 87
204 88
204 89
204 167
204 202
204 203
204 205
204 206
205 86
205 87
205 88
205 166
205 167
205 203
205 204
205 206
205 207
206 85
206 86
206 87
206 88
206 204
206 205
206 207
206 208
206 210
206 211
206 280
206 281
206 282
207 85
207 86
207 87
207 205
207 206
207 208
207 209
207 210
207 211
207 280
208 86
208 206
208 207
208 209
208 210
208 211
208 212
209 207
209 208
209 210
209 211
209 212
209 213
210 206
210 207
210 208
210 209
210 211
210 212
210 213
210 214
210 279
210 280
210 281
211 206
211 207
211 208
211 209
211 210
211 212
211 213
211 214
211 215
212 208
212 209
212 210
212 211
212 213
212 214
212 215
212 216
213 209
213 210
213 211
213 212
213 214
213 215
213 216
213 217
213 279
214 210
214 211
214 212
214 213
214 215
214 216
214 217
214 218
214 278
214 279
215 211
215 212
215 213
215 214
215 216
215 217
215 218
216 212
216 213
216 214
216 215
216 217
216 218
216 219
216 243
217 213
217 214
217 215
217 216
217 218
217 219
217 220
217 221
217 243
217 244
217 245
217 310
218 214
218 215
218 216
218 217
218 219
218 220
218 221
218 244
218 245
219 216
219 217
219 218
219 220
219 221
219 241
219 243
219 244
220 217
220 218
220 219
220 221
220 222
220 237
220 238
220 241
220 243
220 244
220 245
221 105
221 217
221 218
221 219
221 220
221 222
221 223
221 244
221 245
221 246
221 247
222 103
222 104
222 220
222 221
222 223
222 224
222 244
222 245
222 246
222 247
223 103
223 104
223 143
223 221
223 222
223 224
223 225
223 246
223 247
223 248
223 249
224 103
224 222
224 223
224 225
224 226
224 246
224 247
224 248
224 249
225 143
225 144
225 223
225 224
225 226
225 227
225 248
225 249
225 250
226 224
226 225
226 227
226 228
226 230
226 231
226 232
226 248
226 249
226 250
226 251
226 326
226 327
226 328
227 225
227 226
227 228
227 229
227 230
227 250
227 251
227 327
227 328
228 226
228 227
228 229
228 230
228 250
228 251
228 327
228 328
229 227
229 228
229 230
229 231
229 327
229 328
230 226
230 227
230 228
230 229
230 231
230 232
230 327
230 328
231 226
231 229
231 230
231 232
231 233
231 325
231 326
231 327
231 328
232 226
232 230
232 231
232 233
232 234
232 325
232 326
232 327
233 231
233 232
233 234
233 235
233 323
233 324
233 325
233 326
234 232
234 233
234 235
234 236
234 323
234 324
234 325
234 326
235 233
235 234
235 236
235 237
235 324
236 234
236 235
236 237
236 238
236 320
236 322
236 323
236 324
237 220
237 235
237 236
237 238
237 239
237 241
237 243
237 244
237 311
237 320
238 220
238 236
238 237
238 239
238 240
238 241
238 244
239 237
239 238
239 240
239 241
239 242
239 318
239 319
239 320
240 238
240 239
240 241
240 242
241 219
241 220
241 237
241 238
241 239
241 240
241 242
241 243
241 244
242 239
242 240
242 241
242 243
242 244
242 312
242 313
243 216
243 217
243 219
243 220
243 237
243 241
243 242
243 244
243 245
243 310
243 311
243 312
243 313
244 217
244 218
244 219
244 220
244 221
244 222
244 237
244 238
244 241
244 242
244 243
244 245
244 246
244 310
244 311
244 312
245 217
245 218
245 220
245 221
245 222
245 243
245 244
245 246
245 247
245 308
245 309
245 310
245 311
246 221
246 222
246 223
246 224
246 244
246 245
246 247
246 248
246 308
246 309
246 310
247 221
247 222
247 223
247 224
247 245
247 246
247 248
247 249
247 277
247 278
247 306
247 307
247 308
247 309
248 223
248 224
248 225
248 226
248 246
248 247
248 249
248 250
248 277
248 306
248 307
248 308
248 309
249 143
249 144
249 223
249 224
249 225
249 226
249 247
249 248
249 250
249 251
249 256
249 305
249 306
249 307
250 225
250 226
250 227
250 228
250 248
250 249
250 251
250 252
250 254
250 255
250 256
250 305
250 306
250 328
251 226
251 227
251 228
251 249
251 250
251 252
251 253
251 254
251 255
251 305
251 328
252 250
252 251
252 253
252 254
252 255
252 304
252 305
253 251
253 252
253 254
253 255
253 304
253 305
253 330
254 250
254 251
254 252
254 253
254 255
254 256
254 304
254 305
254 328
254 329
254 330
254 331
255 250
255 251
255 252
255 253
255 254
255 256
255 257
255 301
255 302
255 303
255 304
255 305
255 306
255 328
255 329
255 330
255 331
256 249
256 250
256 254
256 255
256 257
256 258
256 301
256 302
256 303
256 304
256 305
256 306
256 307
256 326
256 327
256 328
256 329
257 255
257 256
257 258
257 259
257 299
257 300
257 301
257 302
257 326
257 327
257 328
257 329
258 256
258 257
258 259
258 260
258 299
258 300
258 301
258 324
258 325
258 326
258 327
259 257
259 258
259 260
259 261
259 297
259 298
259 299
259 300
259 324
259 325
259 326
260 258
260 259
260 261
260 262
260 297
260 298
260 299
260 322
260 323
260 324
260 325
261 259
261 260
261 262
261 263
261 296
261 297
261 298
261 322
261 323
261 324
262 260
262 261
262 263
262 264
262 265
262 291
262 292
262 296
262 297
262 321
262 322
262 323
263 261
263 262
263 264
263 265
263 296
263 320
263 321
263 322
263 323
264 262
264 263
264 265
264 266
264 267
264 291
264 321
264 322
265 262
265 263
265 264
265 266
265 267
265 291
265 292
265 293
265 296
265 621
266 264
266 265
266 267
266 268
266 290
266 291
266 292
266 293
267 264
267 265
267 266
267 268
267 269
267 290
267 291
267 314
267 317
267 321
268 266
268 267
268 269
268 270
268 289
268 290
268 291
268 313
268 314
268 315
268 316
268 317
269 267
269 268
269 270
269 271
269 289
269 290
269 291
269 311
269 312
269 313
269 314
269 315
269 317
269 321
270 268
270 269
270 271
270 272
270 287
270 288
270 289
270 290
270 311
270 312
270 313
270 314
271 269
271 270
271 272
271 273
271 287
271 288
271 289
271 309
271 310
271 311
271 312
272 270
272 271
272 273
272 274
272 284
272 285
272 286
272 287
272 288
272 309
272 310
272 311
273 271
273 272
273 274
273 275
273 284
273 285
273 286
273 287
273 300
273 307
273 308
273 309
273 310
274 272
274 273
274 275
274 276
274 277
274 278
274 279
274 280
274 283
274 284
274 285
274 286
274 302
274 307
274 308
274 309
275 273
275 274
275 276
275 277
275 283
275 284
275 285
275 302
275 303
275 304
275 306
275 307
275 308
275 361
275 438
276 274
276 275
276 277
276 278
276 279
276 280
276 283
276 306
276 307
276 308
277 150
277 247
277 248
277 274
277 275
277 276
277 278
277 279
277 306
277 307
277 308
278 214
278 247
278 274
278 276
278 277
278 279
278 280
278 307
278 308
279 210
279 213
279 214
279 274
279 276
279 277
279 278
279 280
279 281
279 283
279 284
279 308
279 309
279 310
280 206
280 207
280 210
280 274
280 276
280 278
280 279
280 281
280 282
280 283
280 284
281 206
281 210
281 279
281 280
281 282
281 283
281 284
282 206
282 280
282 281
282 283
282 284
282 438
283 274
283 275
283 276
283 279
283 280
283 281
283 282
283 284
283 285
283 438
283 439
284 272
284 273
284 274
284 275
284 279
284 280
284 281
284 282
284 283
284 285
284 286
284 287
284 438
284 439
285 272
285 273
285 274
285 275
285 283
285 284
285 286
285 287
285 302
285 360
285 361
285 438
285 439
285 440
286 272
286 273
286 274
286 284
286 285
286 287
286 288
286 439
286 440
286 441
287 270
287 271
287 272
287 273
287 284
287 285
287 286
287 288
287 289
288 270
288 271
288 272
288 286
288 287
288 289
288 290
289 268
289 269
289 270
289 271
289 287
289 288
289 290
289 291
290 266
290 267
290 268
290 269
290 270
290 288
290 289
290 291
290 292
291 262
291 264
291 265
291 266
291 267
291 268
291 269
291 289
291 290
291 292
291 293
291 296
291 321
292 262
292 265
292 266
292 290
292 291
292 293
292 294
292 295
292 296
293 265
293 266
293 291
293 292
293 294
293 295
293 296
294 292
294 293
294 295
294 296
294 657
295 292
295 293
295 294
295 296
295 297
295 298
296 261
296 262
296 263
296 265
296 291
296 292
296 293
296 294
296 295
296 297
296 298
297 259
297 260
297 261
297 262
297 295
297 296
297 298
297 299
298 259
298 260
298 261
298 295
298 296
298 297
298 299
298 300
298 357
298 358
299 257
299 258
299 259
299 260
299 297
299 298
299 300
299 301
299 356
299 357
299 358
300 257
300 258
300 259
300 273
300 298
300 299
300 301
300 302
300 357
300 358
300 359
300 360
301 255
301 256
301 257
301 258
301 299
301 300
301 302
301 303
301 357
301 358
301 359
301 360
302 255
302 256
302 257
302 274
302 275
302 285
302 300
302 301
302 303
302 304
302 305
302 306
302 307
302 360
302 361
303 255
303 256
303 275
303 301
303 302
303 304
303 305
303 360
303 361
303 362
303 363
304 252
304 253
304 254
304 255
304 256
304 275
304 302
304 303
304 305
304 306
304 307
305 249
305 250
305 251
305 252
305 253
305 254
305 255
305 256
305 302
305 303
305 304
305 306
305 307
305 328
306 247
306 248
306 249
306 250
306 255
306 256
306 275
306 276
306 277
306 302
306 304
306 305
306 307
306 308
307 247
307 248
307 249
307 256
307 273
307 274
307 275
307 276
307 277
307 278
307 302
307 304
307 305
307 306
307 308
307 309
308 245
308 246
308 247
308 248
308 273
308 274
308 275
308 276
308 277
308 278
308 279
308 306
308 307
308 309
308 310
309 245
309 246
309 247
309 248
309 271
309 272
309 273
309 274
309 279
309 307
309 308
309 310
309 311
310 217
310 243
310 244
310 245
310 246
310 271
310 272
310 273
310 279
310 308
310 309
310 311
310 312
311 237
311 243
311 244
311 245
311 269
311 270
311 271
311 272
311 309
311 310
311 312
311 313
312 242
312 243
312 244
312 269
312 270
312 271
312 310
312 311
312 313
312 314
313 242
313 243
313 268
313 269
313 270
313 311
313 312
313 314
313 315
313 317
314 267
314 268
314 269
314 270
314 312
314 313
314 315
314 316
314 317
315 268
315 269
315 313
315 314
315 316
315 317
316 268
316 314
316 315
316 317
316 318
317 267
317 268
317 269
317 313
317 314
317 315
317 316
317 318
317 319
317 320
317 321
318 239
318 316
318 317
318 319
318 320
319 239
319 317
319 318
319 320
319 321
320 236
320 237
320 239
320 263
320 317
320 318
320 319
320 321
320 322
320 323
321 262
321 263
321 264
321 267
321 269
321 291
321 317
321 319
321 320
321 322
321 323
322 236
322 260
322 261
322 262
322 263
322 264
322 320
322 321
322 323
322 324
323 233
323 234
323 236
323 260
323 261
323 262
323 263
323 320
323 321
323 322
323 324
323 325
324 233
324 234
324 235
324 236
324 258
324 259
324 260
324 261
324 322
324 323
324 325
324 326
325 231
325 232
325 233
325 234
325 258
325 259
325 260
325 323
325 324
325 326
325 327
326 226
326 231
326 232
326 233
326 234
326 256
326 257
326 258
326 259
326 324
326 325
326 327
326 328
327 226
327 227
327 228
327 229
327 230
327 231
327 232
327 256
327 257
327 258
327 325
327 326
327 328
327 329
328 226
328 227
328 228
328 229
328 230
328 231
328 250
328 251
328 254
328 255
328 256
328 257
328 305
328 326
328 327
328 329
328 330
329 254
329 255
329 256
329 257
329 327
329 328
329 330
329 331
330 253
330 254
330 255
330 328
330 329
330 331
330 332
331 254
331 255
331 329
331 330
331 332
331 333
331 353
332 330
332 331
332 333
332 334
332 353
332 354
333 331
333 332
333 334
333 335
333 353
333 365
334 332
334 333
334 335
334 336
334 351
334 352
334 353
334 364
334 365
334 366
334 367
335 333
335 334
335 336
335 337
335 365
335 366
335 367
336 334
336 335
336 337
336 338
336 366
336 367
336 368
337 335
337 336
337 338
337 339
337 367
337 368
337 369
338 336
338 337
338 339
338 340
338 367
338 368
338 369
338 370
339 337
339 338
339 340
339 341
339 369
339 370
339 371
339 372
340 338
340 339
340 341
340 342
340 343
340 347
340 369
340 370
340 371
340 372
340 449
340 450
341 339
341 340
341 342
341 343
341 347
341 371
341 372
342 340
342 341
342 343
342 344
342 372
342 450
343 340
343 341
343 342
343 344
343 345
343 347
343 449
343 450
344 342
344 343
344 345
344 346
344 347
344 449
344 450
344 451
344 452
345 343
345 344
345 346
345 347
345 449
345 450
346 344
346 345
346 347
346 348
346 447
346 448
346 449
346 450
347 340
347 341
347 343
347 344
347 345
347 346
347 348
347 349
347 447
347 448
347 449
347 450
348 346
348 347
348 349
348 350
348 447
348 448
348 449
349 347
349 348
349 350
349 351
349 445
349 446
349 447
349 448
350 348
350 349
350 351
350 352
350 445
350 446
350 447
350 448
351 334
351 349
351 350
351 352
351 353
351 355
351 443
351 444
351 445
351 446
352 334
352 350
352 351
352 353
352 354
352 355
352 356
352 359
352 365
352 443
352 444
352 445
353 331
353 332
353 333
353 334
353 351
353 352
353 354
353 355
353 357
353 359
353 443
354 332
354 352
354 353
354 355
354 356
354 357
354 359
354 443
355 351
355 352
355 353
355 354
355 356
355 357
355 358
355 359
355 442
355 443
355 444
355 445
356 299
356 352
356 354
356 355
356 357
356 358
356 442
356 443
356 444
357 298
357 299
357 300
357 301
357 353
357 354
357 355
357 356
357 358
357 359
357 442
357 443
358 298
358 299
358 300
358 301
358 355
358 356
358 357
358 359
358 360
358 440
358 441
358 442
358 443
359 300
359 301
359 352
359 353
359 354
359 355
359 357
359 358
359 360
359 361
359 363
359 440
359 441
359 442
359 443
360 285
360 300
360 301
360 302
360 303
360 358
360 359
360 361
360 362
360 363
360 435
360 440
361 275
361 285
361 302
361 303
361 359
361 360
361 362
361 363
361 435
361 436
361 437
361 438
361 439
361 440
362 303
362 360
362 361
362 363
362 364
362 434
362 435
362 438
363 303
363 359
363 360
363 361
363 362
363 364
363 365
363 433
363 434
363 435
364 334
364 362
364 363
364 365
364 366
364 432
364 433
364 434
364 435
365 333
365 334
365 335
365 352
365 363
365 364
365 366
365 367
365 432
365 433
365 434
366 334
366 335
366 336
366 364
366 365
366 367
366 368
366 430
366 431
366 432
366 433
367 334
367 335
367 336
367 337
367 338
367 365
367 366
367 368
367 369
367 430
367 431
367 432
368 336
368 337
368 338
368 366
368 367
368 369
368 370
368 428
368 429
368 430
368 431
369 337
369 338
369 339
369 340
369 367
369 368
369 370
369 371
369 428
369 429
369 430
370 338
370 339
370 340
370 368
370 369
370 371
370 372
370 427
370 428
370 429
371 339
371 340
371 341
371 369
371 370
371 372
371 373
371 374
371 376
371 377
371 378
371 427
371 428
371 429
371 450
372 339
372 340
372 341
372 342
372 370
372 371
372 373
372 374
372 376
372 427
373 371
373 372
373 374
373 375
373 376
373 427
374 371
374 372
374 373
374 375
374 376
374 377
374 423
374 424
374 425
374 426
374 427
375 373
375 374
375 376
375 377
375 423
375 452
375 453
375 454
376 371
376 372
376 373
376 374
376 375
376 377
376 378
376 422
376 423
376 450
376 451
376 452
376 453
377 371
377 374
377 375
377 376
377 378
377 379
377 420
377 421
377 422
377 423
377 450
377 451
377 452
377 453
378 371
378 376
378 377
378 379
378 380
378 420
378 421
378 422
378 423
378 448
378 449
378 450
378 451
379 377
379 378
379 380
379 381
379 418
379 419
379 420
379 421
379 448
379 449
379 450
379 451
380 378
380 379
380 381
380 382
380 418
380 419
380 420
380 421
380 446
380 447
380 448
380 449
381 379
381 380
381 382
381 383
381 416
381 417
381 418
381 419
381 446
381 447
381 448
382 380
382 381
382 383
382 384
382 385
382 386
382 416
382 417
382 418
382 445
382 446
382 447
383 381
383 382
383 384
383 385
383 414
383 415
383 416
383 417
383 445
383 446
384 382
384 383
384 385
384 386
384 412
384 413
384 414
384 415
384 416
384 417
384 658
385 382
385 383
385 384
385 386
385 387
385 410
385 411
385 412
385 413
385 414
385 415
385 416
385 417
385 444
386 382
386 384
386 385
386 387
386 388
386 410
386 411
386 412
386 413
386 416
386 417
386 418
387 385
387 386
387 388
387 389
387 401
387 408
387 409
387 410
387 411
387 419
388 386
388 387
388 389
388 390
388 408
388 409
388 410
388 411
389 387
389 388
389 390
389 391
389 407
389 408
389 409
390 388
390 389
390 391
390 392
390 394
390 396
390 407
390 408
390 409
391 389
391 390
391 392
391 393
391 394
392 390
392 391
392 393
392 394
392 395
393 391
393 392
393 394
393 395
394 390
394 391
394 392
394 393
394 395
394 396
395 392
395 393
395 394
395 396
395 397
395 436
395 437
396 390
396 394
396 395
396 397
396 398
396 399
396 400
396 409
396 410
396 435
396 436
396 437
397 395
397 396
397 398
397 399
397 409
397 410
397 435
397 436
397 437
397 439
397 440
397 441
398 396
398 397
398 399
398 400
398 409
398 410
398 411
398 412
398 435
398 439
398 440
398 441
399 396
399 397
399 398
399 400
399 401
399 409
399 410
399 433
399 434
399 435
399 436
399 440
399 441
400 396
400 398
400 399
400 401
400 402
400 407
400 408
400 409
400 410
400 433
400 434
400 435
400 436
401 387
401 399
401 400
401 402
401 403
401 406
401 407
401 408
401 409
401 410
401 431
401 432
401 433
401 434
402 400
402 401
402 403
402 404
402 405
402 406
402 407
402 408
402 431
402 432
402 433
403 401
403 402
403 404
403 405
403 406
403 407
403 408
403 429
403 430
403 431
403 432
404 402
404 403
404 405
404 406
404 429
404 430
404 431
405 402
405 403
405 404
405 406
405 407
406 401
406 402
406 403
406 404
406 405
406 407
406 408
407 389
407 390
407 400
407 401
407 402
407 403
407 405
407 406
407 408
407 409
408 387
408 388
408 389
408 390
408 400
408 401
408 402
408 403
408 406
408 407
408 409
408 410
409 387
409 388
409 389
409 390
409 396
409 397
409 398
409 399
409 400
409 401
409 407
409 408
409 410
409 411
410 385
410 386
410 387
410 388
410 396
410 397
410 398
410 399
410 400
410 401
410 408
410 409
410 411
410 412
411 385
411 386
411 387
411 388
411 398
411 409
411 410
411 412
411 413
412 384
412 385
412 386
412 398
412 410
412 411
412 413
412 414
413 384
413 385
413 386
413 411
413 412
413 414
413 415
413 416
414 383
414 384
414 385
414 412
414 413
414 415
414 416
414 658
415 383
415 384
415 385
415 413
415 414
415 416
415 417
415 658
416 381
416 382
416 383
416 384
416 385
416 386
416 413
416 414
416 415
416 417
416 418
416 466
416 468
417 381
417 382
417 383
417 384
417 385
417 386
417 415
417 416
417 418
417 419
417 466
417 467
417 468
418 379
418 380
418 381
418 382
418 386
418 416
418 417
418 419
418 420
418 466
418 467
418 468
419 379
419 380
419 381
419 387
419 417
419 418
419 420
419 421
419 466
419 467
420 377
420 378
420 379
420 380
420 418
420 419
420 421
420 422
420 467
421 377
421 378
421 379
421 380
421 419
421 420
421 422
421 423
422 376
422 377
422 378
422 420
422 421
422 423
422 424
422 453
423 374
423 375
423 376
423 377
423 378
423 421
423 422
423 424
423 425
423 426
423 427
423 429
424 374
424 422
424 423
424 425
424 426
425 374
425 423
425 424
425 426
425 427
426 374
426 423
426 424
426 425
426 427
426 428
426 429
427 370
427 371
427 372
427 373
427 374
427 423
427 425
427 426
427 428
427 429
428 368
428 369
428 370
428 371
428 426
428 427
428 429
428 430
429 368
429 369
429 370
429 371
429 403
429 404
429 423
429 426
429 427
429 428
429 430
429 431
430 366
430 367
430 368
430 369
430 403
430 404
430 428
430 429
430 431
430 432
431 366
431 367
431 368
431 401
431 402
431 403
431 404
431 429
431 430
431 432
431 433
432 364
432 365
432 366
432 367
432 401
432 402
432 403
432 430
432 431
432 433
432 434
433 363
433 364
433 365
433 366
433 399
433 400
433 401
433 402
433 431
433 432
433 434
433 435
434 362
434 363
434 364
434 365
434 399
434 400
434 401
434 432
434 433
434 435
434 436
435 360
435 361
435 362
435 363
435 364
435 396
435 397
435 398
435 399
435 400
435 433
435 434
435 436
435 437
435 438
435 440
436 361
436 395
436 396
436 397
436 399
436 400
436 434
436 435
436 437
436 438
437 361
437 395
437 396
437 397
437 435
437 436
437 438
437 439
437 440
438 275
438 282
438 283
438 284
438 285
438 361
438 362
438 435
438 436
438 437
438 439
438 440
439 283
439 284
439 285
439 286
439 361
439 397
439 398
439 437
439 438
439 440
439 441
440 285
440 286
440 358
440 359
440 360
440 361
440 397
440 398
440 399
440 435
440 437
440 438
440 439
440 441
440 442
441 286
441 358
441 359
441 397
441 398
441 399
441 439
441 440
441 442
441 443
442 355
442 356
442 357
442 358
442 359
442 440
442 441
442 443
442 444
443 351
443 352
443 353
443 354
443 355
443 356
443 357
443 358
443 359
443 441
443 442
443 444
443 445
444 351
444 352
444 355
444 356
444 385
444 442
444 443
444 445
444 446
445 349
445 350
445 351
445 352
445 355
445 382
445 383
445 443
445 444
445 446
445 447
446 349
446 350
446 351
446 380
446 381
446 382
446 383
446 444
446 445
446 447
446 448
447 346
447 347
447 348
447 349
447 350
447 380
447 381
447 382
447 445
447 446
447 448
447 449
448 346
448 347
448 348
448 349
448 350
448 378
448 379
448 380
448 381
448 446
448 447
448 449
448 450
449 340
449 343
449 344
449 345
449 346
449 347
449 348
449 378
449 379
449 380
449 447
449 448
449 450
449 451
450 340
450 342
450 343
450 344
450 345
450 346
450 347
450 371
450 376
450 377
450 378
450 379
450 448
450 449
450 451
450 452
451 344
451 376
451 377
451 378
451 379
451 449
451 450
451 452
451 453
451 455
451 456
451 457
452 344
452 375
452 376
452 377
452 450
452 451
452 453
452 454
452 455
452 456
453 375
453 376
453 377
453 422
453 451
453 452
453 454
453 455
453 456
454 375
454 452
454 453
454 455
454 456
455 451
455 452
455 453
455 454
455 456
455 457
455 458
456 451
456 452
456 453
456 454
456 455
456 457
456 458
456 462
457 451
457 455
457 456
457 458
457 459
457 460
457 461
457 462
457 469
458 455
458 456
458 457
458 459
458 460
458 531
459 457
459 458
459 460
459 461
459 529
459 530
459 531
459 532
460 457
460 458
460 459
460 461
460 462
460 469
460 470
460 471
460 472
460 531
460 532
461 457
461 459
461 460
461 462
461 463
461 469
461 470
461 471
461 472
461 484
462 456
462 457
462 460
462 461
462 463
462 464
462 467
462 468
462 469
462 470
462 484
463 461
463 462
463 464
463 465
463 466
463 467
463 468
463 469
463 470
463 479
463 480
463 483
463 484
464 462
464 463
464 465
464 466
464 467
464 468
465 463
465 464
465 466
465 467
465 479
465 480
465 481
466 416
466 417
466 418
466 419
466 463
466 464
466 465
466 467
466 468
466 479
466 480
467 417
467 418
467 419
467 420
467 462
467 463
467 464
467 465
467 466
467 468
467 469
468 416
468 417
468 418
468 462
468 463
468 464
468 466
468 467
468 469
468 470
469 457
469 460
469 461
469 462
469 463
469 467
469 468
469 470
469 471
470 460
470 461
470 462
470 463
470 468
470 469
470 471
470 472
470 478
470 479
470 484
471 460
471 461
471 469
471 470
471 472
471 473
471 474
471 478
471 484
471 531
471 532
472 460
472 461
472 470
472 471
472 473
472 474
472 484
472 485
472 532
473 471
473 472
473 474
473 475
473 476
473 484
473 485
473 486
473 488
473 490
473 491
473 492
474 471
474 472
474 473
474 475
474 476
474 485
474 491
474 492
474 493
474 532
475 473
475 474
475 476
475 477
475 485
475 491
475 492
475 728
475 729
475 730
476 473
476 474
476 475
476 477
476 478
476 485
476 729
476 730
476 742
477 475
477 476
477 478
477 479
477 480
477 481
477 482
477 483
477 484
477 485
477 742
478 470
478 471
478 476
478 477
478 479
478 480
478 482
478 484
478 742
479 463
479 465
479 466
479 470
479 477
479 478
479 480
479 481
479 482
479 483
479 484
480 463
480 465
480 466
480 477
480 478
480 479
480 481
480 482
481 465
481 477
481 479
481 480
481 482
481 483
482 477
482 478
482 479
482 480
482 481
482 483
482 484
482 485
482 486
483 463
483 477
483 479
483 481
483 482
483 484
483 485
483 486
484 461
484 462
484 463
484 470
484 471
484 472
484 473
484 477
484 478
484 479
484 482
484 483
484 485
484 486
485 472
485 473
485 474
485 475
485 476
485 477
485 482
485 483
485 484
485 486
485 487
485 488
485 491
486 473
486 482
486 483
486 484
486 485
486 487
486 488
487 485
487 486
487 488
487 489
488 473
488 485
488 486
488 487
488 489
488 490
488 491
489 487
489 488
489 490
489 491
489 495
489 500
489 502
490 473
490 488
490 489
490 491
490 492
490 493
490 494
490 495
490 501
490 502
491 473
491 474
491 475
491 485
491 488
491 489
491 490
491 492
491 493
492 473
492 474
492 475
492 490
492 491
492 493
492 494
492 504
492 505
493 474
493 490
493 491
493 492
493 494
493 495
493 502
493 503
493 504
493 505
494 490
494 492
494 493
494 495
494 496
494 502
494 503
494 504
494 505
494 508
494 520
495 489
495 490
495 493
495 494
495 496
495 497
495 500
495 501
495 502
495 503
496 494
496 495
496 497
496 498
496 499
496 500
496 501
496 502
496 503
496 515
496 516
496 519
496 520
497 495
497 496
497 498
497 499
497 500
497 517
497 519
498 496
498 497
498 499
498 500
498 516
498 517
499 496
499 497
499 498
499 500
499 501
499 516
500 489
500 495
500 496
500 497
500 498
500 499
500 501
500 502
501 490
501 495
501 496
501 499
501 500
501 502
501 503
501 515
502 489
502 490
502 493
502 494
502 495
502 496
502 500
502 501
502 503
502 504
503 493
503 494
503 495
503 496
503 501
503 502
503 504
503 505
503 507
503 508
503 514
503 515
504 492
504 493
504 494
504 502
504 503
504 505
504 506
504 507
504 508
505 492
505 493
505 494
505 503
505 504
505 506
505 507
505 508
505 546
506 504
506 505
506 507
506 508
506 509
506 510
506 546
507 503
507 504
507 505
507 506
507 508
507 509
507 510
507 512
507 514
507 520
508 494
508 503
508 504
508 505
508 506
508 507
508 509
508 510
508 520
508 521
508 544
508 545
508 546
509 506
509 507
509 508
509 510
509 511
509 512
509 520
509 521
509 522
509 524
509 544
509 545
510 506
510 507
510 508
510 509
510 511
510 512
510 521
511 509
511 510
511 512
511 513
511 521
512 507
512 509
512 510
512 511
512 513
512 514
512 518
512 521
513 511
513 512
513 514
513 515
513 516
513 517
513 518
513 519
513 520
513 521
514 503
514 507
514 512
514 513
514 515
514 516
514 518
514 520
515 496
515 501
515 503
515 513
515 514
515 516
515 517
515 518
515 519
515 520
516 496
516 498
516 499
516 513
516 514
516 515
516 517
516 518
516 519
517 497
517 498
517 513
517 515
517 516
517 518
517 519
518 512
518 513
518 514
518 515
518 516
518 517
518 519
518 520
518 521
518 522
519 496
519 497
519 513
519 515
519 516
519 517
519 518
519 520
519 521
519 522
520 494
520 496
520 507
520 508
520 509
520 513
520 514
520 515
520 518
520 519
520 521
520 522
521 508
521 509
521 510
521 511
521 512
521 513
521 518
521 519
521 520
521 522
521 523
521 524
522 509
522 518
522 519
522 520
522 521
522 523
522 524
523 521
523 522
523 524
523 525
523 526
523 527
523 528
523 544
524 509
524 521
524 522
524 523
524 525
524 526
524 543
524 544
524 545
524 555
525 523
525 524
525 526
525 527
525 543
525 544
525 555
525 556
526 523
526 524
526 525
526 527
526 528
526 543
527 523
527 525
527 526
527 528
527 529
527 541
527 542
527 543
527 544
528 523
528 526
528 527
528 529
528 530
528 534
528 541
528 542
528 543
528 544
529 459
529 527
529 528
529 530
529 531
529 541
529 542
530 459
530 528
530 529
530 531
530 532
530 534
530 535
530 536
530 541
530 542
530 543
531 458
531 459
531 460
531 471
531 529
531 530
531 532
531 533
531 534
532 459
532 460
532 471
532 472
532 474
532 530
532 531
532 533
532 534
532 692
533 531
533 532
533 534
533 535
533 544
533 546
533 692
533 693
533 694
534 528
534 530
534 531
534 532
534 533
534 535
534 536
534 542
534 543
534 544
534 545
534 546
534 692
535 530
535 533
535 534
535 536
535 537
535 542
535 543
535 544
535 545
535 546
535 547
535 548
535 690
535 692
535 693
536 530
536 534
536 535
536 537
536 538
536 540
536 541
536 542
536 543
537 535
537 536
537 538
537 539
537 540
537 541
537 542
537 543
537 556
537 558
537 559
537 560
537 561
538 536
538 537
538 539
538 540
538 541
538 558
538 560
539 537
539 538
539 540
539 541
539 558
540 536
540 537
540 538
540 539
540 541
540 542
541 527
541 528
541 529
541 530
541 536
541 537
541 538
541 539
541 540
541 542
541 543
541 556
542 527
542 528
542 529
542 530
542 534
542 535
542 536
542 537
542 540
542 541
542 543
542 544
542 556
543 524
543 525
543 526
543 527
543 528
543 530
543 534
543 535
543 536
543 537
543 541
543 542
543 544
543 545
543 546
543 548
543 555
543 556
544 508
544 509
544 523
544 524
544 525
544 527
544 528
544 533
544 534
544 535
544 542
544 543
544 545
544 546
545 508
545 509
545 524
545 534
545 535
545 543
545 544
545 546
545 547
545 548
546 505
546 506
546 508
546 533
546 534
546 535
546 543
546 544
546 545
546 547
546 548
546 692
546 693
546 694
547 535
547 545
547 546
547 548
547 549
547 551
547 690
547 692
547 693
547 694
548 535
548 543
548 545
548 546
548 547
548 549
548 550
548 551
548 553
548 555
548 561
549 547
549 548
549 550
549 551
549 561
549 562
549 690
550 548
550 549
550 551
550 552
550 553
550 561
550 562
550 563
550 565
550 771
550 773
551 547
551 548
551 549
551 550
551 552
551 553
551 562
551 770
551 771
551 773
552 550
552 551
552 553
552 554
552 562
552 771
553 548
553 550
553 551
553 552
553 554
553 555
553 562
554 552
554 553
554 555
554 556
554 557
554 559
554 560
554 561
554 562
555 524
555 525
555 543
555 548
555 553
555 554
555 556
555 557
555 559
555 561
556 525
556 537
556 541
556 542
556 543
556 554
556 555
556 557
556 558
556 559
556 560
556 561
557 554
557 555
557 556
557 558
557 559
557 560
558 537
558 538
558 539
558 556
558 557
558 559
558 560
559 537
559 554
559 555
559 556
559 557
559 558
559 560
559 561
559 562
559 563
560 537
560 538
560 554
560 556
560 557
560 558
560 559
560 561
560 562
560 563
561 537
561 548
561 549
561 550
561 554
561 555
561 556
561 559
561 560
561 562
561 563
562 549
562 550
562 551
562 552
562 553
562 554
562 559
562 560
562 561
562 563
562 564
562 565
563 550
563 559
563 560
563 561
563 562
563 564
563 565
564 562
564 563
564 565
564 566
564 567
565 550
565 562
565 563
565 564
565 566
565 567
565 687
566 564
566 565
566 567
566 568
566 569
566 685
567 564
567 565
567 566
567 568
567 569
567 684
567 685
567 686
567 687
567 773
567 774
568 566
568 567
568 569
568 570
568 684
568 685
568 686
568 687
568 773
568 774
568 775
569 566
569 567
569 568
569 570
569 571
569 588
569 684
569 686
569 773
569 774
570 568
570 569
570 571
570 572
570 573
570 585
570 586
570 587
570 588
570 773
570 774
571 569
571 570
571 572
571 573
571 584
571 585
571 586
571 587
571 588
571 681
571 682
572 570
572 571
572 573
572 574
572 585
572 586
573 570
573 571
573 572
573 574
573 575
573 583
573 586
574 572
574 573
574 575
574 576
574 583
575 573
575 574
575 576
575 577
576 574
576 575
576 577
576 578
576 580
577 575
577 576
577 578
577 579
577 580
577 723
578 576
578 577
578 579
578 580
578 722
578 723
579 577
579 578
579 580
579 581
579 720
579 721
579 722
579 723
579 754
580 576
580 577
580 578
580 579
580 581
580 582
580 720
580 721
580 722
581 579
581 580
581 582
581 583
581 718
581 719
581 720
581 721
582 580
582 581
582 583
582 584
582 586
582 587
582 636
582 718
582 719
582 720
582 721
583 573
583 574
583 581
583 582
583 584
583 585
583 586
583 636
584 571
584 582
584 583
584 585
584 586
584 587
584 634
584 635
584 636
584 682
585 570
585 571
585 572
585 583
585 584
585 586
585 587
585 588
585 634
585 644
585 681
585 682
585 683
586 570
586 571
586 572
586 573
586 582
586 583
586 584
586 585
586 587
586 588
586 682
587 570
587 571
587 582
587 584
587 585
587 586
587 588
587 589
587 590
587 682
587 704
588 569
588 570
588 571
588 585
588 586
588 587
588 589
588 590
588 633
588 634
588 681
588 682
588 683
588 684
588 685
589 587
589 588
589 590
589 591
589 604
589 605
589 606
589 633
589 634
589 683
589 684
589 685
589 686
590 587
590 588
590 589
590 591
590 592
590 602
590 603
590 604
590 605
590 633
590 634
590 635
590 704
590 705
590 763
590 764
591 589
591 590
591 592
591 593
591 602
591 603
591 604
591 605
591 611
591 631
591 632
591 633
591 634
591 635
591 763
592 590
592 591
592 593
592 594
592 599
592 600
592 601
592 602
592 603
592 631
592 632
592 633
592 635
593 591
593 592
593 594
593 595
593 599
593 600
593 601
593 602
593 603
593 629
593 630
593 631
593 632
594 592
594 593
594 595
594 596
594 597
594 598
594 599
594 600
594 601
594 629
594 630
594 631
594 632
595 593
595 594
595 596
595 597
595 598
595 599
595 600
595 628
595 629
595 630
596 594
596 595
596 597
596 598
596 628
596 629
597 594
597 595
597 596
597 598
597 599
597 630
598 594
598 595
598 596
598 597
598 599
598 600
599 592
599 593
599 594
599 595
599 597
599 598
599 600
599 601
599 638
599 706
599 759
600 592
600 593
600 594
600 595
600 598
600 599
600 601
600 602
600 617
600 759
601 592
601 593
601 594
601 599
601 600
601 602
601 603
601 613
601 617
601 759
601 760
601 761
601 762
601 763
602 590
602 591
602 592
602 593
602 600
602 601
602 603
602 604
602 613
602 705
602 706
602 759
602 760
602 761
602 762
602 763
602 764
603 590
603 591
603 592
603 593
603 601
603 602
603 604
603 605
603 611
603 612
603 613
603 614
603 762
603 763
603 764
603 779
604 589
604 590
604 591
604 602
604 603
604 605
604 606
604 611
604 612
604 613
604 685
604 686
604 763
604 764
605 589
605 590
605 591
605 603
605 604
605 606
605 607
605 608
605 610
605 611
605 612
605 684
605 685
605 686
606 589
606 604
606 605
606 607
606 608
606 610
606 611
606 612
606 685
606 686
606 687
606 688
607 605
607 606
607 608
607 609
607 610
607 611
607 685
608 605
608 606
608 607
608 609
608 610
608 676
608 677
608 678
608 679
608 685
609 607
609 608
609 610
609 611
609 672
609 673
609 674
609 675
609 676
609 677
610 605
610 606
610 607
610 608
610 609
610 611
610 612
610 670
610 671
610 672
610 673
610 809
611 591
611 603
611 604
611 605
611 606
611 607
611 609
611 610
611 612
611 613
611 670
611 671
611 672
611 673
612 603
612 604
612 605
612 606
612 610
612 611
612 613
612 614
612 668
612 669
612 670
612 671
612 762
613 601
613 602
613 603
613 604
613 611
613 612
613 614
613 615
613 617
613 668
613 669
613 670
613 671
613 761
613 762
613 763
613 764
613 779
614 603
614 612
614 613
614 615
614 616
614 617
614 667
614 668
614 669
614 761
614 762
614 763
614 779
614 780
614 781
615 613
615 614
615 616
615 617
615 618
615 619
615 655
615 656
615 659
615 666
615 667
615 668
615 669
615 762
616 614
616 615
616 617
616 618
616 619
616 661
616 664
616 667
616 668
616 781
617 600
617 601
617 613
617 614
617 615
617 616
617 618
617 619
617 620
617 623
617 761
617 762
618 615
618 616
618 617
618 619
618 620
618 621
618 623
618 624
619 615
619 616
619 617
619 618
619 620
619 621
619 623
619 624
619 661
620 617
620 618
620 619
620 621
620 622
620 623
620 624
621 265
621 618
621 619
621 620
621 622
621 623
621 624
622 620
622 621
622 623
622 624
622 625
623 617
623 618
623 619
623 620
623 621
623 622
623 624
623 625
623 628
624 618
624 619
624 620
624 621
624 622
624 623
624 625
624 626
625 622
625 623
625 624
625 626
625 627
625 628
625 629
626 624
626 625
626 627
626 628
626 629
626 649
626 650
626 651
626 652
626 653
627 625
627 626
627 628
627 629
627 649
627 650
628 595
628 596
628 623
628 625
628 626
628 627
628 629
628 630
629 593
629 594
629 595
629 596
629 625
629 626
629 627
629 628
629 630
629 631
629 649
629 650
630 593
630 594
630 595
630 597
630 628
630 629
630 631
630 632
630 647
630 648
630 649
630 650
631 591
631 592
631 593
631 594
631 629
631 630
631 632
631 633
631 647
631 648
631 649
631 650
632 591
632 592
632 593
632 594
632 630
632 631
632 633
632 634
632 635
632 645
632 646
632 647
632 648
633 588
633 589
633 590
633 591
633 592
633 631
633 632
633 634
633 635
633 645
633 646
633 647
633 682
633 683
634 584
634 585
634 588
634 589
634 590
634 591
634 632
634 633
634 635
634 636
634 642
634 644
634 645
634 646
634 682
634 683
635 584
635 590
635 591
635 592
635 632
635 633
635 634
635 636
635 637
635 638
635 641
635 642
635 644
635 645
635 646
635 719
636 582
636 583
636 584
636 634
636 635
636 637
636 638
636 642
636 718
636 719
637 635
637 636
637 638
637 639
637 640
637 641
637 642
637 717
637 718
637 719
638 599
638 635
638 636
638 637
638 639
638 640
638 641
638 717
638 718
639 637
639 638
639 640
639 641
639 717
640 637
640 638
640 639
640 641
640 642
641 635
641 637
641 638
641 639
641 640
641 642
641 643
641 645
642 634
642 635
642 636
642 637
642 640
642 641
642 643
642 644
642 645
643 641
643 642
643 644
643 645
644 585
644 634
644 635
644 642
644 643
644 645
644 646
644 680
644 681
644 682
644 683
645 632
645 633
645 634
645 635
645 641
645 642
645 643
645 644
645 646
645 647
645 682
646 632
646 633
646 634
646 635
646 644
646 645
646 647
646 648
647 630
647 631
647 632
647 633
647 645
647 646
647 648
647 649
648 630
648 631
648 632
648 646
648 647
648 649
648 650
648 673
648 674
648 675
649 626
649 627
649 629
649 630
649 631
649 647
649 648
649 650
649 651
649 673
649 674
650 626
650 627
650 629
650 630
650 631
650 648
650 649
650 651
650 652
650 653
650 671
650 672
650 673
650 674
651 626
651 649
651 650
651 652
651 653
651 671
651 672
651 673
651 674
652 626
652 650
652 651
652 653
652 654
652 671
652 672
652 673
653 626
653 650
653 651
653 652
653 654
653 655
653 669
653 670
653 671
653 672
654 652
654 653
654 655
654 656
654 669
654 670
654 671
655 615
655 653
655 654
655 656
655 657
655 659
655 668
655 669
655 670
656 615
656 654
656 655
656 657
656 658
656 659
656 666
656 667
656 668
656 669
656 804
657 294
657 655
657 656
657 658
657 659
658 384
658 414
658 415
658 656
658 657
658 659
658 660
658 665
658 666
659 615
659 655
659 656
659 657
659 658
659 660
659 661
659 664
659 665
659 666
659 667
659 668
660 658
660 659
660 661
660 662
660 663
660 664
660 665
660 666
660 667
661 616
661 619
661 659
661 660
661 662
661 663
661 664
661 665
662 660
662 661
662 663
662 664
663 660
663 661
663 662
663 664
663 665
663 739
664 616
664 659
664 660
664 661
664 662
664 663
664 665
664 666
664 667
664 781
664 782
665 658
665 659
665 660
665 661
665 663
665 664
665 666
665 667
665 741
665 743
665 744
665 796
666 615
666 656
666 658
666 659
666 660
666 664
666 665
666 667
666 668
666 743
666 796
666 801
667 614
667 615
667 616
667 656
667 659
667 660
667 664
667 665
667 666
667 668
667 669
667 781
667 796
668 612
668 613
668 614
668 615
668 616
668 655
668 656
668 659
668 666
668 667
668 669
668 670
668 762
668 779
668 796
669 612
669 613
669 614
669 615
669 653
669 654
669 655
669 656
669 667
669 668
669 670
669 671
670 610
670 611
670 612
670 613
670 653
670 654
670 655
670 668
670 669
670 671
670 672
670 805
671 610
671 611
671 612
671 613
671 650
671 651
671 652
671 653
671 654
671 669
671 670
671 672
671 673
672 609
672 610
672 611
672 650
672 651
672 652
672 653
672 670
672 671
672 673
672 674
673 609
673 610
673 611
673 648
673 649
673 650
673 651
673 652
673 671
673 672
673 674
673 675
673 676
674 609
674 648
674 649
674 650
674 651
674 672
674 673
674 675
674 676
675 609
675 648
675 673
675 674
675 676
675 677
676 608
676 609
676 673
676 674
676 675
676 677
676 678
677 608
677 609
677 675
677 676
677 678
677 679
677 683
678 608
678 676
678 677
678 679
678 680
678 683
679 608
679 677
679 678
679 680
679 681
679 682
679 683
679 684
680 644
680 678
680 679
680 681
680 682
680 683
680 684
681 571
681 585
681 588
681 644
681 679
681 680
681 682
681 683
681 684
682 571
682 584
682 585
682 586
682 587
682 588
682 633
682 634
682 644
682 645
682 679
682 680
682 681
682 683
682 684
683 585
683 588
683 589
683 633
683 634
683 644
683 677
683 678
683 679
683 680
683 681
683 682
683 684
683 685
684 567
684 568
684 569
684 588
684 589
684 605
684 679
684 680
684 681
684 682
684 683
684 685
684 686
685 566
685 567
685 568
685 588
685 589
685 604
685 605
685 606
685 607
685 608
685 683
685 684
685 686
685 687
686 567
686 568
686 569
686 589
686 604
686 605
686 606
686 684
686 685
686 687
686 688
686 774
686 775
686 776
687 565
687 567
687 568
687 606
687 685
687 686
687 688
687 689
687 773
687 774
687 775
687 776
688 606
688 686
688 687
688 689
688 690
688 775
688 776
688 798
688 802
689 687
689 688
689 690
689 691
689 692
689 693
689 775
689 776
689 777
689 798
689 799
689 802
690 535
690 547
690 549
690 688
690 689
690 691
690 692
690 693
690 799
690 802
691 689
691 690
691 692
691 693
691 799
691 800
691 802
691 803
692 532
692 533
692 534
692 535
692 546
692 547
692 689
692 690
692 691
692 693
692 694
692 799
693 533
693 535
693 546
693 547
693 689
693 690
693 691
693 692
693 694
693 695
693 799
694 533
694 546
694 547
694 692
694 693
694 695
694 696
695 693
695 694
695 696
695 697
695 699
695 726
695 767
695 777
696 694
696 695
696 697
696 698
696 699
696 726
697 695
697 696
697 698
697 699
697 725
697 726
697 727
697 728
698 696
698 697
698 699
698 700
698 725
698 726
698 727
698 728
699 695
699 696
699 697
699 698
699 700
699 701
699 725
699 726
699 767
700 698
700 699
700 701
700 702
700 723
700 724
700 725
700 726
700 767
700 768
701 699
701 700
701 702
701 703
701 723
701 724
701 725
701 726
701 765
701 766
701 767
701 768
702 700
702 701
702 703
702 704
702 721
702 722
702 723
702 724
702 765
702 766
702 767
703 701
703 702
703 704
703 705
703 721
703 722
703 723
703 724
703 756
703 763
703 764
703 765
703 766
704 587
704 590
704 702
704 703
704 705
704 706
704 719
704 720
704 721
704 722
704 760
704 763
704 764
704 765
705 590
705 602
705 703
705 704
705 706
705 707
705 719
705 720
705 721
705 759
705 760
705 763
706 599
706 602
706 704
706 705
706 707
706 708
706 715
706 716
706 717
706 718
706 719
706 720
706 759
706 760
707 705
707 706
707 708
707 709
707 714
707 715
707 716
707 720
707 756
707 757
707 758
707 759
707 760
707 761
708 706
708 707
708 709
708 710
708 711
708 712
708 713
708 714
708 715
708 716
708 757
708 758
708 759
708 760
709 707
709 708
709 710
709 711
709 713
709 714
709 715
709 716
709 757
710 708
710 709
710 711
710 712
710 713
710 714
710 757
710 786
711 708
711 709
711 710
711 712
711 713
711 757
711 758
711 785
711 786
712 708
712 710
712 711
712 713
712 714
712 758
713 708
713 709
713 710
713 711
713 712
713 714
713 715
714 707
714 708
714 709
714 710
714 712
714 713
714 715
714 716
715 706
715 707
715 708
715 709
715 713
715 714
715 716
715 717
715 758
715 759
716 706
716 707
716 708
716 709
716 714
716 715
716 717
716 718
716 719
716 720
717 637
717 638
717 639
717 706
717 715
717 716
717 718
717 719
718 581
718 582
718 636
718 637
718 638
718 706
718 716
718 717
718 719
718 720
719 581
719 582
719 635
719 636
719 637
719 704
719 705
719 706
719 716
719 717
719 718
719 720
719 721
720 579
720 580
720 581
720 582
720 704
720 705
720 706
720 707
720 716
720 718
720 719
720 721
720 722
721 579
721 580
721 581
721 582
721 702
721 703
721 704
721 705
721 719
721 720
721 722
721 723
722 578
722 579
722 580
722 702
722 703
722 704
722 720
722 721
722 723
722 724
722 754
722 755
723 577
723 578
723 579
723 700
723 701
723 702
723 703
723 721
723 722
723 724
723 725
723 754
724 700
724 701
724 702
724 703
724 722
724 723
724 725
724 726
724 747
724 748
724 749
724 754
724 755
725 697
725 698
725 699
725 700
725 701
725 723
725 724
725 726
725 727
725 747
725 748
725 749
726 695
726 696
726 697
726 698
726 699
726 700
726 701
726 724
726 725
726 727
726 728
726 745
726 746
726 747
726 748
727 697
727 698
727 725
727 726
727 728
727 729
727 731
727 732
727 745
727 746
727 747
727 748
727 792
728 475
728 697
728 698
728 726
728 727
728 729
728 730
728 731
728 732
728 746
729 475
729 476
729 727
729 728
729 730
729 731
729 732
729 733
729 745
729 746
730 475
730 476
730 728
730 729
730 731
730 732
730 733
730 734
731 727
731 728
731 729
731 730
731 732
731 733
731 734
731 735
732 727
732 728
732 729
732 730
732 731
732 733
732 734
732 735
732 736
732 740
732 745
732 746
732 792
733 729
733 730
733 731
733 732
733 734
733 735
733 736
733 737
733 738
733 739
733 740
733 741
734 730
734 731
734 732
734 733
734 735
734 736
734 737
734 738
735 731
735 732
735 733
735 734
735 736
735 737
735 738
735 790
735 791
736 732
736 733
736 734
736 735
736 737
736 738
736 739
736 740
737 733
737 734
737 735
737 736
737 738
737 739
737 740
738 733
738 734
738 735
738 736
738 737
738 739
738 740
738 741
739 663
739 733
739 736
739 737
739 738
739 740
739 741
740 732
740 733
740 736
740 737
740 738
740 739
740 741
740 742
740 744
740 745
741 665
741 733
741 738
741 739
741 740
741 742
741 743
741 744
742 476
742 477
742 478
742 740
742 741
742 743
742 744
742 745
742 797
742 800
743 665
743 666
743 741
743 742
743 744
743 745
743 796
743 797
743 798
743 799
743 800
743 801
744 665
744 740
744 741
744 742
744 743
744 745
744 746
744 794
744 795
744 796
744 797
744 800
745 726
745 727
745 729
745 732
745 740
745 742
745 743
745 744
745 746
745 747
745 778
745 794
745 795
745 796
745 797
746 726
746 727
746 728
746 729
746 732
746 744
746 745
746 747
746 748
746 792
746 793
746 794
746 795
747 724
747 725
747 726
747 727
747 745
747 746
747 748
747 749
747 755
747 792
747 793
747 794
747 795
748 724
748 725
748 726
748 727
748 746
748 747
748 749
748 750
748 752
748 754
748 755
748 787
748 791
748 792
748 793
749 724
749 725
749 747
749 748
749 750
749 751
749 752
749 753
749 754
749 789
749 790
749 792
750 748
750 749
750 751
750 752
750 789
750 790
750 791
750 792
751 749
751 750
751 752
751 753
751 788
751 789
751 790
752 748
752 749
752 750
752 751
752 753
752 754
752 755
752 787
752 788
752 789
752 790
752 791
752 792
753 749
753 751
753 752
753 754
753 755
753 786
753 787
753 788
753 789
754 579
754 722
754 723
754 724
754 748
754 749
754 752
754 753
754 755
754 756
754 786
754 787
755 722
755 724
755 747
755 748
755 752
755 753
755 754
755 756
755 757
755 786
755 787
755 792
755 793
756 703
756 707
756 754
756 755
756 757
756 758
756 760
756 761
756 780
756 786
756 787
756 793
757 707
757 708
757 709
757 710
757 711
757 755
757 756
757 758
757 759
757 760
757 761
757 785
757 786
758 707
758 708
758 711
758 712
758 715
758 756
758 757
758 759
758 760
758 761
759 599
759 600
759 601
759 602
759 705
759 706
759 707
759 708
759 715
759 757
759 758
759 760
759 761
760 601
760 602
760 704
760 705
760 706
760 707
760 708
760 756
760 757
760 758
760 759
760 761
760 762
760 763
760 780
761 601
761 602
761 613
761 614
761 617
761 707
761 756
761 757
761 758
761 759
761 760
761 762
761 763
761 779
761 780
761 781
761 782
762 601
762 602
762 603
762 612
762 613
762 614
762 615
762 617
762 668
762 760
762 761
762 763
762 764
762 779
762 780
762 781
763 590
763 591
763 601
763 602
763 603
763 604
763 613
763 614
763 703
763 704
763 705
763 760
763 761
763 762
763 764
763 765
763 779
763 780
764 590
764 602
764 603
764 604
764 613
764 703
764 704
764 762
764 763
764 765
764 766
764 776
764 777
764 778
764 779
764 780
765 701
765 702
765 703
765 704
765 763
765 764
765 766
765 767
765 776
765 777
765 778
765 779
765 780
765 795
766 701
766 702
766 703
766 764
766 765
766 767
766 768
766 774
766 775
766 776
766 777
766 778
767 695
767 699
767 700
767 701
767 702
767 765
767 766
767 768
767 769
767 774
767 775
767 776
767 777
768 700
768 701
768 766
768 767
768 769
768 770
768 772
768 773
768 774
768 775
769 767
769 768
769 770
769 771
769 772
769 773
769 774
769 775
770 551
770 768
770 769
770 771
770 772
770 773
771 550
771 551
771 552
771 769
771 770
771 772
771 773
772 768
772 769
772 770
772 771
772 773
772 774
773 550
773 551
773 567
773 568
773 569
773 570
773 687
773 768
773 769
773 770
773 771
773 772
773 774
773 775
774 567
774 568
774 569
774 570
774 686
774 687
774 766
774 767
774 768
774 769
774 772
774 773
774 775
774 776
775 568
775 686
775 687
775 688
775 689
775 766
775 767
775 768
775 769
775 773
775 774
775 776
775 777
776 686
776 687
776 688
776 689
776 764
776 765
776 766
776 767
776 774
776 775
776 777
776 778
776 779
776 798
777 689
777 695
777 764
777 765
777 766
777 767
777 775
777 776
777 778
777 779
777 797
777 798
777 799
778 745
778 764
778 765
778 766
778 776
778 777
778 779
778 780
778 795
778 796
778 797
778 798
779 603
779 613
779 614
779 668
779 761
779 762
779 763
779 764
779 765
779 776
779 777
779 778
779 780
779 781
779 795
779 796
779 797
779 798
780 614
780 756
780 760
780 761
780 762
780 763
780 764
780 765
780 778
780 779
780 781
780 782
780 793
780 794
780 795
780 796
781 614
781 616
781 664
781 667
781 761
781 762
781 779
781 780
781 782
781 783
781 793
781 794
781 795
781 796
782 664
782 761
782 780
782 781
782 783
782 784
782 793
782 794
782 795
783 781
783 782
783 784
783 785
783 786
783 791
783 792
783 793
783 794
784 782
784 783
784 785
784 786
784 788
784 791
784 792
784 793
785 711
785 757
785 783
785 784
785 786
785 787
785 788
785 791
786 710
786 711
786 753
786 754
786 755
786 756
786 757
786 783
786 784
786 785
786 787
786 788
786 793
787 748
787 752
787 753
787 754
787 755
787 756
787 785
787 786
787 788
787 789
787 791
787 792
787 793
788 751
788 752
788 753
788 784
788 785
788 786
788 787
788 789
788 790
788 791
788 792
789 749
789 750
789 751
789 752
789 753
789 787
789 788
789 790
789 791
790 735
790 749
790 750
790 751
790 752
790 788
790 789
790 791
790 792
791 735
791 748
791 750
791 752
791 783
791 784
791 785
791 787
791 788
791 789
791 790
791 792
791 793
792 727
792 732
792 746
792 747
792 748
792 749
792 750
792 752
792 755
792 783
792 784
792 787
792 788
792 790
792 791
792 793
792 794
793 746
793 747
793 748
793 755
793 756
793 780
793 781
793 782
793 783
793 784
793 786
793 787
793 791
793 792
793 794
793 795
794 744
794 745
794 746
794 747
794 780
794 781
794 782
794 783
794 792
794 793
794 795
794 796
795 744
795 745
795 746
795 747
795 765
795 778
795 779
795 780
795 781
795 782
795 793
795 794
795 796
795 797
796 665
796 666
796 667
796 668
796 743
796 744
796 745
796 778
796 779
796 780
796 781
796 794
796 795
796 797
796 798
797 742
797 743
797 744
797 745
797 777
797 778
797 779
797 795
797 796
797 798
797 799
797 800
797 801
798 688
798 689
798 743
798 776
798 777
798 778
798 779
798 796
798 797
798 799
798 800
798 801
798 802
799 689
799 690
799 691
799 692
799 693
799 743
799 777
799 797
799 798
799 800
799 801
799 802
800 691
800 742
800 743
800 744
800 797
800 798
800 799
800 801
800 802
800 803
801 666
801 743
801 797
801 798
801 799
801 800
801 802
801 803
801 804
801 805
802 688
802 689
802 690
802 691
802 798
802 799
802 800
802 801
802 803
802 804
802 805
802 806
803 691
803 800
803 801
803 802
803 804
803 805
803 806
803 807
804 656
804 801
804 802
804 803
804 805
804 806
804 807
804 808
805 670
805 801
805 802
805 803
805 804
805 806
805 807
805 808
805 809
806 802
806 803
806 804
806 805
806 807
806 808
806 809
806 810
807 803
807 804
807 805
807 806
807 808
807 809
807 810
808 804
808 805
808 806
808 807
808 809
808 810
809 610
809 805
809 806
809 807
809 808
809 810
810 806
810 807
810 808
810 809
