0 1
0 2
0 3
1 0
1 2
1 3
1 4
1 5
2 0
2 1
2 3
2 4
2 5
2 6
3 0
3 1
3 2
3 4
3 5
3 6
3 7
4 1
4 2
4 3
4 5
4 6
4 7
4 8
5 1
5 2
5 3
5 4
5 6
5 7
5 8
5 9
6 2
6 3
6 4
6 5
6 7
6 8
6 9
6 10
7 3
7 4
7 5
7 6
7 8
7 9
7 10
7 11
8 4
8 5
8 6
8 7
8 9
8 10
8 11
8 12
9 5
9 6
9 7
9 8
9 10
9 11
9 12
9 13
10 6
10 7
10 8
10 9
10 11
10 12
10 13
10 14
11 7
11 8
11 9
11 10
11 12
11 13
11 14
11 15
12 8
12 9
12 10
12 11
12 13
12 14
13 9
13 10
13 11
13 12
13 14
13 15
14 10
14 11
14 12
14 13
14 15
14 16
15 11
15 13
15 14
15 16
15 17
16 14
16 15
16 17
16 18
17 15
17 16
17 18
17 19
18 16
18 17
18 19
18 20
19 17
19 18
19 20
19 21
20 18
20 19
20 21
20 22
21 19
21 20
21 22
21 23
22 20
22 21
22 23
22 24
23 21
23 22
23 24
23 25
24 22
24 23
24 25
24 26
25 23
25 24
25 26
25 27
26 24
26 25
26 27
26 28
27 25
27 26
27 28
27 29
28 26
28 27
28 29
28 30
29 27
29 28
29 30
29 31
30 28
30 29
30 31
30 32
31 29
31 30
31 32
31 33
32 30
32 31
32 33
32 34
33 31
33 32
33 34
33 35
34 32
34 33
34 35
34 36
35 33
35 34
35 36
35 37
36 34
36 35
36 37
36 38
37 35
37 36
37 38
37 39
38 36
38 37
38 39
38 40
39 37
39 38
39 40
39 41
40 38
40 39
40 41
40 42
41 39
41 40
41 42
41 43
42 40
42 41
42 43
42 44
43 41
43 42
43 44
43 45
44 42
44 43
44 45
44 46
45 43
45 44
45 46
45 47
46 44
46 45
46 47
46 48
47 45
47 46
47 48
47 49
48 46
48 47
48 49
48 50
49 47
49 48
49 50
49 51
50 48
50 49
50 51
50 52
51 49
51 50
51 52
51 53
52 50
52 51
52 53
52 54
53 51
53 52
53 54
53 55
54 52
54 53
54 55
54 56
55 53
55 54
55 56
55 57
56 54
56 55
56 57
56 58
56 59
57 55
57 56
57 58
57 59
57 60
58 56
58 57
58 59
58 60
59 56
59 57
59 58
59 60
59 61
60 57
60 58
60 59
60 61
60 62
61 59
61 60
61 62
61 63
61 81
61 82
61 83
61 84
62 60
62 61
62 63
62 64
62 81
62 82
62 83
62 84
62 86
62 87
62 88
62 131
62 132
62 133
63 61
63 62
63 64
63 65
63 79
63 80
63 81
63 82
63 88
63 132
63 133
63 134
64 62
64 63
64 65
64 66
64 79
64 80
64 81
64 82
64 88
64 107
64 108
64 109
64 133
64 134
64 135
64 136
65 63
65 64
65 66
65 67
65 76
65 77
65 78
65 79
65 80
65 88
65 107
65 108
65 109
65 134
65 136
65 137
66 64
66 65
66 67
66 68
66 76
66 78
66 79
66 80
66 106
66 107
66 108
66 109
67 65
67 66
67 68
67 69
67 70
67 76
67 77
67 78
67 106
67 107
67 108
68 66
68 67
68 69
68 70
68 105
68 106
68 107
69 67
69 68
69 70
69 71
69 104
69 105
69 106
70 67
70 68
70 69
70 71
70 72
70 74
70 75
70 76
70 104
70 105
70 106
71 69
71 70
71 72
71 73
71 74
71 102
71 103
71 104
71 105
72 70
72 71
72 73
72 74
72 102
72 103
72 104
72 105
73 71
73 72
73 74
73 75
73 141
74 70
74 71
74 72
74 73
74 75
74 76
75 70
75 73
75 74
75 76
75 77
75 141
76 65
76 66
76 67
76 70
76 74
76 75
76 77
76 78
77 65
77 67
77 75
77 76
77 78
77 79
78 65
78 66
78 67
78 76
78 77
78 79
78 80
79 63
79 64
79 65
79 66
79 77
79 78
79 80
79 81
79 134
80 63
80 64
80 65
80 66
80 78
80 79
80 81
80 82
80 109
81 61
81 62
81 63
81 64
81 79
81 80
81 82
81 83
82 61
82 62
82 63
82 64
82 80
82 81
82 83
82 84
82 86
82 87
82 109
83 61
83 62
83 81
83 82
83 84
83 85
83 86
83 109
84 61
84 62
84 82
84 83
84 85
84 86
85 83
85 84
85 86
85 87
85 111
86 62
86 82
86 83
86 84
86 85
86 87
86 88
86 109
86 110
86 111
86 112
87 62
87 82
87 85
87 86
87 88
87 89
87 109
87 110
87 111
87 112
87 113
87 129
87 130
87 131
88 62
88 63
88 64
88 65
88 86
88 87
88 89
88 90
88 107
88 108
88 109
88 110
88 129
88 130
88 131
88 132
88 133
88 134
88 135
88 136
89 87
89 88
89 90
89 91
89 107
89 108
89 109
89 110
89 113
89 127
89 128
89 129
89 130
89 136
90 88
90 89
90 91
90 92
90 105
90 106
90 107
90 108
90 127
90 128
90 129
90 136
90 137
90 138
91 89
91 90
91 92
91 93
91 105
91 106
91 107
91 125
91 126
91 127
91 128
92 90
92 91
92 93
92 94
92 103
92 104
92 105
92 106
92 124
92 125
92 126
92 127
92 138
93 91
93 92
93 94
93 95
93 102
93 103
93 104
93 105
93 123
93 124
93 125
93 126
94 92
94 93
94 95
94 96
94 101
94 102
94 103
94 104
94 123
94 124
94 125
95 93
95 94
95 96
95 97
95 101
95 102
95 103
95 122
95 123
95 124
96 94
96 95
96 97
96 98
96 99
96 100
96 101
96 102
96 122
96 123
97 95
97 96
97 98
97 99
97 100
97 101
97 102
98 96
98 97
98 99
98 100
99 96
99 97
99 98
99 100
99 101
99 102
100 96
100 97
100 98
100 99
100 101
100 102
101 94
101 95
101 96
101 97
101 99
101 100
101 102
101 103
102 71
102 72
102 93
102 94
102 95
102 96
102 97
102 99
102 100
102 101
102 103
102 104
103 71
103 72
103 92
103 93
103 94
103 95
103 101
103 102
103 104
103 105
104 69
104 70
104 71
104 72
104 92
104 93
104 94
104 102
104 103
104 105
104 106
105 68
105 69
105 70
105 71
105 72
105 90
105 91
105 92
105 93
105 103
105 104
105 106
105 107
105 138
106 66
106 67
106 68
106 69
106 70
106 90
106 91
106 92
106 104
106 105
106 107
106 108
107 64
107 65
107 66
107 67
107 68
107 88
107 89
107 90
107 91
107 105
107 106
107 108
107 109
107 136
107 137
108 64
108 65
108 66
108 67
108 88
108 89
108 90
108 106
108 107
108 109
108 110
109 64
109 65
109 66
109 80
109 82
109 83
109 86
109 87
109 88
109 89
109 107
109 108
109 110
109 111
110 86
110 87
110 88
110 89
110 108
110 109
110 111
110 112
110 113
111 85
111 86
111 87
111 109
111 110
111 112
111 113
112 86
112 87
112 110
112 111
112 113
112 114
113 87
113 89
113 110
113 111
113 112
113 114
113 115
113 128
113 129
114 112
114 113
114 115
114 116
114 127
114 128
114 129
115 113
115 114
115 116
115 117
115 126
115 127
115 128
115 129
116 114
116 115
116 117
116 118
116 125
116 126
116 127
116 128
117 115
117 116
117 118
117 119
117 124
117 125
117 126
117 127
118 116
118 117
118 119
118 120
118 124
118 125
118 126
119 117
119 118
119 120
119 121
119 122
119 123
119 124
119 125
120 118
120 119
120 121
120 122
120 123
120 124
120 125
121 119
121 120
121 122
121 123
122 95
122 96
122 119
122 120
122 121
122 123
122 124
123 93
123 94
123 95
123 96
123 119
123 120
123 121
123 122
123 124
123 125
124 92
124 93
124 94
124 95
124 117
124 118
124 119
124 120
124 122
124 123
124 125
124 126
125 91
125 92
125 93
125 94
125 116
125 117
125 118
125 119
125 120
125 123
125 124
125 126
125 127
126 91
126 92
126 93
126 115
126 116
126 117
126 118
126 124
126 125
126 127
126 128
127 89
127 90
127 91
127 92
127 114
127 115
127 116
127 117
127 125
127 126
127 128
127 129
128 89
128 90
128 91
128 113
128 114
128 115
128 116
128 126
128 127
128 129
128 130
128 136
129 87
129 88
129 89
129 90
129 113
129 114
129 115
129 127
129 128
129 130
129 131
129 136
130 87
130 88
130 89
130 128
130 129
130 131
130 132
130 135
130 136
131 62
131 87
131 88
131 129
131 130
131 132
131 133
131 135
132 62
132 63
132 88
132 130
132 131
132 133
132 134
132 135
133 62
133 63
133 64
133 88
133 131
133 132
133 134
133 135
134 63
134 64
134 65
134 79
134 88
134 132
134 133
134 135
134 136
134 137
135 64
135 88
135 130
135 131
135 132
135 133
135 134
135 136
135 137
136 64
136 65
136 88
136 89
136 90
136 107
136 128
136 129
136 130
136 134
136 135
136 137
136 138
137 65
137 90
137 107
137 134
137 135
137 136
137 138
137 139
137 141
137 142
138 90
138 92
138 105
138 136
138 137
138 139
138 140
138 141
138 142
139 137
139 138
139 140
139 141
139 142
139 144
139 145
140 138
140 139
140 141
140 142
140 143
140 145
141 73
141 75
141 137
141 138
141 139
141 140
141 142
141 143
141 145
142 137
142 138
142 139
142 140
142 141
142 143
142 144
142 145
143 140
143 141
143 142
143 144
143 145
143 146
144 139
144 142
144 143
144 145
144 146
145 139
145 140
145 141
145 142
145 143
145 144
145 146
145 147
146 143
146 144
146 145
146 147
146 148
146 149
147 145
147 146
147 148
147 149
147 150
148 146
148 147
148 149
148 150
149 146
149 147
149 148
149 150
149 151
149 152
150 147
150 148
150 149
150 151
150 152
151 149
151 150
151 152
151 153
152 149
152 150
152 151
152 153
152 154
153 151
153 152
153 154
153 155
154 152
154 153
154 155
154 156
155 153
155 154
155 156
155 157
156 154
156 155
156 157
156 158
157 155
157 156
157 158
157 159
158 156
158 157
158 159
158 160
159 157
159 158
159 160
159 161
160 158
160 159
160 161
160 162
161 159
161 160
161 162
161 163
162 160
162 161
162 163
162 164
163 161
163 162
163 164
163 165
164 162
164 163
164 165
164 166
165 163
165 164
165 166
165 167
166 164
166 165
166 167
166 168
167 165
167 166
167 168
167 169
168 166
168 167
168 169
168 170
169 167
169 168
169 170
169 171
170 168
170 169
170 171
170 172
171 169
171 170
171 172
171 173
172 170
172 171
172 173
172 174
173 171
173 172
173 174
173 175
174 172
174 173
174 175
174 176
175 173
175 174
175 176
175 177
176 174
176 175
176 177
176 178
177 175
177 176
177 178
177 179
178 176
178 177
178 179
178 180
179 177
179 178
179 180
179 181
180 178
180 179
180 181
180 182
181 179
181 180
181 182
181 183
182 180
182 181
182 183
183 181
183 182
