0 1
0 2
1 0
1 2
1 3
2 0
2 1
2 3
2 4
3 1
3 2
3 4
3 5
4 2
4 3
4 5
4 6
5 3
5 4
5 6
5 7
6 4
6 5
6 7
6 8
7 5
7 6
7 8
7 9
8 6
8 7
8 9
8 10
9 7
9 8
9 10
9 11
10 8
10 9
10 11
10 12
11 9
11 10
11 12
11 13
12 10
12 11
12 13
12 14
13 11
13 12
13 14
13 15
13 22
14 12
14 13
14 15
14 16
14 22
14 39
15 13
15 14
15 16
15 17
15 19
15 20
15 21
15 22
15 39
15 40
16 14
16 15
16 17
16 18
16 19
16 20
16 21
16 22
16 30
16 39
16 40
16 41
17 15
17 16
17 18
17 19
17 20
17 38
17 39
17 40
17 73
17 88
18 16
18 17
18 19
18 20
18 40
18 41
18 44
18 73
18 76
18 88
18 89
18 90
18 103
19 15
19 16
19 17
19 18
19 20
19 21
19 44
19 88
19 89
19 103
19 104
20 15
20 16
20 17
20 18
20 19
20 21
20 22
20 88
21 15
21 16
21 19
21 20
21 22
21 23
22 13
22 14
22 15
22 16
22 20
22 21
22 23
22 24
22 30
23 21
23 22
23 24
23 25
23 26
23 27
23 28
24 22
24 23
24 25
24 26
24 27
24 28
24 29
24 30
24 41
25 23
25 24
25 26
25 27
25 28
25 29
26 23
26 24
26 25
26 27
26 28
26 104
26 105
27 23
27 24
27 25
27 26
27 28
27 29
27 41
27 42
27 43
27 44
27 104
27 105
28 23
28 24
28 25
28 26
28 27
28 29
28 30
28 41
28 42
28 43
29 24
29 25
29 27
29 28
29 30
29 31
29 41
29 42
30 16
30 22
30 24
30 28
30 29
30 31
30 32
30 39
30 40
30 41
30 42
31 29
31 30
31 32
31 33
31 39
31 40
31 41
31 42
31 61
31 62
32 30
32 31
32 33
32 34
32 36
32 37
32 38
32 39
32 40
32 61
33 31
33 32
33 34
33 35
33 36
33 37
33 38
33 39
33 60
33 61
33 66
34 32
34 33
34 35
34 36
35 33
35 34
35 36
35 37
35 38
36 32
36 33
36 34
36 35
36 37
36 38
36 39
37 32
37 33
37 35
37 36
37 38
37 39
38 17
38 32
38 33
38 35
38 36
38 37
38 39
38 40
38 66
38 69
38 70
39 14
39 15
39 16
39 17
39 30
39 31
39 32
39 33
39 36
39 37
39 38
39 40
39 41
40 15
40 16
40 17
40 18
40 30
40 31
40 32
40 38
40 39
40 41
40 42
40 44
40 45
41 16
41 18
41 24
41 27
41 28
41 29
41 30
41 31
41 39
41 40
41 42
41 43
41 44
41 45
42 27
42 28
42 29
42 30
42 31
42 40
42 41
42 43
42 44
42 45
42 46
42 62
43 27
43 28
43 41
43 42
43 44
43 45
43 46
43 47
43 104
44 18
44 19
44 27
44 40
44 41
44 42
44 43
44 45
44 46
44 47
44 48
44 91
44 103
44 104
45 40
45 41
45 42
45 43
45 44
45 46
45 47
45 48
45 51
45 64
45 69
46 42
46 43
46 44
46 45
46 47
46 48
46 51
46 123
47 43
47 44
47 45
47 46
47 48
47 49
47 51
47 91
47 104
47 123
47 124
47 125
48 44
48 45
48 46
48 47
48 49
48 50
48 51
48 72
48 90
48 91
48 92
49 47
49 48
49 50
49 51
49 90
49 91
49 92
50 48
50 49
50 51
50 52
50 72
51 45
51 46
51 47
51 48
51 49
51 50
51 52
51 53
51 64
51 68
51 69
51 72
52 50
52 51
52 53
52 54
52 64
53 51
53 52
53 54
53 55
53 63
53 64
53 65
54 52
54 53
54 55
54 56
54 60
54 63
54 64
54 65
55 53
55 54
55 56
55 57
55 63
56 54
56 55
56 57
56 58
57 55
57 56
57 58
57 59
57 60
58 56
58 57
58 59
58 60
58 65
59 57
59 58
59 60
59 61
59 65
59 66
60 33
60 54
60 57
60 58
60 59
60 61
60 62
60 63
60 64
60 65
60 66
61 31
61 32
61 33
61 59
61 60
61 62
61 63
61 64
61 65
61 66
61 69
62 31
62 42
62 60
62 61
62 63
62 64
63 53
63 54
63 55
63 60
63 61
63 62
63 64
63 65
64 45
64 51
64 52
64 53
64 54
64 60
64 61
64 62
64 63
64 65
64 66
64 68
64 69
65 53
65 54
65 58
65 59
65 60
65 61
65 63
65 64
65 66
65 67
65 68
65 69
66 33
66 38
66 59
66 60
66 61
66 64
66 65
66 67
66 68
66 69
66 70
67 65
67 66
67 68
67 69
67 70
67 71
68 51
68 64
68 65
68 66
68 67
68 69
68 70
68 71
68 72
69 38
69 45
69 51
69 61
69 64
69 65
69 66
69 67
69 68
69 70
69 71
69 72
69 73
70 38
70 66
70 67
70 68
70 69
70 71
70 72
70 73
70 74
71 67
71 68
71 69
71 70
71 72
71 73
71 74
71 75
72 48
72 50
72 51
72 68
72 69
72 70
72 71
72 73
72 74
72 75
72 76
72 90
73 17
73 18
73 69
73 70
73 71
73 72
73 74
73 75
73 76
73 77
73 88
73 90
74 70
74 71
74 72
74 73
74 75
74 76
74 77
74 78
75 71
75 72
75 73
75 74
75 76
75 77
75 78
75 79
75 88
75 90
76 18
76 72
76 73
76 74
76 75
76 77
76 78
76 79
76 80
76 87
76 88
76 89
76 90
77 73
77 74
77 75
77 76
77 78
77 79
77 80
77 87
77 88
77 89
78 74
78 75
78 76
78 77
78 79
78 80
78 87
78 88
79 75
79 76
79 77
79 78
79 80
79 81
79 87
79 88
79 89
79 90
79 101
80 76
80 77
80 78
80 79
80 81
80 82
80 85
80 86
80 87
80 88
80 89
80 101
80 102
80 295
81 79
81 80
81 82
81 83
81 84
81 85
81 86
81 87
81 88
81 89
81 100
81 101
81 102
81 103
81 106
82 80
82 81
82 83
82 84
82 85
82 100
82 101
82 102
83 81
83 82
83 84
83 85
83 102
83 106
83 107
83 110
84 81
84 82
84 83
84 85
84 86
84 106
85 80
85 81
85 82
85 83
85 84
85 86
85 87
85 295
86 80
86 81
86 84
86 85
86 87
86 88
86 89
87 76
87 77
87 78
87 79
87 80
87 81
87 85
87 86
87 88
87 89
88 17
88 18
88 19
88 20
88 73
88 75
88 76
88 77
88 78
88 79
88 80
88 81
88 86
88 87
88 89
88 90
88 103
89 18
89 19
89 76
89 77
89 79
89 80
89 81
89 86
89 87
89 88
89 90
89 91
89 92
89 101
89 102
89 103
90 18
90 48
90 49
90 72
90 73
90 75
90 76
90 79
90 88
90 89
90 91
90 92
90 101
90 102
90 103
91 44
91 47
91 48
91 49
91 89
91 90
91 92
91 93
91 101
91 102
91 103
91 104
91 125
92 48
92 49
92 89
92 90
92 91
92 93
92 94
92 98
92 99
92 100
92 101
92 102
92 125
93 91
93 92
93 94
93 95
93 96
93 98
93 99
93 100
93 101
93 124
93 125
93 126
93 127
94 92
94 93
94 95
94 96
94 98
94 124
94 125
94 126
95 93
95 94
95 96
95 97
95 98
95 126
95 130
96 93
96 94
96 95
96 97
96 98
97 95
97 96
97 98
97 99
98 92
98 93
98 94
98 95
98 96
98 97
98 99
98 100
99 92
99 93
99 97
99 98
99 100
99 101
100 81
100 82
100 92
100 93
100 98
100 99
100 101
100 102
100 127
101 79
101 80
101 81
101 82
101 89
101 90
101 91
101 92
101 93
101 99
101 100
101 102
101 103
102 80
102 81
102 82
102 83
102 89
102 90
102 91
102 92
102 100
102 101
102 103
102 104
102 105
102 106
102 107
103 18
103 19
103 44
103 81
103 88
103 89
103 90
103 91
103 101
103 102
103 104
103 105
103 106
103 107
104 19
104 26
104 27
104 43
104 44
104 47
104 91
104 102
104 103
104 105
104 106
104 107
104 108
105 26
105 27
105 102
105 103
105 104
105 106
105 107
105 108
105 109
106 81
106 83
106 84
106 102
106 103
106 104
106 105
106 107
106 108
106 109
106 110
107 83
107 102
107 103
107 104
107 105
107 106
107 108
107 109
107 110
107 111
107 112
107 114
107 125
107 127
108 104
108 105
108 106
108 107
108 109
108 110
108 111
108 112
108 114
109 105
109 106
109 107
109 108
109 110
109 111
109 112
110 83
110 106
110 107
110 108
110 109
110 111
110 112
110 127
110 128
111 107
111 108
111 109
111 110
111 112
111 113
111 127
111 128
112 107
112 108
112 109
112 110
112 111
112 113
112 114
112 125
112 126
112 127
112 128
112 131
113 111
113 112
113 114
113 115
113 125
113 126
113 127
113 128
113 131
113 132
114 107
114 108
114 112
114 113
114 115
114 116
114 123
114 124
114 125
114 126
115 113
115 114
115 116
115 117
115 122
115 123
115 124
115 125
116 114
116 115
116 117
116 118
116 122
116 123
116 124
117 115
117 116
117 118
117 119
117 120
117 121
117 122
117 123
118 116
118 117
118 119
118 120
118 121
118 122
118 123
119 117
119 118
119 120
119 121
119 122
120 117
120 118
120 119
120 121
120 122
121 117
121 118
121 119
121 120
121 122
121 123
122 115
122 116
122 117
122 118
122 119
122 120
122 121
122 123
122 124
123 46
123 47
123 114
123 115
123 116
123 117
123 118
123 121
123 122
123 124
123 125
124 47
124 93
124 94
124 114
124 115
124 116
124 122
124 123
124 125
124 126
125 47
125 91
125 92
125 93
125 94
125 107
125 112
125 113
125 114
125 115
125 123
125 124
125 126
125 127
126 93
126 94
126 95
126 112
126 113
126 114
126 124
126 125
126 127
126 128
126 129
126 130
126 131
127 93
127 100
127 107
127 110
127 111
127 112
127 113
127 125
127 126
127 128
127 129
127 130
127 131
128 110
128 111
128 112
128 113
128 126
128 127
128 129
128 130
128 131
129 126
129 127
129 128
129 130
129 131
130 95
130 126
130 127
130 128
130 129
130 131
130 132
131 112
131 113
131 126
131 127
131 128
131 129
131 130
131 132
131 133
132 113
132 130
132 131
132 133
132 134
133 131
133 132
133 134
133 135
134 132
134 133
134 135
134 136
135 133
135 134
135 136
135 137
136 134
136 135
136 137
136 138
137 135
137 136
137 138
137 139
138 136
138 137
138 139
138 140
139 137
139 138
139 140
139 141
140 138
140 139
140 141
140 142
141 139
141 140
141 142
141 143
142 140
142 141
142 143
142 144
143 141
143 142
143 144
143 145
144 142
144 143
144 145
144 146
145 143
145 144
145 146
145 147
146 144
146 145
146 147
146 148
147 145
147 146
147 148
147 149
148 146
148 147
148 149
148 150
149 147
149 148
149 150
149 151
150 148
150 149
150 151
150 152
151 149
151 150
151 152
151 153
152 150
152 151
152 153
152 154
153 151
153 152
153 154
153 155
154 152
154 153
154 155
154 156
155 153
155 154
155 156
155 157
156 154
156 155
156 157
156 158
157 155
157 156
157 158
157 159
158 156
158 157
158 159
158 160
159 157
159 158
159 160
159 161
160 158
160 159
160 161
160 162
161 159
161 160
161 162
161 163
162 160
162 161
162 163
162 164
163 161
163 162
163 164
163 165
164 162
164 163
164 165
164 166
165 163
165 164
165 166
165 167
166 164
166 165
166 167
166 168
167 165
167 166
167 168
167 169
168 166
168 167
168 169
168 170
169 167
169 168
169 170
169 171
170 168
170 169
170 171
170 172
171 169
171 170
171 172
171 173
172 170
172 171
172 173
172 174
173 171
173 172
173 174
173 175
174 172
174 173
174 175
174 176
175 173
175 174
175 176
175 177
176 174
176 175
176 177
176 178
177 175
177 176
177 178
177 179
178 176
178 177
178 179
178 180
179 177
179 178
179 180
179 181
180 178
180 179
180 181
180 182
181 179
181 180
181 182
181 183
182 180
182 181
182 183
182 184
183 181
183 182
183 184
183 185
184 182
184 183
184 185
184 186
185 183
185 184
185 186
185 187
186 184
186 185
186 187
186 188
187 185
187 186
187 188
187 189
188 186
188 187
188 189
188 190
189 187
189 188
189 190
189 191
190 188
190 189
190 191
190 192
191 189
191 190
191 192
191 193
192 190
192 191
192 193
192 194
193 191
193 192
193 194
193 195
194 192
194 193
194 195
194 196
195 193
195 194
195 196
195 197
196 194
196 195
196 197
196 198
197 195
197 196
197 198
197 199
198 196
198 197
198 199
198 200
199 197
199 198
199 200
199 201
200 198
200 199
200 201
200 202
201 199
201 200
201 202
201 203
202 200
202 201
202 203
202 204
203 201
203 202
203 204
203 205
203 206
204 202
204 203
204 205
204 206
205 203
205 204
205 206
205 207
206 203
206 204
206 205
206 207
206 208
207 205
207 206
207 208
207 209
208 206
208 207
208 209
208 210
208 217
209 207
209 208
209 210
209 211
209 217
209 218
209 229
209 234
209 235
209 236
210 208
210 209
210 211
210 212
210 215
210 216
210 217
210 218
210 227
210 234
210 235
210 236
210 237
211 209
211 210
211 212
211 213
211 214
211 215
211 216
211 217
211 227
211 235
211 236
211 237
211 238
212 210
212 211
212 213
212 214
212 215
212 235
212 236
212 237
212 271
212 274
212 286
213 211
213 212
213 214
213 215
213 237
213 241
213 271
213 274
213 285
213 286
213 287
213 288
213 301
214 211
214 212
214 213
214 215
214 216
214 241
214 286
214 287
214 301
214 302
215 210
215 211
215 212
215 213
215 214
215 216
215 217
215 286
216 210
216 211
216 214
216 215
216 217
216 218
216 219
216 220
217 208
217 209
217 210
217 211
217 215
217 216
217 218
217 219
217 220
217 221
217 227
218 209
218 210
218 216
218 217
218 219
218 220
218 221
218 226
218 227
219 216
219 217
219 218
219 220
219 221
219 222
220 216
220 217
220 218
220 219
220 221
220 222
220 223
220 224
220 225
221 217
221 218
221 219
221 220
221 222
221 223
221 224
221 225
221 226
221 227
221 238
222 219
222 220
222 221
222 223
222 224
222 225
222 226
223 220
223 221
223 222
223 224
223 225
223 303
224 220
224 221
224 222
224 223
224 225
224 226
224 238
224 239
224 240
224 241
224 302
224 303
225 220
225 221
225 222
225 223
225 224
225 226
225 227
225 238
225 239
225 240
225 241
226 218
226 221
226 222
226 224
226 225
226 227
226 228
226 238
226 239
227 210
227 211
227 217
227 218
227 221
227 225
227 226
227 228
227 229
227 236
227 237
227 238
227 239
228 226
228 227
228 229
228 230
228 236
228 237
228 238
228 239
229 209
229 227
229 228
229 230
229 231
229 234
229 235
229 236
229 237
230 228
230 229
230 231
230 232
230 234
230 235
230 236
230 264
231 229
231 230
231 232
231 233
231 234
231 235
231 236
232 230
232 231
232 233
232 234
232 235
233 231
233 232
233 234
233 235
234 209
234 210
234 229
234 230
234 231
234 232
234 233
234 235
234 236
235 209
235 210
235 211
235 212
235 229
235 230
235 231
235 232
235 233
235 234
235 236
235 237
235 268
236 209
236 210
236 211
236 212
236 227
236 228
236 229
236 230
236 231
236 234
236 235
236 237
236 238
237 210
237 211
237 212
237 213
237 227
237 228
237 229
237 235
237 236
237 238
237 239
237 241
237 242
238 211
238 221
238 224
238 225
238 226
238 227
238 228
238 236
238 237
238 239
238 240
238 241
238 242
239 224
239 225
239 226
239 227
239 228
239 237
239 238
239 240
239 241
239 242
239 243
240 224
240 225
240 238
240 239
240 241
240 242
240 243
240 244
240 302
241 213
241 214
241 224
241 225
241 237
241 238
241 239
241 240
241 242
241 243
241 244
241 245
241 289
241 301
241 302
242 237
242 238
242 239
242 240
242 241
242 243
242 244
242 245
242 248
242 267
243 239
243 240
243 241
243 242
243 244
243 245
243 248
243 250
243 321
244 240
244 241
244 242
244 243
244 245
244 246
244 248
244 289
244 302
244 321
244 322
244 323
245 241
245 242
245 243
245 244
245 246
245 247
245 248
245 270
245 288
245 289
245 290
246 244
246 245
246 247
246 248
246 288
246 289
246 290
246 322
247 245
247 246
247 248
247 249
247 266
247 267
247 270
248 242
248 243
248 244
248 245
248 246
248 247
248 249
248 250
248 262
248 263
248 266
248 267
248 270
249 247
249 248
249 250
249 251
249 262
249 263
249 266
250 243
250 248
250 249
250 251
250 252
250 253
250 260
250 261
250 262
250 263
250 319
251 249
251 250
251 252
251 253
251 261
251 262
251 263
252 250
252 251
252 253
252 254
252 260
252 261
252 262
253 250
253 251
253 252
253 254
253 255
253 316
253 317
253 318
253 319
254 252
254 253
254 255
254 256
255 253
255 254
255 256
255 257
255 258
256 254
256 255
256 257
256 258
257 255
257 256
257 258
257 259
258 255
258 256
258 257
258 259
258 260
259 257
259 258
259 260
259 261
260 250
260 252
260 258
260 259
260 261
260 262
261 250
261 251
261 252
261 259
261 260
261 262
261 263
262 248
262 249
262 250
262 251
262 252
262 260
262 261
262 263
262 264
262 266
262 267
263 248
263 249
263 250
263 251
263 261
263 262
263 264
263 265
263 266
263 267
264 230
264 262
264 263
264 265
264 266
264 267
264 268
265 263
265 264
265 266
265 267
265 268
265 269
266 247
266 248
266 249
266 262
266 263
266 264
266 265
266 267
266 268
266 269
266 270
267 242
267 247
267 248
267 262
267 263
267 264
267 265
267 266
267 268
267 269
267 270
267 271
268 235
268 264
268 265
268 266
268 267
268 269
268 270
268 271
268 272
269 265
269 266
269 267
269 268
269 270
269 271
269 272
269 273
270 245
270 247
270 248
270 266
270 267
270 268
270 269
270 271
270 272
270 273
270 274
270 288
271 212
271 213
271 267
271 268
271 269
271 270
271 272
271 273
271 274
271 275
271 286
271 288
272 268
272 269
272 270
272 271
272 273
272 274
272 275
272 276
273 269
273 270
273 271
273 272
273 274
273 275
273 276
273 277
273 286
273 288
274 212
274 213
274 270
274 271
274 272
274 273
274 275
274 276
274 277
274 278
274 285
274 286
274 287
274 288
275 271
275 272
275 273
275 274
275 276
275 277
275 278
275 285
275 286
276 272
276 273
276 274
276 275
276 277
276 278
276 285
276 286
277 273
277 274
277 275
277 276
277 278
277 279
277 285
277 286
277 287
277 288
277 299
278 274
278 275
278 276
278 277
278 279
278 280
278 282
278 283
278 284
278 285
278 286
278 287
278 299
278 300
279 277
279 278
279 280
279 281
279 282
279 283
279 284
279 285
279 286
279 287
279 298
279 299
279 300
279 301
279 304
280 278
280 279
280 281
280 282
280 283
280 298
280 299
280 300
281 279
281 280
281 282
281 283
281 300
281 304
281 305
281 308
282 278
282 279
282 280
282 281
282 283
282 284
282 304
283 278
283 279
283 280
283 281
283 282
283 284
283 285
284 278
284 279
284 282
284 283
284 285
284 286
284 287
285 213
285 274
285 275
285 276
285 277
285 278
285 279
285 283
285 284
285 286
285 287
286 212
286 213
286 214
286 215
286 271
286 273
286 274
286 275
286 276
286 277
286 278
286 279
286 284
286 285
286 287
286 288
286 301
287 213
287 214
287 274
287 277
287 278
287 279
287 284
287 285
287 286
287 288
287 289
287 290
287 299
287 300
287 301
287 302
288 213
288 245
288 246
288 270
288 271
288 273
288 274
288 277
288 286
288 287
288 289
288 290
288 299
288 300
288 301
289 241
289 244
289 245
289 246
289 287
289 288
289 290
289 291
289 299
289 300
289 301
289 302
289 323
290 245
290 246
290 287
290 288
290 289
290 291
290 292
290 296
290 297
290 298
290 299
290 300
290 323
291 289
291 290
291 292
291 293
291 294
291 296
291 297
291 298
291 299
291 322
291 323
291 324
291 325
292 290
292 291
292 293
292 294
292 296
292 322
292 323
292 324
293 291
293 292
293 294
293 295
293 296
293 324
293 328
294 291
294 292
294 293
294 295
294 296
295 80
295 85
295 293
295 294
295 296
295 297
296 290
296 291
296 292
296 293
296 294
296 295
296 297
296 298
297 290
297 291
297 295
297 296
297 298
297 299
298 279
298 280
298 290
298 291
298 296
298 297
298 299
298 300
298 325
299 277
299 278
299 279
299 280
299 287
299 288
299 289
299 290
299 291
299 297
299 298
299 300
299 301
299 305
300 278
300 279
300 280
300 281
300 287
300 288
300 289
300 290
300 298
300 299
300 301
300 302
300 303
300 304
300 305
301 213
301 214
301 241
301 279
301 286
301 287
301 288
301 289
301 299
301 300
301 302
301 303
301 304
301 305
302 214
302 224
302 240
302 241
302 244
302 287
302 289
302 300
302 301
302 303
302 304
302 305
302 306
303 223
303 224
303 300
303 301
303 302
303 304
303 305
303 306
303 307
304 279
304 281
304 282
304 300
304 301
304 302
304 303
304 305
304 306
304 307
304 308
305 281
305 299
305 300
305 301
305 302
305 303
305 304
305 306
305 307
305 308
305 309
305 310
305 325
306 302
306 303
306 304
306 305
306 307
306 308
306 309
306 310
306 311
307 303
307 304
307 305
307 306
307 308
307 309
307 310
308 281
308 304
308 305
308 306
308 307
308 309
308 310
308 325
308 326
309 305
309 306
309 307
309 308
309 310
309 311
309 325
309 326
310 305
310 306
310 307
310 308
310 309
310 311
310 312
310 323
310 324
310 325
310 326
310 329
311 306
311 309
311 310
311 312
311 313
311 323
311 324
311 325
311 326
311 329
312 310
312 311
312 313
312 314
312 321
312 322
312 323
312 324
313 311
313 312
313 314
313 315
313 320
313 321
313 322
313 323
313 324
314 312
314 313
314 315
314 316
314 320
314 321
314 322
315 313
315 314
315 316
315 317
315 318
315 319
315 320
315 321
316 253
316 314
316 315
316 317
316 318
316 319
316 320
316 321
317 253
317 315
317 316
317 318
317 319
317 320
318 253
318 315
318 316
318 317
318 319
318 320
319 250
319 253
319 315
319 316
319 317
319 318
319 320
319 321
320 313
320 314
320 315
320 316
320 317
320 318
320 319
320 321
320 322
321 243
321 244
321 312
321 313
321 314
321 315
321 316
321 319
321 320
321 322
321 323
322 244
322 246
322 291
322 292
322 312
322 313
322 314
322 320
322 321
322 323
322 324
323 244
323 289
323 290
323 291
323 292
323 310
323 311
323 312
323 313
323 321
323 322
323 324
323 325
324 291
324 292
324 293
324 310
324 311
324 312
324 313
324 322
324 323
324 325
324 326
324 327
324 328
324 329
325 291
325 298
325 305
325 308
325 309
325 310
325 311
325 323
325 324
325 326
325 327
325 328
325 329
326 308
326 309
326 310
326 311
326 324
326 325
326 327
326 328
326 329
327 324
327 325
327 326
327 328
327 329
328 293
328 324
328 325
328 326
328 327
328 329
328 330
328 331
329 310
329 311
329 324
329 325
329 326
329 327
329 328
329 330
329 331
329 332
330 328
330 329
330 331
330 332
331 328
331 329
331 330
331 332
331 333
331 334
331 335
332 329
332 330
332 331
332 333
332 334
332 335
332 336
333 331
333 332
333 334
333 335
333 336
333 337
334 331
334 332
334 333
334 335
334 336
334 337
334 338
335 331
335 332
335 333
335 334
335 336
335 337
335 338
335 339
336 332
336 333
336 334
336 335
336 337
336 338
336 339
336 340
337 333
337 334
337 335
337 336
337 338
337 339
337 340
337 341
338 334
338 335
338 336
338 337
338 339
338 340
338 341
338 342
339 335
339 336
339 337
339 338
339 340
339 341
339 342
339 343
340 336
340 337
340 338
340 339
340 341
340 342
340 343
340 344
341 337
341 338
341 339
341 340
341 342
341 343
341 344
341 345
342 338
342 339
342 340
342 341
342 343
342 344
342 345
342 346
343 339
343 340
343 341
343 342
343 344
343 345
343 346
343 347
344 340
344 341
344 342
344 343
344 345
344 346
344 347
344 348
345 341
345 342
345 343
345 344
345 346
345 347
345 348
345 349
346 342
346 343
346 344
346 345
346 347
346 348
346 349
346 350
347 343
347 344
347 345
347 346
347 348
347 349
347 350
347 351
348 344
348 345
348 346
348 347
348 349
348 350
348 351
348 352
349 345
349 346
349 347
349 348
349 350
349 351
349 352
349 353
350 346
350 347
350 348
350 349
350 351
350 352
350 353
350 354
351 347
351 348
351 349
351 350
351 352
351 353
351 354
351 355
352 348
352 349
352 350
352 351
352 353
352 354
352 355
352 356
353 349
353 350
353 351
353 352
353 354
353 355
353 356
353 357
354 350
354 351
354 352
354 353
354 355
354 356
354 357
354 358
355 351
355 352
355 353
355 354
355 356
355 357
355 358
355 359
356 352
356 353
356 354
356 355
356 357
356 358
356 359
356 360
357 353
357 354
357 355
357 356
357 358
357 359
357 360
357 361
358 354
358 355
358 356
358 357
358 359
358 360
358 361
358 362
359 355
359 356
359 357
359 358
359 360
359 361
359 362
359 363
360 356
360 357
360 358
360 359
360 361
360 362
360 363
360 364
361 357
361 358
361 359
361 360
361 362
361 363
361 364
362 358
362 359
362 360
362 361
362 363
362 364
363 359
363 360
363 361
363 362
363 364
364 360
364 361
364 362
364 363
