0 1
0 2
1 0
1 2
1 3
2 0
2 1
2 3
2 4
3 1
3 2
3 4
3 5
4 2
4 3
4 5
4 6
4 7
5 3
5 4
5 6
5 7
5 8
6 4
6 5
6 7
6 8
6 9
7 4
7 5
7 6
7 8
7 9
7 10
7 11
8 5
8 6
8 7
8 9
8 10
8 11
8 12
9 6
9 7
9 8
9 10
9 11
9 12
9 13
10 7
10 8
10 9
10 11
10 12
10 13
10 14
11 7
11 8
11 9
11 10
11 12
11 13
11 14
11 15
12 8
12 9
12 10
12 11
12 13
12 14
12 15
12 16
13 9
13 10
13 11
13 12
13 14
13 15
13 16
13 17
14 10
14 11
14 12
14 13
14 15
14 16
14 17
14 18
15 11
15 12
15 13
15 14
15 16
15 17
15 18
15 19
16 12
16 13
16 14
16 15
16 17
16 18
16 19
16 20
17 13
17 14
17 15
17 16
17 18
17 19
17 20
17 21
18 14
18 15
18 16
18 17
18 19
18 20
18 21
18 22
19 15
19 16
19 17
19 18
19 20
19 21
19 22
19 23
20 16
20 17
20 18
20 19
20 21
20 22
20 23
20 24
21 17
21 18
21 19
21 20
21 22
21 23
21 24
21 25
22 18
22 19
22 20
22 21
22 23
22 24
22 25
22 26
22 27
23 19
23 20
23 21
23 22
23 24
23 25
23 26
23 27
23 28
24 20
24 21
24 22
24 23
24 25
24 26
24 27
24 29
24 30
25 21
25 22
25 23
25 24
25 26
25 27
26 22
26 23
26 24
26 25
26 27
26 28
27 22
27 23
27 24
27 25
27 26
27 28
27 29
27 30
28 23
28 26
28 27
28 29
28 30
28 32
28 33
29 24
29 27
29 28
29 30
29 31
29 32
29 33
30 24
30 27
30 28
30 29
30 31
30 32
30 33
30 34
31 29
31 30
31 32
31 33
31 34
31 35
32 28
32 29
32 30
32 31
32 33
32 34
32 35
32 36
33 28
33 29
33 30
33 31
33 32
33 34
33 35
33 36
33 37
34 30
34 31
34 32
34 33
34 35
34 36
34 37
34 38
35 31
35 32
35 33
35 34
35 36
35 37
35 38
35 39
36 32
36 33
36 34
36 35
36 37
36 38
36 39
36 40
37 33
37 34
37 35
37 36
37 38
37 39
37 40
37 41
38 34
38 35
38 36
38 37
38 39
38 40
38 41
38 42
39 35
39 36
39 37
39 38
39 40
39 41
39 42
39 43
40 36
40 37
40 38
40 39
40 41
40 42
40 43
40 44
41 37
41 38
41 39
41 40
41 42
41 43
41 44
41 45
42 38
42 39
42 40
42 41
42 43
42 44
42 45
42 46
43 39
43 40
43 41
43 42
43 44
43 45
43 46
43 47
44 40
44 41
44 42
44 43
44 45
44 46
44 47
44 48
45 41
45 42
45 43
45 44
45 46
45 47
45 48
45 49
45 259
46 42
46 43
46 44
46 45
46 47
46 48
46 49
46 50
47 43
47 44
47 45
47 46
47 48
47 49
47 50
47 51
48 44
48 45
48 46
48 47
48 49
48 50
48 51
48 52
49 45
49 46
49 47
49 48
49 50
49 51
49 52
49 53
49 259
49 260
50 46
50 47
50 48
50 49
50 51
50 52
50 53
50 54
51 47
51 48
51 49
51 50
51 52
51 53
51 54
51 55
52 48
52 49
52 50
52 51
52 53
52 54
52 55
52 56
52 303
52 306
53 49
53 50
53 51
53 52
53 54
53 55
53 56
53 57
53 306
53 307
53 343
53 344
54 50
54 51
54 52
54 53
54 55
54 56
54 57
54 58
55 51
55 52
55 53
55 54
55 56
55 57
55 58
55 59
55 294
55 295
55 296
55 303
56 52
56 53
56 54
56 55
56 57
56 58
56 59
56 60
56 287
56 295
56 303
56 304
56 306
56 307
56 344
57 53
57 54
57 55
57 56
57 58
57 59
57 60
57 344
57 345
58 54
58 55
58 56
58 57
58 59
58 60
58 290
58 294
58 295
59 55
59 56
59 57
59 58
59 60
59 61
59 283
59 286
59 287
59 289
59 290
59 294
59 295
60 56
60 57
60 58
60 59
60 61
60 62
60 283
60 286
60 287
60 290
60 344
61 59
61 60
61 62
61 63
61 72
61 286
61 290
62 60
62 61
62 63
62 64
63 61
63 62
63 64
63 65
64 62
64 63
64 65
64 66
64 67
65 63
65 64
65 66
65 67
66 64
66 65
66 67
66 68
67 64
67 65
67 66
67 68
67 69
67 71
68 66
68 67
68 69
68 70
68 71
69 67
69 68
69 70
69 71
69 72
69 101
70 68
70 69
70 71
70 72
70 73
70 74
70 100
70 101
70 102
71 67
71 68
71 69
71 70
71 72
71 73
71 74
71 101
72 61
72 69
72 70
72 71
72 73
72 74
72 99
72 100
72 101
72 286
73 70
73 71
73 72
73 74
73 75
73 99
73 100
73 101
73 102
73 144
73 145
73 282
73 285
73 286
74 70
74 71
74 72
74 73
74 75
74 76
74 100
74 101
74 102
74 103
74 104
74 143
74 144
74 145
74 146
75 73
75 74
75 76
75 77
75 92
75 95
75 100
75 102
75 103
75 104
75 144
75 145
75 146
75 147
75 148
75 281
75 282
76 74
76 75
76 77
76 78
76 92
76 103
76 104
76 105
76 106
76 144
76 145
76 146
76 147
76 148
77 75
77 76
77 78
77 79
77 88
77 91
77 92
77 103
77 104
77 105
77 106
77 147
77 148
77 149
77 151
77 278
78 76
78 77
78 79
78 80
78 88
78 105
78 106
78 107
78 147
78 148
78 149
78 150
78 151
78 153
78 163
79 77
79 78
79 80
79 81
79 87
79 88
79 105
79 106
79 107
79 108
79 149
79 150
79 151
79 152
79 153
80 78
80 79
80 81
80 82
80 83
80 84
80 85
80 86
80 87
80 88
80 106
80 107
80 108
80 111
80 151
80 152
80 153
80 154
81 79
81 80
81 82
81 83
81 84
81 85
81 107
81 108
81 109
81 110
81 111
81 152
81 153
81 154
82 80
82 81
82 83
82 84
82 85
82 108
82 110
82 111
83 80
83 81
83 82
83 84
83 85
83 111
83 152
83 154
84 80
84 81
84 82
84 83
84 85
84 86
84 87
84 88
84 111
84 151
84 152
84 153
84 154
85 80
85 81
85 82
85 83
85 84
85 86
85 87
85 88
85 89
85 111
85 112
85 114
85 115
85 152
86 80
86 84
86 85
86 87
86 88
86 89
86 90
86 115
86 152
86 271
87 79
87 80
87 84
87 85
87 86
87 88
87 89
87 90
87 91
87 151
87 152
87 271
87 274
88 77
88 78
88 79
88 80
88 84
88 85
88 86
88 87
88 89
88 90
88 91
88 92
88 105
88 115
88 151
88 152
88 274
89 85
89 86
89 87
89 88
89 90
89 91
89 92
89 93
89 105
89 115
89 118
90 86
90 87
90 88
90 89
90 91
90 92
90 93
90 94
90 271
90 274
90 275
90 278
90 329
90 333
91 77
91 87
91 88
91 89
91 90
91 92
91 93
91 94
91 95
91 148
91 151
91 274
91 275
91 276
91 277
91 278
91 279
92 75
92 76
92 77
92 88
92 89
92 90
92 91
92 93
92 94
92 95
92 96
92 103
92 104
92 105
92 122
92 278
93 89
93 90
93 91
93 92
93 94
93 95
93 96
93 97
93 103
93 122
93 278
93 333
94 90
94 91
94 92
94 93
94 95
94 96
94 97
94 98
94 274
94 275
94 276
94 278
94 279
94 333
94 336
95 75
95 91
95 92
95 93
95 94
95 96
95 97
95 98
95 99
95 100
95 103
95 278
95 279
95 280
95 281
95 282
96 92
96 93
96 94
96 95
96 97
96 98
96 99
96 100
96 101
96 102
96 103
97 93
97 94
97 95
97 96
97 98
97 99
97 100
97 333
97 336
97 337
98 94
98 95
98 96
98 97
98 99
98 100
98 279
98 282
98 336
98 337
98 340
99 72
99 73
99 95
99 96
99 97
99 98
99 100
99 101
99 282
100 70
100 72
100 73
100 74
100 75
100 95
100 96
100 97
100 98
100 99
100 101
100 102
100 103
100 282
101 69
101 70
101 71
101 72
101 73
101 74
101 96
101 99
101 100
101 102
101 103
102 70
102 73
102 74
102 75
102 96
102 100
102 101
102 103
102 104
102 122
102 123
103 74
103 75
103 76
103 77
103 92
103 93
103 95
103 96
103 100
103 101
103 102
103 104
103 105
103 121
103 122
103 123
104 74
104 75
104 76
104 77
104 92
104 102
104 103
104 105
104 106
104 122
104 123
104 124
104 125
105 76
105 77
105 78
105 79
105 88
105 89
105 92
105 103
105 104
105 106
105 107
105 122
105 123
105 124
105 125
106 76
106 77
106 78
106 79
106 80
106 104
106 105
106 107
106 108
106 124
106 125
106 126
106 127
106 128
106 137
107 78
107 79
107 80
107 81
107 105
107 106
107 108
107 109
107 111
107 112
107 124
107 125
107 126
107 127
107 128
107 129
107 153
108 79
108 80
108 81
108 82
108 106
108 107
108 109
108 110
108 111
108 112
108 126
108 127
108 128
108 129
108 159
109 81
109 107
109 108
109 110
109 111
109 112
109 113
109 126
109 127
109 128
109 129
110 81
110 82
110 108
110 109
110 111
110 112
110 113
110 114
110 126
111 80
111 81
111 82
111 83
111 84
111 85
111 107
111 108
111 109
111 110
111 112
111 113
111 114
111 115
111 126
112 85
112 107
112 108
112 109
112 110
112 111
112 113
112 114
112 115
112 116
112 124
112 125
112 126
113 109
113 110
113 111
113 112
113 114
113 115
113 116
113 117
114 85
114 110
114 111
114 112
114 113
114 115
114 116
114 117
114 118
115 85
115 86
115 88
115 89
115 111
115 112
115 113
115 114
115 116
115 117
115 118
115 119
115 124
116 112
116 113
116 114
116 115
116 117
116 118
116 119
116 120
116 122
116 123
116 124
117 113
117 114
117 115
117 116
117 118
117 119
117 120
118 89
118 114
118 115
118 116
118 117
118 119
118 120
119 115
119 116
119 117
119 118
119 120
119 121
119 122
120 116
120 117
120 118
120 119
120 121
120 122
120 123
121 103
121 119
121 120
121 122
121 123
122 92
122 93
122 102
122 103
122 104
122 105
122 116
122 119
122 120
122 121
122 123
122 124
123 102
123 103
123 104
123 105
123 116
123 120
123 121
123 122
123 124
123 125
124 104
124 105
124 106
124 107
124 112
124 115
124 116
124 122
124 123
124 125
124 126
125 104
125 105
125 106
125 107
125 112
125 123
125 124
125 126
125 127
126 106
126 107
126 108
126 109
126 110
126 111
126 112
126 124
126 125
126 127
126 128
126 129
127 106
127 107
127 108
127 109
127 125
127 126
127 128
127 129
127 130
127 132
127 133
127 136
127 137
128 106
128 107
128 108
128 109
128 126
128 127
128 129
128 130
128 133
128 134
128 159
128 162
128 163
129 107
129 108
129 109
129 126
129 127
129 128
129 130
129 131
129 133
129 158
129 159
129 162
130 127
130 128
130 129
130 131
130 132
130 133
131 129
131 130
131 132
131 133
131 162
132 127
132 130
132 131
132 133
132 134
132 135
132 136
133 127
133 128
133 129
133 130
133 131
133 132
133 134
133 135
133 136
133 137
133 162
133 166
134 128
134 132
134 133
134 135
134 136
134 137
134 138
134 162
134 163
134 165
134 166
134 169
135 132
135 133
135 134
135 136
135 137
135 138
135 139
136 127
136 132
136 133
136 134
136 135
136 137
136 138
136 139
136 140
137 106
137 127
137 133
137 134
137 135
137 136
137 138
137 139
137 140
137 141
137 166
138 134
138 135
138 136
138 137
138 139
138 140
138 141
138 142
138 166
138 169
138 170
139 135
139 136
139 137
139 138
139 140
139 141
139 142
140 136
140 137
140 138
140 139
140 141
140 142
140 143
140 144
141 137
141 138
141 139
141 140
141 142
141 143
141 144
141 170
141 173
141 175
142 138
142 139
142 140
142 141
142 143
142 144
142 173
143 74
143 140
143 141
143 142
143 144
143 145
144 73
144 74
144 75
144 76
144 140
144 141
144 142
144 143
144 145
144 146
144 147
144 175
145 73
145 74
145 75
145 76
145 143
145 144
145 146
145 147
145 175
145 176
145 285
146 74
146 75
146 76
146 144
146 145
146 147
146 148
146 175
146 176
146 177
146 178
146 281
146 282
146 284
146 285
147 75
147 76
147 77
147 78
147 144
147 145
147 146
147 148
147 149
147 175
147 176
147 177
147 178
147 281
148 75
148 76
148 77
148 78
148 91
148 146
148 147
148 149
148 150
148 151
148 177
148 178
148 179
148 180
148 277
148 278
148 281
149 77
149 78
149 79
149 147
149 148
149 150
149 151
149 177
149 178
149 179
149 180
149 183
150 78
150 79
150 148
150 149
150 151
150 152
150 153
150 179
150 180
150 181
150 182
150 183
150 184
151 77
151 78
151 79
151 80
151 84
151 87
151 88
151 91
151 148
151 149
151 150
151 152
151 153
151 180
151 181
151 182
151 183
151 274
152 79
152 80
152 81
152 83
152 84
152 85
152 86
152 87
152 88
152 150
152 151
152 153
152 154
152 181
152 182
153 78
153 79
153 80
153 81
153 84
153 107
153 150
153 151
153 152
153 154
153 155
153 156
153 159
153 160
153 182
153 183
154 80
154 81
154 83
154 84
154 152
154 153
154 155
154 156
154 182
155 153
155 154
155 156
155 157
155 159
155 160
155 182
156 153
156 154
156 155
156 157
156 158
156 159
156 160
157 155
157 156
157 158
157 159
157 160
157 161
158 129
158 156
158 157
158 159
158 160
158 161
158 162
159 108
159 128
159 129
159 153
159 155
159 156
159 157
159 158
159 160
159 161
159 162
159 163
160 153
160 155
160 156
160 157
160 158
160 159
160 161
160 162
160 163
160 164
160 186
161 157
161 158
161 159
161 160
161 162
161 163
161 164
161 165
162 128
162 129
162 131
162 133
162 134
162 158
162 159
162 160
162 161
162 163
162 164
162 165
162 166
163 78
163 128
163 134
163 159
163 160
163 161
163 162
163 164
163 165
163 166
163 167
164 160
164 161
164 162
164 163
164 165
164 166
164 167
164 168
164 186
164 193
165 134
165 161
165 162
165 163
165 164
165 166
165 167
165 168
165 169
166 133
166 134
166 137
166 138
166 162
166 163
166 164
166 165
166 167
166 168
166 169
166 170
167 163
167 164
167 165
167 166
167 168
167 169
167 170
167 171
167 193
168 164
168 165
168 166
168 167
168 169
168 170
168 171
168 172
168 193
169 134
169 138
169 165
169 166
169 167
169 168
169 170
169 171
169 172
169 173
170 138
170 141
170 166
170 167
170 168
170 169
170 171
170 172
170 173
170 174
170 175
170 176
170 177
171 167
171 168
171 169
171 170
171 172
171 173
171 174
171 175
171 176
171 197
172 168
172 169
172 170
172 171
172 173
172 174
172 175
173 141
173 142
173 169
173 170
173 171
173 172
173 174
173 175
174 170
174 171
174 172
174 173
174 175
174 176
174 199
175 141
175 144
175 145
175 146
175 147
175 170
175 171
175 172
175 173
175 174
175 176
175 177
175 199
176 145
176 146
176 147
176 170
176 171
176 174
176 175
176 177
176 178
176 199
176 200
176 284
176 285
177 146
177 147
177 148
177 149
177 170
177 175
177 176
177 178
177 179
177 199
177 200
177 201
177 281
178 146
178 147
178 148
178 149
178 176
178 177
178 179
178 180
178 200
178 201
178 202
178 203
178 277
178 280
178 281
179 148
179 149
179 150
179 177
179 178
179 180
179 181
179 183
179 184
179 200
179 201
179 202
179 203
179 277
180 148
180 149
180 150
180 151
180 178
180 179
180 181
180 182
180 183
180 184
180 202
180 203
180 204
180 273
180 274
180 277
181 150
181 151
181 152
181 179
181 180
181 182
181 183
181 184
181 185
181 203
181 204
181 208
181 273
182 150
182 151
182 152
182 153
182 154
182 155
182 180
182 181
182 183
182 184
182 185
182 186
183 149
183 150
183 151
183 153
183 179
183 180
183 181
183 182
183 184
183 185
183 186
183 187
184 150
184 179
184 180
184 181
184 182
184 183
184 185
184 186
184 187
184 188
184 202
184 203
184 204
184 208
184 212
185 181
185 182
185 183
185 184
185 186
185 187
185 188
185 189
185 208
185 212
186 160
186 164
186 182
186 183
186 184
186 185
186 187
186 188
186 189
186 190
187 183
187 184
187 185
187 186
187 188
187 189
187 190
187 191
187 192
187 193
187 194
187 212
188 184
188 185
188 186
188 187
188 189
188 190
188 191
188 211
188 212
188 215
188 216
189 185
189 186
189 187
189 188
189 190
189 191
189 215
190 186
190 187
190 188
190 189
190 191
190 192
190 193
191 187
191 188
191 189
191 190
191 192
191 193
191 194
191 195
191 215
191 216
191 237
192 187
192 190
192 191
192 193
192 194
192 195
193 164
193 167
193 168
193 187
193 190
193 191
193 192
193 194
193 195
194 187
194 191
194 192
194 193
194 195
194 196
194 197
194 200
194 237
194 240
195 191
195 192
195 193
195 194
195 196
195 197
195 237
195 238
195 240
196 194
196 195
196 197
196 198
196 237
196 238
196 239
196 240
197 171
197 194
197 195
197 196
197 198
197 199
197 200
197 238
197 239
197 240
198 196
198 197
198 199
198 200
198 201
198 238
198 239
198 240
198 241
199 174
199 175
199 176
199 177
199 197
199 198
199 200
199 201
199 240
199 241
199 301
200 176
200 177
200 178
200 179
200 194
200 197
200 198
200 199
200 201
200 202
200 240
200 241
201 177
201 178
201 179
201 198
201 199
201 200
201 202
201 203
201 240
201 241
201 242
201 243
201 301
201 305
202 178
202 179
202 180
202 184
202 200
202 201
202 203
202 204
202 240
202 241
202 242
202 243
203 178
203 179
203 180
203 181
203 184
203 201
203 202
203 204
203 205
203 242
203 243
203 244
203 245
203 273
203 277
204 180
204 181
204 184
204 202
204 203
204 205
204 206
204 207
204 208
204 209
204 242
204 243
204 244
204 245
205 203
205 204
205 206
205 207
205 208
205 209
205 244
205 245
205 246
206 204
206 205
206 207
206 208
206 209
206 210
206 244
206 245
206 246
207 204
207 205
207 206
207 208
207 209
207 210
207 211
208 181
208 184
208 185
208 204
208 205
208 206
208 207
208 209
208 210
208 211
208 212
209 204
209 205
209 206
209 207
209 208
209 210
209 211
209 212
209 213
209 244
210 206
210 207
210 208
210 209
210 211
210 212
210 213
210 214
210 220
210 221
211 188
211 207
211 208
211 209
211 210
211 212
211 213
211 214
211 215
212 184
212 185
212 187
212 188
212 208
212 209
212 210
212 211
212 213
212 214
212 215
212 216
213 209
213 210
213 211
213 212
213 214
213 215
213 216
213 217
213 218
213 219
213 220
213 221
213 233
214 210
214 211
214 212
214 213
214 215
214 216
214 217
214 218
214 219
214 220
214 221
215 188
215 189
215 191
215 211
215 212
215 213
215 214
215 216
215 217
215 218
216 188
216 191
216 212
216 213
216 214
216 215
216 217
216 218
216 233
216 236
216 237
217 213
217 214
217 215
217 216
217 218
217 219
217 233
217 236
218 213
218 214
218 215
218 216
218 217
218 219
218 220
219 213
219 214
219 217
219 218
219 220
219 221
220 210
220 213
220 214
220 218
220 219
220 221
220 222
221 210
221 213
221 214
221 219
221 220
221 222
221 223
221 229
222 220
222 221
222 223
222 224
222 225
222 226
222 229
223 221
223 222
223 224
223 225
223 226
224 222
224 223
224 225
224 226
225 222
225 223
225 224
225 226
225 227
225 228
225 229
226 222
226 223
226 224
226 225
226 227
226 228
226 229
226 230
226 250
227 225
227 226
227 228
227 229
227 230
227 231
227 250
227 257
228 225
228 226
228 227
228 229
228 230
228 231
228 232
229 221
229 222
229 225
229 226
229 227
229 228
229 230
229 231
229 232
229 233
230 226
230 227
230 228
230 229
230 231
230 232
230 233
230 234
230 242
230 243
230 244
230 250
230 251
230 252
230 257
231 227
231 228
231 229
231 230
231 232
231 233
231 234
231 235
231 252
231 253
231 254
231 255
231 256
231 257
232 228
232 229
232 230
232 231
232 233
232 234
232 235
232 236
232 254
233 213
233 216
233 217
233 229
233 230
233 231
233 232
233 234
233 235
233 236
233 237
233 242
233 254
234 230
234 231
234 232
234 233
234 235
234 236
234 237
234 238
234 239
234 240
234 241
234 242
234 252
234 253
234 254
235 231
235 232
235 233
235 234
235 236
235 237
235 238
235 239
235 240
235 253
235 254
235 255
236 216
236 217
236 232
236 233
236 234
236 235
236 237
236 238
236 239
237 191
237 194
237 195
237 196
237 216
237 233
237 234
237 235
237 236
237 238
237 239
237 240
238 195
238 196
238 197
238 198
238 234
238 235
238 236
238 237
238 239
238 240
238 254
239 196
239 197
239 198
239 234
239 235
239 236
239 237
239 238
239 240
239 241
239 253
239 254
239 255
240 194
240 195
240 196
240 197
240 198
240 199
240 200
240 201
240 202
240 234
240 235
240 237
240 238
240 239
240 241
240 242
240 253
240 254
241 198
241 199
241 200
241 201
241 202
241 234
241 239
241 240
241 242
241 243
241 251
241 252
241 253
241 254
241 301
241 302
242 201
242 202
242 203
242 204
242 230
242 233
242 234
242 240
242 241
242 243
242 244
242 251
242 252
242 253
243 201
243 202
243 203
243 204
243 230
243 241
243 242
243 244
243 245
243 249
243 250
243 251
243 252
243 305
244 203
244 204
244 205
244 206
244 209
244 230
244 242
244 243
244 245
244 246
244 249
244 250
244 251
245 203
245 204
245 205
245 206
245 243
245 244
245 246
245 247
245 248
245 249
245 250
246 205
246 206
246 244
246 245
246 247
246 248
246 249
246 250
247 245
247 246
247 248
247 249
247 261
248 245
248 246
248 247
248 249
248 250
248 259
248 260
248 261
248 262
249 243
249 244
249 245
249 246
249 247
249 248
249 250
249 251
249 259
249 260
249 261
249 309
250 226
250 227
250 230
250 243
250 244
250 245
250 246
250 248
250 249
250 251
250 252
250 257
250 258
250 259
250 260
251 230
251 241
251 242
251 243
251 244
251 249
251 250
251 252
251 253
251 257
251 258
251 259
251 260
251 302
251 305
251 306
252 230
252 231
252 234
252 241
252 242
252 243
252 250
252 251
252 253
252 254
252 255
252 256
252 257
252 258
252 302
253 231
253 234
253 235
253 239
253 240
253 241
253 242
253 251
253 252
253 254
253 255
253 256
253 257
253 299
253 302
254 231
254 232
254 233
254 234
254 235
254 238
254 239
254 240
254 241
254 252
254 253
254 255
254 256
254 257
255 231
255 235
255 239
255 252
255 253
255 254
255 256
255 257
256 231
256 252
256 253
256 254
256 255
256 257
256 258
257 227
257 230
257 231
257 250
257 251
257 252
257 253
257 254
257 255
257 256
257 258
257 259
258 250
258 251
258 252
258 256
258 257
258 259
258 260
258 306
259 45
259 49
259 248
259 249
259 250
259 251
259 257
259 258
259 260
259 261
260 49
260 248
260 249
260 250
260 251
260 258
260 259
260 261
260 262
260 306
260 309
260 310
261 247
261 248
261 249
261 259
261 260
261 262
261 263
261 310
262 248
262 260
262 261
262 263
262 264
262 309
262 310
262 313
262 314
263 261
263 262
263 264
263 265
263 313
263 314
263 317
264 262
264 263
264 265
264 266
264 313
264 314
264 315
264 316
264 317
265 263
265 264
265 266
265 267
265 313
265 316
265 317
265 320
266 264
266 265
266 267
266 268
267 265
267 266
267 268
267 269
267 316
267 320
267 324
267 325
267 327
268 266
268 267
268 269
268 270
268 272
269 267
269 268
269 270
269 271
269 272
269 327
269 328
269 329
270 268
270 269
270 271
270 272
270 273
270 328
270 329
271 86
271 87
271 90
271 269
271 270
271 272
271 273
271 274
271 275
271 329
272 268
272 269
272 270
272 271
272 273
272 274
272 275
272 276
272 312
272 329
273 180
273 181
273 203
273 270
273 271
273 272
273 274
273 275
273 276
273 277
274 87
274 88
274 90
274 91
274 94
274 151
274 180
274 271
274 272
274 273
274 275
274 276
274 277
274 278
275 90
275 91
275 94
275 271
275 272
275 273
275 274
275 276
275 277
275 278
275 279
275 312
275 329
275 333
276 91
276 94
276 272
276 273
276 274
276 275
276 277
276 278
276 279
276 280
276 308
276 309
276 311
276 312
277 91
277 148
277 178
277 179
277 180
277 203
277 273
277 274
277 275
277 276
277 278
277 279
277 280
277 281
277 308
278 77
278 90
278 91
278 92
278 93
278 94
278 95
278 148
278 274
278 275
278 276
278 277
278 279
278 280
278 281
278 282
279 91
279 94
279 95
279 98
279 275
279 276
279 277
279 278
279 280
279 281
279 282
279 283
279 308
279 312
280 95
280 178
280 276
280 277
280 278
280 279
280 281
280 282
280 283
280 284
280 304
280 305
280 307
280 308
281 75
281 95
281 146
281 147
281 148
281 177
281 178
281 277
281 278
281 279
281 280
281 282
281 283
281 284
281 285
282 73
282 75
282 95
282 98
282 99
282 100
282 146
282 278
282 279
282 280
282 281
282 283
282 284
282 285
282 286
283 59
283 60
283 279
283 280
283 281
283 282
283 284
283 285
283 286
283 287
283 304
283 305
283 307
283 308
284 146
284 176
284 280
284 281
284 282
284 283
284 285
284 286
284 287
284 288
284 300
284 301
284 304
284 305
285 73
285 145
285 146
285 176
285 281
285 282
285 283
285 284
285 286
285 287
285 288
285 289
286 59
286 60
286 61
286 72
286 73
286 282
286 283
286 284
286 285
286 287
286 288
286 289
286 290
286 304
287 56
287 59
287 60
287 283
287 284
287 285
287 286
287 288
287 289
287 290
287 291
287 295
287 300
287 301
287 303
287 304
288 284
288 285
288 286
288 287
288 289
288 290
288 291
288 300
288 301
289 59
289 285
289 286
289 287
289 288
289 290
289 291
290 58
290 59
290 60
290 61
290 286
290 287
290 288
290 289
290 291
290 292
290 293
290 294
290 295
291 287
291 288
291 289
291 290
291 292
291 293
291 294
291 295
291 300
292 290
292 291
292 293
292 294
292 295
292 296
292 297
292 298
292 299
292 300
293 290
293 291
293 292
293 294
293 295
293 296
293 297
294 55
294 58
294 59
294 290
294 291
294 292
294 293
294 295
294 296
294 297
295 55
295 56
295 58
295 59
295 287
295 290
295 291
295 292
295 293
295 294
295 296
295 297
295 298
295 299
295 300
295 303
296 55
296 292
296 293
296 294
296 295
296 297
296 298
297 292
297 293
297 294
297 295
297 296
297 298
297 299
298 292
298 295
298 296
298 297
298 299
298 300
298 302
298 303
299 253
299 292
299 295
299 297
299 298
299 300
299 301
299 302
299 303
300 284
300 287
300 288
300 291
300 292
300 295
300 298
300 299
300 301
300 302
300 303
300 304
301 199
301 201
301 241
301 284
301 287
301 288
301 299
301 300
301 302
301 303
301 304
301 305
302 241
302 251
302 252
302 253
302 298
302 299
302 300
302 301
302 303
302 304
302 305
302 306
303 52
303 55
303 56
303 287
303 295
303 298
303 299
303 300
303 301
303 302
303 304
303 305
303 306
303 307
304 56
304 280
304 283
304 284
304 286
304 287
304 300
304 301
304 302
304 303
304 305
304 306
304 307
304 308
305 201
305 243
305 251
305 280
305 283
305 284
305 301
305 302
305 303
305 304
305 306
305 307
305 308
305 309
306 52
306 53
306 56
306 251
306 258
306 260
306 302
306 303
306 304
306 305
306 307
306 308
306 309
306 310
307 53
307 56
307 280
307 283
307 303
307 304
307 305
307 306
307 308
307 309
307 310
307 311
308 276
308 277
308 279
308 280
308 283
308 304
308 305
308 306
308 307
308 309
308 310
308 311
308 312
309 249
309 260
309 262
309 276
309 305
309 306
309 307
309 308
309 310
309 311
309 312
309 313
310 260
310 261
310 262
310 306
310 307
310 308
310 309
310 311
310 312
310 313
310 314
310 343
311 276
311 307
311 308
311 309
311 310
311 312
311 313
311 314
311 315
311 336
311 339
311 340
311 343
312 272
312 275
312 276
312 279
312 308
312 309
312 310
312 311
312 313
312 314
312 315
312 316
312 332
312 336
313 262
313 263
313 264
313 265
313 309
313 310
313 311
313 312
313 314
313 315
313 316
313 317
314 262
314 263
314 264
314 310
314 311
314 312
314 313
314 315
314 316
314 317
314 318
314 339
315 264
315 311
315 312
315 313
315 314
315 316
315 317
315 318
315 319
315 332
315 333
315 335
315 336
315 339
316 264
316 265
316 267
316 312
316 313
316 314
316 315
316 317
316 318
316 319
316 320
316 332
317 263
317 264
317 265
317 313
317 314
317 315
317 316
317 318
317 319
317 320
317 321
318 314
318 315
318 316
318 317
318 319
318 320
318 321
318 322
318 332
318 335
318 339
319 315
319 316
319 317
319 318
319 320
319 321
319 322
319 323
319 324
319 327
319 331
319 332
319 334
319 335
320 265
320 267
320 316
320 317
320 318
320 319
320 321
320 322
320 323
320 324
320 325
320 326
320 327
321 317
321 318
321 319
321 320
321 322
321 323
321 324
322 318
322 319
322 320
322 321
322 323
322 324
322 327
323 319
323 320
323 321
323 322
323 324
323 325
323 326
323 327
324 267
324 319
324 320
324 321
324 322
324 323
324 325
324 326
324 327
325 267
325 320
325 323
325 324
325 326
325 327
326 320
326 323
326 324
326 325
326 327
326 328
327 267
327 269
327 319
327 320
327 322
327 323
327 324
327 325
327 326
327 328
327 329
327 331
327 332
328 269
328 270
328 326
328 327
328 329
328 330
328 331
328 332
329 90
329 269
329 270
329 271
329 272
329 275
329 327
329 328
329 330
329 331
329 332
329 333
330 328
330 329
330 331
330 332
330 333
330 334
331 319
331 327
331 328
331 329
331 330
331 332
331 333
331 334
331 335
332 312
332 315
332 316
332 318
332 319
332 327
332 328
332 329
332 330
332 331
332 333
332 334
332 335
332 336
333 90
333 93
333 94
333 97
333 275
333 315
333 329
333 330
333 331
333 332
333 334
333 335
333 336
334 319
334 330
334 331
334 332
334 333
334 335
334 336
334 337
335 315
335 318
335 319
335 331
335 332
335 333
335 334
335 336
335 337
335 338
335 339
336 94
336 97
336 98
336 311
336 312
336 315
336 332
336 333
336 334
336 335
336 337
336 338
336 339
336 340
337 97
337 98
337 334
337 335
337 336
337 338
337 339
337 340
337 341
338 335
338 336
338 337
338 339
338 340
338 341
338 342
339 311
339 314
339 315
339 318
339 335
339 336
339 337
339 338
339 340
339 341
339 342
339 343
340 98
340 311
340 336
340 337
340 338
340 339
340 341
340 342
340 343
340 344
340 345
341 337
341 338
341 339
341 340
341 342
341 343
341 344
341 345
341 346
342 338
342 339
342 340
342 341
342 343
342 344
342 345
342 346
343 53
343 310
343 311
343 339
343 340
343 341
343 342
343 344
343 345
343 346
344 53
344 56
344 57
344 60
344 340
344 341
344 342
344 343
344 345
344 346
345 57
345 340
345 341
345 342
345 343
345 344
345 346
346 341
346 342
346 343
346 344
346 345
