0 1
0 2
1 0
1 2
1 3
2 0
2 1
2 3
2 4
3 1
3 2
3 4
3 5
4 2
4 3
4 5
4 6
5 3
5 4
5 6
5 7
6 4
6 5
6 7
6 8
7 5
7 6
7 8
7 9
8 6
8 7
8 9
8 10
9 7
9 8
9 10
9 11
10 8
10 9
10 11
10 12
11 9
11 10
11 12
11 13
12 10
12 11
12 13
12 14
13 11
13 12
13 14
13 15
13 18
14 12
14 13
14 15
14 16
14 18
14 19
15 13
15 14
15 16
15 17
15 18
15 19
16 14
16 15
16 17
16 18
16 19
16 20
17 15
17 16
17 18
17 19
17 20
17 21
18 13
18 14
18 15
18 16
18 17
18 19
18 20
18 21
18 22
19 14
19 15
19 16
19 17
19 18
19 20
19 21
19 22
19 23
20 16
20 17
20 18
20 19
20 21
20 22
20 23
21 17
21 18
21 19
21 20
21 22
21 23
21 24
22 18
22 19
22 20
22 21
22 23
22 24
23 19
23 20
23 21
23 22
23 24
23 25
24 21
24 22
24 23
24 25
24 26
25 23
25 24
25 26
25 27
26 24
26 25
26 27
26 28
27 25
27 26
27 28
27 29
28 26
28 27
28 29
28 30
29 27
29 28
29 30
29 31
30 28
30 29
30 31
30 32
30 33
31 29
31 30
31 32
31 33
32 30
32 31
32 33
32 34
33 30
33 31
33 32
33 34
33 35
34 32
34 33
34 35
34 36
34 45
35 33
35 34
35 36
35 37
35 45
35 46
35 47
36 34
36 35
36 37
36 38
36 43
36 44
36 45
36 46
37 35
37 36
37 38
37 39
37 43
37 44
37 45
37 46
37 47
37 50
38 36
38 37
38 39
38 40
38 41
38 42
38 43
38 44
38 50
39 37
39 38
39 40
39 41
39 42
39 43
39 44
39 50
39 53
39 54
40 38
40 39
40 41
40 42
41 38
41 39
41 40
41 42
41 43
42 38
42 39
42 40
42 41
42 43
42 44
43 36
43 37
43 38
43 39
43 41
43 42
43 44
43 45
43 50
44 36
44 37
44 38
44 39
44 42
44 43
44 45
44 46
44 47
44 49
44 50
45 34
45 35
45 36
45 37
45 43
45 44
45 46
45 47
45 49
46 35
46 36
46 37
46 44
46 45
46 47
46 48
46 49
46 50
47 35
47 37
47 44
47 45
47 46
47 48
47 49
47 50
47 51
48 46
48 47
48 49
48 50
48 51
48 52
49 44
49 45
49 46
49 47
49 48
49 50
49 51
49 52
49 53
50 37
50 38
50 39
50 43
50 44
50 46
50 47
50 48
50 49
50 51
50 52
50 53
50 54
51 47
51 48
51 49
51 50
51 52
51 53
51 54
51 55
52 48
52 49
52 50
52 51
52 53
52 54
52 55
52 56
53 39
53 49
53 50
53 51
53 52
53 54
53 55
53 56
53 57
54 39
54 50
54 51
54 52
54 53
54 55
54 56
54 57
54 58
55 51
55 52
55 53
55 54
55 56
55 57
55 58
55 59
56 52
56 53
56 54
56 55
56 57
56 58
56 59
56 60
57 53
57 54
57 55
57 56
57 58
57 59
57 60
57 61
58 54
58 55
58 56
58 57
58 59
58 60
58 61
58 62
58 69
59 55
59 56
59 57
59 58
59 60
59 61
59 62
59 63
60 56
60 57
60 58
60 59
60 61
60 62
60 63
60 64
61 57
61 58
61 59
61 60
61 62
61 63
61 64
61 65
61 66
61 67
61 68
61 69
62 58
62 59
62 60
62 61
62 63
62 64
62 65
63 59
63 60
63 61
63 62
63 64
63 65
64 60
64 61
64 62
64 63
64 65
64 66
64 67
65 61
65 62
65 63
65 64
65 66
65 67
65 68
66 61
66 64
66 65
66 67
66 68
67 61
67 64
67 65
67 66
67 68
67 69
68 61
68 65
68 66
68 67
68 69
68 70
69 58
69 61
69 67
69 68
69 70
69 71
70 68
70 69
70 71
70 72
71 69
71 70
71 72
71 73
72 70
72 71
72 73
72 74
73 71
73 72
73 74
73 75
74 72
74 73
74 75
74 76
75 73
75 74
75 76
75 77
76 74
76 75
76 77
76 78
76 79
77 75
77 76
77 78
77 79
78 76
78 77
78 79
78 80
78 81
79 76
79 77
79 78
79 80
79 81
80 78
80 79
80 81
80 82
81 78
81 79
81 80
81 82
81 83
82 80
82 81
82 83
82 84
83 81
83 82
83 84
83 85
84 82
84 83
84 85
84 86
85 83
85 84
85 86
85 87
86 84
86 85
86 87
86 88
87 85
87 86
87 88
87 89
88 86
88 87
88 89
88 90
89 87
89 88
89 90
89 91
90 88
90 89
90 91
90 92
91 89
91 90
91 92
91 93
92 90
92 91
92 93
92 94
93 91
93 92
93 94
93 95
94 92
94 93
94 95
94 96
95 93
95 94
95 96
95 97
96 94
96 95
96 97
96 98
97 95
97 96
97 98
97 99
98 96
98 97
98 99
98 100
99 97
99 98
99 100
99 101
100 98
100 99
100 101
100 102
101 99
101 100
101 102
101 103
102 100
102 101
102 103
102 104
103 101
103 102
103 104
103 105
104 102
104 103
104 105
104 106
105 103
105 104
105 106
105 107
106 104
106 105
106 107
106 108
107 105
107 106
107 108
107 109
108 106
108 107
108 109
108 110
109 107
109 108
109 110
109 111
110 108
110 109
110 111
110 112
111 109
111 110
111 112
111 113
112 110
112 111
112 113
112 114
113 111
113 112
113 114
113 115
114 112
114 113
114 115
114 116
115 113
115 114
115 116
115 117
116 114
116 115
116 117
116 118
116 119
117 115
117 116
117 118
117 119
117 120
118 116
118 117
118 119
118 120
118 121
119 116
119 117
119 118
119 120
119 121
120 117
120 118
120 119
120 121
120 122
121 118
121 119
121 120
121 122
121 123
122 120
122 121
122 123
122 124
122 126
122 127
123 121
123 122
123 124
123 125
123 126
123 127
124 122
124 123
124 125
124 126
124 127
124 128
125 123
125 124
125 126
125 127
125 128
125 129
126 122
126 123
126 124
126 125
126 127
126 128
126 129
126 130
127 122
127 123
127 124
127 125
127 126
127 128
127 129
127 130
128 124
128 125
128 126
128 127
128 129
128 130
129 125
129 126
129 127
129 128
129 130
129 131
130 126
130 127
130 128
130 129
130 131
130 132
130 134
130 135
130 136
131 129
131 130
131 132
131 133
131 134
131 135
131 136
132 130
132 131
132 133
132 134
132 135
133 131
133 132
133 134
133 135
134 130
134 131
134 132
134 133
134 135
134 136
135 130
135 131
135 132
135 133
135 134
135 136
135 137
136 130
136 131
136 134
136 135
136 137
136 138
137 135
137 136
137 138
137 139
138 136
138 137
138 139
138 140
139 137
139 138
139 140
139 141
140 138
140 139
140 141
140 142
141 139
141 140
141 142
141 143
142 140
142 141
142 143
142 144
143 141
143 142
143 144
143 145
144 142
144 143
144 145
144 146
145 143
145 144
145 146
145 147
146 144
146 145
146 147
146 148
147 145
147 146
147 148
147 149
148 146
148 147
148 149
148 150
149 147
149 148
149 150
149 151
150 148
150 149
150 151
150 152
151 149
151 150
151 152
151 153
152 150
152 151
152 153
152 154
153 151
153 152
153 154
153 155
154 152
154 153
154 155
154 156
155 153
155 154
155 156
155 157
156 154
156 155
156 157
156 158
157 155
157 156
157 158
157 159
158 156
158 157
158 159
158 160
159 157
159 158
159 160
159 161
160 158
160 159
160 161
160 162
161 159
161 160
161 162
161 163
162 160
162 161
162 163
162 164
163 161
163 162
163 164
163 165
164 162
164 163
164 165
164 166
165 163
165 164
165 166
165 167
166 164
166 165
166 167
166 168
167 165
167 166
167 168
167 169
168 166
168 167
168 169
168 170
169 167
169 168
169 170
169 171
170 168
170 169
170 171
170 172
171 169
171 170
171 172
171 173
172 170
172 171
172 173
172 174
173 171
173 172
173 174
173 175
174 172
174 173
174 175
174 176
175 173
175 174
175 176
175 177
176 174
176 175
176 177
176 178
177 175
177 176
177 178
177 179
178 176
178 177
178 179
178 180
179 177
179 178
179 180
179 181
180 178
180 179
180 181
180 182
181 179
181 180
181 182
181 183
182 180
182 181
182 183
182 184
183 181
183 182
183 184
183 185
184 182
184 183
184 185
184 186
185 183
185 184
185 186
185 187
186 184
186 185
186 187
186 188
187 185
187 186
187 188
187 189
188 186
188 187
188 189
188 190
189 187
189 188
189 190
189 191
190 188
190 189
190 191
190 192
191 189
191 190
191 192
191 193
192 190
192 191
192 193
192 194
193 191
193 192
193 194
193 195
194 192
194 193
194 195
194 196
194 197
195 193
195 194
195 196
195 197
195 198
196 194
196 195
196 197
196 198
196 199
196 200
197 194
197 195
197 196
197 198
197 199
197 200
197 201
198 195
198 196
198 197
198 199
198 200
198 201
198 202
199 196
199 197
199 198
199 200
199 201
199 202
199 203
200 196
200 197
200 198
200 199
200 201
200 202
200 203
200 204
201 197
201 198
201 199
201 200
201 202
201 203
201 204
201 205
202 198
202 199
202 200
202 201
202 203
202 204
202 205
202 206
203 199
203 200
203 201
203 202
203 204
203 205
203 206
203 207
204 200
204 201
204 202
204 203
204 205
204 206
204 207
204 208
205 201
205 202
205 203
205 204
205 206
205 207
205 208
205 209
206 202
206 203
206 204
206 205
206 207
206 208
206 209
206 210
207 203
207 204
207 205
207 206
207 208
207 209
207 210
207 211
208 204
208 205
208 206
208 207
208 209
208 210
208 211
208 212
209 205
209 206
209 207
209 208
209 210
209 211
209 212
209 213
210 206
210 207
210 208
210 209
210 211
210 212
210 213
211 207
211 208
211 209
211 210
211 212
211 213
211 214
212 208
212 209
212 210
212 211
212 213
212 214
212 215
213 209
213 210
213 211
213 212
213 214
213 215
214 211
214 212
214 213
214 215
214 216
215 212
215 213
215 214
215 216
215 217
216 214
216 215
216 217
216 218
217 215
217 216
217 218
217 219
218 216
218 217
218 219
218 220
219 217
219 218
219 220
219 221
220 218
220 219
220 221
220 222
221 219
221 220
221 222
221 223
222 220
222 221
222 223
222 224
223 221
223 222
223 224
223 225
224 222
224 223
224 225
224 226
225 223
225 224
225 226
225 227
226 224
226 225
226 227
226 228
227 225
227 226
227 228
227 229
228 226
228 227
228 229
228 230
228 231
229 227
229 228
229 230
229 231
229 232
230 228
230 229
230 231
230 232
230 233
231 228
231 229
231 230
231 232
231 233
231 234
232 229
232 230
232 231
232 233
232 234
232 235
233 230
233 231
233 232
233 234
233 235
234 231
234 232
234 233
234 235
234 236
235 232
235 233
235 234
235 236
235 237
236 234
236 235
236 237
236 238
237 235
237 236
237 238
237 239
237 240
237 241
238 236
238 237
238 239
238 240
238 241
238 242
239 237
239 238
239 240
239 241
239 242
240 237
240 238
240 239
240 241
240 242
241 237
241 238
241 239
241 240
241 242
241 243
242 238
242 239
242 240
242 241
242 243
242 244
243 241
243 242
243 244
243 245
244 242
244 243
244 245
244 246
245 243
245 244
245 246
245 247
246 244
246 245
246 247
246 248
247 245
247 246
247 248
247 249
248 246
248 247
248 249
248 250
249 247
249 248
249 250
249 251
250 248
250 249
250 251
250 252
251 249
251 250
251 252
251 253
252 250
252 251
252 253
252 254
253 251
253 252
253 254
253 255
254 252
254 253
254 255
254 256
255 253
255 254
255 256
255 257
256 254
256 255
256 257
256 258
257 255
257 256
257 258
257 259
258 256
258 257
258 259
258 260
259 257
259 258
259 260
259 261
260 258
260 259
260 261
260 262
261 259
261 260
261 262
261 263
262 260
262 261
262 263
262 264
263 261
263 262
263 264
263 265
264 262
264 263
264 265
264 266
265 263
265 264
265 266
265 267
266 264
266 265
266 267
266 268
267 265
267 266
267 268
267 269
267 270
268 266
268 267
268 269
268 270
268 271
269 267
269 268
269 270
269 271
269 272
270 267
270 268
270 269
270 271
270 272
270 273
271 268
271 269
271 270
271 272
271 273
271 274
272 269
272 270
272 271
272 273
272 274
272 275
273 270
273 271
273 272
273 274
273 275
273 276
274 271
274 272
274 273
274 275
274 276
274 277
275 272
275 273
275 274
275 276
275 277
276 273
276 274
276 275
276 277
276 278
277 274
277 275
277 276
277 278
277 279
278 276
278 277
278 279
278 280
279 277
279 278
279 280
279 281
280 278
280 279
280 281
280 282
281 279
281 280
281 282
281 283
282 280
282 281
282 283
282 284
283 281
283 282
283 284
283 285
284 282
284 283
284 285
284 286
285 283
285 284
285 286
285 287
285 288
286 284
286 285
286 287
286 288
286 289
287 285
287 286
287 288
287 289
288 285
288 286
288 287
288 289
288 290
289 286
289 287
289 288
289 290
289 291
290 288
290 289
290 291
290 292
290 293
290 294
290 295
291 289
291 290
291 292
291 293
291 294
291 295
292 290
292 291
292 293
292 294
292 295
292 296
293 290
293 291
293 292
293 294
293 295
293 296
293 297
294 290
294 291
294 292
294 293
294 295
294 296
294 297
294 298
295 290
295 291
295 292
295 293
295 294
295 296
295 297
295 298
295 299
296 292
296 293
296 294
296 295
296 297
296 298
296 299
296 300
297 293
297 294
297 295
297 296
297 298
297 299
297 300
297 301
298 294
298 295
298 296
298 297
298 299
298 300
298 301
298 302
299 295
299 296
299 297
299 298
299 300
299 301
299 302
299 303
300 296
300 297
300 298
300 299
300 301
300 302
300 303
300 304
301 297
301 298
301 299
301 300
301 302
301 303
301 304
301 305
302 298
302 299
302 300
302 301
302 303
302 304
302 305
302 306
303 299
303 300
303 301
303 302
303 304
303 305
303 306
303 307
304 300
304 301
304 302
304 303
304 305
304 306
304 307
304 308
305 301
305 302
305 303
305 304
305 306
305 307
305 308
305 309
306 302
306 303
306 304
306 305
306 307
306 308
306 309
306 310
307 303
307 304
307 305
307 306
307 308
307 309
307 310
307 311
308 304
308 305
308 306
308 307
308 309
308 310
308 311
308 312
309 305
309 306
309 307
309 308
309 310
309 311
309 312
309 313
310 306
310 307
310 308
310 309
310 311
310 312
310 313
310 314
311 307
311 308
311 309
311 310
311 312
311 313
311 314
311 315
312 308
312 309
312 310
312 311
312 313
312 314
312 315
312 316
313 309
313 310
313 311
313 312
313 314
313 315
313 316
314 310
314 311
314 312
314 313
314 315
314 316
314 317
315 311
315 312
315 313
315 314
315 316
315 317
316 312
316 313
316 314
316 315
316 317
316 318
317 314
317 315
317 316
317 318
317 319
318 316
318 317
318 319
318 320
319 317
319 318
319 320
319 321
320 318
320 319
320 321
320 322
321 319
321 320
321 322
321 323
322 320
322 321
322 323
322 324
323 321
323 322
323 324
323 325
324 322
324 323
324 325
324 326
325 323
325 324
325 326
325 327
326 324
326 325
326 327
326 328
326 329
327 325
327 326
327 328
327 329
327 330
328 326
328 327
328 329
328 330
328 331
329 326
329 327
329 328
329 330
329 331
329 332
330 327
330 328
330 329
330 331
330 332
330 333
331 328
331 329
331 330
331 332
331 333
331 334
332 329
332 330
332 331
332 333
332 334
333 330
333 331
333 332
333 334
333 335
334 331
334 332
334 333
334 335
334 336
335 333
335 334
335 336
335 337
336 334
336 335
336 337
336 338
337 335
337 336
337 338
337 339
338 336
338 337
338 339
338 340
339 337
339 338
339 340
339 341
340 338
340 339
340 341
340 342
341 339
341 340
341 342
341 343
342 340
342 341
342 343
342 344
342 346
342 347
343 341
343 342
343 344
343 345
343 346
343 347
344 342
344 343
344 345
344 346
344 347
344 348
345 343
345 344
345 346
345 347
345 348
345 349
346 342
346 343
346 344
346 345
346 347
346 348
346 349
346 350
347 342
347 343
347 344
347 345
347 346
347 348
347 349
347 350
347 351
348 344
348 345
348 346
348 347
348 349
348 350
348 351
348 352
349 345
349 346
349 347
349 348
349 350
349 351
349 352
349 353
350 346
350 347
350 348
350 349
350 351
350 352
350 353
350 354
351 347
351 348
351 349
351 350
351 352
351 353
351 354
351 355
352 348
352 349
352 350
352 351
352 353
352 354
352 355
352 356
353 349
353 350
353 351
353 352
353 354
353 355
353 356
353 357
354 350
354 351
354 352
354 353
354 355
354 356
354 357
354 358
355 351
355 352
355 353
355 354
355 356
355 357
355 358
355 359
356 352
356 353
356 354
356 355
356 357
356 358
356 359
356 360
357 353
357 354
357 355
357 356
357 358
357 359
357 360
357 361
358 354
358 355
358 356
358 357
358 359
358 360
358 361
358 362
359 355
359 356
359 357
359 358
359 360
359 361
359 362
359 363
360 356
360 357
360 358
360 359
360 361
360 362
360 363
360 364
361 357
361 358
361 359
361 360
361 362
361 363
361 364
361 365
362 358
362 359
362 360
362 361
362 363
362 364
362 365
363 359
363 360
363 361
363 362
363 364
363 365
363 366
364 360
364 361
364 362
364 363
364 365
364 366
365 361
365 362
365 363
365 364
365 366
365 367
366 363
366 364
366 365
366 367
366 368
367 365
367 366
367 368
367 369
368 366
368 367
368 369
368 370
369 367
369 368
369 370
369 371
370 368
370 369
370 371
371 369
371 370
