0 1
0 2
1 0
1 2
1 3
1 5
2 0
2 1
2 3
2 4
2 5
3 1
3 2
3 4
3 5
3 6
4 2
4 3
4 5
4 6
4 7
4 8
4 221
5 1
5 2
5 3
5 4
5 6
5 7
5 8
5 9
6 3
6 4
6 5
6 7
6 8
6 9
6 10
7 4
7 5
7 6
7 8
7 9
7 10
7 11
7 206
8 4
8 5
8 6
8 7
8 9
8 10
8 11
8 12
8 149
9 5
9 6
9 7
9 8
9 10
9 11
9 12
9 13
10 6
10 7
10 8
10 9
10 11
10 12
10 13
10 14
11 7
11 8
11 9
11 10
11 12
11 13
11 14
11 15
11 146
11 206
11 207
12 8
12 9
12 10
12 11
12 13
12 14
12 15
12 16
12 146
13 9
13 10
13 11
13 12
13 14
13 15
13 16
13 17
14 10
14 11
14 12
14 13
14 15
14 16
14 17
14 18
14 202
15 11
15 12
15 13
15 14
15 16
15 17
15 18
15 19
15 143
15 161
16 12
16 13
16 14
16 15
16 17
16 18
16 19
16 20
16 160
16 161
16 164
17 13
17 14
17 15
17 16
17 18
17 19
17 20
17 21
17 164
18 14
18 15
18 16
18 17
18 19
18 20
18 21
18 22
18 23
18 139
18 199
19 15
19 16
19 17
19 18
19 20
19 21
19 22
19 23
19 24
19 136
19 139
19 140
19 161
19 164
19 165
19 168
20 16
20 17
20 18
20 19
20 21
20 22
20 23
20 24
20 164
20 165
20 166
20 167
20 168
21 17
21 18
21 19
21 20
21 22
21 23
21 25
21 168
21 171
22 18
22 19
22 20
22 21
22 23
22 24
22 25
22 136
22 139
22 165
22 168
23 18
23 19
23 20
23 21
23 22
23 24
23 25
23 133
23 135
23 136
23 137
23 138
23 139
23 140
23 165
23 168
24 19
24 20
24 22
24 23
24 25
24 26
24 27
24 133
24 136
24 137
24 165
24 166
24 167
24 168
24 169
25 21
25 22
25 23
25 24
25 26
25 27
25 28
25 29
25 133
25 136
25 165
25 166
25 168
25 169
25 170
25 171
25 172
26 24
26 25
26 27
26 28
26 29
26 73
26 76
26 77
26 129
26 132
26 133
26 169
26 172
27 24
27 25
27 26
27 28
27 29
27 30
27 166
27 168
27 169
27 296
28 25
28 26
28 27
28 29
28 30
28 31
28 32
28 168
28 169
28 170
28 171
28 172
28 173
28 322
29 25
29 26
29 27
29 28
29 30
29 31
29 32
29 33
29 73
29 169
29 172
29 296
29 297
30 27
30 28
30 29
30 31
30 32
30 33
30 34
30 296
30 297
30 299
30 300
30 318
31 28
31 29
31 30
31 32
31 33
31 34
31 35
31 172
31 173
31 176
31 318
31 319
31 322
32 28
32 29
32 30
32 31
32 33
32 34
32 35
32 36
32 172
32 173
32 175
32 176
33 29
33 30
33 31
33 32
33 34
33 35
33 36
33 37
33 69
33 300
34 30
34 31
34 32
34 33
34 35
34 36
34 37
34 38
34 176
34 300
34 315
35 31
35 32
35 33
35 34
35 36
35 37
35 38
35 39
35 176
35 179
36 32
36 33
36 34
36 35
36 37
36 38
36 39
36 40
36 41
37 33
37 34
37 35
37 36
37 38
37 39
37 40
37 41
37 42
37 43
38 34
38 35
38 36
38 37
38 39
38 40
38 41
39 35
39 36
39 37
39 38
39 40
39 41
39 118
39 119
40 36
40 37
40 38
40 39
40 41
40 42
40 43
40 119
41 36
41 37
41 38
41 39
41 40
41 42
41 43
41 118
41 119
41 120
41 122
42 37
42 40
42 41
42 43
42 44
42 45
42 46
42 65
42 68
42 119
42 122
43 37
43 40
43 41
43 42
43 44
43 45
43 46
43 62
43 65
44 42
44 43
44 45
44 46
44 47
45 42
45 43
45 44
45 46
45 47
45 62
45 64
45 65
46 42
46 43
46 44
46 45
46 47
46 48
46 61
46 62
46 63
46 64
46 65
47 44
47 45
47 46
47 48
47 49
47 61
47 62
48 46
48 47
48 49
48 50
48 51
48 61
49 47
49 48
49 50
49 51
49 61
50 48
50 49
50 51
50 52
50 53
50 54
51 48
51 49
51 50
51 52
51 53
51 54
52 50
52 51
52 53
52 54
53 50
53 51
53 52
53 54
53 55
54 50
54 51
54 52
54 53
54 55
54 56
54 57
55 53
55 54
55 56
55 57
56 54
56 55
56 57
56 58
57 54
57 55
57 56
57 58
57 59
57 60
58 56
58 57
58 59
58 60
58 61
59 57
59 58
59 60
59 61
59 62
59 305
59 309
60 57
60 58
60 59
60 61
60 62
60 63
61 46
61 47
61 48
61 49
61 58
61 59
61 60
61 62
61 63
62 43
62 45
62 46
62 47
62 59
62 60
62 61
62 63
62 64
62 65
62 66
63 46
63 60
63 61
63 62
63 64
63 65
63 66
63 67
63 447
64 45
64 46
64 62
64 63
64 65
64 66
64 67
64 68
65 42
65 43
65 45
65 46
65 62
65 63
65 64
65 66
65 67
65 68
65 69
66 62
66 63
66 64
66 65
66 67
66 68
66 69
66 70
66 301
67 63
67 64
67 65
67 66
67 68
67 69
67 70
67 71
67 443
67 444
68 42
68 64
68 65
68 66
68 67
68 69
68 70
68 71
68 72
69 33
69 65
69 66
69 67
69 68
69 70
69 71
69 72
69 73
70 66
70 67
70 68
70 69
70 71
70 72
70 73
70 74
70 297
70 298
70 440
70 443
71 67
71 68
71 69
71 70
71 72
71 73
71 74
71 75
71 440
72 68
72 69
72 70
72 71
72 73
72 74
72 75
72 76
72 125
72 126
72 129
73 26
73 29
73 69
73 70
73 71
73 72
73 74
73 75
73 76
73 77
73 129
73 297
74 70
74 71
74 72
74 73
74 75
74 76
74 77
74 78
74 293
74 297
74 436
74 437
74 439
74 440
75 71
75 72
75 73
75 74
75 76
75 77
75 78
75 79
75 126
75 129
75 130
75 437
76 26
76 72
76 73
76 74
76 75
76 77
76 78
76 79
76 80
76 129
76 130
76 131
76 132
76 133
77 26
77 73
77 74
77 75
77 76
77 78
77 79
77 80
77 81
77 130
77 133
77 293
77 433
78 74
78 75
78 76
78 77
78 79
78 80
78 81
78 82
78 433
78 434
78 436
78 437
79 75
79 76
79 77
79 78
79 80
79 81
79 82
79 83
79 130
79 133
79 134
79 433
80 76
80 77
80 78
80 79
80 81
80 82
80 83
80 84
80 130
80 133
80 134
80 136
80 137
81 77
81 78
81 79
81 80
81 82
81 83
81 84
81 85
81 137
81 426
81 429
81 430
81 432
81 433
82 78
82 79
82 80
82 81
82 83
82 84
82 85
82 86
82 426
82 429
82 430
82 431
82 433
82 434
83 79
83 80
83 81
83 82
83 84
83 85
83 86
83 87
83 134
83 430
84 80
84 81
84 82
84 83
84 85
84 86
84 87
84 88
84 137
84 138
84 426
84 429
84 430
85 81
85 82
85 83
85 84
85 86
85 87
85 88
85 89
85 423
85 425
85 426
85 427
85 429
85 430
86 82
86 83
86 84
86 85
86 87
86 88
86 89
86 90
86 426
87 83
87 84
87 85
87 86
87 88
87 89
87 90
87 91
87 99
87 138
88 84
88 85
88 86
88 87
88 89
88 90
88 91
88 92
88 141
88 422
88 423
88 426
89 85
89 86
89 87
89 88
89 90
89 91
89 92
89 93
89 422
89 423
90 86
90 87
90 88
90 89
90 91
90 92
90 93
90 94
90 95
90 99
91 87
91 88
91 89
91 90
91 92
91 93
91 94
91 95
91 96
91 98
91 99
91 142
92 88
92 89
92 90
92 91
92 93
92 94
92 95
92 211
92 422
93 89
93 90
93 91
93 92
93 94
93 95
94 90
94 91
94 92
94 93
94 95
94 96
94 97
94 98
94 99
95 90
95 91
95 92
95 93
95 94
95 96
95 97
95 98
95 99
95 209
95 210
95 211
96 91
96 94
96 95
96 97
96 98
96 99
96 100
96 142
96 207
96 208
96 209
96 210
96 211
97 94
97 95
97 96
97 98
97 99
97 100
97 101
97 203
97 204
97 207
97 208
97 209
97 210
98 91
98 94
98 95
98 96
98 97
98 99
98 100
98 101
98 102
99 87
99 90
99 91
99 94
99 95
99 96
99 97
99 98
99 100
99 101
99 102
99 103
99 138
99 142
100 96
100 97
100 98
100 99
100 101
100 102
100 103
100 104
100 138
100 139
100 142
100 203
101 97
101 98
101 99
101 100
101 102
101 103
101 104
101 105
101 200
102 98
102 99
102 100
102 101
102 103
102 104
102 105
102 106
102 135
103 99
103 100
103 101
103 102
103 104
103 105
103 106
103 107
103 134
103 135
103 136
103 138
103 139
104 100
104 101
104 102
104 103
104 105
104 106
104 107
104 108
104 135
104 196
104 199
104 200
105 101
105 102
105 103
105 104
105 106
105 107
105 108
105 109
105 135
106 102
106 103
106 104
106 105
106 107
106 108
106 109
106 110
106 131
106 132
106 134
106 135
107 103
107 104
107 105
107 106
107 108
107 109
107 110
107 111
107 131
107 132
107 133
107 134
107 135
107 136
107 196
108 104
108 105
108 106
108 107
108 109
108 110
108 111
108 112
108 132
108 193
108 196
109 105
109 106
109 107
109 108
109 110
109 111
109 112
109 113
109 128
109 131
110 106
110 107
110 108
110 109
110 111
110 112
110 113
110 114
110 127
110 128
110 129
110 131
110 132
111 107
111 108
111 109
111 110
111 112
111 113
111 114
111 115
111 128
111 132
111 189
111 190
111 192
111 193
112 108
112 109
112 110
112 111
112 113
112 114
112 115
112 116
112 189
112 190
112 193
113 109
113 110
113 111
113 112
113 114
113 115
113 116
113 117
113 124
113 125
113 128
114 110
114 111
114 112
114 113
114 115
114 116
114 117
114 124
114 125
114 128
114 186
114 189
115 111
115 112
115 113
115 114
115 116
115 117
115 185
115 186
115 187
115 188
115 189
115 190
116 112
116 113
116 114
116 115
116 117
116 118
116 186
117 113
117 114
117 115
117 116
117 118
117 119
117 120
117 121
117 122
117 124
117 125
118 39
118 41
118 116
118 117
118 119
118 120
118 121
118 122
119 39
119 40
119 41
119 42
119 117
119 118
119 120
119 121
119 122
120 41
120 117
120 118
120 119
120 121
120 122
121 117
121 118
121 119
121 120
121 122
121 123
121 124
122 41
122 42
122 117
122 118
122 119
122 120
122 121
122 123
122 124
122 125
123 121
123 122
123 124
123 125
123 126
123 127
124 113
124 114
124 117
124 121
124 122
124 123
124 125
124 126
124 127
124 128
125 72
125 113
125 114
125 117
125 122
125 123
125 124
125 126
125 127
125 128
125 129
126 72
126 75
126 123
126 124
126 125
126 127
126 128
126 129
126 130
127 110
127 123
127 124
127 125
127 126
127 128
127 129
127 130
127 131
128 109
128 110
128 111
128 113
128 114
128 124
128 125
128 126
128 127
128 129
128 130
128 131
128 132
129 26
129 72
129 73
129 75
129 76
129 110
129 125
129 126
129 127
129 128
129 130
129 131
129 132
129 133
130 75
130 76
130 77
130 79
130 80
130 126
130 127
130 128
130 129
130 131
130 132
130 133
130 134
131 76
131 106
131 107
131 109
131 110
131 127
131 128
131 129
131 130
131 132
131 133
131 134
131 135
132 26
132 76
132 106
132 107
132 108
132 110
132 111
132 128
132 129
132 130
132 131
132 133
132 134
132 135
132 136
133 23
133 24
133 25
133 26
133 76
133 77
133 79
133 80
133 107
133 129
133 130
133 131
133 132
133 134
133 135
133 136
133 137
134 79
134 80
134 83
134 103
134 106
134 107
134 130
134 131
134 132
134 133
134 135
134 136
134 137
134 138
135 23
135 102
135 103
135 104
135 105
135 106
135 107
135 131
135 132
135 133
135 134
135 136
135 137
135 138
135 139
136 19
136 22
136 23
136 24
136 25
136 80
136 103
136 107
136 132
136 133
136 134
136 135
136 137
136 138
136 139
136 140
137 23
137 24
137 80
137 81
137 84
137 133
137 134
137 135
137 136
137 138
137 139
137 140
137 141
138 23
138 84
138 87
138 99
138 100
138 103
138 134
138 135
138 136
138 137
138 139
138 140
138 141
138 142
139 18
139 19
139 22
139 23
139 100
139 103
139 135
139 136
139 137
139 138
139 140
139 141
139 142
139 143
140 19
140 23
140 136
140 137
140 138
140 139
140 141
140 142
140 143
140 144
140 161
140 162
140 165
141 88
141 137
141 138
141 139
141 140
141 142
141 143
141 144
141 145
142 91
142 96
142 99
142 100
142 138
142 139
142 140
142 141
142 143
142 144
142 145
143 15
143 139
143 140
143 141
143 142
143 144
143 145
143 146
143 161
144 140
144 141
144 142
144 143
144 145
144 146
144 147
144 157
144 158
144 161
145 141
145 142
145 143
145 144
145 146
145 147
145 148
145 149
145 211
145 212
146 11
146 12
146 143
146 144
146 145
146 147
146 148
146 149
146 150
146 157
146 158
146 212
147 144
147 145
147 146
147 148
147 149
147 150
147 151
147 153
147 154
147 155
147 156
147 157
147 158
148 145
148 146
148 147
148 149
148 150
148 151
148 154
148 212
148 213
148 214
148 215
148 216
149 8
149 145
149 146
149 147
149 148
149 150
149 151
149 154
149 212
149 216
150 146
150 147
150 148
150 149
150 151
150 152
150 153
150 154
150 157
151 147
151 148
151 149
151 150
151 152
151 153
151 154
151 215
152 150
152 151
152 153
152 154
152 339
153 147
153 150
153 151
153 152
153 154
153 155
153 156
153 157
153 339
154 147
154 148
154 149
154 150
154 151
154 152
154 153
154 155
154 156
154 157
154 158
155 147
155 153
155 154
155 156
155 157
155 158
155 159
155 335
155 336
155 338
155 339
155 410
156 147
156 153
156 154
156 155
156 157
156 158
156 159
156 160
156 332
156 333
156 334
156 335
156 336
156 339
157 144
157 146
157 147
157 150
157 153
157 154
157 155
157 156
157 158
157 159
157 160
157 161
157 332
157 335
158 144
158 146
158 147
158 154
158 155
158 156
158 157
158 159
158 160
158 161
158 162
158 335
158 406
159 155
159 156
159 157
159 158
159 160
159 161
159 162
159 163
159 331
159 332
159 334
159 335
159 402
159 405
159 406
160 16
160 156
160 157
160 158
160 159
160 161
160 162
160 163
160 164
160 328
160 331
160 332
160 335
161 15
161 16
161 19
161 140
161 143
161 144
161 157
161 158
161 159
161 160
161 162
161 163
161 164
161 165
161 328
162 140
162 158
162 159
162 160
162 161
162 163
162 164
162 165
162 166
162 328
162 331
162 402
162 405
162 406
163 159
163 160
163 161
163 162
163 164
163 165
163 166
163 167
163 326
163 327
163 328
163 329
163 330
163 331
163 332
163 402
164 16
164 17
164 19
164 20
164 160
164 161
164 162
164 163
164 165
164 166
164 167
164 168
164 326
164 327
164 328
165 19
165 20
165 22
165 23
165 24
165 25
165 140
165 161
165 162
165 163
165 164
165 166
165 167
165 168
166 20
166 24
166 25
166 27
166 162
166 163
166 164
166 165
166 167
166 168
166 169
166 325
166 326
166 327
166 328
166 401
166 402
167 20
167 24
167 163
167 164
167 165
167 166
167 168
167 169
167 170
167 325
167 326
167 327
167 328
168 19
168 20
168 21
168 22
168 23
168 24
168 25
168 27
168 28
168 164
168 165
168 166
168 167
168 169
168 170
168 171
168 326
169 24
169 25
169 26
169 27
169 28
169 29
169 166
169 167
169 168
169 170
169 171
169 172
169 173
169 322
169 325
170 25
170 28
170 167
170 168
170 169
170 171
170 172
170 173
170 174
170 322
170 323
170 325
170 326
171 21
171 25
171 28
171 168
171 169
171 170
171 172
171 173
171 174
171 175
172 25
172 26
172 28
172 29
172 31
172 32
172 169
172 170
172 171
172 173
172 174
172 175
172 176
173 28
173 31
173 32
173 169
173 170
173 171
173 172
173 174
173 175
173 176
173 177
173 319
173 322
173 323
174 170
174 171
174 172
174 173
174 175
174 176
174 177
174 178
175 32
175 171
175 172
175 173
175 174
175 176
175 177
175 178
175 179
175 185
175 188
176 31
176 32
176 34
176 35
176 172
176 173
176 174
176 175
176 177
176 178
176 179
176 180
177 173
177 174
177 175
177 176
177 178
177 179
177 180
177 181
178 174
178 175
178 176
178 177
178 179
178 180
178 181
178 182
178 183
178 184
178 188
179 35
179 175
179 176
179 177
179 178
179 180
179 181
179 182
179 183
179 184
179 185
180 176
180 177
180 178
180 179
180 181
180 182
180 183
181 177
181 178
181 179
181 180
181 182
181 183
182 178
182 179
182 180
182 181
182 183
182 184
183 178
183 179
183 180
183 181
183 182
183 184
183 185
183 187
183 188
184 178
184 179
184 182
184 183
184 185
184 186
184 187
184 188
185 115
185 175
185 179
185 183
185 184
185 186
185 187
185 188
185 189
186 114
186 115
186 116
186 184
186 185
186 187
186 188
186 189
186 190
187 115
187 183
187 184
187 185
187 186
187 188
187 189
187 190
187 191
188 115
188 175
188 178
188 183
188 184
188 185
188 186
188 187
188 189
188 190
188 191
188 192
189 111
189 112
189 114
189 115
189 185
189 186
189 187
189 188
189 190
189 191
189 192
189 193
190 111
190 112
190 115
190 186
190 187
190 188
190 189
190 191
190 192
190 193
190 194
191 187
191 188
191 189
191 190
191 192
191 193
191 194
191 195
192 111
192 188
192 189
192 190
192 191
192 193
192 194
192 195
192 196
193 108
193 111
193 112
193 189
193 190
193 191
193 192
193 194
193 195
193 196
193 197
194 190
194 191
194 192
194 193
194 195
194 196
194 197
195 191
195 192
195 193
195 194
195 196
195 197
195 198
195 199
196 104
196 107
196 108
196 192
196 193
196 194
196 195
196 197
196 198
196 199
196 200
197 193
197 194
197 195
197 196
197 198
197 199
197 200
197 201
198 195
198 196
198 197
198 199
198 200
198 201
198 202
199 18
199 104
199 195
199 196
199 197
199 198
199 200
199 201
199 202
199 203
200 101
200 104
200 196
200 197
200 198
200 199
200 201
200 202
200 203
200 204
201 197
201 198
201 199
201 200
201 202
201 203
201 204
201 205
201 206
202 14
202 198
202 199
202 200
202 201
202 203
202 204
202 205
202 206
202 207
203 97
203 100
203 199
203 200
203 201
203 202
203 204
203 205
203 206
203 207
203 208
204 97
204 200
204 201
204 202
204 203
204 205
204 206
204 207
204 208
204 223
204 224
205 201
205 202
205 203
205 204
205 206
205 207
205 223
205 224
206 7
206 11
206 201
206 202
206 203
206 204
206 205
206 207
206 208
206 222
206 223
206 224
207 11
207 96
207 97
207 202
207 203
207 204
207 205
207 206
207 208
207 209
207 222
207 223
208 96
208 97
208 203
208 204
208 206
208 207
208 209
208 210
208 211
208 212
208 222
208 223
209 95
209 96
209 97
209 207
209 208
209 210
209 211
209 222
209 223
210 95
210 96
210 97
210 208
210 209
210 211
210 212
211 92
211 95
211 96
211 145
211 208
211 209
211 210
211 212
211 213
212 145
212 146
212 148
212 149
212 208
212 210
212 211
212 213
212 214
212 216
213 148
213 211
213 212
213 214
213 215
213 216
213 217
214 148
214 212
214 213
214 215
214 216
215 148
215 151
215 213
215 214
215 216
215 217
215 242
216 148
216 149
216 212
216 213
216 214
216 215
216 217
216 218
216 220
217 213
217 215
217 216
217 218
217 219
217 220
217 238
218 216
218 217
218 219
218 220
219 217
219 218
219 220
219 221
220 216
220 217
220 218
220 219
220 221
220 222
221 4
221 219
221 220
221 222
221 223
221 225
221 226
221 227
222 206
222 207
222 208
222 209
222 220
222 221
222 223
222 224
222 225
222 226
223 204
223 205
223 206
223 207
223 208
223 209
223 221
223 222
223 224
223 225
223 226
224 204
224 205
224 206
224 222
224 223
224 225
224 226
225 221
225 222
225 223
225 224
225 226
225 227
226 221
226 222
226 223
226 224
226 225
226 227
226 228
227 221
227 225
227 226
227 228
227 229
228 226
228 227
228 229
228 230
229 227
229 228
229 230
229 231
230 228
230 229
230 231
230 232
230 233
230 234
231 229
231 230
231 232
231 233
231 234
231 235
232 230
232 231
232 233
232 234
232 235
232 236
233 230
233 231
233 232
233 234
233 235
233 236
233 237
234 230
234 231
234 232
234 233
234 235
234 236
234 237
234 238
235 231
235 232
235 233
235 234
235 236
235 237
235 238
235 239
236 232
236 233
236 234
236 235
236 237
236 238
236 239
236 240
237 233
237 234
237 235
237 236
237 238
237 239
237 240
237 241
238 217
238 234
238 235
238 236
238 237
238 239
238 240
238 241
238 242
239 235
239 236
239 237
239 238
239 240
239 241
239 242
239 243
240 236
240 237
240 238
240 239
240 241
240 242
240 243
240 244
241 237
241 238
241 239
241 240
241 242
241 243
241 244
241 245
242 215
242 238
242 239
242 240
242 241
242 243
242 244
242 245
242 246
243 239
243 240
243 241
243 242
243 244
243 245
243 246
243 247
244 240
244 241
244 242
244 243
244 245
244 246
244 247
244 248
245 241
245 242
245 243
245 244
245 246
245 247
245 248
245 249
246 242
246 243
246 244
246 245
246 247
246 248
246 249
246 250
247 243
247 244
247 245
247 246
247 248
247 249
247 250
247 251
248 244
248 245
248 246
248 247
248 249
248 250
248 251
248 252
249 245
249 246
249 247
249 248
249 250
249 251
249 252
249 253
250 246
250 247
250 248
250 249
250 251
250 252
250 253
250 254
251 247
251 248
251 249
251 250
251 252
251 253
251 254
251 255
252 248
252 249
252 250
252 251
252 253
252 254
252 255
253 249
253 250
253 251
253 252
253 254
253 255
253 256
254 250
254 251
254 252
254 253
254 255
254 256
254 257
255 251
255 252
255 253
255 254
255 256
255 257
256 253
256 254
256 255
256 257
256 258
257 254
257 255
257 256
257 258
257 259
258 256
258 257
258 259
258 260
259 257
259 258
259 260
259 261
260 258
260 259
260 261
260 262
261 259
261 260
261 262
261 263
262 260
262 261
262 263
262 264
263 261
263 262
263 264
263 265
264 262
264 263
264 265
264 266
265 263
265 264
265 266
265 267
266 264
266 265
266 267
266 268
267 265
267 266
267 268
267 269
267 271
267 272
268 266
268 267
268 269
268 270
268 271
268 272
269 267
269 268
269 270
269 271
269 272
269 273
269 420
270 268
270 269
270 271
270 272
270 273
270 274
271 267
271 268
271 269
271 270
271 272
271 273
271 274
271 275
272 267
272 268
272 269
272 270
272 271
272 273
272 274
272 275
272 278
272 416
273 269
273 270
273 271
273 272
273 274
273 275
273 278
273 279
273 424
274 270
274 271
274 272
274 273
274 275
274 276
274 278
274 279
275 271
275 272
275 273
275 274
275 276
275 277
275 278
275 279
276 274
276 275
276 277
276 278
276 279
276 280
277 275
277 276
277 278
277 279
277 280
277 281
277 471
277 475
278 272
278 273
278 274
278 275
278 276
278 277
278 279
278 280
278 281
278 282
279 273
279 274
279 275
279 276
279 277
279 278
279 280
279 281
279 282
279 283
280 276
280 277
280 278
280 279
280 281
280 282
280 283
280 284
280 470
280 471
281 277
281 278
281 279
281 280
281 282
281 283
281 284
281 285
281 471
282 278
282 279
282 280
282 281
282 283
282 284
282 285
282 286
282 428
282 431
282 432
283 279
283 280
283 281
283 282
283 284
283 285
283 286
283 287
283 432
283 468
284 280
284 281
284 282
284 283
284 285
284 286
284 287
284 288
284 467
284 468
284 469
284 471
285 281
285 282
285 283
285 284
285 286
285 287
285 288
285 289
285 404
285 408
285 428
285 432
286 282
286 283
286 284
286 285
286 287
286 288
286 289
286 290
286 431
286 432
286 433
286 435
286 436
287 283
287 284
287 285
287 286
287 288
287 289
287 290
287 291
287 461
287 464
287 465
287 468
288 284
288 285
288 286
288 287
288 289
288 290
288 291
288 292
288 372
288 375
288 404
288 465
288 468
289 285
289 286
289 287
289 288
289 290
289 291
289 292
289 293
289 404
289 432
289 436
290 286
290 287
290 288
290 289
290 291
290 292
290 293
290 294
290 432
290 435
290 436
290 438
290 439
291 287
291 288
291 289
291 290
291 292
291 293
291 294
291 295
291 439
291 461
292 288
292 289
292 290
292 291
292 293
292 294
292 295
292 296
292 397
292 401
293 74
293 77
293 289
293 290
293 291
293 292
293 294
293 295
293 296
293 297
293 436
293 439
294 290
294 291
294 292
294 293
294 295
294 296
294 297
294 298
294 439
294 440
294 442
294 443
295 291
295 292
295 293
295 294
295 296
295 297
295 298
295 299
296 27
296 29
296 30
296 292
296 293
296 294
296 295
296 297
296 298
296 299
297 29
297 30
297 70
297 73
297 74
297 293
297 294
297 295
297 296
297 298
297 299
297 300
298 70
298 294
298 295
298 296
298 297
298 299
298 300
298 301
298 302
298 443
299 30
299 295
299 296
299 297
299 298
299 300
299 301
299 302
299 303
300 30
300 33
300 34
300 297
300 298
300 299
300 301
300 302
300 303
300 304
300 314
300 318
301 66
301 298
301 299
301 300
301 302
301 303
301 304
301 305
302 298
302 299
302 300
302 301
302 303
302 304
302 305
302 306
303 299
303 300
303 301
303 302
303 304
303 305
303 306
303 307
303 314
303 317
304 300
304 301
304 302
304 303
304 305
304 306
304 307
304 308
304 309
304 310
304 311
304 314
305 59
305 301
305 302
305 303
305 304
305 306
305 307
305 308
305 309
305 452
306 302
306 303
306 304
306 305
306 307
306 308
306 309
306 385
306 386
306 387
307 303
307 304
307 305
307 306
307 308
307 309
307 310
307 311
307 313
307 314
307 387
308 304
308 305
308 306
308 307
308 309
308 310
309 59
309 304
309 305
309 306
309 307
309 308
309 310
309 311
309 314
310 304
310 307
310 308
310 309
310 311
310 312
310 313
310 314
311 304
311 307
311 309
311 310
311 312
311 313
311 314
311 315
312 310
312 311
312 313
312 314
312 315
312 316
313 307
313 310
313 311
313 312
313 314
313 315
313 316
313 317
314 300
314 303
314 304
314 307
314 309
314 310
314 311
314 312
314 313
314 315
314 316
314 317
314 318
315 34
315 311
315 312
315 313
315 314
315 316
315 317
315 318
315 319
316 312
316 313
316 314
316 315
316 317
316 318
316 319
316 320
317 303
317 313
317 314
317 315
317 316
317 318
317 319
317 320
317 321
317 391
318 30
318 31
318 300
318 314
318 315
318 316
318 317
318 319
318 320
318 321
318 322
319 31
319 173
319 315
319 316
319 317
319 318
319 320
319 321
319 322
319 323
320 316
320 317
320 318
320 319
320 321
320 322
320 323
320 324
320 391
321 317
321 318
321 319
321 320
321 322
321 323
321 324
321 325
321 391
321 394
322 28
322 31
322 169
322 170
322 173
322 318
322 319
322 320
322 321
322 323
322 324
322 325
323 170
323 173
323 319
323 320
323 321
323 322
323 324
323 325
323 326
324 320
324 321
324 322
324 323
324 325
324 326
324 327
324 394
324 395
324 398
325 166
325 167
325 169
325 170
325 321
325 322
325 323
325 324
325 326
325 327
325 394
325 395
325 398
326 163
326 164
326 166
326 167
326 168
326 170
326 323
326 324
326 325
326 327
326 328
326 329
326 330
326 398
327 163
327 164
327 166
327 167
327 324
327 325
327 326
327 328
327 329
327 330
327 331
327 398
327 399
327 402
328 160
328 161
328 162
328 163
328 164
328 166
328 167
328 326
328 327
328 329
328 330
328 331
328 332
329 163
329 326
329 327
329 328
329 330
329 331
329 332
330 163
330 326
330 327
330 328
330 329
330 331
330 332
330 333
330 334
330 399
330 402
331 159
331 160
331 162
331 163
331 327
331 328
331 329
331 330
331 332
331 333
331 334
331 335
331 399
331 402
331 403
331 406
332 156
332 157
332 159
332 160
332 163
332 328
332 329
332 330
332 331
332 333
332 334
332 335
332 336
333 156
333 330
333 331
333 332
333 334
333 335
333 336
333 337
334 156
334 159
334 330
334 331
334 332
334 333
334 335
334 336
334 337
334 338
334 367
334 403
334 406
334 407
335 155
335 156
335 157
335 158
335 159
335 160
335 331
335 332
335 333
335 334
335 336
335 337
335 338
335 339
335 406
335 407
336 155
336 156
336 332
336 333
336 334
336 335
336 337
336 338
336 339
336 340
337 333
337 334
337 335
337 336
337 338
337 339
337 340
337 341
337 367
338 155
338 334
338 335
338 336
338 337
338 339
338 340
338 341
338 342
338 363
338 364
338 367
339 152
339 153
339 155
339 156
339 335
339 336
339 337
339 338
339 340
339 341
339 342
339 343
340 336
340 337
340 338
340 339
340 341
340 342
340 343
340 344
341 337
341 338
341 339
341 340
341 342
341 343
341 344
341 345
341 363
342 338
342 339
342 340
342 341
342 343
342 344
342 345
342 346
342 359
342 360
342 363
343 339
343 340
343 341
343 342
343 344
343 345
343 346
343 347
344 340
344 341
344 342
344 343
344 345
344 346
344 347
344 348
345 341
345 342
345 343
345 344
345 346
345 347
345 348
345 349
345 359
345 360
345 362
345 363
346 342
346 343
346 344
346 345
346 347
346 348
346 349
346 350
346 356
346 359
346 360
347 343
347 344
347 345
347 346
347 348
347 349
347 350
347 351
348 344
348 345
348 346
348 347
348 349
348 350
348 351
348 352
349 345
349 346
349 347
349 348
349 350
349 351
349 352
349 353
349 354
349 355
349 356
349 359
350 346
350 347
350 348
350 349
350 351
350 352
350 353
350 354
351 347
351 348
351 349
351 350
351 352
351 353
352 348
352 349
352 350
352 351
352 353
352 354
353 349
353 350
353 351
353 352
353 354
353 355
354 349
354 350
354 352
354 353
354 355
354 356
354 358
354 359
354 482
354 483
354 486
355 349
355 353
355 354
355 356
355 357
355 358
355 359
355 482
355 486
356 346
356 349
356 354
356 355
356 357
356 358
356 359
356 360
357 355
357 356
357 358
357 359
357 360
357 361
357 414
357 415
358 354
358 355
358 356
358 357
358 359
358 360
358 361
358 362
358 479
358 482
358 483
359 342
359 345
359 346
359 349
359 354
359 355
359 356
359 357
359 358
359 360
359 361
359 362
359 363
359 479
360 342
360 345
360 346
360 356
360 357
360 358
360 359
360 361
360 362
360 363
360 364
360 414
360 415
361 357
361 358
361 359
361 360
361 362
361 363
361 364
361 365
361 411
361 414
361 415
361 475
361 479
362 345
362 358
362 359
362 360
362 361
362 363
362 364
362 365
362 475
362 476
362 479
363 338
363 341
363 342
363 345
363 359
363 360
363 361
363 362
363 364
363 365
363 366
363 367
364 338
364 360
364 361
364 362
364 363
364 365
364 366
364 367
364 368
364 407
364 410
364 411
365 361
365 362
365 363
365 364
365 366
365 367
365 368
365 369
365 472
365 473
365 475
365 476
366 363
366 364
366 365
366 367
366 368
366 369
366 370
366 472
367 334
367 337
367 338
367 363
367 364
367 365
367 366
367 368
367 369
367 370
367 371
367 403
367 407
368 364
368 365
368 366
368 367
368 369
368 370
368 371
368 372
368 404
368 407
368 471
368 472
369 365
369 366
369 367
369 368
369 370
369 371
369 372
369 373
369 469
369 472
370 366
370 367
370 368
370 369
370 371
370 372
370 373
370 374
371 367
371 368
371 369
371 370
371 372
371 373
371 374
371 375
371 400
371 403
371 404
371 407
372 288
372 368
372 369
372 370
372 371
372 373
372 374
372 375
372 376
372 400
372 465
372 466
372 468
372 469
373 369
373 370
373 371
373 372
373 374
373 375
373 376
373 377
374 370
374 371
374 372
374 373
374 375
374 376
374 377
374 378
374 396
374 397
374 399
374 400
375 288
375 371
375 372
375 373
375 374
375 376
375 377
375 378
375 379
375 396
375 397
375 400
375 465
376 372
376 373
376 374
376 375
376 377
376 378
376 379
376 380
376 462
376 465
376 466
377 373
377 374
377 375
377 376
377 378
377 379
377 380
377 381
377 396
378 374
378 375
378 376
378 377
378 379
378 380
378 381
378 382
378 393
378 394
378 396
378 397
378 400
379 375
379 376
379 377
379 378
379 380
379 381
379 382
379 383
379 393
379 458
379 461
379 462
380 376
380 377
380 378
380 379
380 381
380 382
380 383
380 384
380 462
381 377
381 378
381 379
381 380
381 382
381 383
381 384
381 389
381 390
381 392
381 393
382 378
382 379
382 380
382 381
382 383
382 384
382 385
382 390
382 393
382 458
383 379
383 380
383 381
383 382
383 384
383 385
383 454
383 455
383 458
383 459
384 380
384 381
384 382
384 383
384 385
384 386
384 389
385 306
385 382
385 383
385 384
385 386
385 387
386 306
386 384
386 385
386 387
386 388
386 389
386 390
387 306
387 307
387 385
387 386
387 388
387 389
387 390
387 391
388 386
388 387
388 389
388 390
388 391
389 381
389 384
389 386
389 387
389 388
389 390
389 391
389 392
389 393
390 381
390 382
390 386
390 387
390 388
390 389
390 391
390 392
390 393
390 394
391 317
391 320
391 321
391 387
391 388
391 389
391 390
391 392
391 393
391 394
391 395
392 381
392 389
392 390
392 391
392 393
392 394
392 395
392 396
393 378
393 379
393 381
393 382
393 389
393 390
393 391
393 392
393 394
393 395
393 396
393 397
394 321
394 324
394 325
394 378
394 390
394 391
394 392
394 393
394 395
394 396
394 397
394 398
395 324
395 325
395 391
395 392
395 393
395 394
395 396
395 397
395 398
395 399
396 374
396 375
396 377
396 378
396 392
396 393
396 394
396 395
396 397
396 398
396 399
396 400
397 292
397 374
397 375
397 378
397 393
397 394
397 395
397 396
397 398
397 399
397 400
397 401
398 324
398 325
398 326
398 327
398 394
398 395
398 396
398 397
398 399
398 400
398 401
398 402
399 327
399 330
399 331
399 374
399 395
399 396
399 397
399 398
399 400
399 401
399 402
399 403
400 371
400 372
400 374
400 375
400 378
400 396
400 397
400 398
400 399
400 401
400 402
400 403
400 404
401 166
401 292
401 397
401 398
401 399
401 400
401 402
401 403
401 404
401 405
402 159
402 162
402 163
402 166
402 327
402 330
402 331
402 398
402 399
402 400
402 401
402 403
402 404
402 405
402 406
403 331
403 334
403 367
403 371
403 399
403 400
403 401
403 402
403 404
403 405
403 406
403 407
404 285
404 288
404 289
404 368
404 371
404 400
404 401
404 402
404 403
404 405
404 406
404 407
404 408
405 159
405 162
405 401
405 402
405 403
405 404
405 406
405 407
405 408
405 409
406 158
406 159
406 162
406 331
406 334
406 335
406 402
406 403
406 404
406 405
406 407
406 408
406 409
406 410
407 334
407 335
407 364
407 367
407 368
407 371
407 403
407 404
407 405
407 406
407 408
407 409
407 410
407 411
408 285
408 404
408 405
408 406
408 407
408 409
408 410
408 411
408 412
409 405
409 406
409 407
409 408
409 410
409 411
409 412
409 413
409 425
410 155
410 364
410 406
410 407
410 408
410 409
410 411
410 412
410 413
410 414
411 361
411 364
411 407
411 408
411 409
411 410
411 412
411 413
411 414
411 415
412 408
412 409
412 410
412 411
412 413
412 414
412 415
412 416
412 421
412 424
412 425
413 409
413 410
413 411
413 412
413 414
413 415
413 416
413 417
413 418
413 421
414 357
414 360
414 361
414 410
414 411
414 412
414 413
414 415
414 416
414 417
415 357
415 360
415 361
415 411
415 412
415 413
415 414
415 416
415 417
416 272
416 412
416 413
416 414
416 415
416 417
416 418
416 420
416 421
417 413
417 414
417 415
417 416
417 418
417 419
417 420
417 421
418 413
418 416
418 417
418 419
418 420
418 421
419 417
419 418
419 420
419 421
419 422
420 269
420 416
420 417
420 418
420 419
420 421
420 422
420 423
420 424
421 412
421 413
421 416
421 417
421 418
421 419
421 420
421 422
421 423
421 424
421 425
422 88
422 89
422 92
422 419
422 420
422 421
422 423
422 424
422 425
422 426
423 85
423 88
423 89
423 420
423 421
423 422
423 424
423 425
423 426
423 427
424 273
424 412
424 420
424 421
424 422
424 423
424 425
424 426
424 427
424 428
425 85
425 409
425 412
425 421
425 422
425 423
425 424
425 426
425 427
425 428
425 429
426 81
426 82
426 84
426 85
426 86
426 88
426 422
426 423
426 424
426 425
426 427
426 428
426 429
426 430
427 85
427 423
427 424
427 425
427 426
427 428
427 429
427 430
427 431
428 282
428 285
428 424
428 425
428 426
428 427
428 429
428 430
428 431
428 432
429 81
429 82
429 84
429 85
429 425
429 426
429 427
429 428
429 430
429 431
429 432
429 433
430 81
430 82
430 83
430 84
430 85
430 426
430 427
430 428
430 429
430 431
430 432
430 433
430 434
431 82
431 282
431 286
431 427
431 428
431 429
431 430
431 432
431 433
431 434
431 435
432 81
432 282
432 283
432 285
432 286
432 289
432 290
432 428
432 429
432 430
432 431
432 433
432 434
432 435
432 436
433 77
433 78
433 79
433 81
433 82
433 286
433 429
433 430
433 431
433 432
433 434
433 435
433 436
433 437
434 78
434 82
434 430
434 431
434 432
434 433
434 435
434 436
434 437
434 438
435 286
435 290
435 431
435 432
435 433
435 434
435 436
435 437
435 438
436 74
436 78
436 286
436 289
436 290
436 293
436 432
436 433
436 434
436 435
436 437
436 438
436 439
437 74
437 75
437 78
437 433
437 434
437 435
437 436
437 438
437 439
437 440
437 441
438 290
438 434
438 435
438 436
438 437
438 439
438 440
438 441
438 442
439 74
439 290
439 291
439 293
439 294
439 436
439 437
439 438
439 440
439 441
439 442
439 443
440 70
440 71
440 74
440 294
440 437
440 438
440 439
440 441
440 442
440 443
440 444
441 437
441 438
441 439
441 440
441 442
441 443
441 444
441 445
442 294
442 438
442 439
442 440
442 441
442 443
442 444
442 445
442 446
442 457
443 67
443 70
443 294
443 298
443 439
443 440
443 441
443 442
443 444
443 445
443 446
443 447
444 67
444 440
444 441
444 442
444 443
444 445
444 446
444 447
444 448
445 441
445 442
445 443
445 444
445 446
445 447
445 448
445 449
445 450
446 442
446 443
446 444
446 445
446 447
446 448
446 449
446 450
446 451
446 452
446 453
446 454
446 457
447 63
447 443
447 444
447 445
447 446
447 448
447 449
447 450
447 451
447 452
447 453
448 444
448 445
448 446
448 447
448 449
448 450
448 451
448 452
449 445
449 446
449 447
449 448
449 450
449 451
450 445
450 446
450 447
450 448
450 449
450 451
450 452
450 453
450 454
451 446
451 447
451 448
451 449
451 450
451 452
451 453
452 305
452 446
452 447
452 448
452 450
452 451
452 453
452 454
453 446
453 447
453 450
453 451
453 452
453 454
453 455
453 456
454 383
454 446
454 450
454 452
454 453
454 455
454 456
454 457
454 458
455 383
455 453
455 454
455 456
455 457
455 458
455 459
456 453
456 454
456 455
456 457
456 458
456 459
456 460
457 442
457 446
457 454
457 455
457 456
457 458
457 459
457 460
457 461
458 379
458 382
458 383
458 454
458 455
458 456
458 457
458 459
458 460
458 461
458 462
459 383
459 455
459 456
459 457
459 458
459 460
459 461
459 462
459 463
460 456
460 457
460 458
460 459
460 461
460 462
460 463
460 464
461 287
461 291
461 379
461 457
461 458
461 459
461 460
461 462
461 463
461 464
461 465
462 376
462 379
462 380
462 458
462 459
462 460
462 461
462 463
462 464
462 465
462 466
463 459
463 460
463 461
463 462
463 464
463 465
463 466
463 467
464 287
464 460
464 461
464 462
464 463
464 465
464 466
464 467
464 468
465 287
465 288
465 372
465 375
465 376
465 461
465 462
465 463
465 464
465 466
465 467
465 468
465 469
466 372
466 376
466 462
466 463
466 464
466 465
466 467
466 468
466 469
467 284
467 463
467 464
467 465
467 466
467 468
467 469
467 470
468 283
468 284
468 287
468 288
468 372
468 464
468 465
468 466
468 467
468 469
468 470
468 471
468 472
469 284
469 369
469 372
469 465
469 466
469 467
469 468
469 470
469 471
469 472
469 473
470 280
470 467
470 468
470 469
470 471
470 472
470 473
470 474
471 277
471 280
471 281
471 284
471 368
471 468
471 469
471 470
471 472
471 473
471 474
471 475
472 365
472 366
472 368
472 369
472 468
472 469
472 470
472 471
472 473
472 474
472 475
472 476
473 365
473 469
473 470
473 471
473 472
473 474
473 475
473 476
473 477
474 470
474 471
474 472
474 473
474 475
474 476
474 477
474 478
475 277
475 361
475 362
475 365
475 471
475 472
475 473
475 474
475 476
475 477
475 478
475 479
476 362
476 365
476 472
476 473
476 474
476 475
476 477
476 478
476 479
476 480
477 473
477 474
477 475
477 476
477 478
477 479
477 480
477 481
478 474
478 475
478 476
478 477
478 479
478 480
478 481
478 482
479 358
479 359
479 361
479 362
479 475
479 476
479 477
479 478
479 480
479 481
479 482
479 483
480 476
480 477
480 478
480 479
480 481
480 482
480 483
480 484
481 477
481 478
481 479
481 480
481 482
481 483
481 484
481 485
482 354
482 355
482 358
482 478
482 479
482 480
482 481
482 483
482 484
482 485
482 486
482 489
483 354
483 358
483 479
483 480
483 481
483 482
483 484
483 485
483 486
484 480
484 481
484 482
484 483
484 485
484 486
485 481
485 482
485 483
485 484
485 486
485 487
485 488
485 489
486 354
486 355
486 482
486 483
486 484
486 485
486 487
486 488
486 489
487 485
487 486
487 488
487 489
487 490
488 485
488 486
488 487
488 489
488 490
489 482
489 485
489 486
489 487
489 488
489 490
490 487
490 488
490 489
