0 1
0 2
1 0
1 2
1 3
2 0
2 1
2 3
2 4
3 1
3 2
3 4
3 5
4 2
4 3
4 5
4 6
5 3
5 4
5 6
5 7
6 4
6 5
6 7
6 8
7 5
7 6
7 8
7 9
8 6
8 7
8 9
8 10
9 7
9 8
9 10
9 11
10 8
10 9
10 11
10 12
11 9
11 10
11 12
11 13
12 10
12 11
12 13
12 14
13 11
13 12
13 14
13 15
13 16
14 12
14 13
14 15
14 16
15 13
15 14
15 16
15 17
16 13
16 14
16 15
16 17
16 18
17 15
17 16
17 18
17 19
18 16
18 17
18 19
18 20
19 17
19 18
19 20
19 21
20 18
20 19
20 21
20 22
20 24
20 25
21 19
21 20
21 22
21 23
21 24
21 25
22 20
22 21
22 23
22 24
22 25
22 26
23 21
23 22
23 24
23 25
23 26
23 27
24 20
24 21
24 22
24 23
24 25
24 26
24 27
24 28
25 20
25 21
25 22
25 23
25 24
25 26
25 27
25 28
25 29
26 22
26 23
26 24
26 25
26 27
26 28
26 29
26 30
27 23
27 24
27 25
27 26
27 28
27 29
27 30
27 31
28 24
28 25
28 26
28 27
28 29
28 30
28 31
28 32
29 25
29 26
29 27
29 28
29 30
29 31
29 32
29 33
30 26
30 27
30 28
30 29
30 31
30 32
30 33
30 34
31 27
31 28
31 29
31 30
31 32
31 33
31 34
31 35
32 28
32 29
32 30
32 31
32 33
32 34
32 35
32 36
33 29
33 30
33 31
33 32
33 34
33 35
33 36
33 37
34 30
34 31
34 32
34 33
34 35
34 36
34 37
34 38
35 31
35 32
35 33
35 34
35 36
35 37
35 38
35 39
36 32
36 33
36 34
36 35
36 37
36 38
36 39
36 40
37 33
37 34
37 35
37 36
37 38
37 39
37 40
37 41
38 34
38 35
38 36
38 37
38 39
38 40
38 41
38 42
39 35
39 36
39 37
39 38
39 40
39 41
39 42
39 43
40 36
40 37
40 38
40 39
40 41
40 42
40 43
40 44
41 37
41 38
41 39
41 40
41 42
41 43
41 44
41 45
42 38
42 39
42 40
42 41
42 43
42 44
42 45
42 46
43 39
43 40
43 41
43 42
43 44
43 45
43 46
43 47
44 40
44 41
44 42
44 43
44 45
44 46
44 47
44 48
45 41
45 42
45 43
45 44
45 46
45 47
45 48
45 49
46 42
46 43
46 44
46 45
46 47
46 48
46 49
46 50
47 43
47 44
47 45
47 46
47 48
47 49
47 50
47 51
48 44
48 45
48 46
48 47
48 49
48 50
48 51
48 52
49 45
49 46
49 47
49 48
49 50
49 51
49 52
49 53
50 46
50 47
50 48
50 49
50 51
50 52
50 53
50 54
51 47
51 48
51 49
51 50
51 52
51 53
51 54
52 48
52 49
52 50
52 51
52 53
52 54
53 49
53 50
53 51
53 52
53 54
53 55
54 50
54 51
54 52
54 53
54 55
54 56
55 53
55 54
55 56
55 57
56 54
56 55
56 57
56 58
57 55
57 56
57 58
57 59
58 56
58 57
58 59
58 60
59 57
59 58
59 60
59 61
60 58
60 59
60 61
60 62
61 59
61 60
61 62
61 63
62 60
62 61
62 63
62 64
63 61
63 62
63 64
63 65
64 62
64 63
64 65
64 66
65 63
65 64
65 66
65 67
66 64
66 65
66 67
66 68
67 65
67 66
67 68
67 69
68 66
68 67
68 69
68 70
69 67
69 68
69 70
69 71
70 68
70 69
70 71
70 72
71 69
71 70
71 72
71 73
72 70
72 71
72 73
72 74
73 71
73 72
73 74
73 75
74 72
74 73
74 75
74 76
75 73
75 74
75 76
75 77
76 74
76 75
76 77
76 78
77 75
77 76
77 78
77 79
78 76
78 77
78 79
78 80
79 77
79 78
79 80
79 81
80 78
80 79
80 81
80 82
81 79
81 80
81 82
81 83
82 80
82 81
82 83
82 84
83 81
83 82
83 84
83 85
84 82
84 83
84 85
84 86
85 83
85 84
85 86
85 87
86 84
86 85
86 87
86 88
86 89
87 85
87 86
87 88
87 89
87 90
88 86
88 87
88 89
88 90
88 91
88 92
89 86
89 87
89 88
89 90
89 91
89 92
89 93
90 87
90 88
90 89
90 91
90 92
90 93
90 94
91 88
91 89
91 90
91 92
91 93
91 94
91 95
92 88
92 89
92 90
92 91
92 93
92 94
92 95
92 96
93 89
93 90
93 91
93 92
93 94
93 95
93 96
93 97
94 90
94 91
94 92
94 93
94 95
94 96
94 97
94 98
95 91
95 92
95 93
95 94
95 96
95 97
95 98
95 99
96 92
96 93
96 94
96 95
96 97
96 98
96 99
96 100
97 93
97 94
97 95
97 96
97 98
97 99
97 100
97 101
97 554
98 94
98 95
98 96
98 97
98 99
98 100
98 101
98 102
99 95
99 96
99 97
99 98
99 100
99 101
99 102
99 103
100 96
100 97
100 98
100 99
100 101
100 102
100 103
100 104
100 361
100 362
100 381
101 97
101 98
101 99
101 100
101 102
101 103
101 104
101 105
101 526
102 98
102 99
102 100
102 101
102 103
102 104
102 105
102 106
102 524
102 526
103 99
103 100
103 101
103 102
103 104
103 105
103 106
103 343
103 360
103 361
103 362
104 100
104 101
104 102
104 103
104 105
104 106
104 107
104 359
104 360
104 361
104 381
104 382
104 383
104 384
105 101
105 102
105 103
105 104
105 106
105 107
105 383
105 384
105 524
105 525
105 526
105 527
106 102
106 103
106 104
106 105
106 107
106 108
106 524
106 525
106 526
107 104
107 105
107 106
107 108
107 109
108 106
108 107
108 109
108 110
109 107
109 108
109 110
109 111
110 108
110 109
110 111
110 112
111 109
111 110
111 112
111 113
112 110
112 111
112 113
112 114
113 111
113 112
113 114
113 115
114 112
114 113
114 115
114 116
115 113
115 114
115 116
115 117
116 114
116 115
116 117
116 118
117 115
117 116
117 118
117 119
118 116
118 117
118 119
118 120
119 117
119 118
119 120
119 121
120 118
120 119
120 121
120 122
121 119
121 120
121 122
121 123
122 120
122 121
122 123
122 124
123 121
123 122
123 124
123 125
124 122
124 123
124 125
124 126
125 123
125 124
125 126
125 127
126 124
126 125
126 127
126 128
127 125
127 126
127 128
127 129
128 126
128 127
128 129
128 130
129 127
129 128
129 130
129 131
130 128
130 129
130 131
130 132
131 129
131 130
131 132
131 133
132 130
132 131
132 133
132 134
133 131
133 132
133 134
133 135
134 132
134 133
134 135
134 136
135 133
135 134
135 136
135 137
136 134
136 135
136 137
136 138
137 135
137 136
137 138
137 139
138 136
138 137
138 139
138 140
139 137
139 138
139 140
139 141
140 138
140 139
140 141
140 142
141 139
141 140
141 142
141 143
142 140
142 141
142 143
142 144
143 141
143 142
143 144
143 145
144 142
144 143
144 145
144 146
145 143
145 144
145 146
145 147
146 144
146 145
146 147
146 148
147 145
147 146
147 148
147 149
148 146
148 147
148 149
148 150
149 147
149 148
149 150
149 151
150 148
150 149
150 151
150 152
150 487
151 149
151 150
151 152
151 153
151 486
151 487
152 150
152 151
152 153
152 154
152 485
152 486
152 487
153 151
153 152
153 154
153 155
153 484
153 485
153 486
154 152
154 153
154 155
154 156
154 484
154 485
155 153
155 154
155 156
155 157
156 154
156 155
156 157
156 158
157 155
157 156
157 158
157 159
158 156
158 157
158 159
158 160
159 157
159 158
159 160
159 161
160 158
160 159
160 161
160 162
161 159
161 160
161 162
161 163
162 160
162 161
162 163
162 164
163 161
163 162
163 164
163 165
164 162
164 163
164 165
164 166
165 163
165 164
165 166
165 167
166 164
166 165
166 167
166 168
167 165
167 166
167 168
167 169
168 166
168 167
168 169
168 170
169 167
169 168
169 170
169 171
170 168
170 169
170 171
170 172
171 169
171 170
171 172
171 173
172 170
172 171
172 173
172 174
173 171
173 172
173 174
173 175
174 172
174 173
174 175
174 176
175 173
175 174
175 176
175 177
176 174
176 175
176 177
176 178
177 175
177 176
177 178
177 179
178 176
178 177
178 179
178 180
179 177
179 178
179 180
179 181
180 178
180 179
180 181
180 182
181 179
181 180
181 182
181 183
182 180
182 181
182 183
182 184
183 181
183 182
183 184
183 185
184 182
184 183
184 185
184 186
185 183
185 184
185 186
185 187
186 184
186 185
186 187
186 188
187 185
187 186
187 188
187 189
188 186
188 187
188 189
188 190
189 187
189 188
189 190
189 191
190 188
190 189
190 191
190 192
191 189
191 190
191 192
191 193
192 190
192 191
192 193
192 194
193 191
193 192
193 194
193 195
194 192
194 193
194 195
194 196
195 193
195 194
195 196
195 197
196 194
196 195
196 197
196 198
197 195
197 196
197 198
197 199
198 196
198 197
198 199
198 200
199 197
199 198
199 200
199 201
200 198
200 199
200 201
200 202
201 199
201 200
201 202
201 203
202 200
202 201
202 203
202 204
203 201
203 202
203 204
203 205
204 202
204 203
204 205
204 206
205 203
205 204
205 206
205 207
206 204
206 205
206 207
206 208
207 205
207 206
207 208
207 209
208 206
208 207
208 209
208 210
209 207
209 208
209 210
209 211
210 208
210 209
210 211
210 212
211 209
211 210
211 212
211 213
212 210
212 211
212 213
212 214
213 211
213 212
213 214
213 215
214 212
214 213
214 215
214 216
215 213
215 214
215 216
215 217
216 214
216 215
216 217
216 218
217 215
217 216
217 218
217 219
218 216
218 217
218 219
218 220
219 217
219 218
219 220
219 221
220 218
220 219
220 221
220 222
221 219
221 220
221 222
221 223
222 220
222 221
222 223
222 224
223 221
223 222
223 224
223 225
224 222
224 223
224 225
224 226
225 223
225 224
225 226
225 227
226 224
226 225
226 227
226 228
227 225
227 226
227 228
227 229
228 226
228 227
228 229
228 230
229 227
229 228
229 230
229 231
230 228
230 229
230 231
230 232
231 229
231 230
231 232
231 233
232 230
232 231
232 233
232 234
233 231
233 232
233 234
233 235
234 232
234 233
234 235
234 236
235 233
235 234
235 236
235 237
236 234
236 235
236 237
236 238
237 235
237 236
237 238
237 239
238 236
238 237
238 239
238 240
239 237
239 238
239 240
239 241
240 238
240 239
240 241
240 242
241 239
241 240
241 242
241 243
242 240
242 241
242 243
242 244
243 241
243 242
243 244
243 245
244 242
244 243
244 245
244 246
245 243
245 244
245 246
245 247
246 244
246 245
246 247
246 248
247 245
247 246
247 248
247 249
248 246
248 247
248 249
248 250
249 247
249 248
249 250
249 251
250 248
250 249
250 251
250 252
251 249
251 250
251 252
251 253
252 250
252 251
252 253
252 254
253 251
253 252
253 254
253 255
254 252
254 253
254 255
254 256
255 253
255 254
255 256
255 257
256 254
256 255
256 257
256 258
257 255
257 256
257 258
257 259
258 256
258 257
258 259
258 260
258 261
258 262
258 285
258 379
258 380
259 257
259 258
259 260
259 261
259 285
259 286
259 287
259 380
260 258
260 259
260 261
260 262
260 285
260 286
260 287
260 358
260 359
260 379
260 380
260 381
260 382
261 258
261 259
261 260
261 262
261 263
261 283
261 284
261 285
261 286
261 287
261 358
261 359
261 379
261 380
262 258
262 260
262 261
262 263
262 264
262 283
262 284
262 285
262 286
262 377
262 378
262 379
262 380
263 261
263 262
263 264
263 265
263 280
263 281
263 282
263 283
263 284
263 377
263 378
263 379
263 380
264 262
264 263
264 265
264 266
264 280
264 281
264 282
264 283
264 375
264 376
264 377
264 378
265 263
265 264
265 266
265 267
265 278
265 279
265 280
265 281
265 282
265 375
265 376
265 377
265 378
266 264
266 265
266 267
266 268
266 278
266 279
266 280
266 281
266 373
266 374
266 375
266 376
267 265
267 266
267 268
267 269
267 276
267 277
267 278
267 279
267 373
267 374
267 375
268 266
268 267
268 269
268 270
268 276
268 277
268 278
268 370
268 372
268 373
268 374
269 267
269 268
269 270
269 271
269 274
269 275
269 276
269 277
269 370
269 371
269 372
269 373
270 268
270 269
270 271
270 272
270 273
270 274
270 275
270 276
271 269
271 270
271 272
271 273
271 274
271 275
271 333
271 334
272 270
272 271
272 273
272 274
273 270
273 271
273 272
273 274
273 275
274 269
274 270
274 271
274 272
274 273
274 275
274 276
274 330
274 331
274 332
274 333
274 334
275 269
275 270
275 271
275 273
275 274
275 276
275 277
275 328
275 329
275 330
275 331
275 332
276 267
276 268
276 269
276 270
276 274
276 275
276 277
276 278
276 328
276 329
276 330
276 332
277 267
277 268
277 269
277 275
277 276
277 278
277 279
277 326
277 327
277 328
277 329
278 265
278 266
278 267
278 268
278 276
278 277
278 279
278 280
278 326
278 327
278 328
278 329
279 265
279 266
279 267
279 277
279 278
279 280
279 281
279 324
279 325
279 326
279 327
280 263
280 264
280 265
280 266
280 278
280 279
280 281
280 282
280 323
280 324
280 325
280 326
281 263
281 264
281 265
281 266
281 279
281 280
281 282
281 283
281 322
281 323
281 324
281 325
282 263
282 264
282 265
282 280
282 281
282 283
282 284
282 320
282 321
282 322
282 323
282 324
283 261
283 262
283 263
283 264
283 281
283 282
283 284
283 285
283 286
283 320
283 321
283 322
284 261
284 262
284 263
284 282
284 283
284 285
284 286
284 319
284 320
284 321
285 258
285 259
285 260
285 261
285 262
285 283
285 284
285 286
285 287
285 320
286 259
286 260
286 261
286 262
286 283
286 284
286 285
286 287
286 288
286 319
286 320
287 259
287 260
287 261
287 285
287 286
287 288
287 289
288 286
288 287
288 289
288 290
288 319
289 287
289 288
289 290
289 291
289 292
290 288
290 289
290 291
290 292
290 293
291 289
291 290
291 292
291 293
292 289
292 290
292 291
292 293
292 294
292 295
292 348
293 290
293 291
293 292
293 294
293 295
293 350
294 292
294 293
294 295
294 296
294 348
294 349
294 350
294 351
295 292
295 293
295 294
295 296
295 297
295 317
295 318
295 319
295 348
295 349
295 350
296 294
296 295
296 297
296 298
296 315
296 316
296 317
296 318
296 348
296 349
296 350
297 295
297 296
297 298
297 299
297 315
297 316
297 317
297 321
297 346
297 347
297 348
297 349
298 296
298 297
298 299
298 300
298 312
298 313
298 314
298 315
298 316
298 346
298 347
298 348
298 349
299 297
299 298
299 300
299 301
299 312
299 313
299 344
299 345
299 346
299 347
300 298
300 299
300 301
300 302
300 310
300 311
300 312
300 313
300 344
300 345
300 346
300 347
301 299
301 300
301 302
301 303
301 310
301 311
301 312
301 342
301 343
301 344
301 345
302 300
302 301
302 303
302 304
302 307
302 309
302 310
302 311
302 342
302 343
302 344
303 301
303 302
303 304
303 305
303 306
303 307
303 308
303 309
303 310
303 329
303 340
303 341
303 342
303 343
304 302
304 303
304 305
304 306
304 307
304 340
304 341
304 342
304 343
305 303
305 304
305 306
305 307
305 339
305 340
305 341
305 462
306 303
306 304
306 305
306 307
306 308
306 309
307 302
307 303
307 304
307 305
307 306
307 308
307 309
307 310
308 303
308 306
308 307
308 309
308 310
309 302
309 303
309 306
309 307
309 308
309 310
309 311
309 329
310 300
310 301
310 302
310 303
310 307
310 308
310 309
310 311
310 312
311 300
311 301
311 302
311 309
311 310
311 312
311 313
311 327
312 298
312 299
312 300
312 301
312 310
312 311
312 313
312 314
313 298
313 299
313 300
313 311
313 312
313 314
313 315
313 323
313 325
314 298
314 312
314 313
314 315
314 316
314 323
315 296
315 297
315 298
315 313
315 314
315 316
315 317
315 349
316 296
316 297
316 298
316 314
316 315
316 317
316 318
316 321
316 322
316 323
317 295
317 296
317 297
317 315
317 316
317 318
317 319
317 320
317 321
318 295
318 296
318 316
318 317
318 319
318 320
318 321
319 284
319 286
319 288
319 295
319 317
319 318
319 320
319 321
320 282
320 283
320 284
320 285
320 286
320 317
320 318
320 319
320 321
320 322
321 282
321 283
321 284
321 297
321 316
321 317
321 318
321 319
321 320
321 322
321 323
322 281
322 282
322 283
322 316
322 320
322 321
322 323
322 324
323 280
323 281
323 282
323 313
323 314
323 316
323 321
323 322
323 324
323 325
324 279
324 280
324 281
324 282
324 322
324 323
324 325
324 326
325 279
325 280
325 281
325 313
325 323
325 324
325 326
325 327
326 277
326 278
326 279
326 280
326 324
326 325
326 327
326 328
327 277
327 278
327 279
327 311
327 325
327 326
327 328
327 329
328 275
328 276
328 277
328 278
328 326
328 327
328 329
328 330
329 275
329 276
329 277
329 278
329 303
329 309
329 327
329 328
329 330
329 331
329 332
330 274
330 275
330 276
330 328
330 329
330 331
330 332
331 274
331 275
331 329
331 330
331 332
331 333
332 274
332 275
332 276
332 329
332 330
332 331
332 333
332 334
332 336
332 337
332 340
333 271
333 274
333 331
333 332
333 334
333 335
333 336
333 337
334 271
334 274
334 332
334 333
334 335
334 336
334 337
335 333
335 334
335 336
335 337
335 338
336 332
336 333
336 334
336 335
336 337
336 338
336 339
336 340
337 332
337 333
337 334
337 335
337 336
337 338
337 339
337 340
337 365
337 366
338 335
338 336
338 337
338 339
338 340
338 341
338 364
338 365
338 366
339 305
339 336
339 337
339 338
339 340
339 341
339 364
339 365
339 366
339 462
340 303
340 304
340 305
340 332
340 336
340 337
340 338
340 339
340 341
340 342
340 364
340 365
340 366
341 303
341 304
341 305
341 338
341 339
341 340
341 342
341 343
341 362
341 363
341 364
341 365
342 301
342 302
342 303
342 304
342 340
342 341
342 343
342 344
342 362
342 363
342 364
342 365
343 103
343 301
343 302
343 303
343 304
343 341
343 342
343 344
343 345
343 360
343 361
343 362
343 363
344 299
344 300
344 301
344 302
344 342
344 343
344 345
344 346
344 360
344 361
344 362
344 363
345 299
345 300
345 301
345 343
345 344
345 346
345 347
345 357
345 358
345 359
345 360
345 361
346 297
346 298
346 299
346 300
346 344
346 345
346 347
346 348
346 357
346 358
346 359
346 360
347 297
347 298
347 299
347 300
347 345
347 346
347 348
347 349
347 355
347 356
347 357
347 358
347 359
348 292
348 294
348 295
348 296
348 297
348 298
348 346
348 347
348 349
348 350
348 355
348 356
348 357
348 358
349 294
349 295
349 296
349 297
349 298
349 315
349 347
349 348
349 350
349 351
349 353
349 354
349 355
349 356
350 293
350 294
350 295
350 296
350 348
350 349
350 351
350 352
350 353
350 354
350 355
350 356
351 294
351 349
351 350
351 352
351 353
351 354
352 350
352 351
352 353
352 354
353 349
353 350
353 351
353 352
353 354
353 355
354 349
354 350
354 351
354 352
354 353
354 355
354 356
355 347
355 348
355 349
355 350
355 353
355 354
355 356
355 357
356 347
356 348
356 349
356 350
356 354
356 355
356 357
356 358
357 345
357 346
357 347
357 348
357 355
357 356
357 358
357 359
357 360
357 383
357 385
358 260
358 261
358 345
358 346
358 347
358 348
358 356
358 357
358 359
358 360
358 382
358 383
359 104
359 260
359 261
359 345
359 346
359 347
359 357
359 358
359 360
359 361
359 380
359 381
359 382
359 383
360 103
360 104
360 343
360 344
360 345
360 346
360 357
360 358
360 359
360 361
360 362
360 380
360 381
360 382
360 383
361 100
361 103
361 104
361 343
361 344
361 345
361 359
361 360
361 362
361 363
361 378
361 379
361 380
361 381
362 100
362 103
362 341
362 342
362 343
362 344
362 360
362 361
362 363
362 364
363 341
363 342
363 343
363 344
363 361
363 362
363 364
363 365
363 378
364 338
364 339
364 340
364 341
364 342
364 362
364 363
364 365
364 366
364 367
365 337
365 338
365 339
365 340
365 341
365 342
365 363
365 364
365 366
365 367
365 368
366 337
366 338
366 339
366 340
366 364
366 365
366 367
366 368
367 364
367 365
367 366
367 368
367 369
368 365
368 366
368 367
368 369
368 370
368 374
369 367
369 368
369 370
369 371
369 372
369 374
370 268
370 269
370 368
370 369
370 371
370 372
370 373
370 374
371 269
371 369
371 370
371 372
371 373
372 268
372 269
372 369
372 370
372 371
372 373
372 374
373 266
373 267
373 268
373 269
373 370
373 371
373 372
373 374
373 375
374 266
374 267
374 268
374 368
374 369
374 370
374 372
374 373
374 375
374 376
375 264
375 265
375 266
375 267
375 373
375 374
375 376
375 377
376 264
376 265
376 266
376 374
376 375
376 377
376 378
377 262
377 263
377 264
377 265
377 375
377 376
377 378
377 379
378 262
378 263
378 264
378 265
378 361
378 363
378 376
378 377
378 379
378 380
379 258
379 260
379 261
379 262
379 263
379 361
379 377
379 378
379 380
379 381
380 258
380 259
380 260
380 261
380 262
380 263
380 359
380 360
380 361
380 378
380 379
380 381
380 382
381 100
381 104
381 260
381 359
381 360
381 361
381 379
381 380
381 382
381 383
382 104
382 260
382 358
382 359
382 360
382 380
382 381
382 383
382 384
383 104
383 105
383 357
383 358
383 359
383 360
383 381
383 382
383 384
383 385
384 104
384 105
384 382
384 383
384 385
384 386
385 357
385 383
385 384
385 386
385 387
385 527
386 384
386 385
386 387
386 388
387 385
387 386
387 388
387 389
388 386
388 387
388 389
388 390
389 387
389 388
389 390
389 391
390 388
390 389
390 391
390 392
391 389
391 390
391 392
391 393
392 390
392 391
392 393
392 394
393 391
393 392
393 394
393 395
394 392
394 393
394 395
394 396
395 393
395 394
395 396
395 397
396 394
396 395
396 397
396 398
397 395
397 396
397 398
397 399
398 396
398 397
398 399
398 400
399 397
399 398
399 400
399 401
400 398
400 399
400 401
400 402
401 399
401 400
401 402
401 403
402 400
402 401
402 403
402 404
403 401
403 402
403 404
403 405
404 402
404 403
404 405
404 406
405 403
405 404
405 406
405 407
406 404
406 405
406 407
406 408
407 405
407 406
407 408
407 409
408 406
408 407
408 409
408 410
409 407
409 408
409 410
409 411
409 412
410 408
410 409
410 411
410 412
411 409
411 410
411 412
411 413
411 414
412 409
412 410
412 411
412 413
412 414
413 411
413 412
413 414
413 415
414 411
414 412
414 413
414 415
414 416
414 440
415 413
415 414
415 416
415 417
415 440
415 550
415 551
416 414
416 415
416 417
416 418
416 438
416 439
416 440
416 441
416 442
416 516
416 517
416 550
416 551
417 415
417 416
417 418
417 419
417 438
417 439
417 440
417 441
417 548
417 549
417 550
417 551
418 416
418 417
418 419
418 420
418 435
418 436
418 437
418 438
418 439
418 548
418 549
418 550
418 551
419 417
419 418
419 420
419 421
419 435
419 436
419 437
419 438
419 546
419 547
419 548
419 549
420 418
420 419
420 421
420 422
420 433
420 434
420 435
420 436
420 437
420 546
420 547
420 548
420 549
421 419
421 420
421 422
421 423
421 433
421 434
421 435
421 436
421 544
421 545
421 546
421 547
422 420
422 421
422 423
422 424
422 431
422 432
422 433
422 434
422 533
422 534
422 537
422 544
422 545
422 546
423 421
423 422
423 424
423 425
423 431
423 432
423 433
423 537
423 542
423 543
423 544
423 545
424 422
424 423
424 425
424 426
424 429
424 430
424 431
424 432
424 537
424 538
424 541
424 542
424 543
424 544
425 423
425 424
425 426
425 427
425 428
425 429
425 430
425 431
425 541
425 542
426 424
426 425
426 427
426 428
426 429
426 430
426 491
426 492
426 541
426 542
427 425
427 426
427 428
427 429
428 425
428 426
428 427
428 429
428 430
429 424
429 425
429 426
429 427
429 428
429 430
429 431
429 489
429 490
429 491
429 492
430 424
430 425
430 426
430 428
430 429
430 431
430 432
430 487
430 488
430 489
430 490
430 491
431 422
431 423
431 424
431 425
431 429
431 430
431 432
431 433
431 487
431 488
431 489
431 490
432 422
432 423
432 424
432 430
432 431
432 433
432 434
432 485
432 486
432 487
432 488
433 420
433 421
433 422
433 423
433 431
433 432
433 434
433 435
433 485
433 486
433 487
434 420
434 421
434 422
434 432
434 433
434 435
434 436
434 483
434 484
434 485
434 486
435 418
435 419
435 420
435 421
435 433
435 434
435 436
435 437
435 454
435 471
435 482
435 483
435 484
435 485
436 418
436 419
436 420
436 421
436 434
436 435
436 437
436 438
436 481
436 482
436 483
436 484
437 418
437 419
437 420
437 435
437 436
437 438
437 439
437 479
437 480
437 481
437 482
437 483
438 416
438 417
438 418
438 419
438 436
438 437
438 439
438 440
438 441
438 478
438 479
438 480
438 481
439 416
439 417
439 418
439 437
439 438
439 440
439 441
439 478
439 479
439 480
440 414
440 415
440 416
440 417
440 438
440 439
440 441
440 442
440 478
440 479
441 416
441 417
441 438
441 439
441 440
441 442
441 443
441 449
441 450
441 477
441 478
441 479
441 516
442 416
442 440
442 441
442 443
442 444
442 449
442 450
442 478
442 516
443 441
443 442
443 444
443 445
443 446
443 447
443 448
443 449
443 450
443 506
443 516
444 442
444 443
444 445
444 446
444 447
445 443
445 444
445 446
445 447
446 443
446 444
446 445
446 447
446 448
447 443
447 444
447 445
447 446
447 448
447 449
448 443
448 446
448 447
448 449
448 450
448 476
449 441
449 442
449 443
449 447
449 448
449 450
449 451
449 475
449 476
449 477
449 478
450 441
450 442
450 443
450 448
450 449
450 451
450 452
450 475
450 476
450 477
450 478
450 506
450 507
450 508
451 449
451 450
451 452
451 453
451 473
451 474
451 475
451 476
451 477
451 505
451 506
451 507
451 508
452 450
452 451
452 453
452 454
452 473
452 474
452 475
452 476
452 477
452 480
452 504
452 505
452 506
452 507
453 451
453 452
453 454
453 455
453 470
453 471
453 472
453 473
453 474
453 504
453 505
453 506
453 507
454 435
454 452
454 453
454 455
454 456
454 470
454 471
454 502
454 503
454 504
454 505
455 453
455 454
455 456
455 457
455 468
455 469
455 470
455 471
455 501
455 502
455 503
455 504
455 505
456 454
456 455
456 457
456 458
456 468
456 469
456 470
456 500
456 501
456 502
456 503
457 455
457 456
457 458
457 459
457 465
457 466
457 467
457 468
457 469
457 500
457 501
457 502
458 456
458 457
458 459
458 460
458 465
458 466
458 467
458 468
458 498
458 499
458 500
458 501
459 457
459 458
459 460
459 461
459 462
459 463
459 464
459 465
459 466
459 467
459 498
459 499
459 500
459 501
460 458
460 459
460 461
460 462
460 463
460 464
460 465
460 466
460 494
460 497
460 498
460 499
461 459
461 460
461 462
461 463
461 464
461 497
461 498
461 499
461 523
462 305
462 339
462 459
462 460
462 461
462 463
462 464
463 459
463 460
463 461
463 462
463 464
463 465
464 459
464 460
464 461
464 462
464 463
464 465
464 466
465 457
465 458
465 459
465 460
465 463
465 464
465 466
465 467
465 468
466 457
466 458
466 459
466 460
466 464
466 465
466 467
466 468
467 457
467 458
467 459
467 465
467 466
467 468
467 469
467 488
468 455
468 456
468 457
468 458
468 465
468 466
468 467
468 469
468 470
469 455
469 456
469 457
469 467
469 468
469 470
469 471
469 486
470 453
470 454
470 455
470 456
470 468
470 469
470 471
470 472
471 435
471 453
471 454
471 455
471 469
471 470
471 472
471 473
471 482
471 484
472 453
472 470
472 471
472 473
472 474
472 482
473 451
473 452
473 453
473 471
473 472
473 474
473 475
473 507
474 451
474 452
474 453
474 472
474 473
474 475
474 476
474 477
474 480
474 481
474 482
475 449
475 450
475 451
475 452
475 473
475 474
475 476
475 477
476 448
476 449
476 450
476 451
476 452
476 474
476 475
476 477
476 478
477 441
477 449
477 450
477 451
477 452
477 474
477 475
477 476
477 478
477 479
477 480
478 438
478 439
478 440
478 441
478 442
478 449
478 450
478 476
478 477
478 479
478 480
479 437
479 438
479 439
479 440
479 441
479 477
479 478
479 480
479 481
480 437
480 438
480 439
480 452
480 474
480 477
480 478
480 479
480 481
480 482
481 436
481 437
481 438
481 474
481 479
481 480
481 482
481 483
482 435
482 436
482 437
482 471
482 472
482 474
482 480
482 481
482 483
482 484
483 434
483 435
483 436
483 437
483 481
483 482
483 484
483 485
484 153
484 154
484 434
484 435
484 436
484 471
484 482
484 483
484 485
484 486
485 152
485 153
485 154
485 432
485 433
485 434
485 435
485 483
485 484
485 486
485 487
486 151
486 152
486 153
486 432
486 433
486 434
486 469
486 484
486 485
486 487
486 488
487 150
487 151
487 152
487 430
487 431
487 432
487 433
487 485
487 486
487 488
487 489
488 430
488 431
488 432
488 467
488 486
488 487
488 489
488 490
489 429
489 430
489 431
489 487
489 488
489 490
489 491
490 429
490 430
490 431
490 488
490 489
490 491
490 492
490 494
490 495
491 426
491 429
491 430
491 489
491 490
491 492
491 493
491 494
491 495
492 426
492 429
492 490
492 491
492 493
492 494
492 495
492 496
493 491
493 492
493 494
493 495
493 496
493 497
494 460
494 490
494 491
494 492
494 493
494 495
494 496
494 497
494 498
495 490
495 491
495 492
495 493
495 494
495 496
495 497
495 498
495 522
496 492
496 493
496 494
496 495
496 497
496 498
496 522
496 523
497 460
497 461
497 493
497 494
497 495
497 496
497 498
497 499
497 522
497 523
498 458
498 459
498 460
498 461
498 494
498 495
498 496
498 497
498 499
498 500
498 522
498 523
499 458
499 459
499 460
499 461
499 497
499 498
499 500
499 501
499 520
499 521
499 522
499 523
499 524
499 525
500 456
500 457
500 458
500 459
500 498
500 499
500 501
500 502
500 520
500 521
500 522
501 455
501 456
501 457
501 458
501 459
501 499
501 500
501 502
501 503
501 518
501 519
501 520
501 521
502 454
502 455
502 456
502 457
502 500
502 501
502 503
502 504
502 518
502 519
502 520
503 454
503 455
503 456
503 501
503 502
503 504
503 505
503 515
503 516
503 517
503 518
503 519
504 452
504 453
504 454
504 455
504 502
504 503
504 505
504 506
504 515
504 516
504 517
504 518
505 451
505 452
505 453
505 454
505 455
505 503
505 504
505 506
505 507
505 513
505 514
505 515
505 516
505 517
506 443
506 450
506 451
506 452
506 453
506 504
506 505
506 507
506 508
506 513
506 514
506 515
506 516
507 450
507 451
507 452
507 453
507 473
507 505
507 506
507 508
507 509
507 510
507 512
507 513
507 514
508 450
508 451
508 506
508 507
508 509
508 510
508 512
508 513
508 514
509 507
509 508
509 510
509 511
509 512
509 513
510 507
510 508
510 509
510 511
510 512
510 513
511 509
511 510
511 512
511 513
512 507
512 508
512 509
512 510
512 511
512 513
512 514
513 505
513 506
513 507
513 508
513 509
513 510
513 511
513 512
513 514
513 515
514 505
514 506
514 507
514 508
514 512
514 513
514 515
514 516
515 503
515 504
515 505
515 506
515 513
515 514
515 516
515 517
515 518
515 554
516 416
516 441
516 442
516 443
516 503
516 504
516 505
516 506
516 514
516 515
516 517
516 518
516 551
516 553
516 554
517 416
517 503
517 504
517 505
517 515
517 516
517 518
517 519
517 551
517 552
517 553
517 554
518 501
518 502
518 503
518 504
518 515
518 516
518 517
518 519
518 520
518 551
518 552
518 553
518 554
519 501
519 502
519 503
519 517
519 518
519 520
519 521
519 525
519 526
519 530
519 549
519 550
519 551
519 552
520 499
520 500
520 501
520 502
520 518
520 519
520 521
520 522
520 524
520 525
520 526
520 530
521 499
521 500
521 501
521 519
521 520
521 522
521 523
521 524
521 525
521 526
521 530
521 531
521 533
521 534
522 495
522 496
522 497
522 498
522 499
522 500
522 520
522 521
522 523
522 524
522 525
522 530
522 531
522 534
523 461
523 496
523 497
523 498
523 499
523 521
523 522
523 524
523 525
524 102
524 105
524 106
524 499
524 520
524 521
524 522
524 523
524 525
524 526
525 105
525 106
525 499
525 519
525 520
525 521
525 522
525 523
525 524
525 526
525 527
525 528
525 530
525 531
526 101
526 102
526 105
526 106
526 519
526 520
526 521
526 524
526 525
526 527
526 528
526 530
526 531
527 105
527 385
527 525
527 526
527 528
527 529
527 530
527 531
528 525
528 526
528 527
528 529
528 530
528 531
528 532
529 527
529 528
529 530
529 531
529 532
529 533
529 549
530 519
530 520
530 521
530 522
530 525
530 526
530 527
530 528
530 529
530 531
530 532
530 533
530 534
530 549
531 521
531 522
531 525
531 526
531 527
531 528
531 529
531 530
531 532
531 533
531 534
531 535
532 528
532 529
532 530
532 531
532 533
532 534
532 535
532 536
533 422
533 521
533 529
533 530
533 531
533 532
533 534
533 535
533 536
533 537
533 545
533 547
534 422
534 521
534 522
534 530
534 531
534 532
534 533
534 535
534 536
534 537
534 538
535 531
535 532
535 533
535 534
535 536
535 537
535 538
535 539
536 532
536 533
536 534
536 535
536 537
536 538
536 539
536 540
536 545
537 422
537 423
537 424
537 533
537 534
537 535
537 536
537 538
537 539
537 540
537 541
537 542
537 543
537 544
537 545
538 424
538 534
538 535
538 536
538 537
538 539
538 540
538 541
539 535
539 536
539 537
539 538
539 540
539 541
540 536
540 537
540 538
540 539
540 541
540 542
540 543
540 544
540 545
541 424
541 425
541 426
541 537
541 538
541 539
541 540
541 542
541 543
542 423
542 424
542 425
542 426
542 537
542 540
542 541
542 543
542 544
543 423
543 424
543 537
543 540
543 541
543 542
543 544
543 545
544 421
544 422
544 423
544 424
544 537
544 540
544 542
544 543
544 545
544 546
545 421
545 422
545 423
545 533
545 536
545 537
545 540
545 543
545 544
545 546
545 547
546 419
546 420
546 421
546 422
546 544
546 545
546 547
546 548
547 419
547 420
547 421
547 533
547 545
547 546
547 548
547 549
548 417
548 418
548 419
548 420
548 546
548 547
548 549
548 550
549 417
549 418
549 419
549 420
549 519
549 529
549 530
549 547
549 548
549 550
549 551
550 415
550 416
550 417
550 418
550 519
550 548
550 549
550 551
550 552
551 415
551 416
551 417
551 418
551 516
551 517
551 518
551 519
551 549
551 550
551 552
551 553
552 517
552 518
552 519
552 550
552 551
552 553
552 554
553 516
553 517
553 518
553 551
553 552
553 554
554 97
554 515
554 516
554 517
554 518
554 552
554 553
