0 1
0 2
1 0
1 2
1 3
2 0
2 1
2 3
2 4
3 1
3 2
3 4
3 5
4 2
4 3
4 5
4 6
5 3
5 4
5 6
5 7
6 4
6 5
6 7
6 8
7 5
7 6
7 8
7 9
8 6
8 7
8 9
8 10
9 7
9 8
9 10
9 11
10 8
10 9
10 11
10 12
11 9
11 10
11 12
11 13
11 95
11 96
12 10
12 11
12 13
12 14
12 95
12 96
13 11
13 12
13 14
13 15
13 93
13 94
13 95
13 96
13 174
14 12
14 13
14 15
14 16
14 92
14 93
14 94
14 95
14 96
14 99
14 174
14 175
14 176
15 13
15 14
15 16
15 17
15 92
15 93
15 94
15 174
15 175
15 176
16 14
16 15
16 17
16 18
16 92
16 93
16 94
16 175
16 176
16 177
16 178
16 179
16 180
16 181
17 15
17 16
17 18
17 19
17 20
17 21
17 92
17 175
17 176
17 177
17 178
17 179
18 16
18 17
18 19
18 20
18 21
18 83
18 92
18 177
18 178
18 179
18 180
19 17
19 18
19 20
19 21
19 178
19 179
19 274
20 17
20 18
20 19
20 21
20 22
20 23
20 25
20 26
21 17
21 18
21 19
21 20
21 22
21 23
22 20
22 21
22 23
22 24
22 25
22 26
23 20
23 21
23 22
23 24
23 25
23 26
23 27
24 22
24 23
24 25
24 26
24 27
25 20
25 22
25 23
25 24
25 26
25 27
25 28
25 29
26 20
26 22
26 23
26 24
26 25
26 27
26 28
26 29
26 30
26 87
27 23
27 24
27 25
27 26
27 28
27 29
27 30
27 31
27 87
28 25
28 26
28 27
28 29
28 30
28 31
28 32
29 25
29 26
29 27
29 28
29 30
29 31
29 32
29 33
30 26
30 27
30 28
30 29
30 31
30 32
30 33
30 34
30 84
30 87
30 88
31 27
31 28
31 29
31 30
31 32
31 33
31 34
31 35
32 28
32 29
32 30
32 31
32 33
32 34
32 35
32 36
33 29
33 30
33 31
33 32
33 34
33 35
33 36
33 37
33 80
33 84
34 30
34 31
34 32
34 33
34 35
34 36
34 37
34 38
34 84
35 31
35 32
35 33
35 34
35 36
35 37
35 38
35 39
36 32
36 33
36 34
36 35
36 37
36 38
36 39
36 40
36 282
36 283
36 286
37 33
37 34
37 35
37 36
37 38
37 39
37 40
37 41
37 76
37 77
37 80
37 282
37 286
38 34
38 35
38 36
38 37
38 39
38 40
38 41
38 42
39 35
39 36
39 37
39 38
39 40
39 41
39 42
39 43
39 286
40 36
40 37
40 38
40 39
40 41
40 42
40 43
40 44
40 72
40 73
40 76
40 282
40 285
40 286
40 287
40 289
41 37
41 38
41 39
41 40
41 42
41 43
41 44
41 45
41 73
42 38
42 39
42 40
42 41
42 43
42 44
42 45
42 46
43 39
43 40
43 41
43 42
43 44
43 45
43 46
43 47
43 286
43 289
43 290
44 40
44 41
44 42
44 43
44 45
44 46
44 47
44 48
44 66
44 69
44 70
44 72
44 73
44 289
45 41
45 42
45 43
45 44
45 46
45 47
45 48
45 49
45 69
45 70
46 42
46 43
46 44
46 45
46 47
46 48
46 49
46 50
46 303
47 43
47 44
47 45
47 46
47 48
47 49
47 50
47 51
47 66
47 69
47 289
47 293
47 299
47 303
48 44
48 45
48 46
48 47
48 49
48 50
48 51
48 52
48 66
48 69
48 70
49 45
49 46
49 47
49 48
49 50
49 51
49 52
49 53
50 46
50 47
50 48
50 49
50 51
50 52
50 53
50 54
50 57
50 299
50 302
50 303
50 306
51 47
51 48
51 49
51 50
51 52
51 53
51 54
51 55
51 57
51 58
51 62
51 63
51 66
51 299
51 302
52 48
52 49
52 50
52 51
52 53
52 54
52 55
52 57
52 58
53 49
53 50
53 51
53 52
53 54
53 55
53 306
54 50
54 51
54 52
54 53
54 55
54 56
54 57
54 58
54 302
55 51
55 52
55 53
55 54
55 56
55 57
55 58
56 54
56 55
56 57
56 58
56 59
57 50
57 51
57 52
57 54
57 55
57 56
57 58
57 59
57 62
57 298
57 299
58 51
58 52
58 54
58 55
58 56
58 57
58 59
58 60
58 62
58 63
59 56
59 57
59 58
59 60
59 61
59 62
59 63
60 58
60 59
60 61
60 62
60 63
60 64
60 123
60 138
60 139
60 140
60 143
61 59
61 60
61 62
61 63
61 64
61 65
61 120
61 123
61 124
62 51
62 57
62 58
62 59
62 60
62 61
62 63
62 64
62 65
62 66
63 51
63 58
63 59
63 60
63 61
63 62
63 64
63 65
63 66
63 67
63 143
64 60
64 61
64 62
64 63
64 65
64 66
64 67
64 68
64 116
64 119
64 120
64 147
65 61
65 62
65 63
65 64
65 66
65 67
65 68
65 69
65 116
65 120
66 44
66 47
66 48
66 51
66 62
66 63
66 64
66 65
66 67
66 68
66 69
66 70
67 63
67 64
67 65
67 66
67 68
67 69
67 70
67 71
67 116
68 64
68 65
68 66
68 67
68 69
68 70
68 71
68 72
68 112
68 113
68 116
68 117
69 44
69 45
69 47
69 48
69 65
69 66
69 67
69 68
69 70
69 71
69 72
69 73
69 289
70 44
70 45
70 48
70 66
70 67
70 68
70 69
70 71
70 72
70 73
70 74
71 67
71 68
71 69
71 70
71 72
71 73
71 74
71 75
71 109
71 110
71 112
71 113
72 40
72 44
72 68
72 69
72 70
72 71
72 73
72 74
72 75
72 76
72 109
72 113
72 285
73 40
73 41
73 44
73 69
73 70
73 71
73 72
73 74
73 75
73 76
73 77
73 285
74 70
74 71
74 72
74 73
74 75
74 76
74 77
74 78
74 109
75 71
75 72
75 73
75 74
75 76
75 77
75 78
75 79
75 105
75 106
75 109
75 110
75 281
76 37
76 40
76 72
76 73
76 74
76 75
76 77
76 78
76 79
76 80
76 281
76 282
76 285
77 37
77 73
77 74
77 75
77 76
77 78
77 79
77 80
77 81
78 74
78 75
78 76
78 77
78 79
78 80
78 81
78 82
78 102
78 105
78 106
79 75
79 76
79 77
79 78
79 80
79 81
79 82
79 83
79 102
79 106
79 179
79 180
80 33
80 37
80 76
80 77
80 78
80 79
80 81
80 82
80 83
80 84
81 77
81 78
81 79
81 80
81 82
81 83
81 84
81 85
82 78
82 79
82 80
82 81
82 83
82 84
82 85
82 86
83 18
83 79
83 80
83 81
83 82
83 84
83 85
83 86
83 87
83 179
83 180
84 30
84 33
84 34
84 80
84 81
84 82
84 83
84 85
84 86
84 87
84 88
85 81
85 82
85 83
85 84
85 86
85 87
85 88
85 89
85 91
86 82
86 83
86 84
86 85
86 87
86 88
86 89
86 90
86 91
86 92
86 93
87 26
87 27
87 30
87 83
87 84
87 85
87 86
87 88
87 89
87 90
87 91
87 92
88 30
88 84
88 85
88 86
88 87
88 89
88 90
88 91
89 85
89 86
89 87
89 88
89 90
89 91
90 86
90 87
90 88
90 89
90 91
90 92
91 85
91 86
91 87
91 88
91 89
91 90
91 92
91 93
92 14
92 15
92 16
92 17
92 18
92 86
92 87
92 90
92 91
92 93
92 94
93 13
93 14
93 15
93 16
93 86
93 91
93 92
93 94
93 95
94 13
94 14
94 15
94 16
94 92
94 93
94 95
94 96
94 98
94 99
95 11
95 12
95 13
95 14
95 93
95 94
95 96
95 97
95 98
95 99
96 11
96 12
96 13
96 14
96 94
96 95
96 97
96 98
96 99
96 100
97 95
97 96
97 98
97 99
97 100
97 101
98 94
98 95
98 96
98 97
98 99
98 100
98 101
98 102
99 14
99 94
99 95
99 96
99 97
99 98
99 100
99 101
99 102
99 103
99 180
99 181
100 96
100 97
100 98
100 99
100 101
100 102
100 103
100 104
100 162
100 165
100 181
101 97
101 98
101 99
101 100
101 102
101 103
101 104
101 105
102 78
102 79
102 98
102 99
102 100
102 101
102 103
102 104
102 105
102 106
102 180
102 181
103 99
103 100
103 101
103 102
103 104
103 105
103 106
103 107
103 162
103 180
103 181
103 182
103 183
104 100
104 101
104 102
104 103
104 105
104 106
104 107
104 108
104 158
104 159
104 161
104 162
105 75
105 78
105 101
105 102
105 103
105 104
105 106
105 107
105 108
105 109
105 158
106 75
106 78
106 79
106 102
106 103
106 104
106 105
106 107
106 108
106 109
106 110
107 103
107 104
107 105
107 106
107 108
107 109
107 110
107 111
107 154
107 158
108 104
108 105
108 106
108 107
108 109
108 110
108 111
108 112
108 154
108 155
108 157
108 158
109 71
109 72
109 74
109 75
109 105
109 106
109 107
109 108
109 110
109 111
109 112
109 113
109 154
110 71
110 75
110 106
110 107
110 108
110 109
110 111
110 112
110 113
110 114
111 107
111 108
111 109
111 110
111 112
111 113
111 114
111 115
111 154
111 208
112 68
112 71
112 108
112 109
112 110
112 111
112 113
112 114
112 115
112 116
112 150
112 151
112 154
113 68
113 71
113 72
113 109
113 110
113 111
113 112
113 114
113 115
113 116
113 117
114 110
114 111
114 112
114 113
114 115
114 116
114 117
114 118
114 208
114 212
115 111
115 112
115 113
115 114
115 116
115 117
115 118
115 119
115 150
115 212
116 64
116 65
116 67
116 68
116 112
116 113
116 114
116 115
116 117
116 118
116 119
116 120
116 147
116 150
117 68
117 113
117 114
117 115
117 116
117 118
117 119
117 120
117 121
117 212
117 216
117 246
117 250
118 114
118 115
118 116
118 117
118 119
118 120
118 121
118 122
118 212
118 213
118 215
118 216
119 64
119 115
119 116
119 117
119 118
119 120
119 121
119 122
119 123
119 146
120 61
120 64
120 65
120 116
120 117
120 118
120 119
120 121
120 122
120 123
120 124
120 246
121 117
121 118
121 119
121 120
121 122
121 123
121 124
121 125
121 215
121 216
121 219
121 220
121 246
122 118
122 119
122 120
122 121
122 123
122 124
122 125
122 126
122 215
122 216
122 219
123 60
123 61
123 119
123 120
123 121
123 122
123 124
123 125
123 126
123 127
123 138
124 61
124 120
124 121
124 122
124 123
124 125
124 126
124 127
124 128
124 219
124 223
124 243
125 121
125 122
125 123
125 124
125 126
125 127
125 128
125 129
125 130
125 219
125 220
125 222
125 223
126 122
126 123
126 124
126 125
126 127
126 128
126 129
126 130
126 131
126 133
126 134
126 137
126 138
127 123
127 124
127 125
127 126
127 128
127 129
127 130
127 131
127 134
128 124
128 125
128 126
128 127
128 129
128 130
128 131
128 223
128 226
128 239
129 125
129 126
129 127
129 128
129 130
129 131
129 222
129 223
129 226
130 125
130 126
130 127
130 128
130 129
130 131
130 132
130 133
130 134
131 126
131 127
131 128
131 129
131 130
131 132
131 133
131 134
132 130
132 131
132 133
132 134
132 135
133 126
133 130
133 131
133 132
133 134
133 135
133 136
133 137
134 126
134 127
134 130
134 131
134 132
134 133
134 135
134 136
134 137
134 138
135 132
135 133
135 134
135 136
135 137
135 138
135 139
136 133
136 134
136 135
136 137
136 138
136 139
137 126
137 133
137 134
137 135
137 136
137 138
137 139
137 142
138 60
138 123
138 126
138 134
138 135
138 136
138 137
138 139
138 140
138 142
138 143
139 60
139 135
139 136
139 137
139 138
139 140
139 141
139 142
139 143
140 60
140 138
140 139
140 141
140 142
140 143
140 144
141 139
141 140
141 142
141 143
141 144
141 145
142 137
142 138
142 139
142 140
142 141
142 143
142 144
142 145
142 146
143 60
143 63
143 138
143 139
143 140
143 141
143 142
143 144
143 145
143 146
143 147
144 140
144 141
144 142
144 143
144 145
144 146
144 147
144 148
145 141
145 142
145 143
145 144
145 146
145 147
145 148
145 149
146 119
146 142
146 143
146 144
146 145
146 147
146 148
146 149
146 150
147 64
147 116
147 143
147 144
147 145
147 146
147 148
147 149
147 150
147 151
148 144
148 145
148 146
148 147
148 149
148 150
148 151
148 152
149 145
149 146
149 147
149 148
149 150
149 151
149 152
149 153
150 112
150 115
150 116
150 146
150 147
150 148
150 149
150 151
150 152
150 153
150 154
151 112
151 147
151 148
151 149
151 150
151 152
151 153
151 154
151 155
152 148
152 149
152 150
152 151
152 153
152 154
152 155
152 156
153 149
153 150
153 151
153 152
153 154
153 155
153 156
153 157
154 107
154 108
154 109
154 111
154 112
154 150
154 151
154 152
154 153
154 155
154 156
154 157
154 158
155 108
155 151
155 152
155 153
155 154
155 156
155 157
155 158
155 159
156 152
156 153
156 154
156 155
156 157
156 158
156 159
156 160
157 108
157 153
157 154
157 155
157 156
157 158
157 159
157 160
157 161
157 204
158 104
158 105
158 107
158 108
158 154
158 155
158 156
158 157
158 159
158 160
158 161
158 162
159 104
159 155
159 156
159 157
159 158
159 160
159 161
159 162
159 163
160 156
160 157
160 158
160 159
160 161
160 162
160 163
160 164
161 104
161 157
161 158
161 159
161 160
161 162
161 163
161 164
161 165
161 197
161 200
161 201
162 100
162 103
162 104
162 158
162 159
162 160
162 161
162 163
162 164
162 165
162 166
163 159
163 160
163 161
163 162
163 164
163 165
163 166
163 167
164 160
164 161
164 162
164 163
164 165
164 166
164 167
164 168
164 196
164 197
165 100
165 161
165 162
165 163
165 164
165 166
165 167
165 168
165 197
166 162
166 163
166 164
166 165
166 167
166 168
167 163
167 164
167 165
167 166
167 168
167 169
168 164
168 165
168 166
168 167
168 169
168 170
168 190
168 191
168 192
168 193
168 194
169 167
169 168
169 170
169 171
169 190
169 191
169 192
170 168
170 169
170 171
170 172
170 174
170 189
170 190
170 191
170 192
171 169
171 170
171 172
171 173
171 174
171 189
171 190
171 191
172 170
172 171
172 173
172 174
173 171
173 172
173 174
173 175
173 189
174 13
174 14
174 15
174 170
174 171
174 172
174 173
174 175
174 176
174 189
175 14
175 15
175 16
175 17
175 173
175 174
175 176
175 177
176 14
176 15
176 16
176 17
176 174
176 175
176 177
176 178
176 179
176 180
176 181
176 182
176 185
176 186
177 16
177 17
177 18
177 175
177 176
177 178
177 179
177 185
177 270
178 16
178 17
178 18
178 19
178 176
178 177
178 179
178 180
178 181
178 182
178 270
178 274
179 16
179 17
179 18
179 19
179 79
179 83
179 176
179 177
179 178
179 180
179 181
179 274
180 16
180 18
180 79
180 83
180 99
180 102
180 103
180 176
180 178
180 179
180 181
180 182
181 16
181 99
181 100
181 102
181 103
181 176
181 178
181 179
181 180
181 182
181 183
181 185
181 186
182 103
182 176
182 178
182 180
182 181
182 183
182 184
182 185
182 186
183 103
183 181
183 182
183 184
183 185
183 186
183 187
183 201
184 182
184 183
184 185
184 186
184 187
184 188
184 198
184 201
185 176
185 177
185 181
185 182
185 183
185 184
185 186
185 187
185 188
185 189
186 176
186 181
186 182
186 183
186 184
186 185
186 187
186 188
186 189
186 190
187 183
187 184
187 185
187 186
187 188
187 189
187 190
187 194
187 197
187 198
188 184
188 185
188 186
188 187
188 189
188 190
189 170
189 171
189 173
189 174
189 185
189 186
189 187
189 188
189 190
189 191
190 168
190 169
190 170
190 171
190 186
190 187
190 188
190 189
190 191
190 192
190 193
190 194
191 168
191 169
191 170
191 171
191 189
191 190
191 192
191 193
192 168
192 169
192 170
192 190
192 191
192 193
192 194
193 168
193 190
193 191
193 192
193 194
193 195
193 196
194 168
194 187
194 190
194 192
194 193
194 195
194 196
194 197
194 198
195 193
195 194
195 196
195 197
195 198
195 199
196 164
196 193
196 194
196 195
196 197
196 198
196 199
196 200
197 161
197 164
197 165
197 187
197 194
197 195
197 196
197 198
197 199
197 200
197 201
198 184
198 187
198 194
198 195
198 196
198 197
198 199
198 200
198 201
198 202
199 195
199 196
199 197
199 198
199 200
199 201
199 202
199 203
200 161
200 196
200 197
200 198
200 199
200 201
200 202
200 203
200 204
200 205
201 161
201 183
201 184
201 197
201 198
201 199
201 200
201 202
201 203
201 204
201 205
202 198
202 199
202 200
202 201
202 203
202 204
202 205
202 206
203 199
203 200
203 201
203 202
203 204
203 205
203 206
203 207
204 157
204 200
204 201
204 202
204 203
204 205
204 206
204 207
204 208
205 200
205 201
205 202
205 203
205 204
205 206
205 207
205 208
205 209
206 202
206 203
206 204
206 205
206 207
206 208
206 209
206 210
207 203
207 204
207 205
207 206
207 208
207 209
207 210
207 211
208 111
208 114
208 204
208 205
208 206
208 207
208 209
208 210
208 211
208 212
209 205
209 206
209 207
209 208
209 210
209 211
209 212
209 213
210 206
210 207
210 208
210 209
210 211
210 212
210 213
210 214
211 207
211 208
211 209
211 210
211 212
211 213
211 214
211 215
212 114
212 115
212 117
212 118
212 208
212 209
212 210
212 211
212 213
212 214
212 215
212 216
213 118
213 209
213 210
213 211
213 212
213 214
213 215
213 216
213 217
214 210
214 211
214 212
214 213
214 215
214 216
214 217
214 218
215 118
215 121
215 122
215 211
215 212
215 213
215 214
215 216
215 217
215 218
215 219
216 117
216 118
216 121
216 122
216 212
216 213
216 214
216 215
216 217
216 218
216 219
216 220
217 213
217 214
217 215
217 216
217 218
217 219
217 220
217 221
218 214
218 215
218 216
218 217
218 219
218 220
218 221
218 222
219 121
219 122
219 124
219 125
219 215
219 216
219 217
219 218
219 220
219 221
219 222
219 223
220 121
220 125
220 216
220 217
220 218
220 219
220 221
220 222
220 223
220 224
221 217
221 218
221 219
221 220
221 222
221 223
221 224
221 225
222 125
222 129
222 218
222 219
222 220
222 221
222 223
222 224
222 225
222 226
223 124
223 125
223 128
223 129
223 219
223 220
223 221
223 222
223 224
223 225
223 226
223 227
224 220
224 221
224 222
224 223
224 225
224 226
224 227
224 228
225 221
225 222
225 223
225 224
225 226
225 227
225 228
225 229
226 128
226 129
226 222
226 223
226 224
226 225
226 227
226 228
226 229
226 230
227 223
227 224
227 225
227 226
227 228
227 229
227 230
227 235
227 236
227 239
228 224
228 225
228 226
228 227
228 229
228 230
228 231
228 236
229 225
229 226
229 227
229 228
229 230
229 231
230 226
230 227
230 228
230 229
230 231
230 232
230 233
230 235
230 236
231 228
231 229
231 230
231 232
231 233
231 235
231 236
232 230
232 231
232 233
232 234
232 235
232 236
233 230
233 231
233 232
233 234
233 235
233 236
233 237
234 232
234 233
234 235
234 236
234 237
234 238
235 227
235 230
235 231
235 232
235 233
235 234
235 236
235 237
235 238
235 239
236 227
236 228
236 230
236 231
236 232
236 233
236 234
236 235
236 237
236 238
236 239
236 240
237 233
237 234
237 235
237 236
237 238
237 239
237 240
237 241
238 234
238 235
238 236
238 237
238 239
238 240
238 241
238 242
239 128
239 227
239 235
239 236
239 237
239 238
239 240
239 241
239 242
239 243
240 236
240 237
240 238
240 239
240 241
240 242
240 243
240 244
241 237
241 238
241 239
241 240
241 242
241 243
241 244
241 245
242 238
242 239
242 240
242 241
242 243
242 244
242 245
242 296
243 124
243 239
243 240
243 241
243 242
243 244
243 245
243 246
243 247
244 240
244 241
244 242
244 243
244 245
244 246
244 247
244 248
245 241
245 242
245 243
245 244
245 246
245 247
245 248
245 249
245 291
245 292
245 295
245 296
246 117
246 120
246 121
246 243
246 244
246 245
246 247
246 248
246 249
246 250
246 292
247 243
247 244
247 245
247 246
247 248
247 249
247 250
247 251
248 244
248 245
248 246
248 247
248 249
248 250
248 251
248 252
248 291
249 245
249 246
249 247
249 248
249 250
249 251
249 252
249 253
249 284
249 288
249 291
250 117
250 246
250 247
250 248
250 249
250 251
250 252
250 253
250 254
250 255
251 247
251 248
251 249
251 250
251 252
251 253
251 254
251 255
251 256
252 248
252 249
252 250
252 251
252 253
252 254
252 255
252 256
252 284
253 249
253 250
253 251
253 252
253 254
253 255
253 256
253 257
253 280
253 284
254 250
254 251
254 252
254 253
254 255
254 256
254 257
254 258
255 250
255 251
255 252
255 253
255 254
255 256
255 257
255 258
255 259
256 251
256 252
256 253
256 254
256 255
256 257
256 258
256 259
256 260
256 276
256 279
256 280
257 253
257 254
257 255
257 256
257 258
257 259
257 260
257 261
257 276
257 280
258 254
258 255
258 256
258 257
258 259
258 260
258 261
258 262
259 255
259 256
259 257
259 258
259 260
259 261
259 262
259 263
260 256
260 257
260 258
260 259
260 261
260 262
260 263
260 272
260 273
260 276
261 257
261 258
261 259
261 260
261 262
261 263
262 258
262 259
262 260
262 261
262 263
262 264
263 259
263 260
263 261
263 262
263 264
263 265
263 267
263 268
264 262
264 263
264 265
264 266
264 267
264 268
265 263
265 264
265 266
265 267
265 268
266 264
266 265
266 267
266 268
267 263
267 264
267 265
267 266
267 268
267 269
268 263
268 264
268 265
268 266
268 267
268 269
268 270
268 272
269 267
269 268
269 270
269 271
269 272
269 273
270 177
270 178
270 268
270 269
270 271
270 272
270 273
270 274
271 269
271 270
271 272
271 273
271 274
271 275
272 260
272 268
272 269
272 270
272 271
272 273
272 274
272 275
272 276
273 260
273 269
273 270
273 271
273 272
273 274
273 275
273 276
273 277
274 19
274 178
274 179
274 270
274 271
274 272
274 273
274 275
274 276
274 277
274 278
275 271
275 272
275 273
275 274
275 276
275 277
275 278
275 279
276 256
276 257
276 260
276 272
276 273
276 274
276 275
276 277
276 278
276 279
276 280
277 273
277 274
277 275
277 276
277 278
277 279
277 280
277 281
277 282
278 274
278 275
278 276
278 277
278 279
278 280
278 281
278 282
278 283
279 256
279 275
279 276
279 277
279 278
279 280
279 281
279 282
279 283
279 284
280 253
280 256
280 257
280 276
280 277
280 278
280 279
280 281
280 282
280 283
280 284
280 285
281 75
281 76
281 277
281 278
281 279
281 280
281 282
281 283
281 284
281 285
282 36
282 37
282 40
282 76
282 277
282 278
282 279
282 280
282 281
282 283
282 284
282 285
282 286
283 36
283 278
283 279
283 280
283 281
283 282
283 284
283 285
283 286
283 287
284 249
284 252
284 253
284 279
284 280
284 281
284 282
284 283
284 285
284 286
284 287
284 288
285 40
285 72
285 73
285 76
285 280
285 281
285 282
285 283
285 284
285 286
285 287
285 288
285 289
286 36
286 37
286 39
286 40
286 43
286 282
286 283
286 284
286 285
286 287
286 288
286 289
286 290
287 40
287 283
287 284
287 285
287 286
287 288
287 289
287 290
287 291
288 249
288 284
288 285
288 286
288 287
288 289
288 290
288 291
288 292
289 40
289 43
289 44
289 47
289 69
289 285
289 286
289 287
289 288
289 290
289 291
289 292
289 293
289 294
290 43
290 286
290 287
290 288
290 289
290 291
290 292
290 293
290 294
290 295
291 245
291 248
291 249
291 287
291 288
291 289
291 290
291 292
291 293
291 294
291 295
292 245
292 246
292 288
292 289
292 290
292 291
292 293
292 294
292 295
292 296
292 299
293 47
293 289
293 290
293 291
293 292
293 294
293 295
293 296
293 297
293 299
293 300
294 289
294 290
294 291
294 292
294 293
294 295
294 296
294 297
294 299
294 300
295 245
295 290
295 291
295 292
295 293
295 294
295 296
295 297
296 242
296 245
296 292
296 293
296 294
296 295
296 297
296 298
296 299
296 300
297 293
297 294
297 295
297 296
297 298
297 299
297 300
297 301
298 57
298 296
298 297
298 299
298 300
298 301
298 302
299 47
299 50
299 51
299 57
299 292
299 293
299 294
299 296
299 297
299 298
299 300
299 301
299 302
299 303
300 293
300 294
300 296
300 297
300 298
300 299
300 301
300 302
300 303
300 304
301 297
301 298
301 299
301 300
301 302
301 303
301 304
301 305
302 50
302 51
302 54
302 298
302 299
302 300
302 301
302 303
302 304
302 305
302 306
303 46
303 47
303 50
303 299
303 300
303 301
303 302
303 304
303 305
303 306
303 307
304 300
304 301
304 302
304 303
304 305
304 306
304 307
304 308
305 301
305 302
305 303
305 304
305 306
305 307
305 308
305 309
306 50
306 53
306 302
306 303
306 304
306 305
306 307
306 308
306 309
306 310
307 303
307 304
307 305
307 306
307 308
307 309
307 310
307 311
308 304
308 305
308 306
308 307
308 309
308 310
308 311
308 312
309 305
309 306
309 307
309 308
309 310
309 311
309 312
309 313
310 306
310 307
310 308
310 309
310 311
310 312
310 313
310 314
311 307
311 308
311 309
311 310
311 312
311 313
311 314
311 315
312 308
312 309
312 310
312 311
312 313
312 314
312 315
313 309
313 310
313 311
313 312
313 314
313 315
314 310
314 311
314 312
314 313
314 315
315 311
315 312
315 313
315 314
