0 1
0 2
0 3
0 4
1 0
1 2
1 3
1 4
1 5
1 12
2 0
2 1
2 3
2 4
2 5
2 6
3 0
3 1
3 2
3 4
3 5
3 6
4 0
4 1
4 2
4 3
4 5
4 6
4 7
4 10
4 11
4 12
4 18
5 1
5 2
5 3
5 4
5 6
5 7
5 8
5 10
5 17
5 18
5 19
6 2
6 3
6 4
6 5
6 7
6 8
6 19
7 4
7 5
7 6
7 8
7 9
7 10
7 19
7 129
8 5
8 6
8 7
8 9
8 10
8 17
8 18
8 19
8 20
8 126
8 127
8 128
8 129
8 131
8 132
8 133
9 7
9 8
9 10
9 11
9 17
9 126
9 127
9 128
9 129
10 4
10 5
10 7
10 8
10 9
10 11
10 12
10 17
11 4
11 9
11 10
11 12
11 13
11 14
11 15
11 16
11 17
11 18
12 1
12 4
12 10
12 11
12 13
12 14
12 15
12 16
12 17
12 18
13 11
13 12
13 14
13 15
13 16
14 11
14 12
14 13
14 15
14 16
15 11
15 12
15 13
15 14
15 16
15 17
16 11
16 12
16 13
16 14
16 15
16 17
16 18
17 5
17 8
17 9
17 10
17 11
17 12
17 15
17 16
17 18
17 19
17 20
17 21
18 4
18 5
18 8
18 11
18 12
18 16
18 17
18 19
18 20
18 21
18 22
19 5
19 6
19 7
19 8
19 17
19 18
19 20
19 21
19 22
19 23
19 132
19 133
20 8
20 17
20 18
20 19
20 21
20 22
20 23
20 24
20 126
20 133
20 156
20 157
21 17
21 18
21 19
21 20
21 22
21 23
21 24
21 25
22 18
22 19
22 20
22 21
22 23
22 24
22 25
22 26
23 19
23 20
23 21
23 22
23 24
23 25
23 26
23 27
23 133
23 134
23 135
23 136
23 156
24 20
24 21
24 22
24 23
24 25
24 26
24 27
24 28
24 135
24 136
24 137
24 155
24 156
25 21
25 22
25 23
25 24
25 26
25 27
25 28
25 29
26 22
26 23
26 24
26 25
26 27
26 28
26 29
26 30
26 82
26 135
26 136
27 23
27 24
27 25
27 26
27 28
27 29
27 30
27 81
27 82
27 135
27 136
27 137
27 168
27 169
27 170
28 24
28 25
28 26
28 27
28 29
28 30
28 168
28 169
28 170
29 25
29 26
29 27
29 28
29 30
29 31
29 82
29 169
29 170
30 26
30 27
30 28
30 29
30 31
30 32
30 81
30 82
30 169
30 170
31 29
31 30
31 32
31 33
31 46
31 47
31 48
31 49
31 81
31 169
31 170
31 171
32 30
32 31
32 33
32 34
32 46
32 47
32 81
32 167
32 168
32 169
32 170
32 171
32 172
32 202
33 31
33 32
33 34
33 35
33 44
33 45
33 46
33 47
33 79
33 81
33 167
33 168
33 169
33 172
33 202
34 32
34 33
34 35
34 36
34 44
34 45
34 46
34 165
34 166
34 167
34 168
34 175
34 198
34 201
34 202
35 33
35 34
35 36
35 37
35 42
35 43
35 44
35 45
35 139
35 141
35 151
35 165
35 166
35 167
35 198
36 34
36 35
36 37
36 38
36 42
36 43
36 44
36 151
36 164
36 165
36 166
36 194
36 198
37 35
37 36
37 38
37 39
37 41
37 42
37 43
37 149
37 150
37 151
37 164
37 165
37 188
37 194
38 36
38 37
38 39
38 40
38 41
38 42
38 43
38 149
38 188
38 189
38 190
38 191
38 194
39 37
39 38
39 40
39 41
39 149
39 188
39 189
39 190
39 191
40 38
40 39
40 41
40 42
40 149
40 190
40 191
40 219
40 220
41 37
41 38
41 39
41 40
41 42
41 43
41 149
41 191
41 194
41 217
41 218
41 219
41 220
42 35
42 36
42 37
42 38
42 40
42 41
42 43
42 44
42 141
42 142
42 149
42 150
42 194
42 217
42 218
42 219
43 35
43 36
43 37
43 38
43 41
43 42
43 44
43 45
43 194
43 195
43 198
43 215
43 216
43 217
43 218
44 33
44 34
44 35
44 36
44 42
44 43
44 45
44 46
44 79
44 198
44 215
44 216
44 217
45 33
45 34
45 35
45 43
45 44
45 46
45 47
45 198
45 199
45 202
45 213
45 214
45 215
45 216
46 31
46 32
46 33
46 34
46 44
46 45
46 47
46 48
46 62
46 63
46 79
46 202
46 213
46 214
46 215
47 31
47 32
47 33
47 45
47 46
47 48
47 49
47 202
47 206
47 212
47 213
47 214
48 31
48 46
48 47
48 49
48 50
48 211
48 212
48 213
48 214
49 31
49 47
49 48
49 50
49 51
49 212
50 48
50 49
50 51
50 52
50 212
51 49
51 50
51 52
51 53
51 55
51 56
51 57
52 50
52 51
52 53
52 54
52 55
53 51
53 52
53 54
53 55
54 52
54 53
54 55
54 56
55 51
55 52
55 53
55 54
55 56
55 57
56 51
56 54
56 55
56 57
56 58
56 59
56 60
57 51
57 55
57 56
57 58
57 59
57 60
58 56
58 57
58 59
58 60
58 61
59 56
59 57
59 58
59 60
59 61
60 56
60 57
60 58
60 59
60 61
60 62
61 58
61 59
61 60
61 62
61 63
61 64
62 46
62 60
62 61
62 63
62 64
62 78
62 79
62 80
62 81
63 46
63 61
63 62
63 64
63 65
63 77
63 78
63 79
63 80
63 216
64 61
64 62
64 63
64 65
64 66
64 77
64 78
64 79
64 91
65 63
65 64
65 66
65 67
65 68
65 75
65 76
65 77
65 78
65 224
66 64
66 65
66 67
66 68
66 75
66 76
66 77
66 78
66 91
66 94
66 95
66 98
67 65
67 66
67 68
67 69
67 70
67 74
67 75
67 76
67 95
67 98
67 99
68 65
68 66
68 67
68 69
68 70
68 73
68 74
68 75
68 76
68 223
69 67
69 68
69 70
69 71
69 72
69 73
69 74
69 75
69 108
70 67
70 68
70 69
70 71
70 72
70 73
70 74
70 75
70 76
70 108
70 109
70 110
70 143
70 144
70 145
71 69
71 70
71 72
71 73
71 74
71 108
71 144
71 145
71 221
72 69
72 70
72 71
72 73
72 74
72 220
72 221
72 222
72 223
73 68
73 69
73 70
73 71
73 72
73 74
73 75
73 143
73 218
73 219
73 220
73 221
73 222
73 223
73 224
74 67
74 68
74 69
74 70
74 71
74 72
74 73
74 75
74 76
74 142
74 143
74 144
74 218
74 219
74 220
74 221
74 222
74 223
74 224
75 65
75 66
75 67
75 68
75 69
75 70
75 73
75 74
75 76
75 77
75 142
75 218
75 223
75 224
76 65
76 66
76 67
76 68
76 70
76 74
76 75
76 77
76 78
76 111
76 140
76 141
76 142
76 143
77 63
77 64
77 65
77 66
77 75
77 76
77 78
77 79
77 139
77 140
77 141
77 142
77 224
78 62
78 63
78 64
78 65
78 66
78 76
78 77
78 79
78 80
78 138
78 139
78 140
78 141
79 33
79 44
79 46
79 62
79 63
79 64
79 77
79 78
79 80
79 81
79 138
79 139
79 140
80 62
80 63
80 78
80 79
80 81
80 82
80 84
80 87
80 136
80 137
80 138
80 139
81 27
81 30
81 31
81 32
81 33
81 62
81 79
81 80
81 82
81 83
81 84
81 136
81 137
81 138
81 168
81 169
82 26
82 27
82 29
82 30
82 80
82 81
82 83
82 84
82 86
82 87
82 135
82 136
82 137
83 81
83 82
83 84
83 85
83 86
83 87
83 135
83 136
84 80
84 81
84 82
84 83
84 85
84 86
84 87
84 88
85 83
85 84
85 86
85 87
85 88
85 89
86 82
86 83
86 84
86 85
86 87
86 88
86 89
86 90
86 134
86 135
86 136
87 80
87 82
87 83
87 84
87 85
87 86
87 88
87 89
87 90
87 91
87 136
88 84
88 85
88 86
88 87
88 89
88 90
88 91
88 92
89 85
89 86
89 87
89 88
89 90
89 91
89 92
89 93
90 86
90 87
90 88
90 89
90 91
90 92
90 93
90 94
90 118
91 64
91 66
91 87
91 88
91 89
91 90
91 92
91 93
91 94
91 95
92 88
92 89
92 90
92 91
92 93
92 94
92 95
92 96
93 89
93 90
93 91
93 92
93 94
93 95
93 96
93 97
94 66
94 90
94 91
94 92
94 93
94 95
94 96
94 97
94 98
94 114
94 117
94 118
95 66
95 67
95 91
95 92
95 93
95 94
95 96
95 97
95 98
95 99
96 92
96 93
96 94
96 95
96 97
96 98
96 99
96 100
97 93
97 94
97 95
97 96
97 98
97 99
97 100
97 101
97 114
98 66
98 67
98 94
98 95
98 96
98 97
98 99
98 100
98 101
98 102
98 108
98 109
98 114
99 67
99 95
99 96
99 97
99 98
99 100
99 101
99 102
99 103
100 96
100 97
100 98
100 99
100 101
100 102
100 103
100 104
101 97
101 98
101 99
101 100
101 102
101 103
101 104
101 105
101 106
101 107
101 108
101 109
102 98
102 99
102 100
102 101
102 103
102 104
102 105
102 106
102 107
102 108
102 109
103 99
103 100
103 101
103 102
103 104
103 105
103 106
103 107
104 100
104 101
104 102
104 103
104 105
104 106
105 101
105 102
105 103
105 104
105 106
105 107
105 108
106 101
106 102
106 103
106 104
106 105
106 107
106 108
107 101
107 102
107 103
107 105
107 106
107 108
107 109
108 69
108 70
108 71
108 98
108 101
108 102
108 105
108 106
108 107
108 109
108 110
109 70
109 98
109 101
109 102
109 107
109 108
109 110
109 111
109 113
109 114
110 70
110 108
110 109
110 111
110 112
110 113
110 114
110 143
110 144
110 145
111 76
111 109
111 110
111 112
111 113
111 114
111 115
111 140
111 141
111 142
111 143
111 144
111 150
112 110
112 111
112 113
112 114
112 115
112 116
112 150
112 152
113 109
113 110
113 111
113 112
113 114
113 115
113 116
113 117
114 94
114 97
114 98
114 109
114 110
114 111
114 112
114 113
114 115
114 116
114 117
114 118
115 111
115 112
115 113
115 114
115 116
115 117
115 118
115 119
115 140
115 152
115 154
115 160
116 112
116 113
116 114
116 115
116 117
116 118
116 119
116 120
116 160
117 94
117 113
117 114
117 115
117 116
117 118
117 119
117 120
117 121
118 90
118 94
118 114
118 115
118 116
118 117
118 119
118 120
118 121
118 122
118 154
118 158
119 115
119 116
119 117
119 118
119 120
119 121
119 122
119 123
119 154
119 155
119 157
119 158
119 159
119 160
120 116
120 117
120 118
120 119
120 121
120 122
120 123
120 124
120 158
121 117
121 118
121 119
121 120
121 122
121 123
121 124
121 125
121 158
122 118
122 119
122 120
122 121
122 123
122 124
122 125
122 126
122 133
122 134
122 155
122 156
122 157
122 158
123 119
123 120
123 121
123 122
123 124
123 125
123 126
123 127
123 156
123 157
123 158
123 159
124 120
124 121
124 122
124 123
124 125
124 126
124 127
124 128
124 158
125 121
125 122
125 123
125 124
125 126
125 127
125 128
125 131
125 132
125 133
125 134
126 8
126 9
126 20
126 122
126 123
126 124
126 125
126 127
126 128
126 131
126 132
126 133
126 157
127 8
127 9
127 123
127 124
127 125
127 126
127 128
127 129
128 8
128 9
128 124
128 125
128 126
128 127
128 129
128 130
128 131
129 7
129 8
129 9
129 127
129 128
129 130
129 131
130 128
130 129
130 131
130 132
131 8
131 125
131 126
131 128
131 129
131 130
131 132
131 133
132 8
132 19
132 125
132 126
132 130
132 131
132 133
132 134
133 8
133 19
133 20
133 23
133 122
133 125
133 126
133 131
133 132
133 134
133 135
133 156
133 157
134 23
134 86
134 122
134 125
134 132
134 133
134 135
134 136
134 156
135 23
135 24
135 26
135 27
135 82
135 83
135 86
135 133
135 134
135 136
135 137
135 156
136 23
136 24
136 26
136 27
136 80
136 81
136 82
136 83
136 86
136 87
136 134
136 135
136 137
136 138
136 155
136 156
137 24
137 27
137 80
137 81
137 82
137 135
137 136
137 138
137 139
137 153
137 154
137 155
137 156
137 168
138 78
138 79
138 80
138 81
138 136
138 137
138 139
138 140
138 153
138 154
138 155
139 35
139 77
139 78
139 79
139 80
139 137
139 138
139 140
139 141
139 151
139 152
139 153
139 154
139 168
140 76
140 77
140 78
140 79
140 111
140 115
140 138
140 139
140 141
140 142
140 151
140 152
140 153
140 154
141 35
141 42
141 76
141 77
141 78
141 111
141 139
141 140
141 142
141 143
141 149
141 150
141 151
141 152
142 42
142 74
142 75
142 76
142 77
142 111
142 140
142 141
142 143
142 144
142 149
142 150
142 151
142 218
143 70
143 73
143 74
143 76
143 110
143 111
143 141
143 142
143 144
143 145
143 146
143 147
143 148
143 149
143 150
143 220
144 70
144 71
144 74
144 110
144 111
144 142
144 143
144 145
144 146
144 147
144 148
144 149
144 150
145 70
145 71
145 110
145 143
145 144
145 146
145 147
145 148
146 143
146 144
146 145
146 147
146 148
147 143
147 144
147 145
147 146
147 148
147 149
147 220
148 143
148 144
148 145
148 146
148 147
148 149
148 150
149 37
149 38
149 39
149 40
149 41
149 42
149 141
149 142
149 143
149 144
149 147
149 148
149 150
149 151
150 37
150 42
150 111
150 112
150 141
150 142
150 143
150 144
150 148
150 149
150 151
150 152
150 162
150 163
150 164
151 35
151 36
151 37
151 139
151 140
151 141
151 142
151 149
151 150
151 152
151 153
151 162
151 163
151 164
151 165
152 112
152 115
152 139
152 140
152 141
152 150
152 151
152 153
152 154
152 160
152 161
152 162
152 163
153 137
153 138
153 139
153 140
153 151
153 152
153 154
153 155
153 160
153 161
153 162
153 163
154 115
154 118
154 119
154 137
154 138
154 139
154 140
154 152
154 153
154 155
154 156
154 158
154 159
154 160
154 161
155 24
155 119
155 122
155 136
155 137
155 138
155 153
155 154
155 156
155 157
155 158
155 159
155 160
156 20
156 23
156 24
156 122
156 123
156 133
156 134
156 135
156 136
156 137
156 154
156 155
156 157
156 158
156 159
157 20
157 119
157 122
157 123
157 126
157 133
157 155
157 156
157 158
157 159
158 118
158 119
158 120
158 121
158 122
158 123
158 124
158 154
158 155
158 156
158 157
158 159
158 160
159 119
159 123
159 154
159 155
159 156
159 157
159 158
159 160
159 161
160 115
160 116
160 119
160 152
160 153
160 154
160 155
160 158
160 159
160 161
160 162
161 152
161 153
161 154
161 159
161 160
161 162
161 163
162 150
162 151
162 152
162 153
162 160
162 161
162 163
162 164
163 150
163 151
163 152
163 153
163 161
163 162
163 164
163 165
163 166
164 36
164 37
164 150
164 151
164 162
164 163
164 165
164 166
165 34
165 35
165 36
165 37
165 151
165 163
165 164
165 166
165 167
165 179
165 183
166 34
166 35
166 36
166 163
166 164
166 165
166 167
166 168
166 176
166 179
167 32
167 33
167 34
167 35
167 165
167 166
167 168
167 169
167 172
167 173
167 175
167 176
168 27
168 28
168 32
168 33
168 34
168 81
168 137
168 139
168 166
168 167
168 169
168 170
168 171
168 172
169 27
169 28
169 29
169 30
169 31
169 32
169 33
169 81
169 167
169 168
169 170
169 171
169 172
170 27
170 28
170 29
170 30
170 31
170 32
170 168
170 169
170 171
170 172
170 173
171 31
171 32
171 168
171 169
171 170
171 172
171 173
171 174
171 175
171 205
172 32
172 33
172 167
172 168
172 169
172 170
172 171
172 173
172 174
172 175
172 176
173 167
173 170
173 171
173 172
173 174
173 175
173 176
173 177
174 171
174 172
174 173
174 175
174 176
174 177
174 178
174 204
174 205
175 34
175 167
175 171
175 172
175 173
175 174
175 176
175 177
175 178
175 179
175 201
175 202
175 204
175 205
176 166
176 167
176 172
176 173
176 174
176 175
176 177
176 178
176 179
176 180
177 173
177 174
177 175
177 176
177 178
177 179
177 180
177 181
178 174
178 175
178 176
178 177
178 179
178 180
178 181
178 182
178 201
178 204
179 165
179 166
179 175
179 176
179 177
179 178
179 180
179 181
179 182
179 183
179 201
180 176
180 177
180 178
180 179
180 181
180 182
180 183
181 177
181 178
181 179
181 180
181 182
181 183
182 178
182 179
182 180
182 181
182 183
182 184
182 187
182 197
183 165
183 179
183 180
183 181
183 182
183 184
183 185
183 187
183 188
183 197
184 182
184 183
184 185
184 186
184 187
184 188
185 183
185 184
185 186
185 187
185 188
185 189
186 184
186 185
186 187
186 188
186 189
186 190
186 193
187 182
187 183
187 184
187 185
187 186
187 188
187 189
187 190
187 193
187 194
187 197
188 37
188 38
188 39
188 183
188 184
188 185
188 186
188 187
188 189
188 190
188 191
188 193
188 194
189 38
189 39
189 185
189 186
189 187
189 188
189 190
189 191
189 193
189 194
190 38
190 39
190 40
190 186
190 187
190 188
190 189
190 191
190 192
190 193
190 194
191 38
191 39
191 40
191 41
191 188
191 189
191 190
191 192
191 193
191 194
191 195
192 190
192 191
192 193
192 194
192 195
192 196
193 186
193 187
193 188
193 189
193 190
193 191
193 192
193 194
193 195
193 196
193 197
194 36
194 37
194 38
194 41
194 42
194 43
194 187
194 188
194 189
194 190
194 191
194 192
194 193
194 195
194 196
194 197
194 198
195 43
195 191
195 192
195 193
195 194
195 196
195 197
195 198
195 199
196 192
196 193
196 194
196 195
196 197
196 198
196 199
196 200
196 235
196 239
197 182
197 183
197 187
197 193
197 194
197 195
197 196
197 198
197 199
197 200
197 201
198 34
198 35
198 36
198 43
198 44
198 45
198 194
198 195
198 196
198 197
198 199
198 200
198 201
198 202
199 45
199 195
199 196
199 197
199 198
199 200
199 201
199 202
199 203
199 235
199 236
200 196
200 197
200 198
200 199
200 201
200 202
200 203
200 204
200 239
201 34
201 175
201 178
201 179
201 197
201 198
201 199
201 200
201 202
201 203
201 204
201 205
202 32
202 33
202 34
202 45
202 46
202 47
202 175
202 198
202 199
202 200
202 201
202 203
202 204
202 205
202 206
202 213
203 199
203 200
203 201
203 202
203 204
203 205
203 206
203 207
203 209
204 174
204 175
204 178
204 200
204 201
204 202
204 203
204 205
204 206
204 207
205 171
205 174
205 175
205 201
205 202
205 203
205 204
205 206
205 207
206 47
206 202
206 203
206 204
206 205
206 207
206 208
206 209
206 212
206 213
207 203
207 204
207 205
207 206
207 208
207 209
208 206
208 207
208 209
208 210
208 211
208 212
209 203
209 206
209 207
209 208
209 210
209 211
209 212
209 213
209 233
209 236
210 208
210 209
210 211
210 212
210 213
210 229
210 230
210 232
210 233
210 236
211 48
211 208
211 209
211 210
211 212
211 213
211 214
211 229
211 232
211 233
212 47
212 48
212 49
212 50
212 206
212 208
212 209
212 210
212 211
212 213
212 214
213 45
213 46
213 47
213 48
213 202
213 206
213 209
213 210
213 211
213 212
213 214
213 215
213 229
213 232
214 45
214 46
214 47
214 48
214 211
214 212
214 213
214 215
214 216
214 227
214 229
215 43
215 44
215 45
215 46
215 213
215 214
215 216
215 217
215 226
215 227
215 232
216 43
216 44
216 45
216 63
216 214
216 215
216 217
216 218
216 224
216 225
216 226
216 227
217 41
217 42
217 43
217 44
217 215
217 216
217 218
217 219
217 224
217 225
217 226
217 227
218 41
218 42
218 43
218 73
218 74
218 75
218 142
218 216
218 217
218 219
218 220
218 222
218 223
218 224
218 225
219 40
219 41
219 42
219 73
219 74
219 217
219 218
219 220
219 221
219 222
219 223
219 224
220 40
220 41
220 72
220 73
220 74
220 143
220 147
220 218
220 219
220 221
220 222
221 71
221 72
221 73
221 74
221 219
221 220
221 222
221 223
222 72
222 73
222 74
222 218
222 219
222 220
222 221
222 223
222 224
223 68
223 72
223 73
223 74
223 75
223 218
223 219
223 221
223 222
223 224
223 225
224 65
224 73
224 74
224 75
224 77
224 216
224 217
224 218
224 219
224 222
224 223
224 225
224 226
225 216
225 217
225 218
225 223
225 224
225 226
225 227
226 215
226 216
226 217
226 224
226 225
226 227
226 228
227 214
227 215
227 216
227 217
227 225
227 226
227 228
227 229
227 231
227 232
228 226
228 227
228 229
228 230
228 231
228 232
229 210
229 211
229 213
229 214
229 227
229 228
229 230
229 231
229 232
229 233
230 210
230 228
230 229
230 231
230 232
230 233
230 234
231 227
231 228
231 229
231 230
231 232
231 233
231 234
231 235
232 210
232 211
232 213
232 215
232 227
232 228
232 229
232 230
232 231
232 233
232 234
232 235
232 236
233 209
233 210
233 211
233 229
233 230
233 231
233 232
233 234
233 235
233 236
233 237
234 230
234 231
234 232
234 233
234 235
234 236
234 237
234 238
235 196
235 199
235 231
235 232
235 233
235 234
235 236
235 237
235 238
235 239
236 199
236 209
236 210
236 232
236 233
236 234
236 235
236 237
236 238
236 239
236 240
237 233
237 234
237 235
237 236
237 238
237 239
237 240
237 241
238 234
238 235
238 236
238 237
238 239
238 240
238 241
238 242
239 196
239 200
239 235
239 236
239 237
239 238
239 240
239 241
239 242
239 243
240 236
240 237
240 238
240 239
240 241
240 242
240 243
240 244
241 237
241 238
241 239
241 240
241 242
241 243
241 244
241 245
242 238
242 239
242 240
242 241
242 243
242 244
242 245
242 246
243 239
243 240
243 241
243 242
243 244
243 245
243 246
243 247
244 240
244 241
244 242
244 243
244 245
244 246
244 247
244 248
245 241
245 242
245 243
245 244
245 246
245 247
245 248
245 249
246 242
246 243
246 244
246 245
246 247
246 248
246 249
246 250
247 243
247 244
247 245
247 246
247 248
247 249
247 250
247 251
248 244
248 245
248 246
248 247
248 249
248 250
248 251
248 252
249 245
249 246
249 247
249 248
249 250
249 251
249 252
249 253
250 246
250 247
250 248
250 249
250 251
250 252
250 253
250 254
251 247
251 248
251 249
251 250
251 252
251 253
251 254
251 255
252 248
252 249
252 250
252 251
252 253
252 254
252 255
253 249
253 250
253 251
253 252
253 254
253 255
254 250
254 251
254 252
254 253
254 255
255 251
255 252
255 253
255 254
