0 1
0 2
1 0
1 2
1 3
2 0
2 1
2 3
2 4
3 1
3 2
3 4
3 5
4 2
4 3
4 5
4 6
5 3
5 4
5 6
5 7
6 4
6 5
6 7
6 8
7 5
7 6
7 8
7 9
8 6
8 7
8 9
8 10
9 7
9 8
9 10
9 11
10 8
10 9
10 11
10 12
11 9
11 10
11 12
11 13
12 10
12 11
12 13
12 14
13 11
13 12
13 14
13 15
14 12
14 13
14 15
14 16
15 13
15 14
15 16
15 17
16 14
16 15
16 17
16 18
16 19
17 15
17 16
17 18
17 19
18 16
18 17
18 19
18 20
19 16
19 17
19 18
19 20
19 21
20 18
20 19
20 21
20 22
20 23
21 19
21 20
21 22
21 23
21 24
22 20
22 21
22 23
22 24
23 20
23 21
23 22
23 24
23 25
23 26
24 21
24 22
24 23
24 25
24 26
25 23
25 24
25 26
25 27
26 23
26 24
26 25
26 27
26 28
27 25
27 26
27 28
27 29
27 30
27 31
27 32
28 26
28 27
28 29
28 30
28 31
28 32
29 27
29 28
29 30
29 31
29 32
29 33
30 27
30 28
30 29
30 31
30 32
30 33
30 34
31 27
31 28
31 29
31 30
31 32
31 33
31 34
31 35
32 27
32 28
32 29
32 30
32 31
32 33
32 34
32 35
32 36
33 29
33 30
33 31
33 32
33 34
33 35
33 36
33 37
34 30
34 31
34 32
34 33
34 35
34 36
34 37
34 38
34 44
34 45
35 31
35 32
35 33
35 34
35 36
35 37
35 38
35 39
36 32
36 33
36 34
36 35
36 37
36 38
36 39
36 40
37 33
37 34
37 35
37 36
37 38
37 39
37 40
37 41
37 42
37 43
37 44
38 34
38 35
38 36
38 37
38 39
38 40
38 41
38 42
38 43
38 44
38 80
38 81
39 35
39 36
39 37
39 38
39 40
39 41
39 42
40 36
40 37
40 38
40 39
40 41
40 42
41 37
41 38
41 39
41 40
41 42
41 43
42 37
42 38
42 39
42 40
42 41
42 43
42 44
43 37
43 38
43 41
43 42
43 44
43 45
44 34
44 37
44 38
44 42
44 43
44 45
44 46
44 81
44 82
44 102
45 34
45 43
45 44
45 46
45 47
45 102
45 103
45 135
45 136
45 137
46 44
46 45
46 47
46 48
46 100
46 101
46 102
46 103
46 135
46 136
46 137
46 138
46 140
47 45
47 46
47 48
47 49
47 100
47 101
47 102
47 103
47 133
47 134
47 135
47 136
47 137
48 46
48 47
48 49
48 50
48 98
48 99
48 100
48 101
48 132
48 133
48 134
48 135
48 137
49 47
49 48
49 50
49 51
49 98
49 99
49 100
49 106
49 130
49 131
49 132
49 133
49 134
50 48
50 49
50 51
50 52
50 96
50 97
50 98
50 99
50 130
50 131
50 132
50 133
51 49
51 50
51 52
51 53
51 96
51 97
51 98
51 128
51 129
51 130
51 131
51 132
52 50
52 51
52 53
52 54
52 94
52 95
52 96
52 97
52 128
52 129
52 130
52 131
52 213
52 216
52 217
53 51
53 52
53 54
53 55
53 94
53 95
53 96
53 125
53 126
53 127
53 128
53 129
53 213
53 214
53 217
54 52
54 53
54 55
54 56
54 93
54 94
54 95
54 125
54 126
54 127
54 128
54 214
54 217
55 53
55 54
55 56
55 57
55 59
55 92
55 93
55 94
55 95
55 124
55 125
55 126
56 54
56 55
56 57
56 58
56 59
56 93
56 124
56 125
56 126
57 55
57 56
57 58
57 59
57 92
57 93
58 56
58 57
58 59
58 60
59 55
59 56
59 57
59 58
59 60
59 61
59 63
59 64
59 124
60 58
60 59
60 61
60 62
60 63
60 64
61 59
61 60
61 62
61 63
61 64
61 65
61 90
61 149
62 60
62 61
62 63
62 64
62 65
62 66
63 59
63 60
63 61
63 62
63 64
63 65
63 66
63 67
64 59
64 60
64 61
64 62
64 63
64 65
64 66
64 67
64 68
65 61
65 62
65 63
65 64
65 66
65 67
65 68
65 69
65 147
66 62
66 63
66 64
66 65
66 67
66 68
66 69
66 70
67 63
67 64
67 65
67 66
67 68
67 69
67 70
67 71
68 64
68 65
68 66
68 67
68 69
68 70
68 71
68 72
69 65
69 66
69 67
69 68
69 70
69 71
69 72
69 73
70 66
70 67
70 68
70 69
70 71
70 72
70 73
70 74
71 67
71 68
71 69
71 70
71 72
71 73
71 74
71 75
71 109
72 68
72 69
72 70
72 71
72 73
72 74
72 75
72 76
72 84
73 69
73 70
73 71
73 72
73 74
73 75
73 76
73 77
74 70
74 71
74 72
74 73
74 75
74 76
74 77
74 78
75 71
75 72
75 73
75 74
75 76
75 77
75 78
75 79
75 105
75 108
76 72
76 73
76 74
76 75
76 77
76 78
76 79
76 80
76 81
76 83
77 73
77 74
77 75
77 76
77 78
77 79
77 80
78 74
78 75
78 76
78 77
78 79
78 80
79 75
79 76
79 77
79 78
79 80
79 81
80 38
80 76
80 77
80 78
80 79
80 81
80 82
81 38
81 44
81 76
81 79
81 80
81 82
81 83
81 102
81 105
82 44
82 80
82 81
82 83
82 84
82 101
82 102
82 105
83 76
83 81
83 82
83 84
83 85
83 101
84 72
84 82
84 83
84 85
84 86
84 99
84 100
84 101
84 105
84 144
84 145
85 83
85 84
85 86
85 87
85 99
85 100
85 101
85 142
85 143
85 144
85 145
85 146
86 84
86 85
86 87
86 88
86 97
86 98
86 99
86 100
86 141
86 142
86 143
86 144
86 145
86 146
87 85
87 86
87 88
87 89
87 97
87 98
87 99
87 142
87 145
87 146
87 147
87 148
88 86
88 87
88 89
88 90
88 95
88 96
88 97
88 98
88 145
88 146
88 147
88 148
89 87
89 88
89 90
89 91
89 95
89 96
89 97
89 147
89 148
89 149
89 150
90 61
90 88
90 89
90 91
90 92
90 94
90 95
90 96
90 147
90 148
90 149
90 150
91 89
91 90
91 92
91 93
91 94
91 95
91 149
91 150
91 151
91 210
92 55
92 57
92 90
92 91
92 93
92 94
92 150
92 151
93 54
93 55
93 56
93 57
93 91
93 92
93 94
93 95
94 52
94 53
94 54
94 55
94 90
94 91
94 92
94 93
94 95
94 96
94 210
94 213
94 214
95 52
95 53
95 54
95 55
95 88
95 89
95 90
95 91
95 93
95 94
95 96
95 97
95 213
96 50
96 51
96 52
96 53
96 88
96 89
96 90
96 94
96 95
96 97
96 98
96 213
97 50
97 51
97 52
97 86
97 87
97 88
97 89
97 95
97 96
97 98
97 99
98 48
98 49
98 50
98 51
98 86
98 87
98 88
98 96
98 97
98 99
98 100
99 48
99 49
99 50
99 84
99 85
99 86
99 87
99 97
99 98
99 100
99 101
99 106
100 46
100 47
100 48
100 49
100 84
100 85
100 86
100 98
100 99
100 101
100 102
100 106
100 140
100 142
101 46
101 47
101 48
101 82
101 83
101 84
101 85
101 99
101 100
101 102
101 103
101 105
101 106
102 44
102 45
102 46
102 47
102 81
102 82
102 100
102 101
102 103
102 104
102 105
102 106
103 45
103 46
103 47
103 101
103 102
103 104
103 105
103 106
103 107
103 135
104 102
104 103
104 105
104 106
104 107
104 108
105 75
105 81
105 82
105 84
105 101
105 102
105 103
105 104
105 106
105 107
105 108
105 109
106 49
106 99
106 100
106 101
106 102
106 103
106 104
106 105
106 107
106 108
106 109
106 110
107 103
107 104
107 105
107 106
107 108
107 109
107 110
107 111
108 75
108 104
108 105
108 106
108 107
108 109
108 110
108 111
108 112
109 71
109 105
109 106
109 107
109 108
109 110
109 111
109 112
109 113
110 106
110 107
110 108
110 109
110 111
110 112
110 113
110 114
110 225
110 226
110 229
111 107
111 108
111 109
111 110
111 112
111 113
111 114
111 115
111 225
112 108
112 109
112 110
112 111
112 113
112 114
112 115
112 116
113 109
113 110
113 111
113 112
113 114
113 115
113 116
113 117
113 225
114 110
114 111
114 112
114 113
114 115
114 116
114 117
114 118
114 225
114 226
115 111
115 112
115 113
115 114
115 116
115 117
115 118
115 119
116 112
116 113
116 114
116 115
116 117
116 118
116 119
116 120
116 121
116 123
117 113
117 114
117 115
117 116
117 118
117 119
117 120
117 121
117 122
117 123
118 114
118 115
118 116
118 117
118 119
118 120
118 121
119 115
119 116
119 117
119 118
119 120
119 121
120 116
120 117
120 118
120 119
120 121
120 122
121 116
121 117
121 118
121 119
121 120
121 122
121 123
122 117
122 120
122 121
122 123
122 124
123 116
123 117
123 121
123 122
123 124
123 125
123 126
124 55
124 56
124 59
124 122
124 123
124 125
124 126
125 53
125 54
125 55
125 56
125 123
125 124
125 126
125 127
125 128
126 53
126 54
126 55
126 56
126 123
126 124
126 125
126 127
126 128
127 53
127 54
127 125
127 126
127 128
127 129
127 217
127 218
127 224
128 51
128 52
128 53
128 54
128 125
128 126
128 127
128 129
128 130
128 217
128 224
128 225
129 51
129 52
129 53
129 127
129 128
129 130
129 131
129 216
129 217
129 222
129 223
129 224
129 225
130 49
130 50
130 51
130 52
130 128
130 129
130 131
130 132
130 133
130 222
130 223
130 224
130 225
131 49
131 50
131 51
131 52
131 129
131 130
131 132
131 133
131 216
131 222
131 223
132 48
132 49
132 50
132 51
132 130
132 131
132 133
132 134
133 47
133 48
133 49
133 50
133 130
133 131
133 132
133 134
133 135
134 47
134 48
134 49
134 132
134 133
134 135
134 136
134 137
135 45
135 46
135 47
135 48
135 103
135 133
135 134
135 136
135 137
136 45
136 46
136 47
136 134
136 135
136 137
136 138
137 45
137 46
137 47
137 48
137 134
137 135
137 136
137 138
137 139
137 140
138 46
138 136
138 137
138 139
138 140
139 137
139 138
139 140
139 141
140 46
140 100
140 137
140 138
140 139
140 141
140 142
140 143
141 86
141 139
141 140
141 142
141 143
141 181
141 182
141 184
141 185
142 85
142 86
142 87
142 100
142 140
142 141
142 143
142 144
142 145
142 181
142 184
142 185
143 85
143 86
143 140
143 141
143 142
143 144
143 145
143 185
143 190
144 84
144 85
144 86
144 142
144 143
144 145
144 146
145 84
145 85
145 86
145 87
145 88
145 142
145 143
145 144
145 146
145 147
146 85
146 86
146 87
146 88
146 144
146 145
146 147
146 148
146 194
146 195
147 65
147 87
147 88
147 89
147 90
147 145
147 146
147 148
147 149
147 194
147 195
147 196
147 197
148 87
148 88
148 89
148 90
148 146
148 147
148 149
148 150
148 194
148 195
148 196
148 197
148 198
148 199
149 61
149 89
149 90
149 91
149 147
149 148
149 150
149 151
149 196
149 197
150 89
150 90
150 91
150 92
150 148
150 149
150 151
150 152
150 197
150 199
150 200
151 91
151 92
151 149
151 150
151 152
151 153
151 200
152 150
152 151
152 153
152 154
152 200
153 151
153 152
153 154
153 155
154 152
154 153
154 155
154 156
154 209
154 210
154 211
155 153
155 154
155 156
155 157
155 209
156 154
156 155
156 157
156 158
156 211
157 155
157 156
157 158
157 159
157 160
157 161
158 156
158 157
158 159
158 160
158 161
158 162
158 211
159 157
159 158
159 160
159 161
159 162
159 163
160 157
160 158
160 159
160 161
160 162
160 163
160 164
161 157
161 158
161 159
161 160
161 162
161 163
161 164
161 165
161 169
161 212
162 158
162 159
162 160
162 161
162 163
162 164
162 165
163 159
163 160
163 161
163 162
163 164
163 165
164 160
164 161
164 162
164 163
164 165
164 166
164 168
164 169
165 161
165 162
165 163
165 164
165 166
165 167
165 168
165 169
166 164
166 165
166 167
166 168
166 169
166 170
167 165
167 166
167 168
167 169
167 170
167 171
168 164
168 165
168 166
168 167
168 169
168 170
168 171
168 172
169 161
169 164
169 165
169 166
169 167
169 168
169 170
169 171
169 172
169 173
169 212
170 166
170 167
170 168
170 169
170 171
170 172
170 173
170 174
171 167
171 168
171 169
171 170
171 172
171 173
171 174
171 175
172 168
172 169
172 170
172 171
172 173
172 174
172 175
172 176
173 169
173 170
173 171
173 172
173 174
173 175
173 176
173 177
173 208
173 212
174 170
174 171
174 172
174 173
174 175
174 176
174 177
174 178
175 171
175 172
175 173
175 174
175 176
175 177
175 178
175 179
176 172
176 173
176 174
176 175
176 177
176 178
176 179
176 180
176 206
176 207
176 208
177 173
177 174
177 175
177 176
177 178
177 179
177 180
177 181
177 206
177 207
177 208
178 174
178 175
178 176
178 177
178 179
178 180
178 181
178 182
179 175
179 176
179 177
179 178
179 180
179 181
179 182
179 183
179 206
180 176
180 177
180 178
180 179
180 181
180 182
180 183
180 184
180 206
180 207
181 141
181 142
181 177
181 178
181 179
181 180
181 182
181 183
181 184
181 185
182 141
182 178
182 179
182 180
182 181
182 183
182 184
182 185
182 186
183 179
183 180
183 181
183 182
183 184
183 185
183 186
183 187
184 141
184 142
184 180
184 181
184 182
184 183
184 185
184 186
184 187
184 188
184 195
185 141
185 142
185 143
185 181
185 182
185 183
185 184
185 186
185 187
185 188
186 182
186 183
186 184
186 185
186 187
186 188
186 189
187 183
187 184
187 185
187 186
187 188
187 189
188 184
188 185
188 186
188 187
188 189
188 190
188 192
188 194
188 195
189 186
189 187
189 188
189 190
189 191
189 192
190 143
190 188
190 189
190 191
190 192
191 189
191 190
191 192
191 193
192 188
192 189
192 190
192 191
192 193
192 194
193 191
193 192
193 194
193 195
193 196
194 146
194 147
194 148
194 188
194 192
194 193
194 195
194 196
195 146
195 147
195 148
195 184
195 188
195 193
195 194
195 196
195 197
195 198
195 199
196 147
196 148
196 149
196 193
196 194
196 195
196 197
196 198
196 199
197 147
197 148
197 149
197 150
197 195
197 196
197 198
197 199
197 200
198 148
198 195
198 196
198 197
198 199
198 200
198 201
198 202
199 148
199 150
199 195
199 196
199 197
199 198
199 200
199 201
199 202
199 203
199 204
200 150
200 151
200 152
200 197
200 198
200 199
200 201
200 202
200 203
200 204
200 207
201 198
201 199
201 200
201 202
201 203
201 204
202 198
202 199
202 200
202 201
202 203
202 204
203 199
203 200
203 201
203 202
203 204
203 205
203 206
203 207
204 199
204 200
204 201
204 202
204 203
204 205
204 206
204 207
205 203
205 204
205 206
205 207
206 176
206 177
206 179
206 180
206 203
206 204
206 205
206 207
206 208
207 176
207 177
207 180
207 200
207 203
207 204
207 205
207 206
207 208
207 209
208 173
208 176
208 177
208 206
208 207
208 209
208 210
208 212
208 213
209 154
209 155
209 207
209 208
209 210
209 211
209 212
209 213
210 91
210 94
210 154
210 208
210 209
210 211
210 212
210 213
210 214
211 154
211 156
211 158
211 209
211 210
211 212
211 213
211 214
211 215
212 161
212 169
212 173
212 208
212 209
212 210
212 211
212 213
212 214
212 215
212 216
213 52
213 53
213 94
213 95
213 96
213 208
213 209
213 210
213 211
213 212
213 214
213 215
213 216
213 217
214 53
214 54
214 94
214 210
214 211
214 212
214 213
214 215
214 216
214 217
214 218
215 211
215 212
215 213
215 214
215 216
215 217
215 218
215 219
216 52
216 129
216 131
216 212
216 213
216 214
216 215
216 217
216 218
216 219
216 222
217 52
217 53
217 54
217 127
217 128
217 129
217 213
217 214
217 215
217 216
217 218
217 219
217 222
218 127
218 214
218 215
218 216
218 217
218 219
218 220
219 215
219 216
219 217
219 218
219 220
219 221
219 222
220 218
220 219
220 221
220 222
220 223
221 219
221 220
221 222
221 223
222 129
222 130
222 131
222 216
222 217
222 219
222 220
222 221
222 223
222 224
223 129
223 130
223 131
223 220
223 221
223 222
223 224
223 225
223 227
223 228
224 127
224 128
224 129
224 130
224 222
224 223
224 225
224 226
224 227
224 228
225 110
225 111
225 113
225 114
225 128
225 129
225 130
225 223
225 224
225 226
225 227
225 228
225 229
226 110
226 114
226 224
226 225
226 227
226 228
226 229
226 230
227 223
227 224
227 225
227 226
227 228
227 229
227 230
227 231
228 223
228 224
228 225
228 226
228 227
228 229
228 230
228 231
228 232
229 110
229 225
229 226
229 227
229 228
229 230
229 231
229 232
229 233
230 226
230 227
230 228
230 229
230 231
230 232
230 233
230 234
231 227
231 228
231 229
231 230
231 232
231 233
231 234
232 228
232 229
232 230
232 231
232 233
232 234
233 229
233 230
233 231
233 232
233 234
233 235
234 230
234 231
234 232
234 233
234 235
234 236
235 233
235 234
235 236
235 237
236 234
236 235
236 237
236 238
237 235
237 236
237 238
237 239
238 236
238 237
238 239
238 240
239 237
239 238
239 240
239 241
239 243
239 244
240 238
240 239
240 241
240 242
240 243
240 244
241 239
241 240
241 242
241 243
241 244
241 245
242 240
242 241
242 243
242 244
242 245
243 239
243 240
243 241
243 242
243 244
243 245
244 239
244 240
244 241
244 242
244 243
244 245
244 246
244 247
245 241
245 242
245 243
245 244
245 246
245 247
245 248
246 244
246 245
246 247
246 248
246 249
247 244
247 245
247 246
247 248
247 249
248 245
248 246
248 247
248 249
248 250
249 246
249 247
249 248
249 250
249 251
249 252
250 248
250 249
250 251
250 252
251 249
251 250
251 252
252 249
252 250
252 251
