0 1
0 2
1 0
1 2
1 3
2 0
2 1
2 3
2 4
3 1
3 2
3 4
3 5
4 2
4 3
4 5
4 6
5 3
5 4
5 6
5 7
6 4
6 5
6 7
6 8
7 5
7 6
7 8
7 9
8 6
8 7
8 9
8 10
9 7
9 8
9 10
9 11
10 8
10 9
10 11
10 12
11 9
11 10
11 12
11 13
12 10
12 11
12 13
12 14
13 11
13 12
13 14
13 15
14 12
14 13
14 15
14 16
15 13
15 14
15 16
15 17
16 14
16 15
16 17
16 18
17 15
17 16
17 18
17 19
18 16
18 17
18 19
18 20
19 17
19 18
19 20
19 21
20 18
20 19
20 21
20 22
21 19
21 20
21 22
21 23
22 20
22 21
22 23
22 24
23 21
23 22
23 24
23 25
24 22
24 23
24 25
24 26
25 23
25 24
25 26
25 27
26 24
26 25
26 27
26 28
27 25
27 26
27 28
27 29
28 26
28 27
28 29
28 30
29 27
29 28
29 30
29 31
30 28
30 29
30 31
30 32
31 29
31 30
31 32
31 33
32 30
32 31
32 33
32 34
33 31
33 32
33 34
33 35
34 32
34 33
34 35
34 36
35 33
35 34
35 36
35 37
36 34
36 35
36 37
36 38
37 35
37 36
37 38
37 39
38 36
38 37
38 39
38 40
39 37
39 38
39 40
39 41
40 38
40 39
40 41
40 42
41 39
41 40
41 42
41 43
42 40
42 41
42 43
42 44
43 41
43 42
43 44
43 45
44 42
44 43
44 45
44 46
45 43
45 44
45 46
45 47
46 44
46 45
46 47
46 48
47 45
47 46
47 48
47 49
48 46
48 47
48 49
48 50
49 47
49 48
49 50
49 51
50 48
50 49
50 51
50 52
51 49
51 50
51 52
51 53
52 50
52 51
52 53
52 54
53 51
53 52
53 54
53 55
54 52
54 53
54 55
54 56
55 53
55 54
55 56
55 57
56 54
56 55
56 57
56 58
57 55
57 56
57 58
57 59
58 56
58 57
58 59
58 60
59 57
59 58
59 60
59 61
60 58
60 59
60 61
60 62
61 59
61 60
61 62
61 63
62 60
62 61
62 63
62 64
63 61
63 62
63 64
63 65
64 62
64 63
64 65
64 66
65 63
65 64
65 66
65 67
66 64
66 65
66 67
66 68
67 65
67 66
67 68
67 69
68 66
68 67
68 69
68 70
69 67
69 68
69 70
69 71
70 68
70 69
70 71
70 72
71 69
71 70
71 72
71 73
72 70
72 71
72 73
72 74
73 71
73 72
73 74
73 75
74 72
74 73
74 75
74 76
75 73
75 74
75 76
75 77
76 74
76 75
76 77
76 78
77 75
77 76
77 78
77 79
78 76
78 77
78 79
78 80
79 77
79 78
79 80
79 81
80 78
80 79
80 81
80 82
81 79
81 80
81 82
81 83
82 80
82 81
82 83
82 84
83 81
83 82
83 84
83 85
84 82
84 83
84 85
84 86
85 83
85 84
85 86
85 87
86 84
86 85
86 87
86 88
87 85
87 86
87 88
87 89
88 86
88 87
88 89
88 90
89 87
89 88
89 90
89 91
90 88
90 89
90 91
90 92
91 89
91 90
91 92
91 93
92 90
92 91
92 93
92 94
93 91
93 92
93 94
93 95
94 92
94 93
94 95
94 96
95 93
95 94
95 96
95 97
96 94
96 95
96 97
96 98
97 95
97 96
97 98
97 99
98 96
98 97
98 99
98 100
99 97
99 98
99 100
99 101
100 98
100 99
100 101
100 102
101 99
101 100
101 102
101 103
102 100
102 101
102 103
102 104
103 101
103 102
103 104
103 105
104 102
104 103
104 105
104 106
105 103
105 104
105 106
105 107
106 104
106 105
106 107
106 108
107 105
107 106
107 108
107 109
108 106
108 107
108 109
108 110
109 107
109 108
109 110
109 111
110 108
110 109
110 111
110 112
111 109
111 110
111 112
111 113
112 110
112 111
112 113
112 114
113 111
113 112
113 114
113 115
114 112
114 113
114 115
114 116
115 113
115 114
115 116
115 117
116 114
116 115
116 117
116 118
117 115
117 116
117 118
117 119
118 116
118 117
118 119
118 120
119 117
119 118
119 120
119 121
120 118
120 119
120 121
120 122
121 119
121 120
121 122
121 123
122 120
122 121
122 123
122 124
123 121
123 122
123 124
123 125
124 122
124 123
124 125
124 126
125 123
125 124
125 126
125 127
126 124
126 125
126 127
126 128
127 125
127 126
127 128
127 129
128 126
128 127
128 129
128 130
129 127
129 128
129 130
129 131
130 128
130 129
130 131
130 132
131 129
131 130
131 132
131 133
132 130
132 131
132 133
132 134
133 131
133 132
133 134
133 135
134 132
134 133
134 135
134 136
135 133
135 134
135 136
135 137
136 134
136 135
136 137
136 138
137 135
137 136
137 138
137 139
138 136
138 137
138 139
138 140
139 137
139 138
139 140
139 141
140 138
140 139
140 141
140 142
141 139
141 140
141 142
141 143
142 140
142 141
142 143
142 144
143 141
143 142
143 144
143 145
144 142
144 143
144 145
144 146
145 143
145 144
145 146
145 147
146 144
146 145
146 147
146 148
147 145
147 146
147 148
147 149
148 146
148 147
148 149
148 150
149 147
149 148
149 150
149 151
150 148
150 149
150 151
150 152
151 149
151 150
151 152
151 153
152 150
152 151
152 153
152 154
153 151
153 152
153 154
153 155
154 152
154 153
154 155
154 156
155 153
155 154
155 156
155 157
156 154
156 155
156 157
156 158
157 155
157 156
157 158
157 159
158 156
158 157
158 159
158 160
159 157
159 158
159 160
159 161
160 158
160 159
160 161
160 162
161 159
161 160
161 162
161 163
162 160
162 161
162 163
162 164
163 161
163 162
163 164
163 165
164 162
164 163
164 165
164 166
165 163
165 164
165 166
165 167
166 164
166 165
166 167
166 168
167 165
167 166
167 168
167 169
168 166
168 167
168 169
168 170
169 167
169 168
169 170
169 171
170 168
170 169
170 171
170 172
171 169
171 170
171 172
171 173
172 170
172 171
172 173
172 174
173 171
173 172
173 174
173 175
174 172
174 173
174 175
174 176
175 173
175 174
175 176
175 177
176 174
176 175
176 177
176 178
177 175
177 176
177 178
177 179
178 176
178 177
178 179
178 180
179 177
179 178
179 180
179 181
180 178
180 179
180 181
180 182
181 179
181 180
181 182
181 183
182 180
182 181
182 183
182 184
183 181
183 182
183 184
183 185
184 182
184 183
184 185
184 186
185 183
185 184
185 186
185 187
186 184
186 185
186 187
186 188
187 185
187 186
187 188
187 189
188 186
188 187
188 189
188 190
189 187
189 188
189 190
189 191
190 188
190 189
190 191
190 192
191 189
191 190
191 192
191 193
192 190
192 191
192 193
192 194
193 191
193 192
193 194
193 195
194 192
194 193
194 195
194 196
195 193
195 194
195 196
195 197
196 194
196 195
196 197
196 198
197 195
197 196
197 198
197 199
198 196
198 197
198 199
198 200
199 197
199 198
199 200
199 201
200 198
200 199
200 201
200 202
201 199
201 200
201 202
201 203
202 200
202 201
202 203
202 204
203 201
203 202
203 204
203 205
204 202
204 203
204 205
204 206
205 203
205 204
205 206
205 207
206 204
206 205
206 207
206 208
207 205
207 206
207 208
207 209
208 206
208 207
208 209
208 210
209 207
209 208
209 210
209 211
210 208
210 209
210 211
210 212
211 209
211 210
211 212
211 213
212 210
212 211
212 213
212 214
213 211
213 212
213 214
213 215
214 212
214 213
214 215
214 216
215 213
215 214
215 216
215 217
216 214
216 215
216 217
216 218
217 215
217 216
217 218
217 219
218 216
218 217
218 219
218 220
219 217
219 218
219 220
219 221
220 218
220 219
220 221
220 222
221 219
221 220
221 222
221 223
222 220
222 221
222 223
222 224
223 221
223 222
223 224
223 225
224 222
224 223
224 225
224 226
225 223
225 224
225 226
225 227
226 224
226 225
226 227
226 228
227 225
227 226
227 228
227 229
228 226
228 227
228 229
228 230
229 227
229 228
229 230
229 231
230 228
230 229
230 231
230 232
231 229
231 230
231 232
231 233
232 230
232 231
232 233
232 234
233 231
233 232
233 234
233 235
234 232
234 233
234 235
234 236
235 233
235 234
235 236
235 237
236 234
236 235
236 237
236 238
237 235
237 236
237 238
237 239
238 236
238 237
238 239
238 240
239 237
239 238
239 240
239 241
240 238
240 239
240 241
240 242
241 239
241 240
241 242
241 243
242 240
242 241
242 243
242 244
243 241
243 242
243 244
243 245
244 242
244 243
244 245
244 246
244 1060
245 243
245 244
245 246
245 247
245 1060
245 1061
245 1063
245 1064
246 244
246 245
246 247
246 248
246 1063
246 1064
247 245
247 246
247 248
247 249
247 1063
247 1064
248 246
248 247
248 249
248 250
249 247
249 248
249 250
249 251
250 248
250 249
250 251
250 252
251 249
251 250
251 252
251 253
252 250
252 251
252 253
252 254
253 251
253 252
253 254
253 255
254 252
254 253
254 255
254 256
255 253
255 254
255 256
255 257
256 254
256 255
256 257
256 258
256 259
257 255
257 256
257 258
257 259
258 256
258 257
258 259
258 260
258 261
259 256
259 257
259 258
259 260
259 261
259 262
260 258
260 259
260 261
260 262
260 263
261 258
261 259
261 260
261 262
261 263
261 264
262 259
262 260
262 261
262 263
262 264
262 265
263 260
263 261
263 262
263 264
263 265
263 266
264 261
264 262
264 263
264 265
264 266
265 262
265 263
265 264
265 266
265 267
265 269
266 263
266 264
266 265
266 267
266 268
266 269
267 265
267 266
267 268
267 269
267 270
268 266
268 267
268 269
268 270
269 265
269 266
269 267
269 268
269 270
269 271
269 272
270 267
270 268
270 269
270 271
270 272
270 273
271 269
271 270
271 272
271 273
272 269
272 270
272 271
272 273
272 274
273 270
273 271
273 272
273 274
273 275
273 276
273 277
274 272
274 273
274 275
274 276
274 277
274 278
275 273
275 274
275 276
275 277
275 278
275 279
276 273
276 274
276 275
276 277
276 278
276 279
276 280
277 273
277 274
277 275
277 276
277 278
277 279
277 280
278 274
278 275
278 276
278 277
278 279
278 280
279 275
279 276
279 277
279 278
279 280
279 281
280 276
280 277
280 278
280 279
280 281
280 282
281 279
281 280
281 282
281 283
281 284
281 285
282 280
282 281
282 283
282 284
282 383
282 385
283 281
283 282
283 284
283 285
284 281
284 282
284 283
284 285
284 286
284 287
284 290
285 281
285 283
285 284
285 286
285 287
285 289
285 290
286 284
286 285
286 287
286 288
286 289
286 290
287 284
287 285
287 286
287 288
287 289
287 290
287 291
288 286
288 287
288 289
288 290
288 291
288 292
289 285
289 286
289 287
289 288
289 290
289 291
289 292
289 322
290 284
290 285
290 286
290 287
290 288
290 289
290 291
290 292
290 321
290 322
290 323
291 287
291 288
291 289
291 290
291 292
291 293
291 321
291 322
291 339
291 340
292 288
292 289
292 290
292 291
292 293
292 294
292 321
292 322
292 339
292 340
293 291
293 292
293 294
293 295
293 296
293 319
293 320
293 321
293 322
293 337
293 340
293 343
294 292
294 293
294 295
294 296
294 319
294 320
294 321
294 322
295 293
295 294
295 296
295 297
295 319
295 320
295 321
295 346
296 293
296 294
296 295
296 297
296 298
296 317
296 318
296 319
296 320
296 346
296 347
296 350
297 295
297 296
297 298
297 299
297 317
297 318
297 319
297 320
297 368
297 369
298 296
298 297
298 299
298 300
298 317
298 318
298 319
298 368
299 297
299 298
299 300
299 301
299 315
299 316
299 317
299 318
300 298
300 299
300 301
300 302
300 315
300 316
300 317
301 299
301 300
301 302
301 303
301 313
301 314
301 315
301 316
302 300
302 301
302 303
302 304
302 313
302 314
302 315
302 316
303 301
303 302
303 304
303 305
303 311
303 312
303 313
303 314
304 302
304 303
304 305
304 306
304 311
304 312
304 313
304 314
305 303
305 304
305 306
305 307
305 309
305 310
305 311
305 312
306 304
306 305
306 307
306 308
306 309
306 310
306 311
307 305
307 306
307 308
307 309
308 306
308 307
308 309
308 310
309 305
309 306
309 307
309 308
309 310
309 311
310 305
310 306
310 308
310 309
310 311
310 312
311 303
311 304
311 305
311 306
311 309
311 310
311 312
311 313
312 303
312 304
312 305
312 310
312 311
312 313
312 314
313 301
313 302
313 303
313 304
313 311
313 312
313 314
313 315
314 301
314 302
314 303
314 304
314 312
314 313
314 315
314 316
314 333
315 299
315 300
315 301
315 302
315 313
315 314
315 316
315 317
315 333
315 334
316 299
316 300
316 301
316 302
316 314
316 315
316 317
316 318
316 331
316 332
316 333
316 334
317 296
317 297
317 298
317 299
317 300
317 315
317 316
317 318
317 319
317 331
317 332
317 333
317 334
318 296
318 297
318 298
318 299
318 316
318 317
318 319
318 320
318 329
318 330
318 331
318 332
319 293
319 294
319 295
319 296
319 297
319 298
319 317
319 318
319 320
319 321
319 329
319 330
319 331
319 332
320 293
320 294
320 295
320 296
320 297
320 318
320 319
320 321
320 322
320 324
320 325
320 326
320 328
320 329
320 330
321 290
321 291
321 292
321 293
321 294
321 295
321 319
321 320
321 322
321 323
321 324
321 325
321 328
321 329
322 289
322 290
322 291
322 292
322 293
322 294
322 320
322 321
322 323
322 324
323 290
323 321
323 322
323 324
323 325
323 408
323 410
324 320
324 321
324 322
324 323
324 325
324 326
324 327
324 328
324 410
325 320
325 321
325 323
325 324
325 326
325 327
325 328
325 329
325 373
325 374
325 408
325 409
325 410
326 320
326 324
326 325
326 327
326 328
326 329
326 373
326 374
327 324
327 325
327 326
327 328
327 329
327 374
328 320
328 321
328 324
328 325
328 326
328 327
328 329
328 330
329 318
329 319
329 320
329 321
329 325
329 326
329 327
329 328
329 330
329 331
330 318
330 319
330 320
330 328
330 329
330 331
330 332
331 316
331 317
331 318
331 319
331 329
331 330
331 332
331 333
332 316
332 317
332 318
332 319
332 330
332 331
332 333
332 334
332 336
332 337
333 314
333 315
333 316
333 317
333 331
333 332
333 334
333 335
333 336
333 337
334 315
334 316
334 317
334 332
334 333
334 335
334 336
334 337
334 338
335 333
335 334
335 336
335 337
335 338
335 339
336 332
336 333
336 334
336 335
336 337
336 338
336 339
337 293
337 332
337 333
337 334
337 335
337 336
337 338
337 339
337 340
337 343
338 334
338 335
338 336
338 337
338 339
338 340
338 341
338 343
339 291
339 292
339 335
339 336
339 337
339 338
339 340
339 341
340 291
340 292
340 293
340 337
340 338
340 339
340 341
340 342
340 343
341 338
341 339
341 340
341 342
341 343
341 344
342 340
342 341
342 343
342 344
342 345
342 346
343 293
343 337
343 338
343 340
343 341
343 342
343 344
343 345
343 346
343 347
344 341
344 342
344 343
344 345
344 346
344 347
344 348
345 342
345 343
345 344
345 346
345 347
345 348
345 349
346 295
346 296
346 342
346 343
346 344
346 345
346 347
346 348
346 349
346 350
347 296
347 343
347 344
347 345
347 346
347 348
347 349
347 350
347 351
348 344
348 345
348 346
348 347
348 349
348 350
348 351
348 352
349 345
349 346
349 347
349 348
349 350
349 351
349 352
349 353
350 296
350 346
350 347
350 348
350 349
350 351
350 352
350 353
350 354
351 347
351 348
351 349
351 350
351 352
351 353
351 354
351 355
352 348
352 349
352 350
352 351
352 353
352 354
352 355
352 356
353 349
353 350
353 351
353 352
353 354
353 355
353 356
353 357
354 350
354 351
354 352
354 353
354 355
354 356
354 357
354 358
355 351
355 352
355 353
355 354
355 356
355 357
355 358
355 359
356 352
356 353
356 354
356 355
356 357
356 358
356 359
356 360
357 353
357 354
357 355
357 356
357 358
357 359
357 360
357 361
358 354
358 355
358 356
358 357
358 359
358 360
358 361
358 362
359 355
359 356
359 357
359 358
359 360
359 361
360 356
360 357
360 358
360 359
360 361
360 362
361 357
361 358
361 359
361 360
361 362
361 363
362 358
362 360
362 361
362 363
362 364
363 361
363 362
363 364
363 365
363 366
364 362
364 363
364 365
364 366
365 363
365 364
365 366
365 367
366 363
366 364
366 365
366 367
366 368
367 365
367 366
367 368
367 369
367 370
367 371
368 297
368 298
368 366
368 367
368 369
368 370
369 297
369 367
369 368
369 370
369 371
369 373
370 367
370 368
370 369
370 371
370 372
370 373
371 367
371 369
371 370
371 372
371 373
371 374
371 375
372 370
372 371
372 373
372 374
372 375
372 401
372 402
372 403
373 325
373 326
373 369
373 370
373 371
373 372
373 374
373 375
373 401
373 402
373 403
373 404
374 325
374 326
374 327
374 371
374 372
374 373
374 375
374 376
374 401
374 402
375 371
375 372
375 373
375 374
375 376
375 377
375 401
375 402
376 374
376 375
376 377
376 378
376 379
376 399
376 400
376 401
376 402
376 417
376 418
376 421
377 375
377 376
377 378
377 379
377 399
377 400
377 401
377 402
377 421
378 376
378 377
378 379
378 380
378 399
378 400
378 401
378 421
378 425
379 376
379 377
379 378
379 380
379 381
379 397
379 398
379 399
379 400
379 421
379 422
379 425
380 378
380 379
380 381
380 382
380 397
380 398
380 399
380 400
380 425
380 551
380 552
381 379
381 380
381 382
381 383
381 397
381 398
381 399
381 551
382 380
382 381
382 383
382 384
382 395
382 396
382 397
382 398
383 282
383 381
383 382
383 384
383 385
383 395
383 396
383 397
383 398
384 382
384 383
384 385
384 386
384 393
384 394
384 395
384 396
385 282
385 383
385 384
385 386
385 387
385 393
385 394
385 395
385 396
386 384
386 385
386 387
386 388
386 391
386 392
386 393
386 394
387 385
387 386
387 388
387 389
387 390
387 391
387 392
387 393
387 394
388 386
388 387
388 389
388 390
388 391
389 387
389 388
389 390
389 391
390 387
390 388
390 389
390 391
390 392
391 386
391 387
391 388
391 389
391 390
391 392
391 393
392 386
392 387
392 390
392 391
392 393
392 394
393 384
393 385
393 386
393 387
393 391
393 392
393 394
393 395
394 384
394 385
394 386
394 387
394 392
394 393
394 395
394 396
394 413
394 414
395 382
395 383
395 384
395 385
395 393
395 394
395 396
395 397
395 413
395 414
396 382
396 383
396 384
396 385
396 394
396 395
396 397
396 398
396 411
396 412
396 413
396 414
397 379
397 380
397 381
397 382
397 383
397 395
397 396
397 398
397 399
397 411
397 412
397 413
397 414
397 417
398 379
398 380
398 381
398 382
398 383
398 396
398 397
398 399
398 400
398 409
398 410
398 411
398 412
399 376
399 377
399 378
399 379
399 380
399 381
399 397
399 398
399 400
399 401
399 409
399 410
399 411
399 412
400 376
400 377
400 378
400 379
400 380
400 398
400 399
400 401
400 402
400 404
400 405
400 406
400 408
400 409
400 410
401 372
401 373
401 374
401 375
401 376
401 377
401 378
401 399
401 400
401 402
401 403
401 404
401 405
401 408
401 409
402 372
402 373
402 374
402 375
402 376
402 377
402 400
402 401
402 403
402 404
403 372
403 373
403 401
403 402
403 404
403 405
403 835
404 373
404 400
404 401
404 402
404 403
404 405
404 406
404 408
405 400
405 401
405 403
405 404
405 406
405 407
405 408
405 409
405 540
405 544
406 400
406 404
406 405
406 407
406 408
406 409
406 540
406 543
406 544
406 545
406 547
406 548
407 405
407 406
407 408
407 409
407 541
407 543
407 544
407 547
408 323
408 325
408 400
408 401
408 404
408 405
408 406
408 407
408 409
408 410
409 325
409 398
409 399
409 400
409 401
409 405
409 406
409 407
409 408
409 410
409 411
410 323
410 324
410 325
410 398
410 399
410 400
410 408
410 409
410 411
410 412
411 396
411 397
411 398
411 399
411 409
411 410
411 412
411 413
412 396
412 397
412 398
412 399
412 410
412 411
412 413
412 414
412 416
412 417
413 394
413 395
413 396
413 397
413 411
413 412
413 414
413 415
413 416
413 417
414 394
414 395
414 396
414 397
414 412
414 413
414 415
414 416
414 417
415 413
415 414
415 416
415 417
416 412
416 413
416 414
416 415
416 417
416 418
417 376
417 397
417 412
417 413
417 414
417 415
417 416
417 418
417 419
417 421
417 422
418 376
418 416
418 417
418 419
418 420
418 421
418 422
419 417
419 418
419 420
419 421
419 422
419 423
420 418
420 419
420 421
420 422
420 423
420 424
421 376
421 377
421 378
421 379
421 417
421 418
421 419
421 420
421 422
421 423
421 424
421 425
422 379
422 417
422 418
422 419
422 420
422 421
422 423
422 424
422 425
422 426
423 419
423 420
423 421
423 422
423 424
423 425
423 426
423 427
424 420
424 421
424 422
424 423
424 425
424 426
424 427
424 428
425 378
425 379
425 380
425 421
425 422
425 423
425 424
425 426
425 427
425 428
425 429
426 422
426 423
426 424
426 425
426 427
426 428
426 429
426 430
427 423
427 424
427 425
427 426
427 428
427 429
427 430
428 424
428 425
428 426
428 427
428 429
428 430
428 431
428 568
429 425
429 426
429 427
429 428
429 430
429 431
429 555
429 568
430 426
430 427
430 428
430 429
430 431
430 432
431 428
431 429
431 430
431 432
431 433
431 555
432 430
432 431
432 433
432 434
433 431
433 432
433 434
433 435
434 432
434 433
434 435
434 436
435 433
435 434
435 436
435 437
435 506
436 434
436 435
436 437
436 438
436 507
437 435
437 436
437 438
437 439
437 506
437 507
438 436
438 437
438 439
438 440
438 507
439 437
439 438
439 440
439 441
439 476
439 507
440 438
440 439
440 441
440 442
440 444
440 476
441 439
441 440
441 442
441 443
441 444
441 445
441 476
441 477
442 440
442 441
442 443
442 444
442 445
442 473
442 476
442 477
443 441
443 442
443 444
443 445
444 440
444 441
444 442
444 443
444 445
444 446
445 441
445 442
445 443
445 444
445 446
445 447
445 473
445 476
446 444
446 445
446 447
446 448
447 445
447 446
447 448
447 449
447 469
448 446
448 447
448 449
448 450
448 451
448 465
448 469
449 447
449 448
449 450
449 451
450 448
450 449
450 451
450 452
450 462
450 465
451 448
451 449
451 450
451 452
451 453
451 459
451 460
451 461
451 465
452 450
452 451
452 453
452 454
452 459
452 460
453 451
453 452
453 454
453 455
453 457
453 458
453 459
454 452
454 453
454 455
454 456
454 457
454 458
454 459
454 530
454 531
455 453
455 454
455 456
455 457
455 458
455 529
455 530
455 531
455 532
456 454
456 455
456 457
456 458
456 529
456 530
457 453
457 454
457 455
457 456
457 458
457 459
458 453
458 454
458 455
458 456
458 457
458 459
458 460
458 530
459 451
459 452
459 453
459 454
459 457
459 458
459 460
459 461
460 451
460 452
460 458
460 459
460 461
460 462
460 464
460 465
461 451
461 459
461 460
461 462
461 463
461 464
461 465
462 450
462 460
462 461
462 463
462 464
462 465
462 466
463 461
463 462
463 464
463 465
463 466
463 467
463 686
464 460
464 461
464 462
464 463
464 465
464 466
464 467
464 468
464 489
464 490
464 494
465 448
465 450
465 451
465 460
465 461
465 462
465 463
465 464
465 466
465 467
465 468
465 469
465 494
466 462
466 463
466 464
466 465
466 467
466 468
466 469
466 470
467 463
467 464
467 465
467 466
467 468
467 469
467 470
467 471
467 494
467 679
468 464
468 465
468 466
468 467
468 469
468 470
468 471
468 472
468 494
468 495
468 497
468 498
469 447
469 448
469 465
469 466
469 467
469 468
469 470
469 471
469 472
469 473
469 498
470 466
470 467
470 468
470 469
470 471
470 472
470 473
470 474
471 467
471 468
471 469
471 470
471 472
471 473
471 474
471 475
471 481
471 498
472 468
472 469
472 470
472 471
472 473
472 474
472 475
472 476
472 498
472 501
473 442
473 445
473 469
473 470
473 471
473 472
473 474
473 475
473 476
473 477
474 470
474 471
474 472
474 473
474 475
474 476
474 477
474 478
474 479
474 480
474 481
475 471
475 472
475 473
475 474
475 476
475 477
475 478
475 479
475 480
475 620
476 439
476 440
476 441
476 442
476 445
476 472
476 473
476 474
476 475
476 477
476 478
476 479
477 441
477 442
477 473
477 474
477 475
477 476
477 478
477 479
478 474
478 475
478 476
478 477
478 479
478 480
478 620
479 474
479 475
479 476
479 477
479 478
479 480
479 481
479 620
479 677
480 474
480 475
480 478
480 479
480 481
480 482
480 620
480 621
480 622
480 643
480 644
480 677
481 471
481 474
481 479
481 480
481 482
481 483
481 621
481 622
481 623
481 643
481 677
481 678
482 480
482 481
482 483
482 484
482 622
482 623
482 624
482 625
482 677
482 678
482 679
483 481
483 482
483 484
483 485
483 491
483 622
483 623
483 624
483 625
483 678
483 679
483 680
484 482
484 483
484 485
484 486
484 624
484 625
484 626
484 627
484 628
484 678
484 679
484 680
484 681
485 483
485 484
485 486
485 487
485 489
485 491
485 625
485 626
485 679
485 680
485 681
485 682
486 484
486 485
486 487
486 488
486 489
486 626
486 680
486 681
486 682
486 683
487 485
487 486
487 488
487 489
487 626
487 887
487 890
488 486
488 487
488 489
488 490
488 491
488 890
488 894
488 895
489 464
489 485
489 486
489 487
489 488
489 490
489 491
489 683
489 895
490 464
490 488
490 489
490 491
490 492
490 493
490 494
491 483
491 485
491 488
491 489
491 490
491 492
491 493
491 494
491 495
491 624
492 490
492 491
492 493
492 494
492 495
492 496
492 523
492 526
493 490
493 491
493 492
493 494
493 495
493 496
493 497
493 526
493 530
494 464
494 465
494 467
494 468
494 490
494 491
494 492
494 493
494 495
494 496
494 497
494 498
495 468
495 491
495 492
495 493
495 494
495 496
495 497
495 498
495 499
495 595
496 492
496 493
496 494
496 495
496 497
496 498
496 499
496 500
496 526
496 527
496 530
496 531
497 468
497 493
497 494
497 495
497 496
497 498
497 499
497 500
497 501
497 530
497 531
498 468
498 469
498 471
498 472
498 494
498 495
498 496
498 497
498 499
498 500
498 501
498 502
499 495
499 496
499 497
499 498
499 500
499 501
499 502
499 503
500 496
500 497
500 498
500 499
500 501
500 502
500 503
500 504
500 531
500 533
501 472
501 497
501 498
501 499
501 500
501 502
501 503
501 504
501 505
502 498
502 499
502 500
502 501
502 503
502 504
502 505
502 506
502 507
502 508
503 499
503 500
503 501
503 502
503 504
503 505
503 506
503 507
503 508
503 509
504 500
504 501
504 502
504 503
504 505
504 506
504 507
504 508
505 501
505 502
505 503
505 504
505 506
505 507
506 435
506 437
506 502
506 503
506 504
506 505
506 507
506 508
507 436
507 437
507 438
507 439
507 502
507 503
507 504
507 505
507 506
507 508
507 509
508 502
508 503
508 504
508 506
508 507
508 509
508 510
508 570
509 503
509 507
509 508
509 510
509 511
509 569
509 570
509 571
509 591
509 592
509 593
510 508
510 509
510 511
510 512
510 567
510 569
510 570
510 571
510 572
510 589
510 590
510 591
510 592
510 593
511 509
511 510
511 512
511 513
511 570
511 571
511 572
511 591
511 592
511 593
511 594
512 510
512 511
512 513
512 514
512 571
512 572
512 573
512 574
512 591
512 593
512 594
512 595
513 511
513 512
513 514
513 515
513 571
513 572
513 573
513 574
513 594
513 595
513 596
513 597
514 512
514 513
514 515
514 516
514 573
514 574
514 575
514 576
514 594
514 595
514 596
514 597
515 513
515 514
515 516
515 517
515 519
515 520
515 573
515 574
515 575
515 576
515 596
515 597
515 598
516 514
516 515
516 517
516 518
516 519
516 520
516 575
516 576
516 597
516 598
517 515
517 516
517 518
517 519
517 520
517 574
517 575
518 516
518 517
518 519
518 520
518 521
518 834
518 863
518 864
518 865
519 515
519 516
519 517
519 518
519 520
519 521
519 522
519 523
519 863
519 864
519 865
520 515
520 516
520 517
520 518
520 519
520 521
520 522
520 523
520 524
520 537
520 573
520 574
520 575
521 518
521 519
521 520
521 522
521 523
521 524
521 525
522 519
522 520
522 521
522 523
522 524
522 525
522 526
523 492
523 519
523 520
523 521
523 522
523 524
523 525
523 526
523 527
523 573
524 520
524 521
524 522
524 523
524 525
524 526
524 527
524 528
524 535
524 536
524 537
524 573
525 521
525 522
525 523
525 524
525 526
525 527
525 528
525 529
526 492
526 493
526 496
526 522
526 523
526 524
526 525
526 527
526 528
526 529
526 530
527 496
527 523
527 524
527 525
527 526
527 528
527 529
527 530
527 531
527 532
527 533
527 535
528 524
528 525
528 526
528 527
528 529
528 530
528 531
528 532
529 455
529 456
529 525
529 526
529 527
529 528
529 530
529 531
530 454
530 455
530 456
530 458
530 493
530 496
530 497
530 526
530 527
530 528
530 529
530 531
530 532
531 454
531 455
531 496
531 497
531 500
531 527
531 528
531 529
531 530
531 532
531 533
532 455
532 527
532 528
532 530
532 531
532 533
532 534
533 500
533 527
533 531
533 532
533 534
533 535
533 569
533 570
533 571
534 532
534 533
534 535
534 536
534 568
534 569
534 570
534 571
535 524
535 527
535 533
535 534
535 536
535 537
535 569
535 570
535 571
535 572
535 573
536 524
536 534
536 535
536 537
536 538
536 569
536 571
536 572
536 573
537 520
537 524
537 535
537 536
537 538
537 539
537 572
537 573
537 574
538 536
538 537
538 539
538 540
538 545
538 548
538 572
538 573
538 574
538 575
538 578
539 537
539 538
539 540
539 541
539 544
539 545
539 574
539 575
539 578
540 405
540 406
540 538
540 539
540 541
540 542
540 543
540 544
540 545
541 407
541 539
541 540
541 542
541 543
541 544
541 545
542 540
542 541
542 543
542 544
542 545
542 546
543 406
543 407
543 540
543 541
543 542
543 544
543 545
543 546
543 547
544 405
544 406
544 407
544 539
544 540
544 541
544 542
544 543
544 545
544 546
544 547
544 548
545 406
545 538
545 539
545 540
545 541
545 542
545 543
545 544
545 546
545 547
545 548
545 549
546 542
546 543
546 544
546 545
546 547
546 548
546 549
546 550
547 406
547 407
547 543
547 544
547 545
547 546
547 548
547 549
547 550
547 551
547 552
548 406
548 538
548 544
548 545
548 546
548 547
548 549
548 550
548 551
548 552
548 553
549 545
549 546
549 547
549 548
549 550
549 551
549 552
549 553
549 554
550 546
550 547
550 548
550 549
550 551
550 552
550 553
550 554
551 380
551 381
551 547
551 548
551 549
551 550
551 552
551 553
551 554
552 380
552 547
552 548
552 549
552 550
552 551
552 553
552 554
552 555
552 568
552 569
553 548
553 549
553 550
553 551
553 552
553 554
553 555
553 567
553 568
553 569
554 549
554 550
554 551
554 552
554 553
554 555
554 556
554 562
554 563
554 564
554 566
554 567
554 568
555 429
555 431
555 552
555 553
555 554
555 556
555 557
555 562
555 563
555 566
555 567
555 568
556 554
556 555
556 557
556 558
556 559
556 560
556 561
556 562
556 563
557 555
557 556
557 558
557 559
557 560
557 561
557 562
557 563
558 556
558 557
558 559
558 560
558 561
559 556
559 557
559 558
559 560
559 561
560 556
560 557
560 558
560 559
560 561
560 562
561 556
561 557
561 558
561 559
561 560
561 562
561 563
562 554
562 555
562 556
562 557
562 560
562 561
562 563
562 564
563 554
563 555
563 556
563 557
563 561
563 562
563 564
563 565
563 566
564 554
564 562
564 563
564 565
564 566
565 563
565 564
565 566
565 567
566 554
566 555
566 563
566 564
566 565
566 567
566 568
567 510
567 553
567 554
567 555
567 565
567 566
567 568
567 569
567 570
568 428
568 429
568 534
568 552
568 553
568 554
568 555
568 566
568 567
568 569
568 570
569 509
569 510
569 533
569 534
569 535
569 536
569 552
569 553
569 567
569 568
569 570
569 571
569 572
570 508
570 509
570 510
570 511
570 533
570 534
570 535
570 567
570 568
570 569
570 571
570 572
571 509
571 510
571 511
571 512
571 513
571 533
571 534
571 535
571 536
571 569
571 570
571 572
571 573
572 510
572 511
572 512
572 513
572 535
572 536
572 537
572 538
572 569
572 570
572 571
572 573
572 574
573 512
573 513
573 514
573 515
573 520
573 523
573 524
573 535
573 536
573 537
573 538
573 571
573 572
573 574
573 575
574 512
574 513
574 514
574 515
574 517
574 520
574 537
574 538
574 539
574 572
574 573
574 575
574 576
574 578
574 579
575 514
575 515
575 516
575 517
575 520
575 538
575 539
575 573
575 574
575 576
575 577
575 578
575 579
576 514
576 515
576 516
576 574
576 575
576 577
576 578
576 579
576 580
576 609
577 575
577 576
577 578
577 579
577 580
577 581
578 538
578 539
578 574
578 575
578 576
578 577
578 579
578 580
578 581
578 582
578 583
579 574
579 575
579 576
579 577
579 578
579 580
579 581
579 582
579 583
579 586
579 609
579 612
579 613
580 576
580 577
580 578
580 579
580 581
580 582
580 583
580 608
580 609
580 612
581 577
581 578
581 579
581 580
581 582
581 583
582 578
582 579
582 580
582 581
582 583
582 584
582 585
582 586
583 578
583 579
583 580
583 581
583 582
583 584
583 585
583 586
583 587
583 612
584 582
584 583
584 585
584 586
584 587
584 588
585 582
585 583
585 584
585 586
585 587
585 588
585 589
586 579
586 582
586 583
586 584
586 585
586 587
586 588
586 589
586 616
587 583
587 584
587 585
587 586
587 588
587 589
587 590
587 615
587 616
587 617
588 584
588 585
588 586
588 587
588 589
588 590
588 616
589 510
589 585
589 586
589 587
589 588
589 590
589 591
589 616
589 617
590 510
590 587
590 588
590 589
590 591
590 592
590 616
590 617
590 618
590 619
591 509
591 510
591 511
591 512
591 589
591 590
591 592
591 593
591 594
591 617
591 618
591 619
592 509
592 510
592 511
592 590
592 591
592 593
592 594
592 618
592 619
592 620
593 509
593 510
593 511
593 512
593 591
593 592
593 594
593 595
593 618
593 619
593 620
593 621
593 622
594 511
594 512
594 513
594 514
594 591
594 592
594 593
594 595
594 596
594 618
594 619
594 620
594 621
594 622
595 495
595 512
595 513
595 514
595 593
595 594
595 596
595 597
595 621
595 622
595 623
595 624
596 513
596 514
596 515
596 594
596 595
596 597
596 598
596 599
596 621
596 622
596 623
596 624
597 513
597 514
597 515
597 516
597 595
597 596
597 598
597 599
597 623
597 624
597 625
598 515
598 516
598 596
598 597
598 599
598 600
598 601
598 623
598 624
598 625
598 626
599 596
599 597
599 598
599 600
599 601
599 602
599 603
599 623
599 624
599 625
600 598
600 599
600 601
600 602
600 603
600 625
600 627
600 628
601 598
601 599
601 600
601 602
601 603
601 604
602 599
602 600
602 601
602 603
602 604
602 605
602 607
602 609
602 610
602 638
602 639
603 599
603 600
603 601
603 602
603 604
603 605
603 634
603 635
603 636
603 638
603 639
604 601
604 602
604 603
604 605
604 606
604 607
604 635
604 638
605 602
605 603
605 604
605 606
605 607
605 610
605 638
606 604
606 605
606 607
606 608
606 610
607 602
607 604
607 605
607 606
607 608
607 609
607 610
607 611
608 580
608 606
608 607
608 609
608 610
608 611
608 612
609 576
609 579
609 580
609 602
609 607
609 608
609 610
609 611
609 612
609 613
610 602
610 605
610 606
610 607
610 608
610 609
610 611
610 612
610 613
610 614
610 642
611 607
611 608
611 609
611 610
611 612
611 613
611 614
611 615
612 579
612 580
612 583
612 608
612 609
612 610
612 611
612 613
612 614
612 615
612 616
613 579
613 609
613 610
613 611
613 612
613 614
613 615
613 616
614 610
614 611
614 612
614 613
614 615
614 616
614 617
614 642
615 587
615 611
615 612
615 613
615 614
615 616
615 617
616 586
616 587
616 588
616 589
616 590
616 612
616 613
616 614
616 615
616 617
616 618
617 587
617 589
617 590
617 591
617 614
617 615
617 616
617 618
617 619
618 590
618 591
618 592
618 593
618 594
618 616
618 617
618 619
618 620
618 621
619 590
619 591
619 592
619 593
619 594
619 617
619 618
619 620
619 621
620 475
620 478
620 479
620 480
620 592
620 593
620 594
620 618
620 619
620 621
620 622
621 480
621 481
621 593
621 594
621 595
621 596
621 618
621 619
621 620
621 622
621 623
621 643
622 480
622 481
622 482
622 483
622 593
622 594
622 595
622 596
622 620
622 621
622 623
622 624
623 481
623 482
623 483
623 595
623 596
623 597
623 598
623 599
623 621
623 622
623 624
623 625
624 482
624 483
624 484
624 491
624 595
624 596
624 597
624 598
624 599
624 622
624 623
624 625
624 626
625 482
625 483
625 484
625 485
625 597
625 598
625 599
625 600
625 623
625 624
625 626
625 627
625 628
626 484
626 485
626 486
626 487
626 598
626 624
626 625
626 627
626 628
627 484
627 600
627 625
627 626
627 628
627 629
627 630
628 484
628 600
628 625
628 626
628 627
628 629
628 630
628 636
629 627
629 628
629 630
629 631
629 632
629 633
629 635
629 636
630 627
630 628
630 629
630 631
630 632
630 635
630 927
630 943
631 629
631 630
631 632
631 633
631 635
631 942
631 943
631 944
632 629
632 630
632 631
632 633
632 634
632 635
632 636
632 942
632 943
633 629
633 631
633 632
633 634
633 635
633 636
633 637
633 655
633 658
633 659
634 603
634 632
634 633
634 635
634 636
634 637
634 638
634 651
634 655
634 659
635 603
635 604
635 629
635 630
635 631
635 632
635 633
635 634
635 636
635 637
635 638
635 639
636 603
636 628
636 629
636 632
636 633
636 634
636 635
636 637
636 638
636 639
636 640
637 633
637 634
637 635
637 636
637 638
637 639
637 640
637 641
637 648
637 651
637 654
638 602
638 603
638 604
638 605
638 634
638 635
638 636
638 637
638 639
638 640
638 641
638 642
639 602
639 603
639 635
639 636
639 637
639 638
639 640
639 641
639 642
639 643
640 636
640 637
640 638
640 639
640 641
640 642
640 643
640 644
640 645
640 648
641 637
641 638
641 639
641 640
641 642
641 643
641 644
641 645
641 646
641 647
641 648
641 649
642 610
642 614
642 638
642 639
642 640
642 641
642 643
642 644
642 645
643 480
643 481
643 621
643 639
643 640
643 641
643 642
643 644
643 645
644 480
644 640
644 641
644 642
644 643
644 645
644 646
644 647
644 648
645 640
645 641
645 642
645 643
645 644
645 646
645 647
645 648
645 649
646 641
646 644
646 645
646 647
646 648
646 649
647 641
647 644
647 645
647 646
647 648
647 649
648 637
648 640
648 641
648 644
648 645
648 646
648 647
648 649
648 650
648 651
648 654
649 641
649 645
649 646
649 647
649 648
649 650
649 651
650 648
650 649
650 651
650 652
650 653
650 654
651 634
651 637
651 648
651 649
651 650
651 652
651 653
651 654
651 655
652 650
652 651
652 653
652 654
652 655
652 656
653 650
653 651
653 652
653 654
653 655
653 656
653 657
654 637
654 648
654 650
654 651
654 652
654 653
654 655
654 656
654 657
654 658
654 659
655 633
655 634
655 651
655 652
655 653
655 654
655 656
655 657
655 658
655 659
655 660
656 652
656 653
656 654
656 655
656 657
656 658
656 659
656 660
657 653
657 654
657 655
657 656
657 658
657 659
657 660
657 666
658 633
658 654
658 655
658 656
658 657
658 659
658 660
658 661
658 666
658 667
658 670
659 633
659 634
659 654
659 655
659 656
659 657
659 658
659 660
659 661
660 655
660 656
660 657
660 658
660 659
660 661
660 662
661 658
661 659
661 660
661 662
661 663
661 664
661 666
661 667
661 940
661 941
662 660
662 661
662 663
662 664
662 666
662 939
662 940
663 661
663 662
663 664
663 665
663 666
663 667
664 661
664 662
664 663
664 665
664 666
664 667
664 668
664 938
664 939
665 663
665 664
665 666
665 667
665 668
665 669
666 657
666 658
666 661
666 662
666 663
666 664
666 665
666 667
666 668
666 669
666 670
667 658
667 661
667 663
667 664
667 665
667 666
667 668
667 669
667 670
667 671
667 938
668 664
668 665
668 666
668 667
668 669
668 670
668 671
668 672
669 665
669 666
669 667
669 668
669 670
669 671
669 672
669 673
670 658
670 666
670 667
670 668
670 669
670 671
670 672
670 673
670 674
671 667
671 668
671 669
671 670
671 672
671 673
671 674
671 675
671 934
672 668
672 669
672 670
672 671
672 673
672 674
672 675
672 676
673 669
673 670
673 671
673 672
673 674
673 675
673 676
673 677
674 670
674 671
674 672
674 673
674 675
674 676
674 677
674 678
675 671
675 672
675 673
675 674
675 676
675 677
675 678
675 679
676 672
676 673
676 674
676 675
676 677
676 678
676 679
677 479
677 480
677 481
677 482
677 673
677 674
677 675
677 676
677 678
677 679
678 481
678 482
678 483
678 484
678 674
678 675
678 676
678 677
678 679
678 680
679 467
679 482
679 483
679 484
679 485
679 675
679 676
679 677
679 678
679 680
679 681
680 483
680 484
680 485
680 486
680 678
680 679
680 681
680 682
681 484
681 485
681 486
681 679
681 680
681 682
681 683
681 685
681 686
682 485
682 486
682 680
682 681
682 683
682 684
682 685
682 686
683 486
683 489
683 681
683 682
683 684
683 685
683 686
683 687
683 688
684 682
684 683
684 685
684 686
684 687
684 688
684 993
685 681
685 682
685 683
685 684
685 686
685 687
685 688
686 463
686 681
686 682
686 683
686 684
686 685
686 687
686 688
687 683
687 684
687 685
687 686
687 688
687 689
687 690
688 683
688 684
688 685
688 686
688 687
688 689
688 690
689 687
689 688
689 690
689 691
690 687
690 688
690 689
690 691
690 692
690 894
690 895
690 897
690 898
691 689
691 690
691 692
691 693
691 893
691 897
691 898
691 899
691 900
691 901
692 690
692 691
692 693
692 694
692 900
692 901
693 691
693 692
693 694
693 695
693 893
693 900
693 901
693 902
693 903
693 990
693 991
694 692
694 693
694 695
694 696
694 900
694 901
694 902
694 903
694 988
694 989
694 990
694 991
695 693
695 694
695 696
695 697
695 902
695 903
695 904
695 905
695 988
695 989
695 990
695 991
696 694
696 695
696 697
696 698
696 902
696 903
696 904
696 905
696 986
696 987
696 988
696 989
696 990
697 695
697 696
697 698
697 699
697 904
697 905
697 906
697 907
697 986
697 987
697 988
697 989
698 696
698 697
698 699
698 700
698 904
698 905
698 906
698 907
698 982
698 985
698 986
698 987
699 697
699 698
699 700
699 701
699 906
699 907
699 908
699 909
699 985
699 986
700 698
700 699
700 701
700 702
700 782
700 783
700 786
700 906
700 907
700 908
700 909
700 985
701 699
701 700
701 702
701 703
701 782
701 908
701 909
701 969
701 970
701 973
702 700
702 701
702 703
702 704
702 705
702 706
702 707
702 744
702 781
702 782
702 908
702 909
702 970
703 701
703 702
703 704
703 705
703 706
703 707
703 779
703 780
703 781
703 782
703 970
703 971
703 974
704 702
704 703
704 705
704 706
704 707
704 708
704 967
704 970
704 971
705 702
705 703
705 704
705 706
705 707
705 708
705 709
705 747
705 780
705 781
706 702
706 703
706 704
706 705
706 707
706 708
706 709
706 710
706 743
706 744
706 746
706 747
706 780
706 781
707 702
707 703
707 704
707 705
707 706
707 708
707 709
707 710
707 711
707 962
708 704
708 705
708 706
708 707
708 709
708 710
708 711
708 712
709 705
709 706
709 707
709 708
709 710
709 711
709 712
709 713
709 743
709 747
710 706
710 707
710 708
710 709
710 711
710 712
710 713
710 714
710 740
710 743
710 962
711 707
711 708
711 709
711 710
711 712
711 713
711 714
711 715
711 959
711 962
711 963
712 708
712 709
712 710
712 711
712 713
712 714
712 715
712 716
713 709
713 710
713 711
713 712
713 714
713 715
713 716
713 717
713 736
713 739
713 740
714 710
714 711
714 712
714 713
714 715
714 716
714 717
714 718
714 721
714 736
714 959
715 711
715 712
715 713
715 714
715 716
715 717
715 718
715 1031
716 712
716 713
716 714
716 715
716 717
716 718
716 719
717 713
717 714
717 715
717 716
717 718
717 719
717 720
717 721
717 736
718 714
718 715
718 716
718 717
718 719
718 720
718 721
718 722
718 1022
719 716
719 717
719 718
719 720
719 721
719 722
719 723
720 717
720 718
720 719
720 721
720 722
720 723
720 724
720 729
720 732
720 733
721 714
721 717
721 718
721 719
721 720
721 722
721 723
721 724
721 733
721 1022
722 718
722 719
722 720
722 721
722 723
722 724
722 1022
722 1023
723 719
723 720
723 721
723 722
723 724
723 725
723 726
723 729
724 720
724 721
724 722
724 723
724 725
724 726
724 729
724 952
725 723
725 724
725 726
725 727
725 729
725 730
725 733
725 948
725 949
725 951
725 952
726 723
726 724
726 725
726 727
726 728
726 729
726 730
727 725
727 726
727 728
727 729
727 730
728 726
728 727
728 729
728 730
728 731
729 720
729 723
729 724
729 725
729 726
729 727
729 728
729 730
729 731
729 732
729 733
730 725
730 726
730 727
730 728
730 729
730 731
730 732
730 733
730 734
730 948
731 728
731 729
731 730
731 732
731 733
731 734
731 735
732 720
732 729
732 730
732 731
732 733
732 734
732 735
732 736
733 720
733 721
733 725
733 729
733 730
733 731
733 732
733 734
733 735
733 736
733 737
733 951
733 952
734 730
734 731
734 732
734 733
734 735
734 736
734 737
734 738
735 731
735 732
735 733
735 734
735 736
735 737
735 738
735 739
736 713
736 714
736 717
736 732
736 733
736 734
736 735
736 737
736 738
736 739
736 740
737 733
737 734
737 735
737 736
737 738
737 739
737 740
737 741
737 912
737 955
738 734
738 735
738 736
738 737
738 739
738 740
738 741
738 742
739 713
739 735
739 736
739 737
739 738
739 740
739 741
739 742
739 743
739 750
740 710
740 713
740 736
740 737
740 738
740 739
740 741
740 742
740 743
740 744
740 912
741 737
741 738
741 739
741 740
741 742
741 743
741 744
741 745
741 912
741 913
742 738
742 739
742 740
742 741
742 743
742 744
742 745
742 746
742 747
742 749
742 750
743 706
743 709
743 710
743 739
743 740
743 741
743 742
743 744
743 745
743 746
743 747
743 749
743 750
744 702
744 706
744 740
744 741
744 742
744 743
744 745
744 746
744 747
744 781
744 908
744 911
744 913
745 741
745 742
745 743
745 744
745 746
745 747
745 749
745 781
745 783
745 810
745 876
745 877
746 706
746 742
746 743
746 744
746 745
746 747
746 748
746 749
746 780
746 781
746 783
746 784
746 810
747 705
747 706
747 709
747 742
747 743
747 744
747 745
747 746
747 748
747 749
747 750
747 753
747 754
747 780
747 781
748 746
748 747
748 749
748 750
748 751
748 752
748 753
748 754
749 742
749 743
749 745
749 746
749 747
749 748
749 750
749 751
749 753
749 809
749 810
750 739
750 742
750 743
750 747
750 748
750 749
750 751
750 752
750 753
750 754
751 748
751 749
751 750
751 752
751 753
751 754
752 748
752 750
752 751
752 753
752 754
752 755
752 756
753 747
753 748
753 749
753 750
753 751
753 752
753 754
753 755
753 756
753 757
754 747
754 748
754 750
754 751
754 752
754 753
754 755
754 756
754 757
754 758
755 752
755 753
755 754
755 756
755 757
755 758
755 759
756 752
756 753
756 754
756 755
756 757
756 758
756 759
756 760
757 753
757 754
757 755
757 756
757 758
757 759
757 760
757 761
757 776
757 780
758 754
758 755
758 756
758 757
758 759
758 760
758 761
758 762
758 773
758 776
759 755
759 756
759 757
759 758
759 760
759 761
759 762
759 763
760 756
760 757
760 758
760 759
760 761
760 762
760 763
760 764
761 757
761 758
761 759
761 760
761 762
761 763
761 764
761 765
761 776
762 758
762 759
762 760
762 761
762 763
762 764
762 765
762 766
762 767
763 759
763 760
763 761
763 762
763 764
763 765
764 760
764 761
764 762
764 763
764 765
764 766
765 761
765 762
765 763
765 764
765 766
765 767
765 772
766 762
766 764
766 765
766 767
766 768
766 769
766 772
767 762
767 765
767 766
767 768
767 769
767 772
768 766
768 767
768 769
768 770
768 772
769 766
769 767
769 768
769 770
769 771
769 772
770 768
770 769
770 771
770 772
770 773
771 769
771 770
771 772
771 773
771 774
771 775
772 765
772 766
772 767
772 768
772 769
772 770
772 771
772 773
772 774
772 775
772 776
773 758
773 770
773 771
773 772
773 774
773 775
773 776
773 777
774 771
774 772
774 773
774 775
774 776
774 777
774 778
774 817
774 820
775 771
775 772
775 773
775 774
775 776
775 777
775 778
775 779
776 757
776 758
776 761
776 772
776 773
776 774
776 775
776 777
776 778
776 779
776 780
777 773
777 774
777 775
777 776
777 778
777 779
777 780
777 781
778 774
778 775
778 776
778 777
778 779
778 780
778 781
778 782
778 784
778 785
778 788
779 703
779 775
779 776
779 777
779 778
779 780
779 781
779 782
779 784
779 785
779 974
780 703
780 705
780 706
780 746
780 747
780 757
780 776
780 777
780 778
780 779
780 781
780 782
780 784
781 702
781 703
781 705
781 706
781 744
781 745
781 746
781 747
781 777
781 778
781 779
781 780
781 782
781 783
781 784
781 785
782 700
782 701
782 702
782 703
782 778
782 779
782 780
782 781
782 783
782 784
782 785
782 786
782 970
782 973
782 974
783 700
783 745
783 746
783 781
783 782
783 784
783 785
783 786
783 787
783 876
783 906
783 908
784 746
784 778
784 779
784 780
784 781
784 782
784 783
784 785
784 786
784 787
784 788
785 778
785 779
785 781
785 782
785 783
785 784
785 786
785 787
785 788
785 789
785 974
786 700
786 782
786 783
786 784
786 785
786 787
786 788
786 789
786 790
786 978
787 783
787 784
787 785
787 786
787 788
787 789
787 790
787 791
788 778
788 784
788 785
788 786
788 787
788 789
788 790
788 791
788 792
789 785
789 786
789 787
789 788
789 790
789 791
789 792
789 793
789 977
789 978
790 786
790 787
790 788
790 789
790 791
790 792
790 793
790 794
790 978
791 787
791 788
791 789
791 790
791 792
791 793
791 794
791 795
792 788
792 789
792 790
792 791
792 793
792 794
792 795
792 796
793 789
793 790
793 791
793 792
793 794
793 795
793 796
793 797
794 790
794 791
794 792
794 793
794 795
794 796
794 797
794 798
794 799
794 800
794 801
795 791
795 792
795 793
795 794
795 796
795 797
795 798
795 799
795 800
795 852
796 792
796 793
796 794
796 795
796 797
796 798
796 799
797 793
797 794
797 795
797 796
797 798
797 799
798 794
798 795
798 796
798 797
798 799
798 800
799 794
799 795
799 796
799 797
799 798
799 800
799 801
799 852
799 870
799 871
799 872
800 794
800 795
800 798
800 799
800 801
800 802
800 852
800 853
800 869
800 870
800 871
800 872
801 794
801 799
801 800
801 802
801 803
801 852
801 853
801 854
801 870
801 871
801 872
801 873
801 874
802 800
802 801
802 803
802 804
802 853
802 854
802 855
802 856
802 870
802 872
802 873
802 874
803 801
803 802
803 804
803 805
803 853
803 854
803 855
803 856
803 873
803 874
803 875
803 876
804 802
804 803
804 805
804 806
804 855
804 856
804 857
804 858
804 861
804 873
804 874
804 875
804 876
804 877
804 888
805 803
805 804
805 806
805 807
805 808
805 810
805 811
805 856
805 857
805 858
805 875
805 876
805 877
805 878
806 804
806 805
806 807
806 808
806 857
806 858
806 859
806 877
806 878
806 879
807 805
807 806
807 808
807 809
807 810
807 811
807 857
808 805
808 806
808 807
808 809
808 810
808 811
808 812
808 829
808 857
809 749
809 807
809 808
809 810
809 811
809 812
809 813
810 745
810 746
810 749
810 805
810 807
810 808
810 809
810 811
810 812
810 813
810 814
811 805
811 807
811 808
811 809
811 810
811 812
811 813
811 814
811 815
811 855
811 856
811 857
812 808
812 809
812 810
812 811
812 813
812 814
812 815
812 816
813 809
813 810
813 811
813 812
813 814
813 815
813 816
813 817
814 810
814 811
814 812
814 813
814 815
814 816
814 817
814 818
815 811
815 812
815 813
815 814
815 816
815 817
815 818
815 819
815 855
816 812
816 813
816 814
816 815
816 817
816 818
816 819
816 820
817 774
817 813
817 814
817 815
817 816
817 818
817 819
817 820
817 821
818 814
818 815
818 816
818 817
818 819
818 820
818 821
818 822
818 823
818 824
818 825
819 815
819 816
819 817
819 818
819 820
819 821
819 822
819 823
819 824
820 774
820 816
820 817
820 818
820 819
820 821
820 822
820 823
821 817
821 818
821 819
821 820
821 822
821 823
822 818
822 819
822 820
822 821
822 823
822 824
823 818
823 819
823 820
823 821
823 822
823 824
823 825
823 851
823 852
823 853
824 818
824 819
824 822
824 823
824 825
824 826
824 850
824 851
824 852
824 853
825 818
825 823
825 824
825 826
825 827
825 851
825 852
825 853
825 854
825 855
826 824
826 825
826 827
826 828
826 840
826 844
826 851
826 853
826 854
826 855
827 825
827 826
827 828
827 829
827 840
827 854
827 855
827 856
828 826
828 827
828 829
828 830
828 831
828 832
828 837
828 854
828 855
828 856
828 857
828 860
828 861
829 808
829 827
829 828
829 830
829 831
829 832
829 856
829 857
829 860
829 861
830 828
830 829
830 831
830 832
830 857
830 860
831 828
831 829
831 830
831 832
831 833
832 828
832 829
832 830
832 831
832 833
832 834
832 836
832 837
833 831
833 832
833 834
833 835
833 836
833 837
834 518
834 832
834 833
834 835
834 836
834 837
834 838
835 403
835 833
835 834
835 836
835 837
835 838
835 839
836 832
836 833
836 834
836 835
836 837
836 838
836 839
836 840
837 828
837 832
837 833
837 834
837 835
837 836
837 838
837 839
837 840
837 841
838 834
838 835
838 836
838 837
838 839
838 840
838 841
838 842
839 835
839 836
839 837
839 838
839 840
839 841
839 842
839 843
840 826
840 827
840 836
840 837
840 838
840 839
840 841
840 842
840 843
840 844
841 837
841 838
841 839
841 840
841 842
841 843
841 844
841 845
841 867
842 838
842 839
842 840
842 841
842 843
842 844
842 845
842 846
843 839
843 840
843 841
843 842
843 844
843 845
843 846
843 849
843 851
844 826
844 840
844 841
844 842
844 843
844 845
844 846
844 849
844 850
844 851
844 852
844 854
844 869
845 841
845 842
845 843
845 844
845 846
845 847
845 849
845 867
845 868
845 869
846 842
846 843
846 844
846 845
846 847
846 848
846 849
847 845
847 846
847 848
847 849
847 869
848 846
848 847
848 849
848 850
849 843
849 844
849 845
849 846
849 847
849 848
849 850
849 851
850 824
850 844
850 848
850 849
850 851
850 852
851 823
851 824
851 825
851 826
851 843
851 844
851 849
851 850
851 852
851 853
851 854
852 795
852 799
852 800
852 801
852 823
852 824
852 825
852 844
852 850
852 851
852 853
852 854
853 800
853 801
853 802
853 803
853 823
853 824
853 825
853 826
853 851
853 852
853 854
853 855
854 801
854 802
854 803
854 825
854 826
854 827
854 828
854 844
854 851
854 852
854 853
854 855
854 856
855 802
855 803
855 804
855 811
855 815
855 825
855 826
855 827
855 828
855 853
855 854
855 856
855 857
856 802
856 803
856 804
856 805
856 811
856 827
856 828
856 829
856 854
856 855
856 857
856 858
856 860
856 861
857 804
857 805
857 806
857 807
857 808
857 811
857 828
857 829
857 830
857 855
857 856
857 858
857 859
857 860
857 861
858 804
858 805
858 806
858 856
858 857
858 859
858 860
858 861
858 862
858 879
858 884
858 885
858 888
859 806
859 857
859 858
859 860
859 861
859 862
859 863
859 884
859 888
860 828
860 829
860 830
860 856
860 857
860 858
860 859
860 861
860 862
860 863
861 804
861 828
861 829
861 856
861 857
861 858
861 859
861 860
861 862
861 863
861 864
861 865
861 888
861 891
862 858
862 859
862 860
862 861
862 863
862 864
862 865
862 884
862 885
862 887
862 888
862 891
863 518
863 519
863 859
863 860
863 861
863 862
863 864
863 865
864 518
864 519
864 861
864 862
864 863
864 865
864 866
865 518
865 519
865 861
865 862
865 863
865 864
865 866
865 867
865 891
866 864
866 865
866 867
866 868
866 891
866 892
866 894
867 841
867 845
867 865
867 866
867 868
867 869
867 870
867 891
867 892
868 845
868 866
868 867
868 869
868 870
868 871
868 891
868 892
868 893
868 894
868 895
868 896
868 897
869 800
869 844
869 845
869 847
869 867
869 868
869 870
869 871
869 892
869 897
870 799
870 800
870 801
870 802
870 867
870 868
870 869
870 871
870 872
870 873
870 892
870 897
871 799
871 800
871 801
871 868
871 869
871 870
871 872
871 873
871 892
871 897
871 899
871 900
871 901
871 902
872 799
872 800
872 801
872 802
872 870
872 871
872 873
872 874
872 892
872 901
872 902
872 903
872 904
873 801
873 802
873 803
873 804
873 870
873 871
873 872
873 874
873 875
873 889
873 892
873 901
873 902
873 903
873 904
874 801
874 802
874 803
874 804
874 872
874 873
874 875
874 876
874 903
874 904
874 905
874 906
875 803
875 804
875 805
875 873
875 874
875 876
875 877
875 878
875 885
875 903
875 904
875 905
875 906
876 745
876 783
876 803
876 804
876 805
876 874
876 875
876 877
876 878
876 905
876 906
876 907
877 745
877 804
877 805
877 806
877 875
877 876
877 878
877 879
877 905
877 906
877 907
878 805
878 806
878 875
878 876
878 877
878 879
878 880
878 882
878 885
878 905
878 906
878 907
878 917
879 806
879 858
879 877
879 878
879 880
879 881
879 882
879 884
879 885
880 878
880 879
880 881
880 882
880 916
880 917
880 920
881 879
881 880
881 882
881 883
881 884
881 885
881 920
882 878
882 879
882 880
882 881
882 883
882 884
882 885
882 886
882 920
882 921
882 923
882 924
883 881
883 882
883 884
883 885
883 886
883 887
883 924
884 858
884 859
884 862
884 879
884 881
884 882
884 883
884 885
884 886
884 887
884 888
885 858
885 862
885 875
885 878
885 879
885 881
885 882
885 883
885 884
885 886
885 887
885 888
885 889
886 882
886 883
886 884
886 885
886 887
886 888
886 889
886 890
887 487
887 862
887 883
887 884
887 885
887 886
887 888
887 889
887 890
887 891
888 804
888 858
888 859
888 861
888 862
888 884
888 885
888 886
888 887
888 889
888 890
888 891
889 873
889 885
889 886
889 887
889 888
889 890
889 891
889 892
889 893
889 903
890 487
890 488
890 886
890 887
890 888
890 889
890 891
890 892
890 893
890 894
891 861
891 862
891 865
891 866
891 867
891 868
891 887
891 888
891 889
891 890
891 892
891 893
891 894
892 866
892 867
892 868
892 869
892 870
892 871
892 872
892 873
892 889
892 890
892 891
892 893
892 894
892 897
892 901
893 691
893 693
893 868
893 889
893 890
893 891
893 892
893 894
893 895
893 897
893 901
894 488
894 690
894 866
894 868
894 890
894 891
894 892
894 893
894 895
894 896
894 897
895 488
895 489
895 690
895 868
895 893
895 894
895 896
895 897
896 868
896 894
896 895
896 897
896 898
897 690
897 691
897 868
897 869
897 870
897 871
897 892
897 893
897 894
897 895
897 896
897 898
897 899
897 900
898 690
898 691
898 896
898 897
898 899
898 900
899 691
899 871
899 897
899 898
899 900
899 901
900 691
900 692
900 693
900 694
900 871
900 897
900 898
900 899
900 901
900 902
901 691
901 692
901 693
901 694
901 871
901 872
901 873
901 892
901 893
901 899
901 900
901 902
901 903
902 693
902 694
902 695
902 696
902 871
902 872
902 873
902 900
902 901
902 903
902 904
903 693
903 694
903 695
903 696
903 872
903 873
903 874
903 875
903 889
903 901
903 902
903 904
903 905
904 695
904 696
904 697
904 698
904 872
904 873
904 874
904 875
904 902
904 903
904 905
904 906
905 695
905 696
905 697
905 698
905 874
905 875
905 876
905 877
905 878
905 903
905 904
905 906
905 907
906 697
906 698
906 699
906 700
906 783
906 874
906 875
906 876
906 877
906 878
906 904
906 905
906 907
906 908
907 697
907 698
907 699
907 700
907 876
907 877
907 878
907 905
907 906
907 908
907 909
907 913
907 914
908 699
908 700
908 701
908 702
908 744
908 783
908 906
908 907
908 909
908 910
908 911
908 913
908 914
909 699
909 700
909 701
909 702
909 907
909 908
909 910
909 911
909 913
909 914
910 908
910 909
910 911
910 912
910 914
910 958
910 961
910 962
910 965
911 744
911 908
911 909
911 910
911 912
911 913
911 914
911 915
911 957
911 958
911 959
911 961
911 962
912 737
912 740
912 741
912 910
912 911
912 913
912 914
912 915
912 916
912 954
912 955
912 957
912 958
912 959
913 741
913 744
913 907
913 908
913 909
913 911
913 912
913 914
913 915
913 916
913 917
913 958
914 907
914 908
914 909
914 910
914 911
914 912
914 913
914 915
914 916
914 917
914 918
915 911
915 912
915 913
915 914
915 916
915 917
915 918
915 919
915 954
915 957
915 958
916 880
916 912
916 913
916 914
916 915
916 917
916 918
916 919
916 920
916 954
917 878
917 880
917 913
917 914
917 915
917 916
917 918
917 919
917 920
917 921
918 914
918 915
918 916
918 917
918 919
918 920
918 921
918 922
919 915
919 916
919 917
919 918
919 920
919 921
919 922
919 923
920 880
920 881
920 882
920 916
920 917
920 918
920 919
920 921
920 922
920 923
920 924
921 882
921 917
921 918
921 919
921 920
921 922
921 923
921 924
921 925
922 918
922 919
922 920
922 921
922 923
922 924
922 925
922 926
923 882
923 919
923 920
923 921
923 922
923 924
923 925
923 926
923 927
923 943
924 882
924 883
924 920
924 921
924 922
924 923
924 925
924 926
924 927
924 928
925 921
925 922
925 923
925 924
925 926
925 927
925 928
925 929
925 1000
926 922
926 923
926 924
926 925
926 927
926 928
926 929
926 930
926 940
926 941
927 630
927 923
927 924
927 925
927 926
927 928
927 929
927 930
927 931
928 924
928 925
928 926
928 927
928 929
928 930
928 931
928 932
929 925
929 926
929 927
929 928
929 930
929 931
929 932
929 933
929 939
929 940
930 926
930 927
930 928
930 929
930 931
930 932
930 933
930 934
930 938
930 939
930 940
931 927
931 928
931 929
931 930
931 932
931 933
931 934
932 928
932 929
932 930
932 931
932 933
932 934
932 935
932 936
933 929
933 930
933 931
933 932
933 934
933 935
933 936
933 937
933 938
933 939
934 671
934 930
934 931
934 932
934 933
934 935
934 936
934 937
934 938
935 932
935 933
935 934
935 936
935 937
936 932
936 933
936 934
936 935
936 937
936 938
937 933
937 934
937 935
937 936
937 938
937 939
938 664
938 667
938 930
938 933
938 934
938 936
938 937
938 939
938 940
939 662
939 664
939 929
939 930
939 933
939 937
939 938
939 940
939 941
940 661
940 662
940 926
940 929
940 930
940 938
940 939
940 941
940 942
941 661
941 926
941 939
941 940
941 942
941 943
942 631
942 632
942 940
942 941
942 943
942 944
943 630
943 631
943 632
943 923
943 941
943 942
943 944
943 945
944 631
944 942
944 943
944 945
944 946
944 947
945 943
945 944
945 946
945 947
946 944
946 945
946 947
946 948
946 950
946 951
947 944
947 945
947 946
947 948
947 949
947 950
947 951
948 725
948 730
948 946
948 947
948 949
948 950
948 951
948 952
949 725
949 947
949 948
949 950
949 951
949 952
949 953
950 946
950 947
950 948
950 949
950 951
950 952
950 953
950 954
951 725
951 733
951 946
951 947
951 948
951 949
951 950
951 952
951 953
951 954
951 955
952 724
952 725
952 733
952 948
952 949
952 950
952 951
952 953
952 954
952 955
952 956
953 949
953 950
953 951
953 952
953 954
953 955
953 956
953 957
954 912
954 915
954 916
954 950
954 951
954 952
954 953
954 955
954 956
954 957
954 958
955 737
955 912
955 951
955 952
955 953
955 954
955 956
955 957
955 958
955 959
956 952
956 953
956 954
956 955
956 957
956 958
956 959
956 960
956 1016
956 1021
956 1022
957 911
957 912
957 915
957 953
957 954
957 955
957 956
957 958
957 959
957 960
957 961
957 1016
958 910
958 911
958 912
958 913
958 915
958 954
958 955
958 956
958 957
958 959
958 960
958 961
958 962
959 711
959 714
959 911
959 912
959 955
959 956
959 957
959 958
959 960
959 961
959 962
959 963
960 956
960 957
960 958
960 959
960 961
960 962
960 963
960 964
960 1025
961 910
961 911
961 957
961 958
961 959
961 960
961 962
961 963
961 964
961 965
962 707
962 710
962 711
962 910
962 911
962 958
962 959
962 960
962 961
962 963
962 964
962 965
963 711
963 959
963 960
963 961
963 962
963 964
963 965
963 1029
964 960
964 961
964 962
964 963
964 965
964 966
965 910
965 961
965 962
965 963
965 964
965 966
965 967
965 969
966 964
966 965
966 967
966 968
966 969
967 704
967 965
967 966
967 968
967 969
967 970
967 971
968 966
968 967
968 969
968 970
968 971
968 972
969 701
969 965
969 966
969 967
969 968
969 970
969 971
969 972
969 973
970 701
970 702
970 703
970 704
970 782
970 967
970 968
970 969
970 971
970 972
970 973
970 974
971 703
971 704
971 967
971 968
971 969
971 970
971 972
971 973
971 974
971 975
972 968
972 969
972 970
972 971
972 973
972 974
972 975
972 976
973 701
973 782
973 969
973 970
973 971
973 972
973 974
973 975
973 976
973 981
974 703
974 779
974 782
974 785
974 970
974 971
974 972
974 973
974 975
974 976
975 971
975 972
975 973
975 974
975 976
975 977
976 972
976 973
976 974
976 975
976 977
976 978
976 980
976 981
977 789
977 975
977 976
977 978
977 979
977 980
977 981
978 786
978 789
978 790
978 976
978 977
978 979
978 980
978 981
978 982
979 977
979 978
979 980
979 981
979 982
979 983
980 976
980 977
980 978
980 979
980 981
980 982
980 983
980 984
981 973
981 976
981 977
981 978
981 979
981 980
981 982
981 983
981 984
981 985
981 986
982 698
982 978
982 979
982 980
982 981
982 983
982 984
982 985
982 986
983 979
983 980
983 981
983 982
983 984
983 985
983 986
984 980
984 981
984 982
984 983
984 985
984 986
985 698
985 699
985 700
985 981
985 982
985 983
985 984
985 986
985 987
986 696
986 697
986 698
986 699
986 981
986 982
986 983
986 984
986 985
986 987
986 988
987 696
987 697
987 698
987 985
987 986
987 988
987 989
988 694
988 695
988 696
988 697
988 986
988 987
988 989
988 990
989 694
989 695
989 696
989 697
989 987
989 988
989 990
989 991
990 693
990 694
990 695
990 696
990 988
990 989
990 991
990 992
991 693
991 694
991 695
991 989
991 990
991 992
991 993
992 990
992 991
992 993
992 994
993 684
993 991
993 992
993 994
993 995
994 992
994 993
994 995
994 996
995 993
995 994
995 996
995 997
996 994
996 995
996 997
996 998
997 995
997 996
997 998
997 999
998 996
998 997
998 999
998 1000
998 1001
998 1002
999 997
999 998
999 1000
999 1001
999 1002
999 1003
1000 925
1000 998
1000 999
1000 1001
1000 1002
1000 1003
1001 998
1001 999
1001 1000
1001 1002
1001 1003
1001 1004
1002 998
1002 999
1002 1000
1002 1001
1002 1003
1002 1004
1003 999
1003 1000
1003 1001
1003 1002
1003 1004
1003 1005
1004 1001
1004 1002
1004 1003
1004 1005
1004 1006
1005 1003
1005 1004
1005 1006
1005 1007
1006 1004
1006 1005
1006 1007
1006 1008
1007 1005
1007 1006
1007 1008
1007 1009
1008 1006
1008 1007
1008 1009
1008 1010
1009 1007
1009 1008
1009 1010
1009 1011
1010 1008
1010 1009
1010 1011
1010 1012
1011 1009
1011 1010
1011 1012
1011 1013
1012 1010
1012 1011
1012 1013
1012 1014
1013 1011
1013 1012
1013 1014
1013 1015
1014 1012
1014 1013
1014 1015
1014 1016
1014 1018
1014 1021
1014 1024
1015 1013
1015 1014
1015 1016
1015 1017
1015 1018
1015 1021
1016 956
1016 957
1016 1014
1016 1015
1016 1017
1016 1018
1016 1021
1017 1015
1017 1016
1017 1018
1017 1019
1017 1021
1018 1014
1018 1015
1018 1016
1018 1017
1018 1019
1018 1020
1018 1021
1019 1017
1019 1018
1019 1020
1019 1021
1020 1018
1020 1019
1020 1021
1020 1022
1020 1023
1020 1024
1021 956
1021 1014
1021 1015
1021 1016
1021 1017
1021 1018
1021 1019
1021 1020
1021 1022
1021 1023
1021 1024
1021 1025
1022 718
1022 721
1022 722
1022 956
1022 1020
1022 1021
1022 1023
1022 1024
1022 1025
1022 1026
1023 722
1023 1020
1023 1021
1023 1022
1023 1024
1023 1025
1023 1026
1023 1027
1024 1014
1024 1020
1024 1021
1024 1022
1024 1023
1024 1025
1024 1026
1024 1027
1024 1028
1025 960
1025 1021
1025 1022
1025 1023
1025 1024
1025 1026
1025 1027
1025 1028
1025 1029
1026 1022
1026 1023
1026 1024
1026 1025
1026 1027
1026 1028
1026 1029
1026 1030
1026 1031
1026 1032
1026 1033
1027 1023
1027 1024
1027 1025
1027 1026
1027 1028
1027 1029
1027 1030
1027 1031
1027 1032
1028 1024
1028 1025
1028 1026
1028 1027
1028 1029
1028 1030
1028 1031
1029 963
1029 1025
1029 1026
1029 1027
1029 1028
1029 1030
1029 1031
1030 1026
1030 1027
1030 1028
1030 1029
1030 1031
1030 1032
1031 715
1031 1026
1031 1027
1031 1028
1031 1029
1031 1030
1031 1032
1031 1033
1032 1026
1032 1027
1032 1030
1032 1031
1032 1033
1032 1034
1032 1035
1032 1036
1033 1026
1033 1031
1033 1032
1033 1034
1033 1035
1033 1036
1033 1037
1034 1032
1034 1033
1034 1035
1034 1036
1034 1037
1034 1038
1035 1032
1035 1033
1035 1034
1035 1036
1035 1037
1035 1038
1035 1039
1036 1032
1036 1033
1036 1034
1036 1035
1036 1037
1036 1038
1036 1039
1036 1040
1037 1033
1037 1034
1037 1035
1037 1036
1037 1038
1037 1039
1037 1040
1037 1041
1038 1034
1038 1035
1038 1036
1038 1037
1038 1039
1038 1040
1038 1041
1038 1042
1039 1035
1039 1036
1039 1037
1039 1038
1039 1040
1039 1041
1039 1042
1039 1043
1040 1036
1040 1037
1040 1038
1040 1039
1040 1041
1040 1042
1040 1043
1040 1044
1041 1037
1041 1038
1041 1039
1041 1040
1041 1042
1041 1043
1041 1044
1041 1045
1042 1038
1042 1039
1042 1040
1042 1041
1042 1043
1042 1044
1042 1045
1042 1046
1043 1039
1043 1040
1043 1041
1043 1042
1043 1044
1043 1045
1043 1046
1044 1040
1044 1041
1044 1042
1044 1043
1044 1045
1044 1046
1044 1047
1045 1041
1045 1042
1045 1043
1045 1044
1045 1046
1045 1047
1046 1042
1046 1043
1046 1044
1046 1045
1046 1047
1046 1048
1047 1044
1047 1045
1047 1046
1047 1048
1047 1049
1048 1046
1048 1047
1048 1049
1048 1050
1049 1047
1049 1048
1049 1050
1049 1051
1050 1048
1050 1049
1050 1051
1050 1052
1051 1049
1051 1050
1051 1052
1051 1053
1052 1050
1052 1051
1052 1053
1052 1054
1053 1051
1053 1052
1053 1054
1053 1055
1054 1052
1054 1053
1054 1055
1054 1056
1055 1053
1055 1054
1055 1056
1055 1057
1056 1054
1056 1055
1056 1057
1056 1058
1057 1055
1057 1056
1057 1058
1057 1059
1058 1056
1058 1057
1058 1059
1058 1060
1059 1057
1059 1058
1059 1060
1059 1061
1060 244
1060 245
1060 1058
1060 1059
1060 1061
1060 1062
1060 1063
1061 245
1061 1059
1061 1060
1061 1062
1061 1063
1061 1064
1062 1060
1062 1061
1062 1063
1062 1064
1062 1065
1063 245
1063 246
1063 247
1063 1060
1063 1061
1063 1062
1063 1064
1063 1065
1064 245
1064 246
1064 247
1064 1061
1064 1062
1064 1063
1064 1065
1064 1066
1065 1062
1065 1063
1065 1064
1065 1066
1065 1067
1066 1064
1066 1065
1066 1067
1066 1068
1066 1069
1066 1070
1067 1065
1067 1066
1067 1068
1067 1069
1068 1066
1068 1067
1068 1069
1068 1070
1069 1066
1069 1067
1069 1068
1069 1070
1069 1071
1069 1072
1070 1066
1070 1068
1070 1069
1070 1071
1070 1072
1070 1073
1071 1069
1071 1070
1071 1072
1071 1073
1072 1069
1072 1070
1072 1071
1072 1073
1072 1074
1073 1070
1073 1071
1073 1072
1073 1074
1073 1075
1074 1072
1074 1073
1074 1075
1074 1076
1075 1073
1075 1074
1075 1076
1075 1077
1076 1074
1076 1075
1076 1077
1076 1078
1077 1075
1077 1076
1077 1078
1077 1079
1078 1076
1078 1077
1078 1079
1078 1080
1079 1077
1079 1078
1079 1080
1079 1081
1080 1078
1080 1079
1080 1081
1080 1082
1081 1079
1081 1080
1081 1082
1081 1083
1082 1080
1082 1081
1082 1083
1082 1084
1083 1081
1083 1082
1083 1084
1083 1085
1084 1082
1084 1083
1084 1085
1084 1086
1085 1083
1085 1084
1085 1086
1085 1087
1086 1084
1086 1085
1086 1087
1086 1088
1087 1085
1087 1086
1087 1088
1087 1089
1088 1086
1088 1087
1088 1089
1088 1090
1089 1087
1089 1088
1089 1090
1089 1091
1089 1211
1090 1088
1090 1089
1090 1091
1090 1092
1090 1211
1090 1212
1090 1213
1091 1089
1091 1090
1091 1092
1091 1093
1091 1095
1091 1096
1091 1211
1091 1212
1091 1213
1092 1090
1092 1091
1092 1093
1092 1094
1092 1095
1092 1096
1092 1213
1092 1214
1093 1091
1093 1092
1093 1094
1093 1095
1093 1096
1093 1097
1093 1213
1093 1214
1093 1217
1094 1092
1094 1093
1094 1095
1094 1096
1094 1097
1094 1098
1095 1091
1095 1092
1095 1093
1095 1094
1095 1096
1095 1097
1095 1098
1095 1099
1095 1120
1095 1121
1096 1091
1096 1092
1096 1093
1096 1094
1096 1095
1096 1097
1096 1098
1096 1099
1096 1100
1096 1132
1096 1212
1097 1093
1097 1094
1097 1095
1097 1096
1097 1098
1097 1099
1097 1100
1097 1101
1098 1094
1098 1095
1098 1096
1098 1097
1098 1099
1098 1100
1098 1101
1098 1102
1098 1118
1098 1120
1099 1095
1099 1096
1099 1097
1099 1098
1099 1100
1099 1101
1099 1102
1099 1103
1099 1114
1099 1118
1099 1129
1099 1132
1099 1133
1100 1096
1100 1097
1100 1098
1100 1099
1100 1101
1100 1102
1100 1103
1100 1104
1100 1133
1100 1136
1101 1097
1101 1098
1101 1099
1101 1100
1101 1102
1101 1103
1101 1104
1101 1105
1102 1098
1102 1099
1102 1100
1102 1101
1102 1103
1102 1104
1102 1105
1102 1106
1102 1107
1102 1114
1102 1117
1102 1118
1103 1099
1103 1100
1103 1101
1103 1102
1103 1104
1103 1105
1103 1106
1103 1107
1103 1108
1103 1114
1103 1133
1103 1232
1104 1100
1104 1101
1104 1102
1104 1103
1104 1105
1104 1106
1104 1107
1104 1228
1104 1231
1104 1232
1104 1293
1105 1101
1105 1102
1105 1103
1105 1104
1105 1106
1105 1107
1105 1292
1105 1293
1105 1294
1106 1102
1106 1103
1106 1104
1106 1105
1106 1107
1106 1108
1106 1110
1106 1113
1106 1114
1106 1235
1106 1289
1106 1291
1106 1292
1106 1293
1107 1102
1107 1103
1107 1104
1107 1105
1107 1106
1107 1108
1107 1109
1107 1110
1107 1231
1107 1232
1107 1235
1107 1236
1108 1103
1108 1106
1108 1107
1108 1109
1108 1110
1108 1111
1108 1232
1108 1236
1109 1107
1109 1108
1109 1110
1109 1111
1109 1130
1110 1106
1110 1107
1110 1108
1110 1109
1110 1111
1110 1112
1110 1113
1110 1114
1111 1108
1111 1109
1111 1110
1111 1112
1111 1113
1111 1114
1111 1115
1111 1126
1111 1129
1111 1130
1112 1110
1112 1111
1112 1113
1112 1114
1112 1115
1112 1116
1112 1126
1113 1106
1113 1110
1113 1111
1113 1112
1113 1114
1113 1115
1113 1116
1113 1117
1114 1099
1114 1102
1114 1103
1114 1106
1114 1110
1114 1111
1114 1112
1114 1113
1114 1115
1114 1116
1114 1117
1114 1118
1114 1129
1115 1111
1115 1112
1115 1113
1115 1114
1115 1116
1115 1117
1115 1118
1115 1119
1115 1120
1115 1124
1115 1125
1115 1126
1115 1129
1116 1112
1116 1113
1116 1114
1116 1115
1116 1117
1116 1118
1116 1119
1117 1102
1117 1113
1117 1114
1117 1115
1117 1116
1117 1118
1117 1119
1118 1098
1118 1099
1118 1102
1118 1114
1118 1115
1118 1116
1118 1117
1118 1119
1118 1120
1119 1115
1119 1116
1119 1117
1119 1118
1119 1120
1119 1121
1120 1095
1120 1098
1120 1115
1120 1118
1120 1119
1120 1121
1120 1122
1120 1123
1120 1124
1121 1095
1121 1119
1121 1120
1121 1122
1121 1123
1122 1120
1122 1121
1122 1123
1122 1124
1123 1120
1123 1121
1123 1122
1123 1124
1123 1125
1124 1115
1124 1120
1124 1122
1124 1123
1124 1125
1124 1126
1124 1127
1124 1128
1124 1129
1125 1115
1125 1123
1125 1124
1125 1126
1125 1127
1125 1128
1125 1129
1126 1111
1126 1112
1126 1115
1126 1124
1126 1125
1126 1127
1126 1128
1126 1129
1126 1130
1127 1124
1127 1125
1127 1126
1127 1128
1127 1129
1127 1130
1127 1131
1128 1124
1128 1125
1128 1126
1128 1127
1128 1129
1128 1130
1128 1131
1128 1132
1129 1099
1129 1111
1129 1114
1129 1115
1129 1124
1129 1125
1129 1126
1129 1127
1129 1128
1129 1130
1129 1131
1129 1132
1129 1133
1130 1109
1130 1111
1130 1126
1130 1127
1130 1128
1130 1129
1130 1131
1130 1132
1130 1133
1130 1134
1131 1127
1131 1128
1131 1129
1131 1130
1131 1132
1131 1133
1131 1134
1131 1135
1131 1205
1131 1206
1132 1096
1132 1099
1132 1128
1132 1129
1132 1130
1132 1131
1132 1133
1132 1134
1132 1135
1132 1136
1132 1206
1132 1211
1133 1099
1133 1100
1133 1103
1133 1129
1133 1130
1133 1131
1133 1132
1133 1134
1133 1135
1133 1136
1133 1137
1134 1130
1134 1131
1134 1132
1134 1133
1134 1135
1134 1136
1134 1137
1134 1138
1134 1158
1134 1206
1135 1131
1135 1132
1135 1133
1135 1134
1135 1136
1135 1137
1135 1138
1135 1139
1135 1206
1135 1207
1135 1208
1135 1211
1135 1212
1136 1100
1136 1132
1136 1133
1136 1134
1136 1135
1136 1137
1136 1138
1136 1139
1136 1140
1136 1208
1136 1212
1136 1221
1137 1133
1137 1134
1137 1135
1137 1136
1137 1138
1137 1139
1137 1140
1137 1141
1137 1154
1137 1158
1137 1229
1138 1134
1138 1135
1138 1136
1138 1137
1138 1139
1138 1140
1138 1141
1138 1142
1138 1155
1138 1158
1138 1208
1139 1135
1139 1136
1139 1137
1139 1138
1139 1140
1139 1141
1139 1142
1139 1143
1139 1208
1139 1221
1139 1222
1140 1136
1140 1137
1140 1138
1140 1139
1140 1141
1140 1142
1140 1143
1140 1144
1140 1221
1140 1222
1140 1225
1140 1226
1140 1228
1140 1229
1141 1137
1141 1138
1141 1139
1141 1140
1141 1142
1141 1143
1141 1144
1141 1151
1141 1154
1141 1155
1141 1225
1141 1229
1142 1138
1142 1139
1142 1140
1142 1141
1142 1143
1142 1144
1143 1139
1143 1140
1143 1141
1143 1142
1143 1144
1143 1145
1143 1222
1143 1225
1144 1140
1144 1141
1144 1142
1144 1143
1144 1145
1144 1146
1144 1151
1144 1222
1144 1225
1144 1226
1145 1143
1145 1144
1145 1146
1145 1147
1145 1148
1146 1144
1146 1145
1146 1147
1146 1148
1146 1150
1146 1151
1146 1226
1147 1145
1147 1146
1147 1148
1147 1149
1147 1150
1147 1151
1148 1145
1148 1146
1148 1147
1148 1149
1148 1150
1148 1151
1148 1152
1149 1147
1149 1148
1149 1150
1149 1151
1149 1152
1149 1153
1149 1171
1150 1146
1150 1147
1150 1148
1150 1149
1150 1151
1150 1152
1150 1153
1150 1154
1150 1229
1150 1230
1150 1233
1151 1141
1151 1144
1151 1146
1151 1147
1151 1148
1151 1149
1151 1150
1151 1152
1151 1153
1151 1154
1151 1155
1152 1148
1152 1149
1152 1150
1152 1151
1152 1153
1152 1154
1152 1155
1152 1156
1153 1149
1153 1150
1153 1151
1153 1152
1153 1154
1153 1155
1153 1156
1153 1157
1153 1169
1153 1171
1153 1172
1154 1137
1154 1141
1154 1150
1154 1151
1154 1152
1154 1153
1154 1155
1154 1156
1154 1157
1154 1158
1154 1229
1154 1233
1155 1138
1155 1141
1155 1151
1155 1152
1155 1153
1155 1154
1155 1156
1155 1157
1155 1158
1155 1159
1156 1152
1156 1153
1156 1154
1156 1155
1156 1157
1156 1158
1156 1159
1156 1169
1157 1153
1157 1154
1157 1155
1157 1156
1157 1158
1157 1159
1157 1169
1158 1134
1158 1137
1158 1138
1158 1154
1158 1155
1158 1156
1158 1157
1158 1159
1158 1160
1159 1155
1159 1156
1159 1157
1159 1158
1159 1160
1159 1161
1160 1158
1160 1159
1160 1161
1160 1162
1160 1164
1160 1202
1161 1159
1161 1160
1161 1162
1161 1163
1161 1164
1161 1165
1161 1166
1161 1167
1162 1160
1162 1161
1162 1163
1162 1164
1163 1161
1163 1162
1163 1164
1163 1165
1164 1160
1164 1161
1164 1162
1164 1163
1164 1165
1164 1166
1165 1161
1165 1163
1165 1164
1165 1166
1165 1167
1166 1161
1166 1164
1166 1165
1166 1167
1166 1168
1167 1161
1167 1165
1167 1166
1167 1168
1167 1169
1168 1166
1168 1167
1168 1169
1168 1170
1169 1153
1169 1156
1169 1157
1169 1167
1169 1168
1169 1170
1169 1171
1169 1172
1170 1168
1170 1169
1170 1171
1170 1172
1170 1173
1171 1149
1171 1153
1171 1169
1171 1170
1171 1172
1171 1173
1172 1153
1172 1169
1172 1170
1172 1171
1172 1173
1172 1174
1172 1237
1173 1170
1173 1171
1173 1172
1173 1174
1173 1175
1174 1172
1174 1173
1174 1175
1174 1176
1174 1177
1175 1173
1175 1174
1175 1176
1175 1177
1175 1178
1176 1174
1176 1175
1176 1177
1176 1178
1177 1174
1177 1175
1177 1176
1177 1178
1177 1179
1178 1175
1178 1176
1178 1177
1178 1179
1178 1180
1179 1177
1179 1178
1179 1180
1179 1181
1180 1178
1180 1179
1180 1181
1180 1182
1181 1179
1181 1180
1181 1182
1181 1183
1182 1180
1182 1181
1182 1183
1182 1184
1183 1181
1183 1182
1183 1184
1183 1185
1184 1182
1184 1183
1184 1185
1184 1186
1185 1183
1185 1184
1185 1186
1185 1187
1186 1184
1186 1185
1186 1187
1186 1188
1187 1185
1187 1186
1187 1188
1187 1189
1188 1186
1188 1187
1188 1189
1188 1190
1189 1187
1189 1188
1189 1190
1189 1191
1190 1188
1190 1189
1190 1191
1190 1192
1191 1189
1191 1190
1191 1192
1191 1193
1192 1190
1192 1191
1192 1193
1192 1194
1193 1191
1193 1192
1193 1194
1193 1195
1194 1192
1194 1193
1194 1195
1194 1196
1194 1197
1195 1193
1195 1194
1195 1196
1195 1197
1196 1194
1196 1195
1196 1197
1196 1198
1196 1199
1196 1200
1197 1194
1197 1195
1197 1196
1197 1198
1197 1199
1197 1200
1198 1196
1198 1197
1198 1199
1198 1200
1198 1203
1199 1196
1199 1197
1199 1198
1199 1200
1199 1201
1200 1196
1200 1197
1200 1198
1200 1199
1200 1201
1200 1202
1200 1203
1201 1199
1201 1200
1201 1202
1201 1203
1201 1204
1201 1205
1202 1160
1202 1200
1202 1201
1202 1203
1202 1204
1202 1205
1202 1206
1203 1198
1203 1200
1203 1201
1203 1202
1203 1204
1203 1205
1203 1206
1203 1207
1204 1201
1204 1202
1204 1203
1204 1205
1204 1206
1204 1207
1205 1131
1205 1201
1205 1202
1205 1203
1205 1204
1205 1206
1205 1207
1206 1131
1206 1132
1206 1134
1206 1135
1206 1202
1206 1203
1206 1204
1206 1205
1206 1207
1206 1208
1206 1210
1206 1211
1207 1135
1207 1203
1207 1204
1207 1205
1207 1206
1207 1208
1207 1209
1207 1210
1207 1211
1208 1135
1208 1136
1208 1138
1208 1139
1208 1206
1208 1207
1208 1209
1208 1210
1208 1211
1208 1212
1209 1207
1209 1208
1209 1210
1209 1211
1209 1212
1209 1213
1210 1206
1210 1207
1210 1208
1210 1209
1210 1211
1210 1212
1210 1213
1211 1089
1211 1090
1211 1091
1211 1132
1211 1135
1211 1206
1211 1207
1211 1208
1211 1209
1211 1210
1211 1212
1211 1213
1212 1090
1212 1091
1212 1096
1212 1135
1212 1136
1212 1208
1212 1209
1212 1210
1212 1211
1212 1213
1212 1214
1212 1217
1212 1218
1213 1090
1213 1091
1213 1092
1213 1093
1213 1209
1213 1210
1213 1211
1213 1212
1213 1214
1213 1215
1214 1092
1214 1093
1214 1212
1214 1213
1214 1215
1214 1216
1214 1217
1214 1218
1215 1213
1215 1214
1215 1216
1215 1217
1215 1218
1215 1219
1216 1214
1216 1215
1216 1217
1216 1218
1216 1219
1216 1220
1217 1093
1217 1212
1217 1214
1217 1215
1217 1216
1217 1218
1217 1219
1217 1220
1217 1221
1218 1212
1218 1214
1218 1215
1218 1216
1218 1217
1218 1219
1218 1220
1218 1221
1218 1222
1219 1215
1219 1216
1219 1217
1219 1218
1219 1220
1219 1221
1219 1222
1219 1223
1220 1216
1220 1217
1220 1218
1220 1219
1220 1221
1220 1222
1220 1223
1220 1224
1221 1136
1221 1139
1221 1140
1221 1217
1221 1218
1221 1219
1221 1220
1221 1222
1221 1223
1221 1224
1221 1225
1222 1139
1222 1140
1222 1143
1222 1144
1222 1218
1222 1219
1222 1220
1222 1221
1222 1223
1222 1224
1222 1225
1223 1219
1223 1220
1223 1221
1223 1222
1223 1224
1223 1225
1223 1226
1224 1220
1224 1221
1224 1222
1224 1223
1224 1225
1224 1226
1224 1227
1224 1228
1225 1140
1225 1141
1225 1143
1225 1144
1225 1221
1225 1222
1225 1223
1225 1224
1225 1226
1225 1227
1225 1228
1225 1229
1226 1140
1226 1144
1226 1146
1226 1223
1226 1224
1226 1225
1226 1227
1226 1228
1226 1229
1226 1230
1227 1224
1227 1225
1227 1226
1227 1228
1227 1229
1227 1230
1227 1231
1228 1104
1228 1140
1228 1224
1228 1225
1228 1226
1228 1227
1228 1229
1228 1230
1228 1231
1228 1232
1229 1137
1229 1140
1229 1141
1229 1150
1229 1154
1229 1225
1229 1226
1229 1227
1229 1228
1229 1230
1229 1231
1229 1232
1229 1233
1230 1150
1230 1226
1230 1227
1230 1228
1230 1229
1230 1231
1230 1232
1230 1233
1230 1234
1231 1104
1231 1107
1231 1227
1231 1228
1231 1229
1231 1230
1231 1232
1231 1233
1231 1234
1231 1235
1232 1103
1232 1104
1232 1107
1232 1108
1232 1228
1232 1229
1232 1230
1232 1231
1232 1233
1232 1234
1232 1235
1232 1236
1233 1150
1233 1154
1233 1229
1233 1230
1233 1231
1233 1232
1233 1234
1233 1235
1233 1236
1233 1237
1234 1230
1234 1231
1234 1232
1234 1233
1234 1235
1234 1236
1234 1237
1234 1238
1235 1106
1235 1107
1235 1231
1235 1232
1235 1233
1235 1234
1235 1236
1235 1237
1235 1238
1235 1239
1235 1289
1236 1107
1236 1108
1236 1232
1236 1233
1236 1234
1236 1235
1236 1237
1236 1238
1236 1239
1236 1240
1237 1172
1237 1233
1237 1234
1237 1235
1237 1236
1237 1238
1237 1239
1237 1240
1237 1241
1237 1242
1238 1234
1238 1235
1238 1236
1238 1237
1238 1239
1238 1240
1238 1241
1238 1242
1238 1243
1238 1285
1238 1289
1239 1235
1239 1236
1239 1237
1239 1238
1239 1240
1239 1241
1239 1242
1239 1243
1239 1244
1239 1247
1239 1289
1240 1236
1240 1237
1240 1238
1240 1239
1240 1241
1240 1242
1240 1243
1240 1244
1241 1237
1241 1238
1241 1239
1241 1240
1241 1242
1241 1243
1241 1244
1242 1237
1242 1238
1242 1239
1242 1240
1242 1241
1242 1243
1242 1244
1242 1261
1242 1262
1242 1263
1243 1238
1243 1239
1243 1240
1243 1241
1243 1242
1243 1244
1243 1245
1243 1246
1243 1247
1243 1261
1243 1262
1243 1286
1244 1239
1244 1240
1244 1241
1244 1242
1244 1243
1244 1245
1244 1246
1244 1247
1245 1243
1245 1244
1245 1246
1245 1247
1245 1248
1245 1249
1246 1243
1246 1244
1246 1245
1246 1247
1246 1248
1246 1249
1246 1250
1246 1259
1246 1260
1246 1261
1247 1239
1247 1243
1247 1244
1247 1245
1247 1246
1247 1248
1247 1249
1247 1250
1247 1251
1247 1286
1247 1289
1248 1245
1248 1246
1248 1247
1248 1249
1248 1250
1248 1251
1248 1252
1249 1245
1249 1246
1249 1247
1249 1248
1249 1250
1249 1251
1249 1252
1249 1253
1249 1254
1249 1259
1250 1246
1250 1247
1250 1248
1250 1249
1250 1251
1250 1252
1250 1253
1250 1254
1250 1255
1250 1256
1250 1259
1250 1286
1250 1290
1251 1247
1251 1248
1251 1249
1251 1250
1251 1252
1251 1253
1251 1254
1251 1290
1252 1248
1252 1249
1252 1250
1252 1251
1252 1253
1252 1254
1253 1249
1253 1250
1253 1251
1253 1252
1253 1254
1253 1255
1253 1304
1254 1249
1254 1250
1254 1251
1254 1252
1254 1253
1254 1255
1254 1256
1254 1258
1254 1259
1254 1304
1255 1250
1255 1253
1255 1254
1255 1256
1255 1257
1255 1258
1255 1259
1255 1303
1255 1304
1255 1305
1256 1250
1256 1254
1256 1255
1256 1257
1256 1258
1256 1259
1256 1279
1256 1282
1256 1283
1256 1286
1256 1304
1256 1305
1256 1306
1257 1255
1257 1256
1257 1258
1257 1259
1257 1260
1257 1279
1258 1254
1258 1255
1258 1256
1258 1257
1258 1259
1258 1260
1259 1246
1259 1249
1259 1250
1259 1254
1259 1255
1259 1256
1259 1257
1259 1258
1259 1260
1259 1261
1260 1246
1260 1257
1260 1258
1260 1259
1260 1261
1260 1262
1261 1242
1261 1243
1261 1246
1261 1259
1261 1260
1261 1262
1261 1263
1261 1282
1262 1242
1262 1243
1262 1260
1262 1261
1262 1263
1262 1264
1263 1242
1263 1261
1263 1262
1263 1264
1263 1265
1263 1266
1263 1278
1263 1282
1264 1262
1264 1263
1264 1265
1264 1266
1265 1263
1265 1264
1265 1266
1265 1267
1266 1263
1266 1264
1266 1265
1266 1267
1266 1268
1267 1265
1267 1266
1267 1268
1267 1269
1267 1270
1268 1266
1268 1267
1268 1269
1268 1270
1268 1271
1269 1267
1269 1268
1269 1270
1269 1271
1270 1267
1270 1268
1270 1269
1270 1271
1270 1272
1271 1268
1271 1269
1271 1270
1271 1272
1271 1273
1271 1274
1271 1276
1271 1396
1272 1270
1272 1271
1272 1273
1272 1274
1272 1276
1272 1388
1272 1392
1272 1393
1272 1396
1273 1271
1273 1272
1273 1274
1273 1275
1273 1276
1273 1386
1273 1387
1273 1388
1274 1271
1274 1272
1274 1273
1274 1275
1274 1276
1275 1273
1275 1274
1275 1276
1275 1277
1275 1385
1276 1271
1276 1272
1276 1273
1276 1274
1276 1275
1276 1277
1276 1278
1276 1279
1276 1280
1276 1281
1277 1275
1277 1276
1277 1278
1277 1279
1277 1280
1277 1281
1278 1263
1278 1276
1278 1277
1278 1279
1278 1280
1278 1281
1278 1282
1279 1256
1279 1257
1279 1276
1279 1277
1279 1278
1279 1280
1279 1281
1279 1282
1279 1283
1279 1306
1280 1276
1280 1277
1280 1278
1280 1279
1280 1281
1280 1282
1280 1283
1280 1284
1280 1306
1280 1307
1281 1276
1281 1277
1281 1278
1281 1279
1281 1280
1281 1282
1281 1283
1281 1284
1281 1285
1281 1396
1282 1256
1282 1261
1282 1263
1282 1278
1282 1279
1282 1280
1282 1281
1282 1283
1282 1284
1282 1285
1282 1286
1283 1256
1283 1279
1283 1280
1283 1281
1283 1282
1283 1284
1283 1285
1283 1286
1283 1287
1283 1305
1283 1306
1283 1307
1284 1280
1284 1281
1284 1282
1284 1283
1284 1285
1284 1286
1284 1287
1284 1288
1284 1299
1284 1397
1285 1238
1285 1281
1285 1282
1285 1283
1285 1284
1285 1286
1285 1287
1285 1288
1285 1289
1285 1397
1286 1243
1286 1247
1286 1250
1286 1256
1286 1282
1286 1283
1286 1284
1286 1285
1286 1287
1286 1288
1286 1289
1286 1290
1287 1283
1287 1284
1287 1285
1287 1286
1287 1288
1287 1289
1287 1290
1287 1291
1287 1292
1287 1299
1287 1305
1288 1284
1288 1285
1288 1286
1288 1287
1288 1289
1288 1290
1288 1291
1288 1292
1288 1293
1288 1294
1288 1295
1288 1299
1289 1106
1289 1235
1289 1238
1289 1239
1289 1247
1289 1285
1289 1286
1289 1287
1289 1288
1289 1290
1289 1291
1289 1292
1289 1293
1290 1250
1290 1251
1290 1286
1290 1287
1290 1288
1290 1289
1290 1291
1290 1292
1291 1106
1291 1287
1291 1288
1291 1289
1291 1290
1291 1292
1291 1293
1291 1295
1291 1298
1291 1299
1292 1105
1292 1106
1292 1287
1292 1288
1292 1289
1292 1290
1292 1291
1292 1293
1292 1294
1292 1295
1293 1104
1293 1105
1293 1106
1293 1288
1293 1289
1293 1291
1293 1292
1293 1294
1293 1295
1293 1296
1294 1105
1294 1288
1294 1292
1294 1293
1294 1295
1294 1296
1294 1390
1294 1394
1295 1288
1295 1291
1295 1292
1295 1293
1295 1294
1295 1296
1295 1297
1295 1298
1295 1299
1295 1322
1296 1293
1296 1294
1296 1295
1296 1297
1296 1298
1296 1299
1296 1300
1296 1390
1297 1295
1297 1296
1297 1298
1297 1299
1297 1300
1297 1301
1297 1314
1297 1318
1297 1319
1297 1322
1298 1291
1298 1295
1298 1296
1298 1297
1298 1299
1298 1300
1298 1301
1298 1302
1298 1319
1298 1322
1299 1284
1299 1287
1299 1288
1299 1291
1299 1295
1299 1296
1299 1297
1299 1298
1299 1300
1299 1301
1299 1302
1299 1305
1299 1307
1300 1296
1300 1297
1300 1298
1300 1299
1300 1301
1300 1302
1300 1305
1300 1307
1300 1308
1300 1311
1300 1312
1300 1313
1300 1314
1301 1297
1301 1298
1301 1299
1301 1300
1301 1302
1301 1303
1301 1307
1301 1308
1301 1312
1301 1313
1301 1314
1302 1298
1302 1299
1302 1300
1302 1301
1302 1303
1302 1304
1302 1305
1302 1307
1302 1308
1303 1255
1303 1301
1303 1302
1303 1304
1303 1305
1303 1306
1303 1307
1303 1308
1303 1309
1304 1253
1304 1254
1304 1255
1304 1256
1304 1302
1304 1303
1304 1305
1304 1306
1305 1255
1305 1256
1305 1283
1305 1287
1305 1299
1305 1300
1305 1302
1305 1303
1305 1304
1305 1306
1305 1307
1305 1308
1306 1256
1306 1279
1306 1280
1306 1283
1306 1303
1306 1304
1306 1305
1306 1307
1306 1308
1306 1309
1306 1310
1307 1280
1307 1283
1307 1299
1307 1300
1307 1301
1307 1302
1307 1303
1307 1305
1307 1306
1307 1308
1307 1309
1307 1310
1307 1311
1307 1312
1308 1300
1308 1301
1308 1302
1308 1303
1308 1305
1308 1306
1308 1307
1308 1309
1308 1310
1308 1311
1308 1312
1308 1313
1309 1303
1309 1306
1309 1307
1309 1308
1309 1310
1309 1311
1309 1312
1310 1306
1310 1307
1310 1308
1310 1309
1310 1311
1310 1312
1310 1384
1310 1385
1311 1300
1311 1307
1311 1308
1311 1309
1311 1310
1311 1312
1311 1313
1311 1384
1311 1385
1311 1386
1311 1387
1312 1300
1312 1301
1312 1307
1312 1308
1312 1309
1312 1310
1312 1311
1312 1313
1312 1314
1312 1384
1313 1300
1313 1301
1313 1308
1313 1311
1313 1312
1313 1314
1313 1315
1314 1297
1314 1300
1314 1301
1314 1312
1314 1313
1314 1315
1314 1316
1314 1318
1314 1319
1315 1313
1315 1314
1315 1316
1315 1317
1315 1318
1315 1319
1316 1314
1316 1315
1316 1317
1316 1318
1316 1319
1316 1320
1317 1315
1317 1316
1317 1318
1317 1319
1317 1320
1317 1321
1318 1297
1318 1314
1318 1315
1318 1316
1318 1317
1318 1319
1318 1320
1318 1321
1318 1322
1319 1297
1319 1298
1319 1314
1319 1315
1319 1316
1319 1317
1319 1318
1319 1320
1319 1321
1319 1322
1319 1323
1320 1316
1320 1317
1320 1318
1320 1319
1320 1321
1320 1322
1320 1323
1320 1324
1321 1317
1321 1318
1321 1319
1321 1320
1321 1322
1321 1323
1321 1324
1321 1325
1322 1295
1322 1297
1322 1298
1322 1318
1322 1319
1322 1320
1322 1321
1322 1323
1322 1324
1322 1325
1323 1319
1323 1320
1323 1321
1323 1322
1323 1324
1323 1325
1323 1326
1324 1320
1324 1321
1324 1322
1324 1323
1324 1325
1324 1326
1324 1327
1325 1321
1325 1322
1325 1323
1325 1324
1325 1326
1325 1327
1325 1328
1326 1323
1326 1324
1326 1325
1326 1327
1326 1328
1327 1324
1327 1325
1327 1326
1327 1328
1327 1329
1328 1325
1328 1326
1328 1327
1328 1329
1328 1330
1329 1327
1329 1328
1329 1330
1329 1331
1330 1328
1330 1329
1330 1331
1330 1332
1331 1329
1331 1330
1331 1332
1331 1333
1332 1330
1332 1331
1332 1333
1332 1334
1333 1331
1333 1332
1333 1334
1333 1335
1334 1332
1334 1333
1334 1335
1334 1336
1335 1333
1335 1334
1335 1336
1335 1337
1335 1338
1336 1334
1336 1335
1336 1337
1336 1338
1337 1335
1337 1336
1337 1338
1337 1339
1338 1335
1338 1336
1338 1337
1338 1339
1338 1340
1339 1337
1339 1338
1339 1340
1339 1341
1340 1338
1340 1339
1340 1341
1340 1342
1341 1339
1341 1340
1341 1342
1341 1343
1342 1340
1342 1341
1342 1343
1342 1344
1343 1341
1343 1342
1343 1344
1343 1345
1344 1342
1344 1343
1344 1345
1344 1346
1345 1343
1345 1344
1345 1346
1345 1347
1346 1344
1346 1345
1346 1347
1346 1348
1347 1345
1347 1346
1347 1348
1347 1349
1348 1346
1348 1347
1348 1349
1348 1350
1349 1347
1349 1348
1349 1350
1349 1351
1350 1348
1350 1349
1350 1351
1350 1352
1351 1349
1351 1350
1351 1352
1351 1353
1352 1350
1352 1351
1352 1353
1352 1354
1353 1351
1353 1352
1353 1354
1353 1355
1354 1352
1354 1353
1354 1355
1354 1356
1355 1353
1355 1354
1355 1356
1355 1357
1356 1354
1356 1355
1356 1357
1356 1358
1357 1355
1357 1356
1357 1358
1357 1359
1358 1356
1358 1357
1358 1359
1358 1360
1359 1357
1359 1358
1359 1360
1359 1361
1360 1358
1360 1359
1360 1361
1360 1362
1361 1359
1361 1360
1361 1362
1361 1363
1362 1360
1362 1361
1362 1363
1362 1364
1363 1361
1363 1362
1363 1364
1363 1365
1364 1362
1364 1363
1364 1365
1364 1366
1365 1363
1365 1364
1365 1366
1365 1367
1366 1364
1366 1365
1366 1367
1366 1368
1367 1365
1367 1366
1367 1368
1367 1369
1368 1366
1368 1367
1368 1369
1368 1370
1369 1367
1369 1368
1369 1370
1369 1371
1370 1368
1370 1369
1370 1371
1370 1372
1371 1369
1371 1370
1371 1372
1371 1373
1372 1370
1372 1371
1372 1373
1372 1374
1373 1371
1373 1372
1373 1374
1373 1375
1374 1372
1374 1373
1374 1375
1374 1376
1375 1373
1375 1374
1375 1376
1375 1377
1376 1374
1376 1375
1376 1377
1376 1378
1377 1375
1377 1376
1377 1378
1377 1379
1377 1380
1378 1376
1378 1377
1378 1379
1378 1380
1379 1377
1379 1378
1379 1380
1379 1381
1380 1377
1380 1378
1380 1379
1380 1381
1380 1382
1381 1379
1381 1380
1381 1382
1381 1383
1381 1384
1382 1380
1382 1381
1382 1383
1382 1384
1383 1381
1383 1382
1383 1384
1383 1385
1384 1310
1384 1311
1384 1312
1384 1381
1384 1382
1384 1383
1384 1385
1384 1386
1385 1275
1385 1310
1385 1311
1385 1383
1385 1384
1385 1386
1385 1387
1386 1273
1386 1311
1386 1384
1386 1385
1386 1387
1386 1388
1387 1273
1387 1311
1387 1385
1387 1386
1387 1388
1387 1389
1388 1272
1388 1273
1388 1386
1388 1387
1388 1389
1388 1390
1388 1392
1388 1393
1389 1387
1389 1388
1389 1390
1389 1391
1389 1392
1389 1393
1390 1294
1390 1296
1390 1388
1390 1389
1390 1391
1390 1392
1390 1393
1390 1394
1391 1389
1391 1390
1391 1392
1391 1393
1391 1394
1391 1395
1392 1272
1392 1388
1392 1389
1392 1390
1392 1391
1392 1393
1392 1394
1392 1395
1392 1396
1393 1272
1393 1388
1393 1389
1393 1390
1393 1391
1393 1392
1393 1394
1393 1395
1393 1396
1393 1397
1394 1294
1394 1390
1394 1391
1394 1392
1394 1393
1394 1395
1394 1396
1394 1397
1394 1398
1395 1391
1395 1392
1395 1393
1395 1394
1395 1396
1395 1397
1395 1398
1395 1399
1396 1271
1396 1272
1396 1281
1396 1392
1396 1393
1396 1394
1396 1395
1396 1397
1396 1398
1396 1399
1397 1284
1397 1285
1397 1393
1397 1394
1397 1395
1397 1396
1397 1398
1397 1399
1398 1394
1398 1395
1398 1396
1398 1397
1398 1399
1399 1395
1399 1396
1399 1397
1399 1398
