0 1
0 2
1 0
1 2
1 3
2 0
2 1
2 3
2 4
3 1
3 2
3 4
3 5
3 368
4 2
4 3
4 5
4 6
5 3
5 4
5 6
5 7
5 360
5 364
6 4
6 5
6 7
6 8
6 364
6 394
6 395
6 398
7 5
7 6
7 8
7 9
7 394
8 6
8 7
8 9
8 10
8 390
8 391
8 394
8 395
9 7
9 8
9 10
9 11
9 390
9 391
9 394
10 8
10 9
10 11
10 12
10 390
11 9
11 10
11 12
11 13
11 432
12 10
12 11
12 13
12 14
12 15
12 17
13 11
13 12
13 14
13 15
13 16
14 12
14 13
14 15
14 16
15 12
15 13
15 14
15 16
15 17
16 13
16 14
16 15
16 17
16 18
17 12
17 15
17 16
17 18
17 19
18 16
18 17
18 19
18 20
18 21
18 22
18 23
19 17
19 18
19 20
19 21
19 22
19 23
19 282
20 18
20 19
20 21
20 22
20 23
20 24
21 18
21 19
21 20
21 22
21 23
21 24
21 25
21 282
21 283
22 18
22 19
22 20
22 21
22 23
22 24
22 25
22 26
22 282
22 283
23 18
23 19
23 20
23 21
23 22
23 24
23 25
23 26
23 27
24 20
24 21
24 22
24 23
24 25
24 26
24 27
24 28
25 21
25 22
25 23
25 24
25 26
25 27
25 28
25 283
26 22
26 23
26 24
26 25
26 27
26 28
27 23
27 24
27 25
27 26
27 28
27 29
27 317
27 318
28 24
28 25
28 26
28 27
28 29
28 30
28 315
28 316
28 317
28 318
29 27
29 28
29 30
29 31
29 315
29 316
29 317
29 318
30 28
30 29
30 31
30 32
30 315
31 29
31 30
31 32
31 33
31 313
31 314
31 315
31 316
32 30
32 31
32 33
32 34
32 313
32 314
32 315
33 31
33 32
33 34
33 35
33 311
33 312
33 313
33 314
34 32
34 33
34 35
34 36
34 69
34 311
34 312
34 313
34 314
35 33
35 34
35 36
35 37
35 310
35 311
35 312
36 34
36 35
36 37
36 38
36 39
36 40
36 57
36 310
36 311
36 312
37 35
37 36
37 38
37 39
37 57
37 58
37 310
38 36
38 37
38 39
38 40
38 57
38 58
38 308
38 309
38 310
39 36
39 37
39 38
39 40
39 41
39 57
39 58
39 306
39 307
39 308
39 309
39 310
39 311
40 36
40 38
40 39
40 41
40 42
40 43
40 55
40 56
40 57
40 58
40 292
40 293
40 306
40 307
40 308
40 310
40 311
40 312
41 39
41 40
41 42
41 43
41 55
41 56
41 57
41 58
41 82
41 83
41 84
41 292
41 293
41 306
42 40
42 41
42 43
42 44
42 55
42 56
42 57
42 83
42 84
42 85
42 292
42 293
42 294
42 306
43 40
43 41
43 42
43 44
43 45
43 53
43 54
43 55
43 56
43 84
43 85
43 293
43 294
43 295
43 304
43 305
43 306
44 42
44 43
44 45
44 46
44 53
44 54
44 55
44 85
44 86
44 87
44 295
45 43
45 44
45 46
45 47
45 51
45 52
45 53
45 54
45 86
45 87
45 295
45 296
45 297
46 44
46 45
46 47
46 48
46 49
46 51
46 52
46 53
46 54
46 87
46 88
46 89
46 91
47 45
47 46
47 48
47 49
47 51
47 87
47 89
47 90
47 91
47 297
47 298
48 46
48 47
48 49
48 50
48 51
48 89
48 90
48 91
49 46
49 47
49 48
49 50
49 51
49 52
50 48
50 49
50 51
50 52
50 65
50 66
51 45
51 46
51 47
51 48
51 49
51 50
51 52
51 53
51 65
51 66
51 297
51 298
52 45
52 46
52 49
52 50
52 51
52 53
52 54
52 63
52 64
52 65
52 66
53 43
53 44
53 45
53 46
53 51
53 52
53 54
53 55
53 63
53 64
53 65
53 66
54 43
54 44
54 45
54 46
54 52
54 53
54 55
54 56
54 61
54 62
54 63
54 64
54 85
54 86
54 87
55 40
55 41
55 42
55 43
55 44
55 53
55 54
55 56
55 57
55 61
55 62
55 63
55 64
55 85
56 40
56 41
56 42
56 43
56 54
56 55
56 57
56 58
56 59
56 60
56 61
56 62
56 82
56 83
56 84
56 85
57 36
57 37
57 38
57 39
57 40
57 41
57 42
57 55
57 56
57 58
57 59
57 60
57 61
57 62
57 82
57 83
57 310
58 37
58 38
58 39
58 40
58 41
58 56
58 57
58 59
58 60
58 80
58 81
58 82
58 83
59 56
59 57
59 58
59 60
59 61
59 76
59 77
59 78
59 79
59 80
59 81
59 82
60 56
60 57
60 58
60 59
60 61
60 62
60 74
60 75
60 76
60 77
60 78
60 81
60 82
61 54
61 55
61 56
61 57
61 59
61 60
61 62
61 63
61 74
61 75
61 76
61 82
61 85
62 54
62 55
62 56
62 57
62 60
62 61
62 63
62 64
62 71
62 72
62 73
62 74
62 75
63 52
63 53
63 54
63 55
63 61
63 62
63 64
63 65
63 71
63 72
63 73
63 74
64 52
64 53
64 54
64 55
64 62
64 63
64 65
64 66
64 68
64 69
64 70
64 71
64 72
64 73
65 50
65 51
65 52
65 53
65 63
65 64
65 66
65 67
65 68
65 69
65 70
65 71
65 72
66 50
66 51
66 52
66 53
66 64
66 65
66 67
66 68
66 302
67 65
67 66
67 68
67 69
68 64
68 65
68 66
68 67
68 69
68 70
68 71
68 72
69 34
69 64
69 65
69 67
69 68
69 70
69 71
70 64
70 65
70 68
70 69
70 71
70 72
71 62
71 63
71 64
71 65
71 68
71 69
71 70
71 72
71 73
71 74
72 62
72 63
72 64
72 65
72 68
72 70
72 71
72 73
72 74
73 62
73 63
73 64
73 71
73 72
73 74
73 75
74 60
74 61
74 62
74 63
74 71
74 72
74 73
74 75
74 76
75 60
75 61
75 62
75 73
75 74
75 76
75 77
75 78
75 111
76 59
76 60
76 61
76 74
76 75
76 77
76 78
77 59
77 60
77 75
77 76
77 78
77 79
78 59
78 60
78 75
78 76
78 77
78 79
78 80
78 81
78 82
78 98
79 59
79 77
79 78
79 80
79 81
79 100
80 58
80 59
80 78
80 79
80 81
80 82
80 98
80 99
80 100
81 58
81 59
81 60
81 78
81 79
81 80
81 82
81 83
81 98
81 99
82 41
82 56
82 57
82 58
82 59
82 60
82 61
82 78
82 80
82 81
82 83
82 84
82 85
82 96
82 97
82 98
82 99
83 41
83 42
83 56
83 57
83 58
83 81
83 82
83 84
83 85
83 96
83 97
83 98
83 99
83 124
83 125
83 126
84 41
84 42
84 43
84 56
84 82
84 83
84 85
84 86
84 96
84 97
84 98
84 124
84 125
84 126
84 127
85 42
85 43
85 44
85 54
85 55
85 56
85 61
85 82
85 83
85 84
85 86
85 87
85 94
85 95
85 96
85 97
85 127
86 44
86 45
86 54
86 84
86 85
86 87
86 88
86 94
86 95
86 96
86 127
86 128
86 129
87 44
87 45
87 46
87 47
87 54
87 85
87 86
87 88
87 89
87 90
87 91
87 92
87 93
87 94
87 95
87 129
88 46
88 86
88 87
88 89
88 90
88 91
88 92
88 93
88 94
88 95
88 129
88 133
89 46
89 47
89 48
89 87
89 88
89 90
89 91
89 129
89 131
89 133
90 47
90 48
90 87
90 88
90 89
90 91
90 92
90 93
91 46
91 47
91 48
91 87
91 88
91 89
91 90
91 92
91 93
91 94
92 87
92 88
92 90
92 91
92 93
92 94
92 107
92 108
92 109
93 87
93 88
93 90
93 91
93 92
93 94
93 95
93 105
93 106
93 107
93 108
94 85
94 86
94 87
94 88
94 91
94 92
94 93
94 95
94 96
94 105
94 106
94 107
94 108
95 85
95 86
95 87
95 88
95 93
95 94
95 96
95 97
95 103
95 104
95 105
95 106
95 127
95 128
96 82
96 83
96 84
96 85
96 86
96 94
96 95
96 97
96 98
96 103
96 104
96 105
96 106
96 127
97 82
97 83
97 84
97 85
97 95
97 96
97 98
97 99
97 101
97 102
97 103
97 104
97 123
97 124
97 125
97 126
97 127
97 138
98 78
98 80
98 81
98 82
98 83
98 84
98 96
98 97
98 99
98 100
98 101
98 102
98 103
98 104
98 123
98 124
98 125
99 80
99 81
99 82
99 83
99 97
99 98
99 100
99 101
99 102
99 122
99 123
99 124
99 125
100 79
100 80
100 98
100 99
100 101
100 102
100 121
100 122
100 123
100 124
101 97
101 98
101 99
101 100
101 102
101 103
101 118
101 119
101 120
101 121
101 122
101 123
101 124
101 140
102 97
102 98
102 99
102 100
102 101
102 103
102 104
102 116
102 117
102 118
102 119
102 120
102 123
102 124
103 95
103 96
103 97
103 98
103 101
103 102
103 104
103 105
103 116
103 117
103 118
103 124
103 127
103 138
104 95
104 96
104 97
104 98
104 102
104 103
104 105
104 106
104 113
104 114
104 115
104 116
104 117
105 93
105 94
105 95
105 96
105 103
105 104
105 106
105 107
105 113
105 114
105 115
105 116
106 93
106 94
106 95
106 96
106 104
106 105
106 107
106 108
106 110
106 111
106 112
106 113
106 114
106 115
107 92
107 93
107 94
107 105
107 106
107 108
107 109
107 110
107 111
107 112
107 113
107 114
108 92
108 93
108 94
108 106
108 107
108 109
108 110
108 111
109 92
109 107
109 108
109 110
109 111
110 106
110 107
110 108
110 109
110 111
110 112
110 113
110 114
111 75
111 106
111 107
111 108
111 109
111 110
111 112
111 113
112 106
112 107
112 110
112 111
112 113
112 114
113 104
113 105
113 106
113 107
113 110
113 111
113 112
113 114
113 115
113 116
114 104
114 105
114 106
114 107
114 110
114 112
114 113
114 115
114 116
115 104
115 105
115 106
115 113
115 114
115 116
115 117
115 150
115 153
116 102
116 103
116 104
116 105
116 113
116 114
116 115
116 117
116 118
116 153
117 102
117 103
117 104
117 115
117 116
117 118
117 119
117 148
117 153
117 154
117 155
118 101
118 102
118 103
118 116
118 117
118 119
118 120
119 101
119 102
119 117
119 118
119 120
119 121
119 155
120 101
120 102
120 118
120 119
120 121
120 122
120 123
120 124
120 140
120 142
120 144
121 100
121 101
121 119
121 120
121 122
121 123
121 142
122 99
122 100
122 101
122 120
122 121
122 123
122 124
122 140
122 141
122 142
123 97
123 98
123 99
123 100
123 101
123 102
123 120
123 121
123 122
123 124
123 125
123 140
123 141
123 142
124 83
124 84
124 97
124 98
124 99
124 100
124 101
124 102
124 103
124 120
124 122
124 123
124 125
124 126
124 127
124 138
124 139
124 140
124 141
125 83
125 84
125 97
125 98
125 99
125 123
125 124
125 126
125 127
125 138
125 139
125 140
125 141
125 166
125 167
125 168
126 83
126 84
126 97
126 124
126 125
126 127
126 128
126 138
126 139
126 140
126 166
126 167
126 168
126 169
127 84
127 85
127 86
127 95
127 96
127 97
127 103
127 124
127 125
127 126
127 128
127 129
127 136
127 137
127 138
127 139
127 169
128 86
128 95
128 126
128 127
128 129
128 130
128 136
128 137
128 138
128 169
128 170
128 171
129 86
129 87
129 88
129 89
129 127
129 128
129 130
129 131
129 133
129 134
129 135
129 136
129 137
129 171
130 128
130 129
130 131
130 132
130 133
130 134
130 135
130 136
130 137
130 171
130 172
130 173
130 175
130 176
130 177
130 178
130 179
131 89
131 129
131 130
131 132
131 133
131 171
131 172
131 173
131 174
131 175
131 176
131 177
132 130
132 131
132 133
132 134
132 135
132 176
133 88
133 89
133 129
133 130
133 131
133 132
133 134
133 135
133 136
134 129
134 130
134 132
134 133
134 135
134 136
134 149
134 150
134 151
135 129
135 130
135 132
135 133
135 134
135 136
135 137
135 147
135 148
135 149
135 150
136 127
136 128
136 129
136 130
136 133
136 134
136 135
136 137
136 138
136 147
136 148
136 149
136 150
137 127
137 128
137 129
137 130
137 135
137 136
137 138
137 139
137 145
137 146
137 147
137 148
137 171
137 179
138 97
138 103
138 124
138 125
138 126
138 127
138 128
138 136
138 137
138 139
138 140
138 145
138 146
138 147
138 148
138 169
139 124
139 125
139 126
139 127
139 137
139 138
139 140
139 141
139 143
139 144
139 145
139 146
139 166
139 167
139 168
139 169
139 181
140 101
140 120
140 122
140 123
140 124
140 125
140 126
140 138
140 139
140 141
140 142
140 143
140 144
140 145
140 165
140 166
140 167
141 122
141 123
141 124
141 125
141 139
141 140
141 142
141 143
141 144
141 164
141 165
141 166
141 167
142 120
142 121
142 122
142 123
142 140
142 141
142 143
142 144
142 165
143 139
143 140
143 141
143 142
143 144
143 145
143 160
143 161
143 162
143 163
143 164
143 165
143 166
144 120
144 139
144 140
144 141
144 142
144 143
144 145
144 146
144 158
144 159
144 160
144 161
144 162
144 166
145 137
145 138
145 139
145 140
145 143
145 144
145 146
145 147
145 158
145 159
145 160
145 166
146 137
146 138
146 139
146 144
146 145
146 147
146 148
146 155
146 156
146 157
146 158
146 159
147 135
147 136
147 137
147 138
147 145
147 146
147 148
147 149
147 155
147 156
147 157
147 158
147 193
148 117
148 135
148 136
148 137
148 138
148 146
148 147
148 149
148 150
148 153
148 154
148 155
148 156
148 157
149 134
149 135
149 136
149 147
149 148
149 150
149 151
149 152
149 153
149 154
149 155
149 156
150 115
150 134
150 135
150 136
150 148
150 149
150 151
150 152
150 153
150 154
151 134
151 149
151 150
151 152
151 153
152 149
152 150
152 151
152 153
152 154
153 115
153 116
153 117
153 148
153 149
153 150
153 151
153 152
153 154
153 155
154 117
154 148
154 149
154 150
154 152
154 153
154 155
154 156
155 117
155 119
155 146
155 147
155 148
155 149
155 153
155 154
155 156
155 157
155 158
156 146
156 147
156 148
156 149
156 154
156 155
156 157
156 158
157 146
157 147
157 148
157 155
157 156
157 158
157 159
157 193
157 196
158 144
158 145
158 146
158 147
158 155
158 156
158 157
158 159
158 160
159 144
159 145
159 146
159 157
159 158
159 160
159 161
159 196
159 197
160 143
160 144
160 145
160 158
160 159
160 161
160 162
161 143
161 144
161 159
161 160
161 162
161 163
161 197
161 198
162 143
162 144
162 160
162 161
162 163
162 164
162 165
162 166
162 183
162 185
163 143
163 161
163 162
163 164
163 165
163 185
164 141
164 143
164 162
164 163
164 165
164 166
164 183
164 184
164 185
165 140
165 141
165 142
165 143
165 162
165 163
165 164
165 166
165 167
165 183
165 184
165 185
166 125
166 126
166 139
166 140
166 141
166 143
166 144
166 145
166 162
166 164
166 165
166 167
166 168
166 169
166 181
166 182
166 183
166 184
167 125
167 126
167 139
167 140
167 141
167 165
167 166
167 168
167 169
167 181
167 182
167 183
167 184
167 208
167 209
167 210
168 125
168 126
168 139
168 166
168 167
168 169
168 170
168 181
168 182
168 183
168 208
168 209
168 210
168 211
169 126
169 127
169 128
169 138
169 139
169 166
169 167
169 168
169 170
169 171
169 179
169 180
169 181
169 182
169 210
169 211
170 128
170 168
170 169
170 171
170 172
170 179
170 180
170 181
170 211
170 212
170 213
171 128
171 129
171 130
171 131
171 137
171 169
171 170
171 172
171 173
171 176
171 178
171 179
171 180
171 213
172 130
172 131
172 170
172 171
172 173
172 174
172 175
172 176
172 177
172 178
172 179
172 180
172 213
172 215
172 217
173 130
173 131
173 171
173 172
173 174
173 175
173 176
173 215
174 131
174 172
174 173
174 175
174 176
174 215
174 217
175 130
175 131
175 172
175 173
175 174
175 176
175 177
175 178
176 130
176 131
176 132
176 171
176 172
176 173
176 174
176 175
176 177
176 178
177 130
177 131
177 172
177 175
177 176
177 178
177 179
177 191
177 192
177 193
177 194
178 130
178 171
178 172
178 175
178 176
178 177
178 179
178 180
178 190
178 191
178 192
178 193
179 130
179 137
179 169
179 170
179 171
179 172
179 177
179 178
179 180
179 181
179 190
179 191
179 192
179 193
180 169
180 170
180 171
180 172
180 178
180 179
180 181
180 182
180 188
180 189
180 190
180 191
180 211
181 139
181 166
181 167
181 168
181 169
181 170
181 179
181 180
181 182
181 183
181 188
181 189
181 190
181 191
181 211
182 166
182 167
182 168
182 169
182 180
182 181
182 183
182 184
182 186
182 187
182 188
182 189
182 208
182 209
182 210
182 211
182 222
183 162
183 164
183 165
183 166
183 167
183 168
183 181
183 182
183 184
183 185
183 186
183 187
183 188
183 207
183 208
183 209
184 164
184 165
184 166
184 167
184 182
184 183
184 185
184 186
184 187
184 206
184 207
184 208
184 209
185 162
185 163
185 164
185 165
185 183
185 184
185 186
185 187
185 207
186 182
186 183
186 184
186 185
186 187
186 188
186 203
186 204
186 205
186 206
186 207
186 208
186 224
187 182
187 183
187 184
187 185
187 186
187 188
187 189
187 201
187 202
187 203
187 204
187 205
187 207
187 208
188 180
188 181
188 182
188 183
188 186
188 187
188 189
188 190
188 201
188 202
188 203
188 204
188 208
188 211
188 222
189 180
189 181
189 182
189 187
189 188
189 190
189 191
189 198
189 199
189 200
189 201
189 202
190 178
190 179
190 180
190 181
190 188
190 189
190 191
190 192
190 198
190 199
190 200
190 201
191 177
191 178
191 179
191 180
191 181
191 189
191 190
191 192
191 193
191 195
191 197
191 198
191 199
191 200
192 177
192 178
192 179
192 190
192 191
192 193
192 194
192 195
192 196
192 197
192 198
192 199
193 147
193 157
193 177
193 178
193 179
193 191
193 192
193 194
193 195
193 196
194 177
194 192
194 193
194 195
194 196
195 191
195 192
195 193
195 194
195 196
195 197
195 198
196 157
196 159
196 192
196 193
196 194
196 195
196 197
196 198
197 159
197 161
197 191
197 192
197 195
197 196
197 198
197 199
198 161
198 189
198 190
198 191
198 192
198 195
198 196
198 197
198 199
198 200
198 201
199 189
199 190
199 191
199 192
199 197
199 198
199 200
199 201
200 189
200 190
200 191
200 198
200 199
200 201
200 202
200 236
200 237
201 187
201 188
201 189
201 190
201 198
201 199
201 200
201 202
201 203
201 237
202 187
202 188
202 189
202 200
202 201
202 203
202 204
202 237
203 186
203 187
203 188
203 201
203 202
203 204
203 205
204 186
204 187
204 188
204 202
204 203
204 205
204 206
204 207
204 208
204 222
204 224
204 229
205 186
205 187
205 203
205 204
205 206
205 207
206 184
206 186
206 204
206 205
206 207
206 208
206 224
206 225
207 183
207 184
207 185
207 186
207 187
207 204
207 205
207 206
207 208
207 209
207 224
207 225
208 167
208 168
208 182
208 183
208 184
208 186
208 187
208 188
208 204
208 206
208 207
208 209
208 210
208 211
208 222
208 223
208 224
208 225
209 167
209 168
209 182
209 183
209 184
209 207
209 208
209 210
209 211
209 223
209 224
209 225
209 250
209 251
209 252
210 167
210 168
210 169
210 182
210 208
210 209
210 211
210 212
210 222
210 223
210 224
210 250
210 251
210 252
210 253
211 168
211 169
211 170
211 180
211 181
211 182
211 188
211 208
211 209
211 210
211 212
211 213
211 220
211 221
211 222
211 223
211 253
212 170
212 210
212 211
212 213
212 214
212 220
212 221
212 222
212 253
212 254
212 255
213 170
213 171
213 172
213 211
213 212
213 214
213 215
213 217
213 219
213 220
213 221
214 212
214 213
214 215
214 216
214 217
214 218
214 219
214 220
214 221
214 255
214 259
215 172
215 173
215 174
215 213
215 214
215 216
215 217
215 259
216 214
216 215
216 217
216 218
216 219
217 172
217 174
217 213
217 214
217 215
217 216
217 218
217 219
217 220
217 233
218 214
218 216
218 217
218 219
218 220
218 232
218 233
218 234
219 213
219 214
219 216
219 217
219 218
219 220
219 221
219 230
219 231
219 232
219 233
219 234
220 211
220 212
220 213
220 214
220 217
220 218
220 219
220 221
220 222
220 230
220 231
220 232
220 233
221 211
221 212
221 213
221 214
221 219
221 220
221 222
221 223
221 228
221 229
221 230
221 231
222 182
222 188
222 204
222 208
222 210
222 211
222 212
222 220
222 221
222 223
222 224
222 228
222 229
222 230
222 231
223 208
223 209
223 210
223 211
223 221
223 222
223 224
223 225
223 226
223 227
223 228
223 229
223 250
223 251
223 252
223 253
224 186
224 204
224 206
224 207
224 208
224 209
224 210
224 222
224 223
224 225
224 226
224 227
224 228
224 249
224 250
224 251
225 206
225 207
225 208
225 209
225 223
225 224
225 226
225 227
225 248
225 249
225 250
226 223
226 224
226 225
226 227
226 228
226 244
226 245
226 246
226 247
226 248
226 249
226 250
227 223
227 224
227 225
227 226
227 228
227 229
227 242
227 243
227 244
227 245
227 246
227 249
227 250
228 221
228 222
228 223
228 224
228 226
228 227
228 229
228 230
228 242
228 243
228 244
228 250
229 204
229 221
229 222
229 223
229 227
229 228
229 230
229 231
229 239
229 240
229 241
229 242
229 243
230 219
230 220
230 221
230 222
230 228
230 229
230 231
230 232
230 239
230 240
230 241
230 242
231 219
231 220
231 221
231 222
231 229
231 230
231 232
231 233
231 237
231 238
231 239
231 240
231 241
232 218
232 219
232 220
232 230
232 231
232 233
232 234
232 235
232 236
232 237
232 238
232 239
232 240
233 217
233 218
233 219
233 220
233 231
233 232
233 234
233 235
233 236
233 237
233 238
234 218
234 219
234 232
234 233
234 235
234 236
234 237
235 232
235 233
235 234
235 236
235 237
235 238
236 200
236 232
236 233
236 234
236 235
236 237
236 238
237 200
237 201
237 202
237 231
237 232
237 233
237 234
237 235
237 236
237 238
237 239
238 231
238 232
238 233
238 235
238 236
238 237
238 239
238 240
239 229
239 230
239 231
239 232
239 237
239 238
239 240
239 241
239 242
240 229
240 230
240 231
240 232
240 238
240 239
240 241
240 242
241 229
241 230
241 231
241 239
241 240
241 242
241 243
242 227
242 228
242 229
242 230
242 239
242 240
242 241
242 243
242 244
243 227
243 228
243 229
243 241
243 242
243 244
243 245
243 279
244 226
244 227
244 228
244 242
244 243
244 245
244 246
244 247
245 226
245 227
245 243
245 244
245 246
245 247
246 226
246 227
246 244
246 245
246 247
246 248
246 249
246 250
246 266
246 268
247 226
247 244
247 245
247 246
247 248
247 249
247 268
248 225
248 226
248 246
248 247
248 249
248 250
248 266
248 267
248 268
249 224
249 225
249 226
249 227
249 246
249 247
249 248
249 250
249 251
249 266
249 267
249 268
250 209
250 210
250 223
250 224
250 225
250 226
250 227
250 228
250 246
250 248
250 249
250 251
250 252
250 253
250 264
250 265
250 266
250 267
251 209
251 210
251 223
251 224
251 249
251 250
251 252
251 253
251 264
251 265
251 266
251 267
251 291
251 292
251 293
252 209
252 210
252 223
252 250
252 251
252 253
252 254
252 264
252 265
252 266
252 291
252 292
252 293
252 294
253 210
253 211
253 212
253 223
253 250
253 251
253 252
253 254
253 255
253 262
253 263
253 264
253 265
253 294
254 212
254 252
254 253
254 255
254 256
254 262
254 263
254 264
254 294
254 295
254 296
255 212
255 214
255 253
255 254
255 256
255 257
255 259
255 260
255 261
255 262
255 263
255 296
256 254
256 255
256 257
256 258
256 259
256 260
256 261
256 262
256 263
256 296
256 298
256 299
256 300
257 255
257 256
257 258
257 259
257 297
257 298
257 299
257 300
258 256
258 257
258 259
258 260
258 261
258 299
259 214
259 215
259 255
259 256
259 257
259 258
259 260
259 261
259 262
259 276
260 255
260 256
260 258
260 259
260 261
260 262
260 275
260 276
260 277
261 255
261 256
261 258
261 259
261 260
261 262
261 263
261 273
261 274
261 275
261 276
262 253
262 254
262 255
262 256
262 259
262 260
262 261
262 263
262 264
262 273
262 274
262 275
262 276
263 253
263 254
263 255
263 256
263 261
263 262
263 264
263 265
263 271
263 272
263 273
263 274
264 250
264 251
264 252
264 253
264 254
264 262
264 263
264 265
264 266
264 271
264 272
264 273
264 294
265 250
265 251
265 252
265 253
265 263
265 264
265 266
265 267
265 269
265 270
265 271
265 272
265 291
265 292
265 293
265 294
266 246
266 248
266 249
266 250
266 251
266 252
266 264
266 265
266 267
266 268
266 269
266 270
266 271
266 290
266 291
266 292
267 248
267 249
267 250
267 251
267 265
267 266
267 268
267 269
267 270
267 290
267 291
267 292
268 246
268 247
268 248
268 249
268 266
268 267
268 269
268 270
268 290
268 291
269 265
269 266
269 267
269 268
269 270
269 271
269 286
269 287
269 288
269 289
269 290
269 291
270 265
270 266
270 267
270 268
270 269
270 271
270 272
270 284
270 285
270 286
270 287
270 290
270 291
271 263
271 264
271 265
271 266
271 269
271 270
271 272
271 273
271 284
271 285
271 286
271 291
272 263
272 264
272 265
272 270
272 271
272 273
272 274
272 281
272 282
272 283
272 284
272 285
273 261
273 262
273 263
273 264
273 271
273 272
273 274
273 275
273 281
273 282
273 283
273 284
274 261
274 262
274 263
274 272
274 273
274 275
274 276
274 278
274 279
274 280
274 281
274 282
274 283
275 260
275 261
275 262
275 273
275 274
275 276
275 277
275 278
275 279
275 280
275 281
275 282
276 259
276 260
276 261
276 262
276 274
276 275
276 277
276 278
276 279
277 260
277 275
277 276
277 278
277 279
278 274
278 275
278 276
278 277
278 279
278 280
279 243
279 274
279 275
279 276
279 277
279 278
279 280
279 281
280 274
280 275
280 278
280 279
280 281
280 282
281 272
281 273
281 274
281 275
281 279
281 280
281 282
281 283
281 284
282 19
282 21
282 22
282 272
282 273
282 274
282 275
282 280
282 281
282 283
282 284
283 21
283 22
283 25
283 272
283 273
283 274
283 281
283 282
283 284
283 285
284 270
284 271
284 272
284 273
284 281
284 282
284 283
284 285
284 286
285 270
285 271
285 272
285 283
285 284
285 286
285 287
286 269
286 270
286 271
286 284
286 285
286 287
286 288
287 269
287 270
287 285
287 286
287 288
287 289
287 290
287 291
288 269
288 286
288 287
288 289
288 290
289 269
289 287
289 288
289 290
289 291
289 307
289 308
289 309
290 266
290 267
290 268
290 269
290 270
290 287
290 288
290 289
290 291
290 292
290 307
290 308
290 309
291 251
291 252
291 265
291 266
291 267
291 268
291 269
291 270
291 271
291 287
291 289
291 290
291 292
291 293
291 294
291 305
291 306
291 307
291 308
292 40
292 41
292 42
292 251
292 252
292 265
292 266
292 267
292 290
292 291
292 293
292 294
292 305
292 306
292 307
292 308
293 40
293 41
293 42
293 43
293 251
293 252
293 265
293 291
293 292
293 294
293 295
293 305
293 306
293 307
294 42
294 43
294 252
294 253
294 254
294 264
294 265
294 291
294 292
294 293
294 295
294 296
294 303
294 304
294 305
294 306
295 43
295 44
295 45
295 254
295 293
295 294
295 296
295 297
295 303
295 304
295 305
296 45
296 254
296 255
296 256
296 294
296 295
296 297
296 298
296 300
296 301
296 302
296 303
296 304
297 45
297 47
297 51
297 257
297 295
297 296
297 298
297 299
297 300
297 301
297 302
297 303
298 47
298 51
298 256
298 257
298 296
298 297
298 299
298 300
298 301
298 302
299 256
299 257
299 258
299 297
299 298
299 300
299 301
300 256
300 257
300 296
300 297
300 298
300 299
300 301
300 302
300 303
300 317
301 296
301 297
301 298
301 299
301 300
301 302
301 303
301 316
301 317
301 319
302 66
302 296
302 297
302 298
302 300
302 301
302 303
302 304
302 314
302 315
302 316
302 317
303 294
303 295
303 296
303 297
303 300
303 301
303 302
303 304
303 305
303 314
303 315
303 316
304 43
304 294
304 295
304 296
304 302
304 303
304 305
304 306
304 312
304 313
304 314
304 315
305 43
305 291
305 292
305 293
305 294
305 295
305 303
305 304
305 306
305 307
305 312
305 313
305 314
306 39
306 40
306 41
306 42
306 43
306 291
306 292
306 293
306 294
306 304
306 305
306 307
306 308
306 310
306 311
306 312
306 313
307 39
307 40
307 289
307 290
307 291
307 292
307 293
307 305
307 306
307 308
307 309
307 310
307 311
307 312
307 313
308 38
308 39
308 40
308 289
308 290
308 291
308 292
308 306
308 307
308 309
308 310
308 311
309 38
309 39
309 289
309 290
309 307
309 308
309 310
309 311
310 35
310 36
310 37
310 38
310 39
310 40
310 57
310 306
310 307
310 308
310 309
310 311
310 312
311 33
311 34
311 35
311 36
311 39
311 40
311 306
311 307
311 308
311 309
311 310
311 312
311 313
312 33
312 34
312 35
312 36
312 40
312 304
312 305
312 306
312 307
312 310
312 311
312 313
312 314
313 31
313 32
313 33
313 34
313 304
313 305
313 306
313 307
313 311
313 312
313 314
313 315
314 31
314 32
314 33
314 34
314 302
314 303
314 304
314 305
314 312
314 313
314 315
314 316
315 28
315 29
315 30
315 31
315 32
315 302
315 303
315 304
315 313
315 314
315 316
315 317
316 28
316 29
316 31
316 301
316 302
316 303
316 314
316 315
316 317
316 318
317 27
317 28
317 29
317 300
317 301
317 302
317 315
317 316
317 318
317 319
318 27
318 28
318 29
318 316
318 317
318 319
318 320
318 321
319 301
319 317
319 318
319 320
319 321
320 318
320 319
320 321
320 322
320 323
321 318
321 319
321 320
321 322
321 323
321 324
322 320
322 321
322 323
322 324
322 325
323 320
323 321
323 322
323 324
323 325
323 326
324 321
324 322
324 323
324 325
324 326
324 327
325 322
325 323
325 324
325 326
325 327
325 328
326 323
326 324
326 325
326 327
326 328
327 324
327 325
327 326
327 328
327 329
327 330
328 325
328 326
328 327
328 329
328 330
329 327
329 328
329 330
329 331
329 332
330 327
330 328
330 329
330 331
330 332
330 333
331 329
331 330
331 332
331 333
332 329
332 330
332 331
332 333
332 334
332 335
332 336
332 337
333 330
333 331
333 332
333 334
333 335
333 336
333 337
334 332
334 333
334 335
334 336
334 337
334 338
335 332
335 333
335 334
335 336
335 337
335 338
335 339
336 332
336 333
336 334
336 335
336 337
336 338
336 339
336 340
336 341
337 332
337 333
337 334
337 335
337 336
337 338
337 339
337 340
337 341
338 334
338 335
338 336
338 337
338 339
338 340
339 335
339 336
339 337
339 338
339 340
339 341
339 342
339 343
340 336
340 337
340 338
340 339
340 341
340 342
340 343
341 336
341 337
341 339
341 340
341 342
341 343
342 339
342 340
342 341
342 343
342 344
343 339
343 340
343 341
343 342
343 344
343 345
344 342
344 343
344 345
344 346
345 343
345 344
345 346
345 347
345 349
346 344
346 345
346 347
346 348
346 349
347 345
347 346
347 348
347 349
348 346
348 347
348 349
348 350
349 345
349 346
349 347
349 348
349 350
349 351
350 348
350 349
350 351
350 352
351 349
351 350
351 352
351 353
352 350
352 351
352 353
352 354
353 351
353 352
353 354
353 355
354 352
354 353
354 355
354 356
355 353
355 354
355 356
355 357
356 354
356 355
356 357
356 358
357 355
357 356
357 358
357 359
358 356
358 357
358 359
358 360
359 357
359 358
359 360
359 361
360 5
360 358
360 359
360 361
360 362
360 364
360 365
361 359
361 360
361 362
361 363
361 364
361 365
362 360
362 361
362 363
362 364
362 365
362 366
362 375
363 361
363 362
363 364
363 365
363 366
363 367
363 374
363 375
363 376
363 378
363 379
364 5
364 6
364 360
364 361
364 362
364 363
364 365
364 366
364 367
364 368
364 375
365 360
365 361
365 362
365 363
365 364
365 366
365 367
365 368
365 369
366 362
366 363
366 364
366 365
366 367
366 368
366 369
366 370
366 371
366 372
366 374
366 375
367 363
367 364
367 365
367 366
367 368
367 369
367 370
367 371
367 372
367 375
368 3
368 364
368 365
368 366
368 367
368 369
368 370
368 371
369 365
369 366
369 367
369 368
369 370
369 371
370 366
370 367
370 368
370 369
370 371
370 372
371 366
371 367
371 368
371 369
371 370
371 372
371 373
371 374
371 375
372 366
372 367
372 370
372 371
372 373
372 374
372 375
372 376
372 404
372 408
373 371
373 372
373 374
373 375
373 376
373 377
373 408
373 409
374 363
374 366
374 371
374 372
374 373
374 375
374 376
374 377
374 378
375 362
375 363
375 364
375 366
375 367
375 371
375 372
375 373
375 374
375 376
375 377
375 378
375 379
376 363
376 372
376 373
376 374
376 375
376 377
376 378
376 379
376 380
376 392
376 395
376 396
376 408
377 373
377 374
377 375
377 376
377 378
377 379
377 380
377 381
377 416
378 363
378 374
378 375
378 376
378 377
378 379
378 380
378 381
378 384
379 363
379 375
379 376
379 377
379 378
379 380
379 381
379 384
379 385
379 391
379 392
380 376
380 377
380 378
380 379
380 381
380 382
380 384
380 385
380 392
380 419
380 420
380 423
381 377
381 378
381 379
381 380
381 382
381 383
381 384
381 385
381 419
382 380
382 381
382 383
382 384
382 385
382 386
382 419
383 381
383 382
383 384
383 385
383 386
383 387
384 378
384 379
384 380
384 381
384 382
384 383
384 385
384 386
384 387
384 388
384 389
385 379
385 380
385 381
385 382
385 383
385 384
385 386
385 387
385 388
385 389
385 392
385 423
386 382
386 383
386 384
386 385
386 387
386 388
386 389
387 383
387 384
387 385
387 386
387 388
387 389
388 384
388 385
388 386
388 387
388 389
388 390
388 391
388 392
389 384
389 385
389 386
389 387
389 388
389 390
389 391
389 392
389 393
389 427
390 8
390 9
390 10
390 388
390 389
390 391
390 392
390 393
390 394
391 8
391 9
391 379
391 388
391 389
391 390
391 392
391 393
391 394
391 395
392 376
392 379
392 380
392 385
392 388
392 389
392 390
392 391
392 393
392 394
392 395
392 396
393 389
393 390
393 391
393 392
393 394
393 395
393 396
393 397
393 433
393 436
393 437
394 6
394 7
394 8
394 9
394 390
394 391
394 392
394 393
394 395
394 396
394 397
394 398
395 6
395 8
395 376
395 391
395 392
395 393
395 394
395 396
395 397
395 398
395 399
396 376
396 392
396 393
396 394
396 395
396 397
396 398
396 399
396 400
396 405
396 436
396 440
397 393
397 394
397 395
397 396
397 398
397 399
397 400
397 401
397 436
398 6
398 394
398 395
398 396
398 397
398 399
398 400
398 401
398 402
399 395
399 396
399 397
399 398
399 400
399 401
399 402
399 403
399 404
399 405
400 396
400 397
400 398
400 399
400 401
400 402
400 403
400 404
400 405
401 397
401 398
401 399
401 400
401 402
401 403
401 404
402 398
402 399
402 400
402 401
402 403
402 404
402 405
403 399
403 400
403 401
403 402
403 404
403 405
403 406
404 372
404 399
404 400
404 401
404 402
404 403
404 405
404 406
404 407
404 408
405 396
405 399
405 400
405 402
405 403
405 404
405 406
405 407
405 408
405 409
405 440
406 403
406 404
406 405
406 407
406 408
406 409
406 410
406 443
406 444
406 447
407 404
407 405
407 406
407 408
407 409
407 410
408 372
408 373
408 376
408 404
408 405
408 406
408 407
408 409
408 410
409 373
409 405
409 406
409 407
409 408
409 410
409 411
409 412
409 444
409 447
410 406
410 407
410 408
410 409
410 411
410 412
410 447
411 409
411 410
411 412
411 413
412 409
412 410
412 411
412 413
412 414
412 416
412 417
413 411
413 412
413 414
413 415
413 416
413 417
414 412
414 413
414 415
414 416
414 417
414 418
414 455
414 458
415 413
415 414
415 416
415 417
415 418
415 419
416 377
416 412
416 413
416 414
416 415
416 417
416 418
416 419
416 420
417 412
417 413
417 414
417 415
417 416
417 418
417 419
417 420
417 421
417 458
418 414
418 415
418 416
418 417
418 419
418 420
418 421
418 422
418 457
418 458
418 461
419 380
419 381
419 382
419 415
419 416
419 417
419 418
419 420
419 421
419 422
419 423
420 380
420 416
420 417
420 418
420 419
420 421
420 422
420 423
420 424
421 417
421 418
421 419
421 420
421 422
421 423
421 424
421 425
421 461
421 462
421 465
422 418
422 419
422 420
422 421
422 423
422 424
422 425
422 426
422 461
423 380
423 385
423 419
423 420
423 421
423 422
423 424
423 425
423 426
423 427
424 420
424 421
424 422
424 423
424 425
424 426
424 427
424 428
424 437
424 441
424 465
425 421
425 422
425 423
425 424
425 426
425 427
425 428
425 429
425 464
425 465
425 468
426 422
426 423
426 424
426 425
426 427
426 428
426 429
427 389
427 423
427 424
427 425
427 426
427 428
427 429
427 430
427 433
427 434
427 437
428 424
428 425
428 426
428 427
428 429
428 430
428 431
428 433
428 434
428 437
428 438
429 425
429 426
429 427
429 428
429 430
429 431
429 434
429 468
429 472
430 427
430 428
430 429
430 431
430 432
430 433
430 434
431 428
431 429
431 430
431 432
431 433
431 434
431 435
432 11
432 430
432 431
432 433
432 434
432 435
433 393
433 427
433 428
433 430
433 431
433 432
433 434
433 435
433 436
433 437
434 427
434 428
434 429
434 430
434 431
434 432
434 433
434 435
434 436
434 437
434 438
435 431
435 432
435 433
435 434
435 436
435 437
435 438
435 439
436 393
436 396
436 397
436 433
436 434
436 435
436 437
436 438
436 439
436 440
437 393
437 424
437 427
437 428
437 433
437 434
437 435
437 436
437 438
437 439
437 440
437 441
438 428
438 434
438 435
438 436
438 437
438 439
438 440
438 441
438 442
439 435
439 436
439 437
439 438
439 440
439 441
439 442
439 443
440 396
440 405
440 436
440 437
440 438
440 439
440 441
440 442
440 443
440 444
441 424
441 437
441 438
441 439
441 440
441 442
441 443
441 444
441 445
442 438
442 439
442 440
442 441
442 443
442 444
442 445
442 446
443 406
443 439
443 440
443 441
443 442
443 444
443 445
443 446
443 447
444 406
444 409
444 440
444 441
444 442
444 443
444 445
444 446
444 447
444 448
445 441
445 442
445 443
445 444
445 446
445 447
445 448
445 449
446 442
446 443
446 444
446 445
446 447
446 448
446 449
447 406
447 409
447 410
447 443
447 444
447 445
447 446
447 448
447 449
447 450
448 444
448 445
448 446
448 447
448 449
448 450
448 451
448 452
449 445
449 446
449 447
449 448
449 450
449 451
449 452
450 447
450 448
450 449
450 451
450 452
451 448
451 449
451 450
451 452
451 453
451 454
452 448
452 449
452 450
452 451
452 453
452 454
452 455
452 459
453 451
453 452
453 454
453 455
453 456
453 459
454 451
454 452
454 453
454 455
454 456
455 414
455 452
455 453
455 454
455 456
455 457
455 458
455 459
456 453
456 454
456 455
456 457
456 458
456 459
456 460
457 418
457 455
457 456
457 458
457 459
457 460
457 461
458 414
458 417
458 418
458 455
458 456
458 457
458 459
458 460
458 461
458 462
459 452
459 453
459 455
459 456
459 457
459 458
459 460
459 461
459 462
459 463
460 456
460 457
460 458
460 459
460 461
460 462
460 463
460 464
461 418
461 421
461 422
461 457
461 458
461 459
461 460
461 462
461 463
461 464
461 465
462 421
462 458
462 459
462 460
462 461
462 463
462 464
462 465
462 466
463 459
463 460
463 461
463 462
463 464
463 465
463 466
463 467
464 425
464 460
464 461
464 462
464 463
464 465
464 466
464 467
464 468
465 421
465 424
465 425
465 461
465 462
465 463
465 464
465 466
465 467
465 468
465 469
466 462
466 463
466 464
466 465
466 467
466 468
466 469
466 470
467 463
467 464
467 465
467 466
467 468
467 469
467 470
467 471
468 425
468 429
468 464
468 465
468 466
468 467
468 469
468 470
468 471
468 472
469 465
469 466
469 467
469 468
469 470
469 471
469 472
469 473
470 466
470 467
470 468
470 469
470 471
470 472
470 473
470 474
471 467
471 468
471 469
471 470
471 472
471 473
471 474
471 475
472 429
472 468
472 469
472 470
472 471
472 473
472 474
472 475
472 476
473 469
473 470
473 471
473 472
473 474
473 475
473 476
473 477
474 470
474 471
474 472
474 473
474 475
474 476
474 477
474 478
475 471
475 472
475 473
475 474
475 476
475 477
475 478
475 479
476 472
476 473
476 474
476 475
476 477
476 478
476 479
476 480
477 473
477 474
477 475
477 476
477 478
477 479
477 480
477 481
478 474
478 475
478 476
478 477
478 479
478 480
478 481
478 482
479 475
479 476
479 477
479 478
479 480
479 481
479 482
479 483
480 476
480 477
480 478
480 479
480 481
480 482
480 483
480 484
481 477
481 478
481 479
481 480
481 482
481 483
481 484
481 485
482 478
482 479
482 480
482 481
482 483
482 484
482 485
482 486
483 479
483 480
483 481
483 482
483 484
483 485
483 486
483 487
484 480
484 481
484 482
484 483
484 485
484 486
484 487
484 488
485 481
485 482
485 483
485 484
485 486
485 487
485 488
485 489
486 482
486 483
486 484
486 485
486 487
486 488
486 489
486 490
487 483
487 484
487 485
487 486
487 488
487 489
487 490
487 491
488 484
488 485
488 486
488 487
488 489
488 490
488 491
488 492
489 485
489 486
489 487
489 488
489 490
489 491
489 492
489 493
490 486
490 487
490 488
490 489
490 491
490 492
490 493
490 494
491 487
491 488
491 489
491 490
491 492
491 493
491 494
491 495
492 488
492 489
492 490
492 491
492 493
492 494
492 495
492 496
493 489
493 490
493 491
493 492
493 494
493 495
493 496
493 497
494 490
494 491
494 492
494 493
494 495
494 496
494 497
494 498
495 491
495 492
495 493
495 494
495 496
495 497
495 498
495 499
496 492
496 493
496 494
496 495
496 497
496 498
496 499
496 500
497 493
497 494
497 495
497 496
497 498
497 499
497 500
497 501
498 494
498 495
498 496
498 497
498 499
498 500
498 501
498 502
499 495
499 496
499 497
499 498
499 500
499 501
499 502
499 503
500 496
500 497
500 498
500 499
500 501
500 502
500 503
501 497
501 498
501 499
501 500
501 502
501 503
501 504
502 498
502 499
502 500
502 501
502 503
502 504
502 505
503 499
503 500
503 501
503 502
503 504
503 505
503 506
504 501
504 502
504 503
504 505
504 506
505 502
505 503
505 504
505 506
505 507
506 503
506 504
506 505
506 507
506 508
507 505
507 506
507 508
507 509
508 506
508 507
508 509
508 510
509 507
509 508
509 510
509 511
510 508
510 509
510 511
510 512
511 509
511 510
511 512
511 513
512 510
512 511
512 513
512 514
513 511
513 512
513 514
513 515
514 512
514 513
514 515
514 516
515 513
515 514
515 516
515 517
516 514
516 515
516 517
517 515
517 516
