0 1
0 2
1 0
1 2
1 3
2 0
2 1
2 3
2 4
3 1
3 2
3 4
3 5
4 2
4 3
4 5
4 6
5 3
5 4
5 6
5 7
6 4
6 5
6 7
6 8
7 5
7 6
7 8
7 9
8 6
8 7
8 9
8 10
9 7
9 8
9 10
9 11
10 8
10 9
10 11
10 12
11 9
11 10
11 12
11 13
12 10
12 11
12 13
12 14
13 11
13 12
13 14
13 15
14 12
14 13
14 15
14 16
15 13
15 14
15 16
15 17
16 14
16 15
16 17
16 18
17 15
17 16
17 18
17 19
18 16
18 17
18 19
18 20
19 17
19 18
19 20
19 21
20 18
20 19
20 21
20 22
21 19
21 20
21 22
21 23
22 20
22 21
22 23
22 24
23 21
23 22
23 24
23 25
24 22
24 23
24 25
24 26
25 23
25 24
25 26
25 27
26 24
26 25
26 27
26 28
27 25
27 26
27 28
27 29
28 26
28 27
28 29
28 30
29 27
29 28
29 30
29 31
30 28
30 29
30 31
30 32
31 29
31 30
31 32
31 33
32 30
32 31
32 33
32 34
33 31
33 32
33 34
33 35
34 32
34 33
34 35
34 36
35 33
35 34
35 36
35 37
36 34
36 35
36 37
36 38
37 35
37 36
37 38
37 39
38 36
38 37
38 39
38 40
39 37
39 38
39 40
39 41
40 38
40 39
40 41
40 42
41 39
41 40
41 42
41 43
42 40
42 41
42 43
42 44
43 41
43 42
43 44
43 45
44 42
44 43
44 45
44 46
45 43
45 44
45 46
45 47
46 44
46 45
46 47
46 48
47 45
47 46
47 48
47 49
48 46
48 47
48 49
48 50
49 47
49 48
49 50
49 51
50 48
50 49
50 51
50 52
50 53
51 49
51 50
51 52
51 53
52 50
52 51
52 53
52 54
53 50
53 51
53 52
53 54
53 55
53 56
54 52
54 53
54 55
54 56
55 53
55 54
55 56
55 57
55 58
56 53
56 54
56 55
56 57
56 58
57 55
57 56
57 58
57 59
58 55
58 56
58 57
58 59
58 60
59 57
59 58
59 60
59 61
59 62
60 58
60 59
60 61
60 62
60 255
61 59
61 60
61 62
61 63
61 255
61 256
62 59
62 60
62 61
62 63
62 64
62 195
63 61
63 62
63 64
63 65
63 191
63 192
63 193
63 194
63 195
64 62
64 63
64 65
64 66
64 67
64 69
64 193
64 194
65 63
65 64
65 66
65 67
65 69
65 193
65 194
65 195
65 196
65 197
66 64
66 65
66 67
66 68
66 69
66 70
66 193
66 194
67 64
67 65
67 66
67 68
67 69
67 70
67 71
68 66
68 67
68 69
68 70
68 71
68 72
69 64
69 65
69 66
69 67
69 68
69 70
69 71
69 72
69 73
69 190
69 193
69 194
70 66
70 67
70 68
70 69
70 71
70 72
70 73
70 74
71 67
71 68
71 69
71 70
71 72
71 73
71 74
71 75
71 249
72 68
72 69
72 70
72 71
72 73
72 74
72 75
72 76
72 189
72 190
72 246
72 249
72 250
73 69
73 70
73 71
73 72
73 74
73 75
73 76
73 77
73 190
73 201
73 202
73 204
73 205
74 70
74 71
74 72
74 73
74 75
74 76
74 77
74 78
74 205
75 71
75 72
75 73
75 74
75 76
75 77
75 78
75 79
75 186
75 243
75 246
75 247
75 249
76 72
76 73
76 74
76 75
76 77
76 78
76 79
76 80
76 183
76 186
76 187
76 205
76 246
77 73
77 74
77 75
77 76
77 78
77 79
77 80
77 81
77 204
77 205
77 206
77 207
77 208
77 209
78 74
78 75
78 76
78 77
78 79
78 80
78 81
78 82
78 205
78 208
78 243
78 246
79 75
79 76
79 77
79 78
79 80
79 81
79 82
79 83
79 182
79 183
79 186
79 243
79 246
80 76
80 77
80 78
80 79
80 81
80 82
80 83
80 84
80 85
80 183
80 186
80 205
80 206
80 208
80 209
81 77
81 78
81 79
81 80
81 82
81 83
81 84
81 85
81 205
81 206
81 207
81 208
81 209
81 210
81 211
81 212
81 213
82 78
82 79
82 80
82 81
82 83
82 84
82 85
82 86
82 209
82 212
82 239
82 240
82 243
83 79
83 80
83 81
83 82
83 84
83 85
83 86
83 87
83 179
83 183
83 209
84 80
84 81
84 82
84 83
84 85
84 86
84 87
84 88
84 209
84 212
84 213
85 80
85 81
85 82
85 83
85 84
85 86
85 87
85 88
85 89
85 209
85 210
85 212
85 213
85 214
85 216
85 217
86 82
86 83
86 84
86 85
86 87
86 88
86 89
86 90
86 213
86 216
86 236
87 83
87 84
87 85
87 86
87 88
87 89
87 90
87 117
87 120
87 121
88 84
88 85
88 86
88 87
88 89
88 90
88 91
88 213
89 85
89 86
89 87
89 88
89 90
89 91
89 92
89 93
89 213
89 216
89 217
90 86
90 87
90 88
90 89
90 91
90 92
90 93
90 94
90 117
91 88
91 89
91 90
91 92
91 93
91 94
91 95
92 89
92 90
92 91
92 93
92 94
92 95
92 96
92 217
92 220
92 221
93 89
93 90
93 91
93 92
93 94
93 95
93 96
93 97
93 220
93 229
94 90
94 91
94 92
94 93
94 95
94 96
94 97
94 98
94 113
94 114
94 117
95 91
95 92
95 93
95 94
95 96
95 97
95 98
95 99
96 92
96 93
96 94
96 95
96 97
96 98
96 99
96 100
96 224
96 229
97 93
97 94
97 95
97 96
97 98
97 99
97 100
97 101
97 102
97 113
97 164
97 229
98 94
98 95
98 96
98 97
98 99
98 100
98 101
98 102
98 109
98 110
98 113
99 95
99 96
99 97
99 98
99 100
99 101
99 102
100 96
100 97
100 98
100 99
100 101
100 102
100 229
101 97
101 98
101 99
101 100
101 102
101 103
101 109
101 163
101 164
102 97
102 98
102 99
102 100
102 101
102 103
102 104
102 106
102 109
103 101
103 102
103 104
103 105
103 106
103 109
104 102
104 103
104 105
104 106
104 107
105 103
105 104
105 106
105 107
106 102
106 103
106 104
106 105
106 107
106 108
106 109
107 104
107 105
107 106
107 108
107 109
107 110
108 106
108 107
108 109
108 110
108 111
108 112
109 98
109 101
109 102
109 103
109 106
109 107
109 108
109 110
109 111
109 112
109 113
110 98
110 107
110 108
110 109
110 111
110 112
110 113
110 114
111 108
111 109
111 110
111 112
111 113
111 114
111 115
112 108
112 109
112 110
112 111
112 113
112 114
112 115
112 116
112 164
113 94
113 97
113 98
113 109
113 110
113 111
113 112
113 114
113 115
113 116
113 117
113 164
114 94
114 110
114 111
114 112
114 113
114 115
114 116
114 117
114 118
115 111
115 112
115 113
115 114
115 116
115 117
115 118
115 119
115 168
116 112
116 113
116 114
116 115
116 117
116 118
116 119
116 120
116 167
116 168
116 171
116 172
117 87
117 90
117 94
117 113
117 114
117 115
117 116
117 118
117 119
117 120
117 121
117 172
118 114
118 115
118 116
118 117
118 119
118 120
118 121
118 122
118 172
119 115
119 116
119 117
119 118
119 120
119 121
119 122
119 123
119 168
119 172
119 173
120 87
120 116
120 117
120 118
120 119
120 121
120 122
120 123
120 124
120 171
120 172
120 173
120 175
120 176
121 87
121 117
121 118
121 119
121 120
121 122
121 123
121 124
121 125
121 172
121 176
122 118
122 119
122 120
122 121
122 123
122 124
122 125
122 126
122 427
122 431
123 119
123 120
123 121
123 122
123 124
123 125
123 126
123 127
123 172
123 173
123 176
123 177
123 180
124 120
124 121
124 122
124 123
124 125
124 126
124 127
124 128
124 176
124 177
124 179
124 180
125 121
125 122
125 123
125 124
125 126
125 127
125 128
125 180
125 423
125 424
125 426
125 427
126 122
126 123
126 124
126 125
126 127
126 128
126 129
126 423
126 424
126 427
127 123
127 124
127 125
127 126
127 128
127 129
127 130
127 131
127 177
127 180
127 181
127 424
128 124
128 125
128 126
128 127
128 129
128 130
128 131
128 132
128 180
128 181
128 184
128 419
128 420
128 421
128 423
128 424
129 126
129 127
129 128
129 130
129 131
129 132
129 133
129 417
129 419
129 420
129 421
129 423
129 424
130 127
130 128
130 129
130 131
130 132
130 133
130 134
130 420
131 127
131 128
131 129
131 130
131 132
131 133
131 134
131 135
131 143
131 180
131 181
131 184
131 420
132 128
132 129
132 130
132 131
132 133
132 134
132 135
132 136
132 184
132 185
132 416
132 417
132 419
132 420
133 129
133 130
133 131
133 132
133 134
133 135
133 136
133 137
133 281
133 282
133 416
133 417
134 130
134 131
134 132
134 133
134 135
134 136
134 137
134 138
134 139
134 143
135 131
135 132
135 133
135 134
135 136
135 137
135 138
135 139
135 140
135 142
135 143
135 185
135 416
136 132
136 133
136 134
136 135
136 137
136 138
136 139
136 140
136 279
136 416
136 417
137 133
137 134
137 135
137 136
137 138
137 139
137 279
138 134
138 135
138 136
138 137
138 139
138 140
138 141
138 142
138 143
139 134
139 135
139 136
139 137
139 138
139 140
139 141
139 142
139 143
139 252
140 135
140 136
140 138
140 139
140 141
140 142
140 143
140 144
140 185
140 186
140 188
140 189
140 250
140 252
141 138
141 139
141 140
141 142
141 143
141 144
141 145
141 185
141 247
141 248
141 249
141 250
141 251
141 252
142 135
142 138
142 139
142 140
142 141
142 143
142 144
142 145
142 146
142 247
143 131
143 134
143 135
143 138
143 139
143 140
143 141
143 142
143 144
143 145
143 146
143 147
143 181
143 182
143 185
144 140
144 141
144 142
144 143
144 145
144 146
144 147
144 148
144 181
144 182
144 183
144 185
144 186
144 244
144 247
145 141
145 142
145 143
145 144
145 146
145 147
145 148
145 149
145 182
145 243
145 244
145 245
145 247
145 248
146 142
146 143
146 144
146 145
146 147
146 148
146 149
146 150
146 178
146 181
146 182
146 244
147 143
147 144
147 145
147 146
147 148
147 149
147 150
147 151
147 177
147 178
147 179
147 180
147 181
147 182
147 244
148 144
148 145
148 146
148 147
148 149
148 150
148 151
148 152
148 178
148 179
148 181
148 182
148 240
148 241
148 243
148 244
148 247
149 145
149 146
149 147
149 148
149 150
149 151
149 152
149 153
149 178
149 240
149 241
149 244
150 146
150 147
150 148
150 149
150 151
150 152
150 153
150 154
150 174
150 175
150 177
150 178
151 147
151 148
151 149
151 150
151 152
151 153
151 154
151 155
151 174
151 175
151 176
151 177
151 178
151 179
151 240
152 148
152 149
152 150
152 151
152 153
152 154
152 155
152 156
152 175
152 178
152 237
152 240
152 241
153 149
153 150
153 151
153 152
153 154
153 155
153 156
153 157
153 174
153 175
154 150
154 151
154 152
154 153
154 155
154 156
154 157
154 158
154 170
154 171
154 173
154 174
154 175
154 178
155 151
155 152
155 153
155 154
155 156
155 157
155 158
155 159
155 170
155 171
155 174
155 175
155 233
155 234
155 236
155 237
156 152
156 153
156 154
156 155
156 157
156 158
156 159
156 160
156 233
156 234
156 237
157 153
157 154
157 155
157 156
157 158
157 159
157 160
157 161
157 170
158 154
158 155
158 156
158 157
158 159
158 160
158 161
158 166
158 167
158 170
158 171
158 230
158 233
159 155
159 156
159 157
159 158
159 160
159 161
159 229
159 230
159 231
159 233
159 234
160 156
160 157
160 158
160 159
160 161
160 162
160 230
161 157
161 158
161 159
161 160
161 162
161 163
161 164
161 166
161 167
162 160
162 161
162 163
162 164
163 101
163 161
163 162
163 164
163 165
163 166
163 167
164 97
164 101
164 112
164 113
164 161
164 162
164 163
164 165
164 166
164 167
164 168
165 163
165 164
165 166
165 167
165 168
165 169
166 158
166 161
166 163
166 164
166 165
166 167
166 168
166 169
166 170
167 116
167 158
167 161
167 163
167 164
167 165
167 166
167 168
167 169
167 170
167 171
167 172
168 115
168 116
168 119
168 164
168 165
168 166
168 167
168 169
168 170
168 171
168 172
168 173
169 165
169 166
169 167
169 168
169 170
169 171
169 172
169 173
169 174
170 154
170 155
170 157
170 158
170 166
170 167
170 168
170 169
170 171
170 172
170 173
170 174
170 175
171 116
171 120
171 154
171 155
171 158
171 167
171 168
171 169
171 170
171 172
171 173
171 174
171 175
171 176
172 116
172 117
172 118
172 119
172 120
172 121
172 123
172 167
172 168
172 169
172 170
172 171
172 173
172 174
172 175
172 176
173 119
173 120
173 123
173 154
173 168
173 169
173 170
173 171
173 172
173 174
173 175
173 176
173 177
174 150
174 151
174 153
174 154
174 155
174 169
174 170
174 171
174 172
174 173
174 175
174 176
174 177
174 178
175 120
175 150
175 151
175 152
175 153
175 154
175 155
175 170
175 171
175 172
175 173
175 174
175 176
175 177
175 178
175 179
176 120
176 121
176 123
176 124
176 151
176 171
176 172
176 173
176 174
176 175
176 177
176 178
176 179
176 180
177 123
177 124
177 127
177 147
177 150
177 151
177 173
177 174
177 175
177 176
177 178
177 179
177 180
177 181
178 146
178 147
178 148
178 149
178 150
178 151
178 152
178 154
178 174
178 175
178 176
178 177
178 179
178 180
178 181
178 182
179 83
179 124
179 147
179 148
179 151
179 175
179 176
179 177
179 178
179 180
179 181
179 182
179 183
180 123
180 124
180 125
180 127
180 128
180 131
180 147
180 176
180 177
180 178
180 179
180 181
180 182
180 183
180 184
181 127
181 128
181 131
181 143
181 144
181 146
181 147
181 148
181 177
181 178
181 179
181 180
181 182
181 183
181 184
181 185
182 79
182 143
182 144
182 145
182 146
182 147
182 148
182 178
182 179
182 180
182 181
182 183
182 184
182 185
182 186
182 243
182 247
183 76
183 79
183 80
183 83
183 144
183 179
183 180
183 181
183 182
183 184
183 185
183 186
183 187
184 128
184 131
184 132
184 180
184 181
184 182
184 183
184 185
184 186
184 187
184 188
184 416
184 419
184 420
185 132
185 135
185 140
185 141
185 143
185 144
185 181
185 182
185 183
185 184
185 186
185 187
185 188
185 189
185 416
186 75
186 76
186 79
186 80
186 140
186 144
186 182
186 183
186 184
186 185
186 187
186 188
186 189
186 190
187 76
187 183
187 184
187 185
187 186
187 188
187 189
187 190
187 191
187 202
187 403
188 140
188 184
188 185
188 186
188 187
188 189
188 190
188 191
188 192
188 403
188 415
188 416
189 72
189 140
189 185
189 186
189 187
189 188
189 190
189 191
189 192
189 193
189 250
190 69
190 72
190 73
190 186
190 187
190 188
190 189
190 191
190 192
190 193
190 194
190 198
190 201
190 202
191 63
191 187
191 188
191 189
191 190
191 192
191 193
191 194
191 195
191 198
191 404
191 407
191 412
192 63
192 188
192 189
192 190
192 191
192 193
192 194
192 195
192 253
192 412
193 63
193 64
193 65
193 66
193 69
193 189
193 190
193 191
193 192
193 194
193 195
193 253
194 63
194 64
194 65
194 66
194 69
194 190
194 191
194 192
194 193
194 195
194 196
194 197
194 198
194 201
195 62
195 63
195 65
195 191
195 192
195 193
195 194
195 196
195 197
195 198
196 65
196 194
196 195
196 197
196 198
196 199
196 350
197 65
197 194
197 195
197 196
197 198
197 199
197 200
197 201
197 347
197 350
198 190
198 191
198 194
198 195
198 196
198 197
198 199
198 200
198 201
198 202
198 346
198 350
198 404
199 196
199 197
199 198
199 200
199 201
199 202
199 203
199 345
199 346
199 347
199 348
199 349
199 350
199 400
199 401
199 404
200 197
200 198
200 199
200 201
200 202
200 203
200 204
200 343
200 345
200 346
200 347
200 348
200 349
200 350
201 73
201 190
201 194
201 197
201 198
201 199
201 200
201 202
201 203
201 204
201 205
201 346
202 73
202 187
202 190
202 198
202 199
202 200
202 201
202 203
202 204
202 205
202 206
202 346
202 400
202 401
202 403
202 404
203 199
203 200
203 201
203 202
203 204
203 205
203 206
203 207
203 342
203 343
203 344
203 345
203 346
203 347
203 400
203 401
204 73
204 77
204 200
204 201
204 202
204 203
204 205
204 206
204 207
204 208
204 342
204 343
204 346
205 73
205 74
205 76
205 77
205 78
205 80
205 81
205 201
205 202
205 203
205 204
205 206
205 207
205 208
205 209
206 77
206 80
206 81
206 202
206 203
206 204
206 205
206 207
206 208
206 209
206 210
206 339
206 342
206 399
206 400
207 77
207 81
207 203
207 204
207 205
207 206
207 208
207 209
207 210
207 211
207 338
207 339
207 340
207 342
207 343
208 77
208 78
208 80
208 81
208 204
208 205
208 206
208 207
208 209
208 210
208 211
208 212
208 339
209 77
209 80
209 81
209 82
209 83
209 84
209 85
209 205
209 206
209 207
209 208
209 210
209 211
209 212
209 213
210 81
210 85
210 206
210 207
210 208
210 209
210 211
210 212
210 213
210 214
210 335
210 336
210 338
210 339
211 81
211 207
211 208
211 209
211 210
211 212
211 213
211 214
211 215
211 339
212 81
212 82
212 84
212 85
212 208
212 209
212 210
212 211
212 213
212 214
212 215
212 216
213 81
213 84
213 85
213 86
213 88
213 89
213 209
213 210
213 211
213 212
213 214
213 215
213 216
213 217
213 335
214 85
214 210
214 211
214 212
214 213
214 215
214 216
214 217
214 218
214 332
214 335
215 211
215 212
215 213
215 214
215 216
215 217
215 218
215 219
216 85
216 86
216 89
216 212
216 213
216 214
216 215
216 217
216 218
216 219
216 220
217 85
217 89
217 92
217 213
217 214
217 215
217 216
217 218
217 219
217 220
217 221
218 214
218 215
218 216
218 217
218 219
218 220
218 221
218 222
219 215
219 216
219 217
219 218
219 220
219 221
219 222
219 223
220 92
220 93
220 216
220 217
220 218
220 219
220 221
220 222
220 223
220 224
220 232
221 92
221 217
221 218
221 219
221 220
221 222
221 223
221 224
221 225
222 218
222 219
222 220
222 221
222 223
222 224
222 225
222 226
223 219
223 220
223 221
223 222
223 224
223 225
223 226
223 227
223 228
223 229
223 232
224 96
224 220
224 221
224 222
224 223
224 225
224 226
224 227
224 228
224 229
224 231
224 232
225 221
225 222
225 223
225 224
225 226
225 227
225 228
226 222
226 223
226 224
226 225
226 227
226 228
227 223
227 224
227 225
227 226
227 228
227 229
227 230
227 231
227 232
228 223
228 224
228 225
228 226
228 227
228 229
228 230
228 231
228 232
229 93
229 96
229 97
229 100
229 159
229 223
229 224
229 227
229 228
229 230
229 231
229 232
229 233
230 158
230 159
230 160
230 227
230 228
230 229
230 231
230 232
230 233
230 234
231 159
231 224
231 227
231 228
231 229
231 230
231 232
231 233
231 234
231 235
232 220
232 223
232 224
232 227
232 228
232 229
232 230
232 231
232 233
232 234
232 235
232 236
233 155
233 156
233 158
233 159
233 229
233 230
233 231
233 232
233 234
233 235
233 236
233 237
234 155
234 156
234 159
234 230
234 231
234 232
234 233
234 235
234 236
234 237
234 238
235 231
235 232
235 233
235 234
235 236
235 237
235 238
235 239
236 86
236 155
236 232
236 233
236 234
236 235
236 237
236 238
236 239
236 240
237 152
237 155
237 156
237 233
237 234
237 235
237 236
237 238
237 239
237 240
237 241
238 234
238 235
238 236
238 237
238 239
238 240
238 241
238 242
239 82
239 235
239 236
239 237
239 238
239 240
239 241
239 242
239 243
240 82
240 148
240 149
240 151
240 152
240 236
240 237
240 238
240 239
240 241
240 242
240 243
240 244
241 148
241 149
241 152
241 237
241 238
241 239
241 240
241 242
241 243
241 244
241 245
242 238
242 239
242 240
242 241
242 243
242 244
242 245
242 246
243 75
243 78
243 79
243 82
243 145
243 148
243 182
243 239
243 240
243 241
243 242
243 244
243 245
243 246
243 247
244 144
244 145
244 146
244 147
244 148
244 149
244 240
244 241
244 242
244 243
244 245
244 246
244 247
244 248
245 145
245 241
245 242
245 243
245 244
245 246
245 247
245 248
245 249
246 72
246 75
246 76
246 78
246 79
246 242
246 243
246 244
246 245
246 247
246 248
246 249
246 250
247 75
247 141
247 142
247 144
247 145
247 148
247 182
247 243
247 244
247 245
247 246
247 248
247 249
247 250
248 141
248 145
248 244
248 245
248 246
248 247
248 249
248 250
248 251
249 71
249 72
249 75
249 141
249 245
249 246
249 247
249 248
249 250
249 251
250 72
250 140
250 141
250 189
250 246
250 247
250 248
250 249
250 251
250 252
251 141
251 248
251 249
251 250
251 252
251 253
252 139
252 140
252 141
252 250
252 251
252 253
252 254
253 192
253 193
253 251
253 252
253 254
253 255
254 252
254 253
254 255
254 256
255 60
255 61
255 253
255 254
255 256
255 257
256 61
256 254
256 255
256 257
256 258
256 259
256 260
257 255
257 256
257 258
257 259
257 260
258 256
258 257
258 259
258 260
258 261
259 256
259 257
259 258
259 260
259 261
259 262
260 256
260 257
260 258
260 259
260 261
260 262
260 263
261 258
261 259
261 260
261 262
261 263
261 264
262 259
262 260
262 261
262 263
262 264
263 260
263 261
263 262
263 264
263 265
264 261
264 262
264 263
264 265
264 266
265 263
265 264
265 266
265 267
266 264
266 265
266 267
266 268
267 265
267 266
267 268
267 269
268 266
268 267
268 269
268 270
268 271
269 267
269 268
269 270
269 271
270 268
270 269
270 271
270 272
271 268
271 269
271 270
271 272
271 273
272 270
272 271
272 273
272 274
273 271
273 272
273 274
273 275
274 272
274 273
274 275
274 276
275 273
275 274
275 276
275 277
275 278
276 274
276 275
276 277
276 278
277 275
277 276
277 278
277 279
277 280
278 275
278 276
278 277
278 279
278 280
279 136
279 137
279 277
279 278
279 280
279 281
280 277
280 278
280 279
280 281
280 282
280 283
281 133
281 279
281 280
281 282
281 283
282 133
282 280
282 281
282 283
282 284
282 417
283 280
283 281
283 282
283 284
283 285
283 286
283 417
284 282
284 283
284 285
284 286
284 287
284 288
285 283
285 284
285 286
285 287
285 288
285 289
286 283
286 284
286 285
286 287
286 288
286 289
286 292
286 293
286 410
286 414
286 418
287 284
287 285
287 286
287 288
287 289
287 290
287 292
287 293
288 284
288 285
288 286
288 287
288 289
288 290
288 293
289 285
289 286
289 287
289 288
289 290
289 291
289 292
289 293
289 409
289 410
290 287
290 288
290 289
290 291
290 292
290 293
290 294
290 471
290 472
291 289
291 290
291 292
291 293
291 294
291 295
291 409
291 468
291 469
291 471
291 472
292 286
292 287
292 289
292 290
292 291
292 293
292 294
292 295
292 296
292 406
292 409
292 410
293 286
293 287
293 288
293 289
293 290
293 291
293 292
293 294
293 295
293 296
293 297
294 290
294 291
294 292
294 293
294 295
294 296
294 297
294 298
294 464
294 465
294 468
295 291
295 292
295 293
295 294
295 296
295 297
295 298
295 299
295 465
295 468
296 292
296 293
296 294
296 295
296 297
296 298
296 299
296 300
296 421
296 422
296 425
297 293
297 294
297 295
297 296
297 298
297 299
297 300
297 301
297 425
298 294
298 295
298 296
298 297
298 299
298 300
298 301
298 302
298 461
298 462
298 464
298 465
299 295
299 296
299 297
299 298
299 300
299 301
299 302
299 303
299 422
299 426
299 461
300 296
300 297
300 298
300 299
300 301
300 302
300 303
300 304
300 422
300 425
300 426
300 428
300 429
301 297
301 298
301 299
301 300
301 302
301 303
301 304
301 429
301 457
301 458
301 461
302 298
302 299
302 300
302 301
302 303
302 304
302 305
302 306
302 365
302 457
302 458
302 459
302 460
302 461
302 462
303 299
303 300
303 301
303 302
303 304
303 305
303 306
303 307
303 426
303 429
303 430
303 433
303 457
303 458
304 300
304 301
304 302
304 303
304 305
304 306
304 307
304 308
304 429
304 430
304 432
304 433
304 454
304 457
304 458
305 302
305 303
305 304
305 306
305 307
305 308
305 309
305 369
305 429
305 433
305 451
305 453
305 454
305 455
305 456
305 457
305 458
306 302
306 303
306 304
306 305
306 307
306 308
306 309
306 310
306 368
306 369
306 454
306 455
306 457
306 458
307 303
307 304
307 305
307 306
307 308
307 309
307 310
307 311
307 430
307 433
307 434
308 304
308 305
308 306
308 307
308 309
308 310
308 311
308 312
308 313
308 433
308 434
308 437
308 450
308 451
308 454
309 305
309 306
309 307
309 308
309 310
309 311
309 312
309 313
309 372
309 451
309 454
310 306
310 307
310 308
310 309
310 311
310 312
310 313
310 331
311 307
311 308
311 309
311 310
311 312
311 313
311 314
311 434
312 308
312 309
312 310
312 311
312 313
312 314
312 315
312 316
312 434
312 437
312 438
312 447
313 308
313 309
313 310
313 311
313 312
313 314
313 315
313 316
313 317
314 311
314 312
314 313
314 315
314 316
314 317
314 318
314 327
314 328
314 331
315 312
315 313
315 314
315 316
315 317
315 318
315 319
316 312
316 313
316 314
316 315
316 317
316 318
316 319
316 320
316 446
316 447
317 313
317 314
317 315
317 316
317 318
317 319
317 320
317 321
317 322
317 327
318 314
318 315
318 316
318 317
318 319
318 320
318 321
318 322
318 327
319 315
319 316
319 317
319 318
319 320
319 321
319 322
320 316
320 317
320 318
320 319
320 321
320 322
321 317
321 318
321 319
321 320
321 322
321 323
321 324
321 381
322 317
322 318
322 319
322 320
322 321
322 323
322 324
323 321
323 322
323 324
323 325
324 321
324 322
324 323
324 325
324 326
324 327
324 381
325 323
325 324
325 326
325 327
326 324
326 325
326 327
326 328
326 329
327 314
327 317
327 318
327 324
327 325
327 326
327 328
327 329
327 330
328 314
328 326
328 327
328 329
328 330
328 331
328 332
329 326
329 327
329 328
329 330
329 331
329 332
329 333
329 385
330 327
330 328
330 329
330 331
330 332
330 333
330 334
330 384
330 385
330 388
331 310
331 314
331 328
331 329
331 330
331 332
331 333
331 334
331 335
331 388
332 214
332 328
332 329
332 330
332 331
332 333
332 334
332 335
332 336
333 329
333 330
333 331
333 332
333 334
333 335
333 336
333 337
333 385
333 388
333 389
333 392
334 330
334 331
334 332
334 333
334 335
334 336
334 337
334 338
334 388
334 389
334 390
334 391
334 392
334 393
335 210
335 213
335 214
335 331
335 332
335 333
335 334
335 336
335 337
335 338
335 339
335 392
336 210
336 332
336 333
336 334
336 335
336 337
336 338
336 339
336 340
336 392
337 333
337 334
337 335
337 336
337 338
337 339
337 340
337 341
337 389
337 390
337 392
337 393
337 396
338 207
338 210
338 334
338 335
338 336
338 337
338 339
338 340
338 341
338 342
338 391
338 392
338 393
338 394
338 395
338 396
338 397
339 206
339 207
339 208
339 210
339 211
339 335
339 336
339 337
339 338
339 340
339 341
339 342
339 343
339 393
339 396
340 207
340 336
340 337
340 338
340 339
340 341
340 342
340 343
340 344
340 393
340 396
341 337
341 338
341 339
341 340
341 342
341 343
341 344
341 345
341 346
341 392
341 393
341 394
341 395
341 396
341 397
342 203
342 204
342 206
342 207
342 338
342 339
342 340
342 341
342 343
342 344
342 345
342 346
342 393
342 396
342 397
342 399
342 400
343 200
343 203
343 204
343 207
343 339
343 340
343 341
343 342
343 344
343 345
343 346
343 347
343 396
343 400
344 203
344 340
344 341
344 342
344 343
344 345
344 346
344 347
344 348
344 397
345 199
345 200
345 203
345 341
345 342
345 343
345 344
345 346
345 347
345 348
345 349
345 360
345 396
345 397
345 400
345 401
346 198
346 199
346 200
346 201
346 202
346 203
346 204
346 341
346 342
346 343
346 344
346 345
346 347
346 348
346 349
346 350
346 397
346 400
346 401
347 197
347 199
347 200
347 203
347 343
347 344
347 345
347 346
347 348
347 349
347 350
347 351
348 199
348 200
348 344
348 345
348 346
348 347
348 349
348 350
348 351
348 352
349 199
349 200
349 345
349 346
349 347
349 348
349 350
349 351
349 352
349 353
349 357
349 360
349 401
350 196
350 197
350 198
350 199
350 200
350 346
350 347
350 348
350 349
350 351
350 352
350 353
351 347
351 348
351 349
351 350
351 352
351 353
352 348
352 349
352 350
352 351
352 353
352 354
352 356
352 357
353 349
353 350
353 351
353 352
353 354
353 355
353 356
353 357
354 352
354 353
354 355
354 356
354 357
354 408
355 353
355 354
355 356
355 357
355 358
355 405
355 408
355 409
355 468
355 469
355 472
356 352
356 353
356 354
356 355
356 357
356 358
356 359
356 469
357 349
357 352
357 353
357 354
357 355
357 356
357 358
357 359
357 360
357 361
357 401
357 405
358 355
358 356
358 357
358 359
358 360
358 361
358 362
358 405
358 465
358 466
358 468
358 469
359 356
359 357
359 358
359 360
359 361
359 362
359 363
359 465
359 466
360 345
360 349
360 357
360 358
360 359
360 361
360 362
360 363
360 364
360 397
360 398
360 401
361 357
361 358
361 359
361 360
361 362
361 363
361 364
361 365
361 397
361 398
361 401
361 402
361 462
362 358
362 359
362 360
362 361
362 363
362 364
362 365
362 366
362 461
362 462
362 463
362 465
362 466
363 359
363 360
363 361
363 362
363 364
363 365
363 366
363 367
363 394
363 462
364 360
364 361
364 362
364 363
364 365
364 366
364 367
364 368
364 394
364 395
364 397
364 398
365 302
365 361
365 362
365 363
365 364
365 366
365 367
365 368
365 369
365 394
365 398
365 458
365 459
365 461
365 462
366 362
366 363
366 364
366 365
366 367
366 368
366 369
366 370
366 458
366 459
366 462
367 363
367 364
367 365
367 366
367 368
367 369
367 370
367 371
367 390
367 391
367 394
368 306
368 364
368 365
368 366
368 367
368 369
368 370
368 371
368 372
368 390
368 391
368 394
368 395
368 455
368 458
369 305
369 306
369 365
369 366
369 367
369 368
369 370
369 371
369 372
369 373
369 454
369 455
369 456
369 457
369 458
369 459
370 366
370 367
370 368
370 369
370 371
370 372
370 373
370 374
370 455
370 459
371 367
371 368
371 369
371 370
371 372
371 373
371 374
371 375
371 387
371 388
371 390
371 391
371 455
372 309
372 368
372 369
372 370
372 371
372 373
372 374
372 375
372 391
372 451
372 452
372 454
372 455
373 369
373 370
373 371
373 372
373 374
373 375
373 376
373 377
373 451
373 452
373 453
373 454
373 455
374 370
374 371
374 372
374 373
374 375
374 376
374 377
374 378
374 387
374 452
375 371
375 372
375 373
375 374
375 376
375 377
375 378
375 384
375 387
375 448
375 451
376 373
376 374
376 375
376 377
376 378
376 379
376 447
376 448
376 451
376 452
377 373
377 374
377 375
377 376
377 378
377 379
378 374
378 375
378 376
378 377
378 379
378 380
378 381
378 383
378 384
379 376
379 377
379 378
379 380
379 381
379 383
380 378
380 379
380 381
380 382
380 383
380 384
381 321
381 324
381 378
381 379
381 380
381 382
381 383
381 384
381 385
382 380
382 381
382 383
382 384
382 385
382 386
383 378
383 379
383 380
383 381
383 382
383 384
383 385
383 386
383 387
384 330
384 375
384 378
384 380
384 381
384 382
384 383
384 385
384 386
384 387
384 388
385 329
385 330
385 333
385 381
385 382
385 383
385 384
385 386
385 387
385 388
385 389
386 382
386 383
386 384
386 385
386 387
386 388
386 389
386 390
387 371
387 374
387 375
387 383
387 384
387 385
387 386
387 388
387 389
387 390
387 391
388 330
388 331
388 333
388 334
388 371
388 384
388 385
388 386
388 387
388 389
388 390
388 391
388 392
389 333
389 334
389 337
389 385
389 386
389 387
389 388
389 390
389 391
389 392
389 393
390 334
390 337
390 367
390 368
390 371
390 386
390 387
390 388
390 389
390 391
390 392
390 393
390 394
391 334
391 338
391 367
391 368
391 371
391 372
391 387
391 388
391 389
391 390
391 392
391 393
391 394
391 395
392 333
392 334
392 335
392 336
392 337
392 338
392 341
392 388
392 389
392 390
392 391
392 393
392 394
392 395
392 396
393 334
393 337
393 338
393 339
393 340
393 341
393 342
393 389
393 390
393 391
393 392
393 394
393 395
393 396
393 397
394 338
394 341
394 363
394 364
394 365
394 367
394 368
394 390
394 391
394 392
394 393
394 395
394 396
394 397
394 398
395 338
395 341
395 364
395 368
395 391
395 392
395 393
395 394
395 396
395 397
395 398
395 399
396 337
396 338
396 339
396 340
396 341
396 342
396 343
396 345
396 392
396 393
396 394
396 395
396 397
396 398
396 399
396 400
397 338
397 341
397 342
397 344
397 345
397 346
397 360
397 361
397 364
397 393
397 394
397 395
397 396
397 398
397 399
397 400
397 401
398 360
398 361
398 364
398 365
398 394
398 395
398 396
398 397
398 399
398 400
398 401
398 402
399 206
399 342
399 395
399 396
399 397
399 398
399 400
399 401
399 402
400 199
400 202
400 203
400 206
400 342
400 343
400 345
400 346
400 396
400 397
400 398
400 399
400 401
400 402
400 403
400 404
401 199
401 202
401 203
401 345
401 346
401 349
401 357
401 360
401 361
401 397
401 398
401 399
401 400
401 402
401 403
401 404
401 405
402 361
402 398
402 399
402 400
402 401
402 403
402 404
402 405
402 406
403 187
403 188
403 202
403 400
403 401
403 402
403 404
403 405
403 406
403 407
403 419
404 191
404 198
404 199
404 202
404 400
404 401
404 402
404 403
404 405
404 406
404 407
404 408
405 355
405 357
405 358
405 401
405 402
405 403
405 404
405 406
405 407
405 408
405 409
406 292
406 402
406 403
406 404
406 405
406 407
406 408
406 409
406 410
406 411
406 415
406 418
406 419
407 191
407 403
407 404
407 405
407 406
407 408
407 409
407 410
407 411
407 412
407 415
408 354
408 355
408 404
408 405
408 406
408 407
408 409
408 410
408 411
409 289
409 291
409 292
409 355
409 405
409 406
409 407
409 408
409 410
409 411
410 286
410 289
410 292
410 406
410 407
410 408
410 409
410 411
410 412
410 413
410 414
410 415
410 418
411 406
411 407
411 408
411 409
411 410
411 412
411 413
411 414
411 415
412 191
412 192
412 407
412 410
412 411
412 413
412 414
412 415
412 416
413 410
413 411
413 412
413 414
413 415
413 416
414 286
414 410
414 411
414 412
414 413
414 415
414 416
414 417
414 418
415 188
415 406
415 407
415 410
415 411
415 412
415 413
415 414
415 416
415 417
415 418
415 419
416 132
416 133
416 135
416 136
416 184
416 185
416 188
416 412
416 413
416 414
416 415
416 417
416 418
416 419
416 420
417 129
417 132
417 133
417 136
417 282
417 283
417 414
417 415
417 416
417 418
417 419
417 420
417 421
418 286
418 406
418 410
418 414
418 415
418 416
418 417
418 419
418 420
418 421
418 422
419 128
419 129
419 132
419 184
419 403
419 406
419 415
419 416
419 417
419 418
419 420
419 421
419 422
419 423
420 128
420 129
420 130
420 131
420 132
420 184
420 416
420 417
420 418
420 419
420 421
420 422
420 423
420 424
421 128
421 129
421 296
421 417
421 418
421 419
421 420
421 422
421 423
421 424
421 425
422 296
422 299
422 300
422 418
422 419
422 420
422 421
422 423
422 424
422 425
422 426
423 125
423 126
423 128
423 129
423 419
423 420
423 421
423 422
423 424
423 425
423 426
423 427
424 125
424 126
424 127
424 128
424 129
424 420
424 421
424 422
424 423
424 425
424 426
424 427
424 428
425 296
425 297
425 300
425 421
425 422
425 423
425 424
425 426
425 427
425 428
425 429
426 125
426 299
426 300
426 303
426 422
426 423
426 424
426 425
426 427
426 428
426 429
426 430
427 122
427 125
427 126
427 423
427 424
427 425
427 426
427 428
427 429
427 430
427 431
428 300
428 424
428 425
428 426
428 427
428 429
428 430
428 431
428 432
429 300
429 301
429 303
429 304
429 305
429 425
429 426
429 427
429 428
429 430
429 431
429 432
429 433
430 303
430 304
430 307
430 426
430 427
430 428
430 429
430 431
430 432
430 433
430 434
431 122
431 427
431 428
431 429
431 430
431 432
431 433
431 434
431 435
432 304
432 428
432 429
432 430
432 431
432 433
432 434
432 435
432 436
433 303
433 304
433 305
433 307
433 308
433 429
433 430
433 431
433 432
433 434
433 435
433 436
433 437
434 307
434 308
434 311
434 312
434 430
434 431
434 432
434 433
434 435
434 436
434 437
434 438
435 431
435 432
435 433
435 434
435 436
435 437
435 438
435 439
436 432
436 433
436 434
436 435
436 437
436 438
436 439
436 440
437 308
437 312
437 433
437 434
437 435
437 436
437 438
437 439
437 440
437 441
437 447
437 450
437 451
437 454
438 312
438 434
438 435
438 436
438 437
438 439
438 440
438 441
438 442
438 447
438 450
439 435
439 436
439 437
439 438
439 440
439 441
439 442
439 443
440 436
440 437
440 438
440 439
440 441
440 442
440 443
440 444
440 446
440 447
440 449
440 450
441 437
441 438
441 439
441 440
441 442
441 443
441 444
441 445
441 446
441 447
441 448
441 449
441 450
442 438
442 439
442 440
442 441
442 443
442 444
442 445
442 446
443 439
443 440
443 441
443 442
443 444
443 445
444 440
444 441
444 442
444 443
444 445
444 446
444 447
444 449
445 441
445 442
445 443
445 444
445 446
445 447
446 316
446 440
446 441
446 442
446 444
446 445
446 447
446 448
446 449
447 312
447 316
447 376
447 437
447 438
447 440
447 441
447 444
447 445
447 446
447 448
447 449
447 450
447 451
448 375
448 376
448 441
448 446
448 447
448 449
448 450
448 451
448 452
449 440
449 441
449 444
449 446
449 447
449 448
449 450
449 451
449 452
449 453
450 308
450 437
450 438
450 440
450 441
450 447
450 448
450 449
450 451
450 452
450 453
450 454
451 305
451 308
451 309
451 372
451 373
451 375
451 376
451 437
451 447
451 448
451 449
451 450
451 452
451 453
451 454
451 455
452 372
452 373
452 374
452 376
452 448
452 449
452 450
452 451
452 453
452 454
452 455
452 456
453 305
453 373
453 449
453 450
453 451
453 452
453 454
453 455
453 456
453 457
454 304
454 305
454 306
454 308
454 309
454 369
454 372
454 373
454 437
454 450
454 451
454 452
454 453
454 455
454 456
454 457
454 458
455 305
455 306
455 368
455 369
455 370
455 371
455 372
455 373
455 451
455 452
455 453
455 454
455 456
455 457
455 458
455 459
456 305
456 369
456 452
456 453
456 454
456 455
456 457
456 458
456 459
456 460
457 301
457 302
457 303
457 304
457 305
457 306
457 369
457 453
457 454
457 455
457 456
457 458
457 459
457 460
457 461
458 301
458 302
458 303
458 304
458 305
458 306
458 365
458 366
458 368
458 369
458 454
458 455
458 456
458 457
458 459
458 460
458 461
458 462
459 302
459 365
459 366
459 369
459 370
459 455
459 456
459 457
459 458
459 460
459 461
459 462
459 463
460 302
460 456
460 457
460 458
460 459
460 461
460 462
460 463
460 464
461 298
461 299
461 301
461 302
461 362
461 365
461 457
461 458
461 459
461 460
461 462
461 463
461 464
461 465
462 298
462 302
462 361
462 362
462 363
462 365
462 366
462 458
462 459
462 460
462 461
462 463
462 464
462 465
462 466
463 362
463 459
463 460
463 461
463 462
463 464
463 465
463 466
463 467
464 294
464 298
464 460
464 461
464 462
464 463
464 465
464 466
464 467
464 468
465 294
465 295
465 298
465 358
465 359
465 362
465 461
465 462
465 463
465 464
465 466
465 467
465 468
466 358
466 359
466 362
466 462
466 463
466 464
466 465
466 467
466 468
466 469
466 470
467 463
467 464
467 465
467 466
467 468
467 469
467 470
467 471
468 291
468 294
468 295
468 355
468 358
468 464
468 465
468 466
468 467
468 469
468 470
468 471
468 472
469 291
469 355
469 356
469 358
469 466
469 467
469 468
469 470
469 471
469 472
469 473
470 466
470 467
470 468
470 469
470 471
470 472
470 473
470 474
471 290
471 291
471 467
471 468
471 469
471 470
471 472
471 473
471 474
471 475
472 290
472 291
472 355
472 468
472 469
472 470
472 471
472 473
472 474
472 475
472 476
473 469
473 470
473 471
473 472
473 474
473 475
473 476
473 477
474 470
474 471
474 472
474 473
474 475
474 476
474 477
474 478
475 471
475 472
475 473
475 474
475 476
475 477
475 478
475 479
476 472
476 473
476 474
476 475
476 477
476 478
476 479
476 480
477 473
477 474
477 475
477 476
477 478
477 479
477 480
477 481
478 474
478 475
478 476
478 477
478 479
478 480
478 481
478 482
479 475
479 476
479 477
479 478
479 480
479 481
479 482
479 483
480 476
480 477
480 478
480 479
480 481
480 482
480 483
480 484
481 477
481 478
481 479
481 480
481 482
481 483
481 484
481 485
482 478
482 479
482 480
482 481
482 483
482 484
482 485
482 486
483 479
483 480
483 481
483 482
483 484
483 485
483 486
483 487
484 480
484 481
484 482
484 483
484 485
484 486
484 487
484 488
485 481
485 482
485 483
485 484
485 486
485 487
485 488
485 489
486 482
486 483
486 484
486 485
486 487
486 488
486 489
486 490
487 483
487 484
487 485
487 486
487 488
487 489
487 490
487 491
488 484
488 485
488 486
488 487
488 489
488 490
488 491
488 492
489 485
489 486
489 487
489 488
489 490
489 491
489 492
489 493
490 486
490 487
490 488
490 489
490 491
490 492
490 493
490 494
491 487
491 488
491 489
491 490
491 492
491 493
491 494
491 495
492 488
492 489
492 490
492 491
492 493
492 494
492 495
492 496
493 489
493 490
493 491
493 492
493 494
493 495
493 496
493 497
494 490
494 491
494 492
494 493
494 495
494 496
494 497
494 498
495 491
495 492
495 493
495 494
495 496
495 497
495 498
495 499
496 492
496 493
496 494
496 495
496 497
496 498
496 499
496 500
497 493
497 494
497 495
497 496
497 498
497 499
497 500
497 501
498 494
498 495
498 496
498 497
498 499
498 500
498 501
498 502
499 495
499 496
499 497
499 498
499 500
499 501
499 502
499 503
500 496
500 497
500 498
500 499
500 501
500 502
500 503
500 504
501 497
501 498
501 499
501 500
501 502
501 503
501 504
501 505
502 498
502 499
502 500
502 501
502 503
502 504
502 505
502 506
503 499
503 500
503 501
503 502
503 504
503 505
503 506
503 507
504 500
504 501
504 502
504 503
504 505
504 506
504 507
504 508
505 501
505 502
505 503
505 504
505 506
505 507
505 508
505 509
506 502
506 503
506 504
506 505
506 507
506 508
506 509
506 510
507 503
507 504
507 505
507 506
507 508
507 509
507 510
507 511
508 504
508 505
508 506
508 507
508 509
508 510
508 511
508 512
509 505
509 506
509 507
509 508
509 510
509 511
509 512
509 513
510 506
510 507
510 508
510 509
510 511
510 512
510 513
510 514
511 507
511 508
511 509
511 510
511 512
511 513
511 514
512 508
512 509
512 510
512 511
512 513
512 514
513 509
513 510
513 511
513 512
513 514
514 510
514 511
514 512
514 513
