0 1
0 2
0 3
0 4
1 0
1 2
1 3
1 4
1 5
2 0
2 1
2 3
2 4
2 5
2 6
3 0
3 1
3 2
3 4
3 5
3 6
3 7
4 0
4 1
4 2
4 3
4 5
4 6
4 7
4 8
5 1
5 2
5 3
5 4
5 6
5 7
5 8
5 9
6 2
6 3
6 4
6 5
6 7
6 8
6 9
6 10
7 3
7 4
7 5
7 6
7 8
7 9
7 10
7 11
7 102
8 4
8 5
8 6
8 7
8 9
8 10
8 11
8 12
8 99
9 5
9 6
9 7
9 8
9 10
9 11
9 12
9 13
10 6
10 7
10 8
10 9
10 11
10 12
10 13
10 14
11 7
11 8
11 9
11 10
11 12
11 13
11 14
11 15
11 99
11 100
11 101
12 8
12 9
12 10
12 11
12 13
12 14
12 15
12 16
13 9
13 10
13 11
13 12
13 14
13 15
13 16
14 10
14 11
14 12
14 13
14 15
14 16
14 17
14 18
15 11
15 12
15 13
15 14
15 16
15 17
15 18
15 19
15 75
15 100
16 12
16 13
16 14
16 15
16 17
16 18
16 19
16 20
17 14
17 15
17 16
17 18
17 19
17 20
17 21
18 14
18 15
18 16
18 17
18 19
18 20
18 21
18 22
19 15
19 16
19 17
19 18
19 20
19 21
19 22
19 23
19 132
19 133
20 16
20 17
20 18
20 19
20 21
20 22
20 23
20 24
21 17
21 18
21 19
21 20
21 22
21 23
21 24
21 25
22 18
22 19
22 20
22 21
22 23
22 24
22 25
22 26
22 133
23 19
23 20
23 21
23 22
23 24
23 25
23 26
23 27
24 20
24 21
24 22
24 23
24 25
24 26
24 27
24 28
25 21
25 22
25 23
25 24
25 26
25 27
25 28
25 32
25 33
25 34
26 22
26 23
26 24
26 25
26 27
26 28
26 33
26 34
26 35
26 36
27 23
27 24
27 25
27 26
27 28
27 29
27 33
27 34
28 24
28 25
28 26
28 27
28 29
28 30
28 32
28 33
29 27
29 28
29 30
29 31
29 32
29 33
30 28
30 29
30 31
30 32
30 33
31 29
31 30
31 32
31 33
32 25
32 28
32 29
32 30
32 31
32 33
32 34
33 25
33 26
33 27
33 28
33 29
33 30
33 31
33 32
33 34
33 35
34 25
34 26
34 27
34 32
34 33
34 35
34 36
35 26
35 33
35 34
35 36
35 37
35 38
36 26
36 34
36 35
36 37
36 38
36 47
36 48
36 133
36 134
37 35
37 36
37 38
37 39
37 45
37 46
37 47
37 48
37 134
38 35
38 36
38 37
38 39
38 40
38 45
38 46
38 47
38 164
38 165
39 37
39 38
39 40
39 41
39 42
39 44
39 45
39 46
40 38
40 39
40 41
40 42
40 43
40 44
40 45
40 46
40 161
40 164
41 39
41 40
41 42
41 43
41 44
41 45
42 39
42 40
42 41
42 43
42 44
42 126
43 40
43 41
43 42
43 44
43 45
43 117
43 120
43 121
43 124
43 125
43 126
43 127
44 39
44 40
44 41
44 42
44 43
44 45
44 46
44 117
44 126
44 127
44 128
44 129
44 142
45 37
45 38
45 39
45 40
45 41
45 43
45 44
45 46
45 47
45 126
45 127
45 128
45 129
46 37
46 38
46 39
46 40
46 44
46 45
46 47
46 48
46 128
46 129
46 130
46 134
46 138
46 139
46 142
47 36
47 37
47 38
47 45
47 46
47 48
47 49
47 50
47 128
47 129
47 130
47 131
47 133
47 134
47 135
47 138
48 36
48 37
48 46
48 47
48 49
48 50
48 130
48 131
48 132
48 133
48 134
48 135
49 47
49 48
49 50
49 51
49 76
49 79
49 80
49 130
49 131
49 132
49 133
49 134
50 47
50 48
50 49
50 51
50 52
50 54
50 55
50 79
50 80
50 81
50 130
51 49
51 50
51 52
51 53
51 54
51 55
51 79
51 80
51 81
52 50
52 51
52 53
52 54
52 55
52 79
52 80
52 81
53 51
53 52
53 54
53 55
53 56
54 50
54 51
54 52
54 53
54 55
54 56
54 57
54 58
55 50
55 51
55 52
55 53
55 54
55 56
55 57
55 58
55 59
56 53
56 54
56 55
56 57
56 58
56 59
56 60
56 61
57 54
57 55
57 56
57 58
57 59
57 60
57 61
57 62
58 54
58 55
58 56
58 57
58 59
58 60
58 61
58 62
58 63
58 64
58 128
59 55
59 56
59 57
59 58
59 60
59 61
59 62
59 63
59 64
59 65
59 89
59 91
60 56
60 57
60 58
60 59
60 61
60 62
60 63
60 64
61 56
61 57
61 58
61 59
61 60
61 62
61 63
62 57
62 58
62 59
62 60
62 61
62 63
62 64
62 126
63 58
63 59
63 60
63 61
63 62
63 64
63 65
63 125
63 126
64 58
64 59
64 60
64 62
64 63
64 65
64 66
64 67
64 91
64 125
64 126
64 127
64 128
65 59
65 63
65 64
65 66
65 67
65 90
65 91
65 92
65 120
65 125
65 126
65 127
66 64
66 65
66 67
66 68
66 91
66 92
66 93
66 94
66 116
66 117
66 120
66 125
66 126
66 127
66 128
67 64
67 65
67 66
67 68
67 69
67 91
67 92
67 93
67 94
67 127
67 128
67 129
67 130
68 66
68 67
68 69
68 70
68 93
68 94
68 95
68 96
68 113
68 127
68 128
68 129
68 130
69 67
69 68
69 70
69 71
69 93
69 94
69 95
69 96
69 97
69 129
69 130
69 131
69 138
70 68
70 69
70 71
70 72
70 95
70 96
70 97
70 98
70 129
70 130
70 131
70 137
70 138
71 69
71 70
71 72
71 73
71 75
71 76
71 95
71 96
71 97
71 98
71 99
71 100
71 130
71 131
71 132
72 70
72 71
72 73
72 74
72 75
72 76
72 97
72 98
72 99
72 100
73 71
73 72
73 74
73 75
73 76
73 77
73 97
74 72
74 73
74 75
74 76
74 77
75 15
75 71
75 72
75 73
75 74
75 76
75 77
75 78
75 132
76 49
76 71
76 72
76 73
76 74
76 75
76 77
76 78
76 79
76 80
76 81
76 82
77 73
77 74
77 75
77 76
77 78
77 79
77 80
77 81
77 82
78 75
78 76
78 77
78 79
78 80
79 49
79 50
79 51
79 52
79 76
79 77
79 78
79 80
79 81
80 49
80 50
80 51
80 52
80 76
80 77
80 78
80 79
80 81
80 82
81 50
81 51
81 52
81 76
81 77
81 79
81 80
81 82
81 83
81 84
81 85
81 86
82 76
82 77
82 80
82 81
82 83
82 84
82 85
82 86
83 81
83 82
83 84
83 85
83 86
83 87
83 92
83 93
84 81
84 82
84 83
84 85
84 86
84 87
84 88
85 81
85 82
85 83
85 84
85 86
85 87
85 88
85 89
86 81
86 82
86 83
86 84
86 85
86 87
86 88
86 89
86 90
86 91
86 92
86 93
87 83
87 84
87 85
87 86
87 88
87 89
87 90
87 91
87 92
87 93
88 84
88 85
88 86
88 87
88 89
88 90
88 91
89 59
89 85
89 86
89 87
89 88
89 90
89 91
90 65
90 86
90 87
90 88
90 89
90 91
90 92
91 59
91 64
91 65
91 66
91 67
91 86
91 87
91 88
91 89
91 90
91 92
91 93
92 65
92 66
92 67
92 83
92 86
92 87
92 90
92 91
92 93
92 94
93 66
93 67
93 68
93 69
93 83
93 86
93 87
93 91
93 92
93 94
93 95
94 66
94 67
94 68
94 69
94 92
94 93
94 95
94 96
94 113
94 116
95 68
95 69
95 70
95 71
95 93
95 94
95 96
95 97
96 68
96 69
96 70
96 71
96 94
96 95
96 97
96 98
96 105
96 109
96 113
97 69
97 70
97 71
97 72
97 73
97 95
97 96
97 98
97 99
97 105
98 70
98 71
98 72
98 96
98 97
98 99
98 100
98 103
98 104
98 105
98 137
99 8
99 11
99 71
99 72
99 97
99 98
99 100
99 101
99 102
99 103
99 104
100 11
100 15
100 71
100 72
100 98
100 99
100 101
100 102
100 103
100 132
100 137
101 11
101 99
101 100
101 102
101 103
102 7
102 99
102 100
102 101
102 103
102 104
103 98
103 99
103 100
103 101
103 102
103 104
103 105
103 137
104 98
104 99
104 102
104 103
104 105
104 106
104 137
104 173
104 174
104 177
105 96
105 97
105 98
105 103
105 104
105 106
105 107
105 109
105 110
105 137
105 140
105 141
105 174
105 177
106 104
106 105
106 107
106 108
106 109
106 110
106 177
107 105
107 106
107 108
107 109
107 110
107 111
107 177
107 180
107 181
108 106
108 107
108 109
108 110
108 111
108 112
109 96
109 105
109 106
109 107
109 108
109 110
109 111
109 112
109 113
110 105
110 106
110 107
110 108
110 109
110 111
110 112
110 113
110 114
110 141
110 144
110 181
111 107
111 108
111 109
111 110
111 112
111 113
111 114
111 115
112 108
112 109
112 110
112 111
112 113
112 114
112 115
112 116
113 68
113 94
113 96
113 109
113 110
113 111
113 112
113 114
113 115
113 116
113 117
113 141
113 145
114 110
114 111
114 112
114 113
114 115
114 116
114 117
114 118
114 141
114 144
114 145
114 148
115 111
115 112
115 113
115 114
115 116
115 117
115 118
115 119
116 66
116 94
116 112
116 113
116 114
116 115
116 117
116 118
116 119
116 120
117 43
117 44
117 66
117 113
117 114
117 115
117 116
117 118
117 119
117 120
117 121
117 127
117 145
118 114
118 115
118 116
118 117
118 119
118 120
118 121
118 122
119 115
119 116
119 117
119 118
119 120
119 121
119 122
119 123
120 43
120 65
120 66
120 116
120 117
120 118
120 119
120 121
120 122
120 123
120 124
120 125
120 126
120 127
121 43
121 117
121 118
121 119
121 120
121 122
121 123
121 124
121 125
121 126
122 118
122 119
122 120
122 121
122 123
122 124
122 125
123 119
123 120
123 121
123 122
123 124
123 125
124 43
124 120
124 121
124 122
124 123
124 125
124 126
125 43
125 63
125 64
125 65
125 66
125 120
125 121
125 122
125 123
125 124
125 126
125 127
126 42
126 43
126 44
126 45
126 62
126 63
126 64
126 65
126 66
126 120
126 121
126 124
126 125
126 127
126 128
127 43
127 44
127 45
127 64
127 65
127 66
127 67
127 68
127 117
127 120
127 125
127 126
127 128
127 129
128 44
128 45
128 46
128 47
128 58
128 64
128 66
128 67
128 68
128 126
128 127
128 129
128 130
129 44
129 45
129 46
129 47
129 67
129 68
129 69
129 70
129 127
129 128
129 130
129 131
129 138
129 141
129 142
130 46
130 47
130 48
130 49
130 50
130 67
130 68
130 69
130 70
130 71
130 128
130 129
130 131
130 132
130 133
130 134
130 137
130 138
130 139
131 47
131 48
131 49
131 69
131 70
131 71
131 129
131 130
131 132
131 133
131 134
131 135
131 136
131 137
131 138
132 19
132 48
132 49
132 71
132 75
132 100
132 130
132 131
132 133
132 134
132 135
133 19
133 22
133 36
133 47
133 48
133 49
133 130
133 131
133 132
133 134
133 135
134 36
134 37
134 46
134 47
134 48
134 49
134 130
134 131
134 132
134 133
134 135
134 136
134 137
134 138
134 139
134 168
135 47
135 48
135 131
135 132
135 133
135 134
135 136
135 137
135 138
135 139
135 167
135 168
135 169
135 170
136 131
136 134
136 135
136 137
136 138
136 139
136 140
136 168
136 169
136 170
136 171
137 70
137 98
137 100
137 103
137 104
137 105
137 130
137 131
137 134
137 135
137 136
137 138
137 139
137 140
137 141
137 170
137 174
138 46
138 47
138 69
138 70
138 129
138 130
138 131
138 134
138 135
138 136
138 137
138 139
138 140
138 141
138 142
139 46
139 130
139 134
139 135
139 136
139 137
139 138
139 140
139 141
139 142
139 143
139 158
139 161
139 168
139 169
139 170
140 105
140 136
140 137
140 138
140 139
140 141
140 142
140 143
140 144
140 158
140 170
140 174
140 175
140 178
141 105
141 110
141 113
141 114
141 129
141 137
141 138
141 139
141 140
141 142
141 143
141 144
141 145
142 44
142 46
142 129
142 138
142 139
142 140
142 141
142 143
142 144
142 145
142 146
143 139
143 140
143 141
143 142
143 144
143 145
143 146
143 147
143 154
143 157
143 158
143 161
143 178
144 110
144 114
144 140
144 141
144 142
144 143
144 145
144 146
144 147
144 148
144 154
144 157
144 178
144 181
144 182
145 113
145 114
145 117
145 141
145 142
145 143
145 144
145 146
145 147
145 148
145 149
146 142
146 143
146 144
146 145
146 147
146 148
146 149
146 150
146 151
146 152
146 157
147 143
147 144
147 145
147 146
147 148
147 149
147 150
147 151
147 152
147 153
147 154
147 157
147 182
148 114
148 144
148 145
148 146
148 147
148 149
148 150
148 151
148 152
148 182
148 185
149 145
149 146
149 147
149 148
149 150
149 151
150 146
150 147
150 148
150 149
150 151
150 152
151 146
151 147
151 148
151 149
151 150
151 152
151 153
151 182
151 185
151 186
152 146
152 147
152 148
152 150
152 151
152 153
152 154
152 155
152 156
152 157
153 147
153 151
153 152
153 154
153 155
153 156
153 157
153 179
153 182
154 143
154 144
154 147
154 152
154 153
154 155
154 156
154 157
154 158
154 175
154 178
154 179
154 182
155 152
155 153
155 154
155 156
155 157
155 158
155 159
156 152
156 153
156 154
156 155
156 157
156 158
156 159
156 160
157 143
157 144
157 146
157 147
157 152
157 153
157 154
157 155
157 156
157 158
157 159
157 160
157 161
158 139
158 140
158 143
158 154
158 155
158 156
158 157
158 159
158 160
158 161
158 162
158 170
159 155
159 156
159 157
159 158
159 160
159 161
159 162
159 163
160 156
160 157
160 158
160 159
160 161
160 162
160 163
160 164
161 40
161 139
161 143
161 157
161 158
161 159
161 160
161 162
161 163
161 164
161 165
161 166
161 168
162 158
162 159
162 160
162 161
162 163
162 164
162 165
162 166
162 167
162 168
163 159
163 160
163 161
163 162
163 164
163 165
163 166
164 38
164 40
164 160
164 161
164 162
164 163
164 165
164 166
165 38
165 161
165 162
165 163
165 164
165 166
165 167
165 168
166 161
166 162
166 163
166 164
166 165
166 167
166 168
167 135
167 162
167 165
167 166
167 168
167 169
168 134
168 135
168 136
168 139
168 161
168 162
168 165
168 166
168 167
168 169
168 170
169 135
169 136
169 139
169 167
169 168
169 170
169 171
170 135
170 136
170 137
170 139
170 140
170 158
170 168
170 169
170 171
170 172
170 174
170 175
171 136
171 169
171 170
171 172
171 173
171 174
171 175
172 170
172 171
172 173
172 174
172 175
172 176
173 104
173 171
173 172
173 174
173 175
173 176
173 177
174 104
174 105
174 137
174 140
174 170
174 171
174 172
174 173
174 175
174 176
174 177
174 178
175 140
175 154
175 170
175 171
175 172
175 173
175 174
175 176
175 177
175 178
175 179
176 172
176 173
176 174
176 175
176 177
176 178
176 179
176 180
177 104
177 105
177 106
177 107
177 173
177 174
177 175
177 176
177 178
177 179
177 180
177 181
178 140
178 143
178 144
178 154
178 174
178 175
178 176
178 177
178 179
178 180
178 181
178 182
179 153
179 154
179 175
179 176
179 177
179 178
179 180
179 181
179 182
179 183
180 107
180 176
180 177
180 178
180 179
180 181
180 182
180 183
180 184
181 107
181 110
181 144
181 177
181 178
181 179
181 180
181 182
181 183
181 184
181 185
182 144
182 147
182 148
182 151
182 153
182 154
182 178
182 179
182 180
182 181
182 183
182 184
182 185
182 186
183 179
183 180
183 181
183 182
183 184
183 185
183 186
183 187
184 180
184 181
184 182
184 183
184 185
184 186
184 187
184 188
185 148
185 151
185 181
185 182
185 183
185 184
185 186
185 187
185 188
185 189
186 151
186 182
186 183
186 184
186 185
186 187
186 188
186 189
186 190
187 183
187 184
187 185
187 186
187 188
187 189
187 190
187 191
188 184
188 185
188 186
188 187
188 189
188 190
188 191
188 192
189 185
189 186
189 187
189 188
189 190
189 191
189 192
189 193
190 186
190 187
190 188
190 189
190 191
190 192
190 193
190 194
191 187
191 188
191 189
191 190
191 192
191 193
191 194
191 195
192 188
192 189
192 190
192 191
192 193
192 194
192 195
192 196
193 189
193 190
193 191
193 192
193 194
193 195
193 196
193 197
194 190
194 191
194 192
194 193
194 195
194 196
194 197
194 198
195 191
195 192
195 193
195 194
195 196
195 197
195 198
195 199
196 192
196 193
196 194
196 195
196 197
196 198
196 199
197 193
197 194
197 195
197 196
197 198
197 199
197 200
198 194
198 195
198 196
198 197
198 199
198 200
199 195
199 196
199 197
199 198
199 200
200 197
200 198
200 199
