0 1
0 2
1 0
1 2
1 3
2 0
2 1
2 3
2 4
3 1
3 2
3 4
3 5
4 2
4 3
4 5
4 6
5 3
5 4
5 6
5 7
6 4
6 5
6 7
6 8
7 5
7 6
7 8
7 9
8 6
8 7
8 9
8 10
9 7
9 8
9 10
9 11
10 8
10 9
10 11
10 12
11 9
11 10
11 12
11 13
12 10
12 11
12 13
12 14
13 11
13 12
13 14
13 15
14 12
14 13
14 15
14 16
15 13
15 14
15 16
15 17
16 14
16 15
16 17
16 18
17 15
17 16
17 18
17 19
18 16
18 17
18 19
18 20
19 17
19 18
19 20
19 21
20 18
20 19
20 21
20 22
21 19
21 20
21 22
21 23
22 20
22 21
22 23
22 24
23 21
23 22
23 24
23 25
24 22
24 23
24 25
24 26
25 23
25 24
25 26
25 27
26 24
26 25
26 27
26 28
27 25
27 26
27 28
27 29
28 26
28 27
28 29
28 30
29 27
29 28
29 30
29 31
30 28
30 29
30 31
30 32
31 29
31 30
31 32
31 33
32 30
32 31
32 33
32 34
33 31
33 32
33 34
33 35
33 37
33 38
34 32
34 33
34 35
34 36
34 37
34 38
35 33
35 34
35 36
35 37
35 38
35 39
36 34
36 35
36 37
36 38
36 39
36 40
37 33
37 34
37 35
37 36
37 38
37 39
37 40
37 41
38 33
38 34
38 35
38 36
38 37
38 39
38 40
38 41
38 42
39 35
39 36
39 37
39 38
39 40
39 41
39 42
39 43
40 36
40 37
40 38
40 39
40 41
40 42
40 43
41 37
41 38
41 39
41 40
41 42
41 43
41 44
41 45
42 38
42 39
42 40
42 41
42 43
42 44
42 45
42 46
43 39
43 40
43 41
43 42
43 44
43 45
43 46
43 47
44 41
44 42
44 43
44 45
44 46
44 47
44 48
45 41
45 42
45 43
45 44
45 46
45 47
45 48
45 49
46 42
46 43
46 44
46 45
46 47
46 48
46 49
46 50
47 43
47 44
47 45
47 46
47 48
47 49
47 50
47 51
48 44
48 45
48 46
48 47
48 49
48 50
48 51
48 52
48 53
49 45
49 46
49 47
49 48
49 50
49 51
49 52
49 53
50 46
50 47
50 48
50 49
50 51
50 52
50 53
51 47
51 48
51 49
51 50
51 52
51 53
51 54
52 48
52 49
52 50
52 51
52 53
52 54
52 55
52 56
53 48
53 49
53 50
53 51
53 52
53 54
53 55
53 56
53 57
54 51
54 52
54 53
54 55
54 56
54 57
54 58
54 274
54 276
54 277
55 52
55 53
55 54
55 56
55 57
55 58
55 59
55 277
56 52
56 53
56 54
56 55
56 57
56 58
56 59
56 60
57 53
57 54
57 55
57 56
57 58
57 59
57 60
57 61
58 54
58 55
58 56
58 57
58 59
58 60
58 61
58 62
58 274
59 55
59 56
59 57
59 58
59 60
59 61
59 62
59 63
59 64
60 56
60 57
60 58
60 59
60 61
60 62
60 63
60 64
60 65
61 57
61 58
61 59
61 60
61 62
61 63
61 64
61 65
61 66
61 109
61 110
62 58
62 59
62 60
62 61
62 63
62 64
62 65
62 66
62 110
63 59
63 60
63 61
63 62
63 64
63 65
63 66
63 67
64 59
64 60
64 61
64 62
64 63
64 65
64 66
64 67
64 68
65 60
65 61
65 62
65 63
65 64
65 66
65 67
65 68
65 69
66 61
66 62
66 63
66 64
66 65
66 67
66 68
66 69
66 70
66 77
66 109
67 63
67 64
67 65
67 66
67 68
67 69
67 70
67 71
68 64
68 65
68 66
68 67
68 69
68 70
68 71
68 72
69 65
69 66
69 67
69 68
69 70
69 71
69 72
69 73
69 74
70 66
70 67
70 68
70 69
70 71
70 72
70 73
70 74
70 75
70 76
70 77
71 67
71 68
71 69
71 70
71 72
71 73
71 74
71 75
72 68
72 69
72 70
72 71
72 73
72 74
73 69
73 70
73 71
73 72
73 74
73 75
74 69
74 70
74 71
74 72
74 73
74 75
74 76
75 70
75 71
75 73
75 74
75 76
75 77
75 79
75 80
76 70
76 74
76 75
76 77
76 78
76 79
76 80
77 66
77 70
77 75
77 76
77 78
77 79
77 80
77 81
77 109
77 111
78 76
78 77
78 79
78 80
78 81
78 82
78 140
78 141
78 167
78 170
79 75
79 76
79 77
79 78
79 80
79 81
79 82
79 83
79 170
80 75
80 76
80 77
80 78
80 79
80 81
80 82
80 83
80 84
81 77
81 78
81 79
81 80
81 82
81 83
81 84
81 85
81 101
81 104
82 78
82 79
82 80
82 81
82 83
82 84
82 85
82 86
82 170
82 174
83 79
83 80
83 81
83 82
83 84
83 85
83 86
83 87
84 80
84 81
84 82
84 83
84 85
84 86
84 87
84 88
84 89
84 100
84 104
85 81
85 82
85 83
85 84
85 86
85 87
85 88
85 89
85 97
85 100
85 101
86 82
86 83
86 84
86 85
86 87
86 88
86 89
86 90
86 91
87 83
87 84
87 85
87 86
87 88
87 89
88 84
88 85
88 86
88 87
88 89
88 90
88 100
89 84
89 85
89 86
89 87
89 88
89 90
89 91
89 93
89 96
89 97
89 100
90 86
90 88
90 89
90 91
90 92
90 93
90 96
90 97
91 86
91 89
91 90
91 92
91 93
91 94
91 97
91 177
91 178
91 179
92 90
92 91
92 93
92 94
92 177
92 178
92 179
93 89
93 90
93 91
93 92
93 94
93 95
93 96
93 97
93 178
93 179
94 91
94 92
94 93
94 95
94 96
94 97
94 98
94 146
94 147
94 150
94 178
94 179
95 93
95 94
95 96
95 97
95 98
95 99
96 89
96 90
96 93
96 94
96 95
96 97
96 98
96 99
96 100
97 85
97 89
97 90
97 91
97 93
97 94
97 95
97 96
97 98
97 99
97 100
97 101
97 178
98 94
98 95
98 96
98 97
98 99
98 100
98 101
98 102
98 143
98 146
98 147
99 95
99 96
99 97
99 98
99 100
99 101
99 102
99 103
100 84
100 85
100 88
100 89
100 96
100 97
100 98
100 99
100 101
100 102
100 103
100 104
101 81
101 85
101 97
101 98
101 99
101 100
101 102
101 103
101 104
101 105
101 143
102 98
102 99
102 100
102 101
102 103
102 104
102 105
102 106
102 115
102 116
103 99
103 100
103 101
103 102
103 104
103 105
103 106
103 107
103 108
104 81
104 84
104 100
104 101
104 102
104 103
104 105
104 106
104 107
104 108
104 109
104 110
105 101
105 102
105 103
105 104
105 106
105 107
105 108
105 109
105 110
105 111
105 273
106 102
106 103
106 104
106 105
106 107
106 108
106 109
106 110
106 273
107 103
107 104
107 105
107 106
107 108
107 109
107 110
108 103
108 104
108 105
108 106
108 107
108 109
108 110
109 61
109 66
109 77
109 104
109 105
109 106
109 107
109 108
109 110
109 111
110 61
110 62
110 104
110 105
110 106
110 107
110 108
110 109
110 111
110 112
110 273
111 77
111 105
111 109
111 110
111 112
111 113
112 110
112 111
112 113
112 114
112 272
113 111
113 112
113 114
113 115
113 140
113 141
113 143
113 144
113 272
114 112
114 113
114 115
114 116
114 117
114 118
114 119
114 143
114 144
114 214
114 242
114 272
115 102
115 113
115 114
115 116
115 117
115 118
115 119
115 271
115 272
116 102
116 114
116 115
116 117
116 118
116 119
116 120
116 272
117 114
117 115
117 116
117 118
117 119
117 120
117 121
117 269
117 272
118 114
118 115
118 116
118 117
118 119
118 120
118 121
118 122
118 269
118 281
119 114
119 115
119 116
119 117
119 118
119 120
119 121
119 122
119 123
119 144
119 147
120 116
120 117
120 118
120 119
120 121
120 122
120 123
120 124
121 117
121 118
121 119
121 120
121 122
121 123
121 124
121 125
122 118
122 119
122 120
122 121
122 123
122 124
122 125
122 126
122 147
122 148
122 240
123 119
123 120
123 121
123 122
123 124
123 125
123 126
123 127
123 147
123 148
123 151
124 120
124 121
124 122
124 123
124 125
124 126
124 127
124 128
125 121
125 122
125 123
125 124
125 126
125 127
125 128
125 129
126 122
126 123
126 124
126 125
126 127
126 128
126 129
126 130
126 131
126 148
126 151
126 152
126 210
127 123
127 124
127 125
127 126
127 128
127 129
127 130
127 151
127 152
127 153
128 124
128 125
128 126
128 127
128 129
128 130
129 125
129 126
129 127
129 128
129 130
129 131
130 126
130 127
130 128
130 129
130 131
130 132
130 152
130 153
131 126
131 129
131 130
131 132
131 133
131 134
131 152
131 153
131 156
131 209
131 210
132 130
132 131
132 133
132 134
132 152
132 153
132 155
132 156
132 157
132 209
133 131
133 132
133 134
133 135
133 156
133 157
133 158
133 159
133 205
133 207
133 208
133 209
133 210
134 131
134 132
134 133
134 135
134 136
134 156
134 157
134 158
134 159
134 208
134 209
134 210
134 211
134 212
135 133
135 134
135 136
135 137
135 158
135 159
135 160
135 161
135 208
135 210
135 211
135 212
136 134
136 135
136 137
136 138
136 139
136 145
136 158
136 159
136 160
136 161
136 211
136 212
136 213
136 214
137 135
137 136
137 138
137 139
137 160
137 161
137 162
137 192
137 211
137 212
137 213
137 214
137 215
138 136
138 137
138 139
138 140
138 160
138 161
138 162
138 163
138 213
138 214
138 215
138 216
139 136
139 137
139 138
139 140
139 141
139 142
139 143
139 144
139 145
139 160
139 161
139 162
139 168
139 171
139 187
139 214
139 215
140 78
140 113
140 138
140 139
140 141
140 142
140 143
140 162
140 167
140 168
140 171
140 215
141 78
141 113
141 139
141 140
141 142
141 143
141 167
141 168
141 170
141 171
141 174
142 139
142 140
142 141
142 143
142 144
142 145
142 146
142 171
142 172
142 174
142 175
143 98
143 101
143 113
143 114
143 139
143 140
143 141
143 142
143 144
143 145
143 146
143 147
144 113
144 114
144 119
144 139
144 142
144 143
144 145
144 146
144 147
144 148
145 136
145 139
145 142
145 143
145 144
145 146
145 147
145 148
145 149
145 158
145 160
145 175
146 94
146 98
146 142
146 143
146 144
146 145
146 147
146 148
146 149
146 150
146 175
146 178
147 94
147 98
147 119
147 122
147 123
147 143
147 144
147 145
147 146
147 148
147 149
147 150
147 151
148 122
148 123
148 126
148 144
148 145
148 146
148 147
148 149
148 150
148 151
148 152
148 158
149 145
149 146
149 147
149 148
149 150
149 151
149 152
149 157
149 158
149 180
149 184
149 185
150 94
150 146
150 147
150 148
150 149
150 151
150 152
151 123
151 126
151 127
151 147
151 148
151 149
151 150
151 152
151 153
152 126
152 127
152 130
152 131
152 132
152 148
152 149
152 150
152 151
152 153
152 154
152 155
152 156
152 157
153 127
153 130
153 131
153 132
153 151
153 152
153 154
153 155
153 156
154 152
154 153
154 155
154 156
155 132
155 152
155 153
155 154
155 156
155 157
155 184
156 131
156 132
156 133
156 134
156 152
156 153
156 154
156 155
156 157
156 158
156 184
157 132
157 133
157 134
157 149
157 152
157 155
157 156
157 158
157 159
157 183
157 184
157 185
157 186
158 133
158 134
158 135
158 136
158 145
158 148
158 149
158 156
158 157
158 159
158 160
158 184
158 185
158 186
159 133
159 134
159 135
159 136
159 157
159 158
159 160
159 161
159 185
159 186
159 187
159 188
160 135
160 136
160 137
160 138
160 139
160 145
160 158
160 159
160 161
160 162
160 185
160 186
160 187
160 188
161 135
161 136
161 137
161 138
161 139
161 159
161 160
161 162
161 163
161 187
161 188
161 189
161 190
161 191
161 192
161 195
162 137
162 138
162 139
162 140
162 160
162 161
162 163
162 164
162 165
162 167
162 168
162 187
162 188
162 189
162 190
162 191
162 192
163 138
163 161
163 162
163 164
163 165
163 168
163 189
163 190
163 191
163 192
164 162
164 163
164 165
164 166
164 167
164 168
164 189
164 190
165 162
165 163
165 164
165 166
165 167
165 168
165 169
165 189
165 190
166 164
166 165
166 167
166 168
166 169
166 170
167 78
167 140
167 141
167 162
167 164
167 165
167 166
167 168
167 169
167 170
167 171
168 139
168 140
168 141
168 162
168 163
168 164
168 165
168 166
168 167
168 169
168 170
168 171
168 172
168 187
168 189
169 165
169 166
169 167
169 168
169 170
169 171
169 172
169 173
170 78
170 79
170 82
170 141
170 166
170 167
170 168
170 169
170 171
170 172
170 173
170 174
171 139
171 140
171 141
171 142
171 167
171 168
171 169
171 170
171 172
171 173
171 174
171 175
172 142
172 168
172 169
172 170
172 171
172 173
172 174
172 175
172 176
172 187
173 169
173 170
173 171
173 172
173 174
173 175
173 176
173 177
174 82
174 141
174 142
174 170
174 171
174 172
174 173
174 175
174 176
174 177
174 178
175 142
175 145
175 146
175 171
175 172
175 173
175 174
175 176
175 177
175 178
175 179
175 180
175 181
175 185
176 172
176 173
176 174
176 175
176 177
176 178
176 179
176 180
176 181
177 91
177 92
177 173
177 174
177 175
177 176
177 178
177 179
177 180
178 91
178 92
178 93
178 94
178 97
178 146
178 174
178 175
178 176
178 177
178 179
178 180
179 91
179 92
179 93
179 94
179 175
179 176
179 177
179 178
179 180
179 181
180 149
180 175
180 176
180 177
180 178
180 179
180 181
180 182
180 184
180 185
181 175
181 176
181 179
181 180
181 182
181 183
181 184
181 185
181 186
182 180
182 181
182 183
182 184
182 185
182 186
182 187
183 157
183 181
183 182
183 184
183 185
183 186
184 149
184 155
184 156
184 157
184 158
184 180
184 181
184 182
184 183
184 185
184 186
185 149
185 157
185 158
185 159
185 160
185 175
185 180
185 181
185 182
185 183
185 184
185 186
185 187
186 157
186 158
186 159
186 160
186 181
186 182
186 183
186 184
186 185
186 187
186 188
187 139
187 159
187 160
187 161
187 162
187 168
187 172
187 182
187 185
187 186
187 188
187 189
188 159
188 160
188 161
188 162
188 186
188 187
188 189
188 190
189 161
189 162
189 163
189 164
189 165
189 168
189 187
189 188
189 190
189 191
190 161
190 162
190 163
190 164
190 165
190 188
190 189
190 191
190 192
190 194
190 195
191 161
191 162
191 163
191 189
191 190
191 192
191 193
191 194
191 195
192 137
192 161
192 162
192 163
192 190
192 191
192 193
192 194
192 195
192 196
192 223
193 191
193 192
193 194
193 195
193 196
193 197
193 222
193 223
193 226
194 190
194 191
194 192
194 193
194 195
194 196
194 197
194 198
195 161
195 190
195 191
195 192
195 193
195 194
195 196
195 197
195 198
195 199
196 192
196 193
196 194
196 195
196 197
196 198
196 199
196 223
196 226
196 227
196 230
197 193
197 194
197 195
197 196
197 198
197 199
197 200
197 226
197 230
198 194
198 195
198 196
198 197
198 199
198 200
198 201
198 202
198 203
199 195
199 196
199 197
199 198
199 200
199 201
199 202
199 203
199 204
199 205
199 206
200 197
200 198
200 199
200 201
200 202
200 203
200 204
200 205
200 206
200 207
201 198
201 199
201 200
201 202
201 203
201 204
201 205
202 198
202 199
202 200
202 201
202 203
202 204
203 198
203 199
203 200
203 201
203 202
203 204
203 205
204 199
204 200
204 201
204 202
204 203
204 205
204 206
205 133
205 199
205 200
205 201
205 203
205 204
205 206
205 207
205 208
205 232
206 199
206 200
206 204
206 205
206 207
206 208
206 232
207 133
207 200
207 205
207 206
207 208
207 209
207 231
207 232
207 233
207 234
208 133
208 134
208 135
208 205
208 206
208 207
208 209
208 210
208 211
208 232
208 233
208 234
208 237
209 131
209 132
209 133
209 134
209 207
209 208
209 210
209 211
209 233
209 234
209 236
209 237
209 238
210 126
210 131
210 133
210 134
210 135
210 208
210 209
210 211
210 212
210 237
210 238
210 239
210 240
211 134
211 135
211 136
211 137
211 208
211 209
211 210
211 212
211 213
211 237
211 238
211 239
211 240
212 134
212 135
212 136
212 137
212 210
212 211
212 213
212 214
212 239
212 240
212 241
212 242
213 136
213 137
213 138
213 211
213 212
213 214
213 215
213 217
213 220
213 239
213 240
213 241
213 242
214 114
214 136
214 137
214 138
214 139
214 212
214 213
214 215
214 216
214 217
214 241
214 242
214 243
215 137
215 138
215 139
215 140
215 213
215 214
215 216
215 217
215 219
216 138
216 214
216 215
216 217
216 218
216 219
216 220
217 213
217 214
217 215
217 216
217 218
217 219
217 220
217 242
217 243
217 244
217 247
217 248
217 249
218 216
218 217
218 219
218 220
218 221
218 248
218 249
218 252
219 215
219 216
219 217
219 218
219 220
219 221
219 222
219 223
220 213
220 216
220 217
220 218
220 219
220 221
220 222
220 223
220 224
220 241
220 249
220 252
221 218
221 219
221 220
221 222
221 223
221 224
221 225
221 251
221 252
221 255
222 193
222 219
222 220
222 221
222 223
222 224
222 225
222 226
223 192
223 193
223 196
223 219
223 220
223 221
223 222
223 224
223 225
223 226
223 227
224 220
224 221
224 222
224 223
224 225
224 226
224 227
224 228
225 221
225 222
225 223
225 224
225 226
225 227
225 228
225 229
226 193
226 196
226 197
226 222
226 223
226 224
226 225
226 227
226 228
226 229
226 230
227 196
227 223
227 224
227 225
227 226
227 228
227 229
227 230
227 231
227 232
227 233
228 224
228 225
228 226
228 227
228 229
228 230
228 231
228 232
228 233
229 225
229 226
229 227
229 228
229 230
229 231
229 232
230 196
230 197
230 226
230 227
230 228
230 229
230 231
230 232
231 207
231 227
231 228
231 229
231 230
231 232
231 233
231 234
232 205
232 206
232 207
232 208
232 227
232 228
232 229
232 230
232 231
232 233
232 234
233 207
233 208
233 209
233 227
233 228
233 231
233 232
233 234
233 235
233 237
233 286
233 288
234 207
234 208
234 209
234 231
234 232
234 233
234 235
234 236
234 237
234 286
234 288
235 233
235 234
235 236
235 237
235 286
235 287
235 288
236 209
236 234
236 235
236 237
236 238
236 285
236 286
236 287
236 288
237 208
237 209
237 210
237 211
237 233
237 234
237 235
237 236
237 238
237 239
237 285
237 286
237 287
238 209
238 210
238 211
238 236
238 237
238 239
238 240
238 283
238 284
238 285
238 286
239 210
239 211
239 212
239 213
239 237
239 238
239 240
239 241
239 282
239 283
239 284
239 285
239 286
240 122
240 210
240 211
240 212
240 213
240 238
240 239
240 241
240 242
240 281
240 282
240 283
240 284
241 212
241 213
241 214
241 220
241 239
241 240
241 242
241 243
241 244
241 281
241 282
241 283
242 114
242 212
242 213
242 214
242 217
242 240
242 241
242 243
242 244
242 280
242 281
242 282
243 214
243 217
243 241
243 242
243 244
243 245
243 246
243 247
243 248
243 249
243 279
243 280
243 281
244 217
244 241
244 242
244 243
244 245
244 246
244 247
244 248
244 249
244 250
244 253
244 279
244 280
244 281
244 282
245 243
245 244
245 246
245 247
245 248
245 249
245 250
245 278
245 279
245 280
245 281
246 243
246 244
246 245
246 247
246 248
246 249
246 271
246 277
246 278
246 279
246 280
247 217
247 243
247 244
247 245
247 246
247 248
247 249
248 217
248 218
248 243
248 244
248 245
248 246
248 247
248 249
248 250
249 217
249 218
249 220
249 243
249 244
249 245
249 246
249 247
249 248
249 250
249 251
249 252
249 253
250 244
250 245
250 248
250 249
250 251
250 252
250 253
250 254
251 221
251 249
251 250
251 252
251 253
251 254
251 255
252 218
252 220
252 221
252 249
252 250
252 251
252 253
252 254
252 255
252 256
253 244
253 249
253 250
253 251
253 252
253 254
253 255
253 256
253 257
254 250
254 251
254 252
254 253
254 255
254 256
254 257
254 258
255 221
255 251
255 252
255 253
255 254
255 256
255 257
255 258
255 259
256 252
256 253
256 254
256 255
256 257
256 258
256 259
256 260
256 261
256 262
256 264
256 284
257 253
257 254
257 255
257 256
257 258
257 259
257 260
257 262
257 263
257 264
258 254
258 255
258 256
258 257
258 259
258 260
259 255
259 256
259 257
259 258
259 260
259 261
259 262
260 256
260 257
260 258
260 259
260 261
260 262
260 290
261 256
261 259
261 260
261 262
261 263
261 286
261 287
261 288
261 289
261 290
262 256
262 257
262 259
262 260
262 261
262 263
262 264
262 284
262 285
262 286
262 287
263 257
263 261
263 262
263 264
263 265
263 284
263 285
263 286
263 287
264 256
264 257
264 262
264 263
264 265
264 266
264 282
264 283
264 284
264 285
265 263
265 264
265 266
265 267
265 282
265 283
265 284
266 264
266 265
266 267
266 268
266 280
266 281
266 282
266 283
267 265
267 266
267 268
267 269
267 280
267 281
267 282
267 283
268 266
268 267
268 269
268 270
268 278
268 279
268 280
268 281
269 117
269 118
269 267
269 268
269 270
269 271
269 275
269 278
269 279
269 280
269 281
270 268
270 269
270 271
270 272
270 274
270 275
270 276
270 277
270 278
270 279
270 280
271 115
271 246
271 269
271 270
271 272
271 273
271 274
271 275
271 276
271 277
271 278
271 279
271 280
272 112
272 113
272 114
272 115
272 116
272 117
272 270
272 271
272 273
272 274
272 275
273 105
273 106
273 110
273 271
273 272
273 274
273 275
274 54
274 58
274 270
274 271
274 272
274 273
274 275
274 276
274 277
275 269
275 270
275 271
275 272
275 273
275 274
275 276
275 277
275 278
276 54
276 270
276 271
276 274
276 275
276 277
276 278
277 54
277 55
277 246
277 270
277 271
277 274
277 275
277 276
277 278
277 279
278 245
278 246
278 268
278 269
278 270
278 271
278 275
278 276
278 277
278 279
278 280
279 243
279 244
279 245
279 246
279 268
279 269
279 270
279 271
279 277
279 278
279 280
279 281
280 242
280 243
280 244
280 245
280 246
280 266
280 267
280 268
280 269
280 270
280 271
280 278
280 279
280 281
280 282
281 118
281 240
281 241
281 242
281 243
281 244
281 245
281 266
281 267
281 268
281 269
281 279
281 280
281 282
281 283
282 239
282 240
282 241
282 242
282 244
282 264
282 265
282 266
282 267
282 280
282 281
282 283
282 284
283 238
283 239
283 240
283 241
283 264
283 265
283 266
283 267
283 281
283 282
283 284
283 285
284 238
284 239
284 240
284 256
284 262
284 263
284 264
284 265
284 282
284 283
284 285
284 286
285 236
285 237
285 238
285 239
285 262
285 263
285 264
285 283
285 284
285 286
285 287
286 233
286 234
286 235
286 236
286 237
286 238
286 239
286 261
286 262
286 263
286 284
286 285
286 287
286 288
287 235
287 236
287 237
287 261
287 262
287 263
287 285
287 286
287 288
287 289
287 290
288 233
288 234
288 235
288 236
288 261
288 286
288 287
288 289
288 290
289 261
289 287
289 288
289 290
290 260
290 261
290 287
290 288
290 289
