0 1
0 2
0 3
0 4
1 0
1 2
1 3
1 4
1 5
2 0
2 1
2 3
2 4
2 5
2 6
3 0
3 1
3 2
3 4
3 5
3 6
3 7
4 0
4 1
4 2
4 3
4 5
4 6
4 7
4 8
5 1
5 2
5 3
5 4
5 6
5 7
5 8
5 9
6 2
6 3
6 4
6 5
6 7
6 8
6 9
6 10
7 3
7 4
7 5
7 6
7 8
7 9
7 10
7 11
8 4
8 5
8 6
8 7
8 9
8 10
8 11
8 12
9 5
9 6
9 7
9 8
9 10
9 11
9 12
9 13
10 6
10 7
10 8
10 9
10 11
10 12
10 13
10 14
11 7
11 8
11 9
11 10
11 12
11 13
11 14
11 15
12 8
12 9
12 10
12 11
12 13
12 14
12 15
12 16
13 9
13 10
13 11
13 12
13 14
13 15
13 16
13 17
14 10
14 11
14 12
14 13
14 15
14 16
14 17
14 18
15 11
15 12
15 13
15 14
15 16
15 17
15 18
15 19
16 12
16 13
16 14
16 15
16 17
16 18
16 19
16 20
17 13
17 14
17 15
17 16
17 18
17 19
17 20
17 21
18 14
18 15
18 16
18 17
18 19
18 20
18 21
18 22
19 15
19 16
19 17
19 18
19 20
19 21
19 22
19 23
20 16
20 17
20 18
20 19
20 21
20 22
20 23
20 24
21 17
21 18
21 19
21 20
21 22
21 23
21 24
21 25
22 18
22 19
22 20
22 21
22 23
22 24
22 25
22 26
23 19
23 20
23 21
23 22
23 24
23 25
23 26
23 27
24 20
24 21
24 22
24 23
24 25
24 26
24 27
24 28
25 21
25 22
25 23
25 24
25 26
25 27
25 28
25 29
26 22
26 23
26 24
26 25
26 27
26 28
26 29
26 30
27 23
27 24
27 25
27 26
27 28
27 29
27 30
27 31
28 24
28 25
28 26
28 27
28 29
28 30
28 31
28 32
29 25
29 26
29 27
29 28
29 30
29 31
29 32
29 33
30 26
30 27
30 28
30 29
30 31
30 32
30 33
30 34
30 342
31 27
31 28
31 29
31 30
31 32
31 33
31 34
31 35
32 28
32 29
32 30
32 31
32 33
32 34
32 35
32 36
33 29
33 30
33 31
33 32
33 34
33 35
33 36
34 30
34 31
34 32
34 33
34 35
34 36
35 31
35 32
35 33
35 34
35 36
35 37
36 32
36 33
36 34
36 35
36 37
36 38
36 39
37 35
37 36
37 38
37 39
37 40
38 36
38 37
38 39
38 40
38 41
39 36
39 37
39 38
39 40
39 41
39 42
39 43
40 37
40 38
40 39
40 41
40 42
40 43
40 44
41 38
41 39
41 40
41 42
41 43
41 44
41 45
42 39
42 40
42 41
42 43
42 44
42 45
42 46
43 39
43 40
43 41
43 42
43 44
43 45
43 46
44 40
44 41
44 42
44 43
44 45
44 46
44 47
45 41
45 42
45 43
45 44
45 46
45 47
45 48
46 42
46 43
46 44
46 45
46 47
46 48
46 49
47 44
47 45
47 46
47 48
47 49
48 45
48 46
48 47
48 49
48 50
49 46
49 47
49 48
49 50
49 51
50 48
50 49
50 51
50 52
51 49
51 50
51 52
51 53
52 50
52 51
52 53
52 54
53 51
53 52
53 54
53 55
54 52
54 53
54 55
54 56
55 53
55 54
55 56
55 57
56 54
56 55
56 57
56 58
57 55
57 56
57 58
57 59
58 56
58 57
58 59
58 60
59 57
59 58
59 60
59 61
60 58
60 59
60 61
60 62
61 59
61 60
61 62
61 63
62 60
62 61
62 63
62 64
63 61
63 62
63 64
63 65
64 62
64 63
64 65
64 66
65 63
65 64
65 66
65 67
66 64
66 65
66 67
66 68
67 65
67 66
67 68
67 69
68 66
68 67
68 69
68 70
69 67
69 68
69 70
69 71
70 68
70 69
70 71
70 72
71 69
71 70
71 72
71 73
72 70
72 71
72 73
72 74
73 71
73 72
73 74
73 75
74 72
74 73
74 75
74 76
75 73
75 74
75 76
75 77
76 74
76 75
76 77
76 78
77 75
77 76
77 78
77 79
78 76
78 77
78 79
78 80
79 77
79 78
79 80
79 81
80 78
80 79
80 81
80 82
81 79
81 80
81 82
81 83
82 80
82 81
82 83
82 84
83 81
83 82
83 84
83 85
84 82
84 83
84 85
84 86
85 83
85 84
85 86
85 87
85 361
85 364
86 84
86 85
86 87
86 88
86 361
87 85
87 86
87 88
87 89
87 308
87 361
87 362
87 363
87 364
88 86
88 87
88 89
88 90
88 91
88 92
88 360
88 361
88 362
89 87
89 88
89 90
89 91
89 92
89 93
89 361
89 362
90 88
90 89
90 91
90 92
90 93
90 94
91 88
91 89
91 90
91 92
91 93
91 94
91 95
91 360
91 361
91 362
92 88
92 89
92 90
92 91
92 93
92 94
92 95
92 96
92 308
92 362
92 363
93 89
93 90
93 91
93 92
93 94
93 95
93 96
93 97
94 90
94 91
94 92
94 93
94 95
94 96
94 97
94 98
95 91
95 92
95 93
95 94
95 96
95 97
95 98
95 99
95 303
96 92
96 93
96 94
96 95
96 97
96 98
96 99
96 100
96 303
96 304
97 93
97 94
97 95
97 96
97 98
97 99
97 100
97 101
98 94
98 95
98 96
98 97
98 99
98 100
98 101
98 102
99 95
99 96
99 97
99 98
99 100
99 101
99 102
99 103
99 281
99 300
99 303
99 304
100 96
100 97
100 98
100 99
100 101
100 102
100 103
100 104
100 304
101 97
101 98
101 99
101 100
101 102
101 103
102 98
102 99
102 100
102 101
102 103
102 104
102 277
102 278
102 280
102 281
103 99
103 100
103 101
103 102
103 104
103 105
103 108
103 274
103 277
103 278
103 301
104 100
104 102
104 103
104 105
104 106
104 107
104 108
104 304
105 103
105 104
105 106
105 107
105 108
105 109
105 148
105 301
105 302
105 304
105 305
106 104
106 105
106 107
106 108
106 109
106 110
106 146
106 147
106 148
106 149
107 104
107 105
107 106
107 108
107 109
107 110
107 111
107 146
107 271
108 103
108 104
108 105
108 106
108 107
108 109
108 110
108 111
108 270
108 271
108 273
108 274
109 105
109 106
109 107
109 108
109 110
109 111
109 146
109 147
109 148
109 268
109 269
109 270
109 271
109 274
109 301
110 106
110 107
110 108
110 109
110 111
110 112
110 142
110 143
110 146
110 147
110 268
110 269
110 270
110 271
111 107
111 108
111 109
111 110
111 112
111 113
111 115
111 116
111 142
111 143
111 268
111 269
111 270
111 271
112 110
112 111
112 113
112 114
112 115
112 116
112 142
112 143
112 144
112 145
112 146
113 111
113 112
113 114
113 115
113 116
113 117
113 139
113 142
113 143
113 144
113 145
114 112
114 113
114 115
114 116
114 117
114 144
115 111
115 112
115 113
115 114
115 116
115 117
116 111
116 112
116 113
116 114
116 115
116 117
116 118
116 120
116 134
116 139
117 113
117 114
117 115
117 116
117 118
117 119
117 120
117 134
117 139
118 116
118 117
118 119
118 120
118 133
118 134
118 135
118 136
118 139
119 117
119 118
119 120
119 121
119 133
119 134
119 135
120 116
120 117
120 118
120 119
120 121
120 122
120 133
120 134
121 119
121 120
121 122
121 123
121 131
121 132
121 133
121 134
122 120
122 121
122 123
122 124
122 131
122 132
122 133
122 134
122 242
123 121
123 122
123 124
123 125
123 127
123 128
123 129
123 130
123 131
123 132
123 242
124 122
124 123
124 125
124 126
124 127
124 128
124 129
124 130
124 131
124 132
124 242
124 243
124 244
124 245
125 123
125 124
125 126
125 127
125 128
125 242
125 243
125 244
125 272
126 124
126 125
126 127
126 128
126 243
126 244
127 123
127 124
127 125
127 126
127 128
127 129
127 130
127 244
127 245
128 123
128 124
128 125
128 126
128 127
128 129
128 130
128 131
129 123
129 124
129 127
129 128
129 130
129 131
130 123
130 124
130 127
130 128
130 129
130 131
130 132
130 245
131 121
131 122
131 123
131 124
131 128
131 129
131 130
131 132
131 133
131 245
132 121
132 122
132 123
132 124
132 130
132 131
132 133
132 134
132 245
132 248
133 118
133 119
133 120
133 121
133 122
133 131
133 132
133 134
133 135
134 116
134 117
134 118
134 119
134 120
134 121
134 122
134 132
134 133
134 135
134 136
134 138
134 139
135 118
135 119
135 133
135 134
135 136
135 137
135 138
135 139
136 118
136 134
136 135
136 137
136 138
136 139
136 140
137 135
137 136
137 138
137 139
137 140
137 141
137 252
137 255
137 256
137 259
138 134
138 135
138 136
138 137
138 139
138 140
138 141
138 142
138 252
138 255
139 113
139 116
139 117
139 118
139 134
139 135
139 136
139 137
139 138
139 140
139 141
139 142
140 136
140 137
140 138
140 139
140 141
140 142
141 137
141 138
141 139
141 140
141 142
141 143
141 255
141 259
141 267
141 268
142 110
142 111
142 112
142 113
142 138
142 139
142 140
142 141
142 143
142 144
142 267
142 268
142 269
143 110
143 111
143 112
143 113
143 141
143 142
143 144
143 145
143 146
143 147
143 266
143 267
143 268
144 112
144 113
144 114
144 142
144 143
144 145
144 146
145 112
145 113
145 143
145 144
145 146
145 147
145 149
146 106
146 107
146 109
146 110
146 112
146 143
146 144
146 145
146 147
146 148
146 149
147 106
147 109
147 110
147 143
147 145
147 146
147 148
147 149
147 236
147 266
147 268
148 105
148 106
148 109
148 146
148 147
148 149
148 150
148 151
148 305
149 106
149 145
149 146
149 147
149 148
149 150
149 151
150 148
150 149
150 151
150 152
151 148
151 149
151 150
151 152
151 153
151 305
152 150
152 151
152 153
152 154
152 305
152 306
152 307
153 151
153 152
153 154
153 155
153 156
153 178
153 179
153 305
153 306
153 307
154 152
154 153
154 155
154 156
154 178
154 306
154 307
154 308
155 153
155 154
155 156
155 157
155 177
155 178
155 179
155 306
155 307
155 308
155 309
155 310
156 153
156 154
156 155
156 157
156 158
156 177
156 178
156 179
156 180
156 181
156 302
156 306
156 307
156 308
156 309
156 310
157 155
157 156
157 158
157 159
157 174
157 177
157 179
157 180
157 181
157 309
157 310
157 311
157 312
158 156
158 157
158 159
158 160
158 180
158 181
158 182
158 295
158 298
158 299
158 309
158 310
158 311
158 312
159 157
159 158
159 160
159 161
159 180
159 181
159 182
159 183
159 195
159 295
159 311
159 312
159 313
159 314
160 158
160 159
160 161
160 162
160 182
160 183
160 295
160 311
160 312
160 313
160 314
161 159
161 160
161 162
161 163
161 165
161 183
161 186
161 313
161 314
161 328
161 329
161 330
162 160
162 161
162 163
162 164
162 165
162 313
162 314
162 315
162 316
162 326
162 327
162 328
162 329
162 330
163 161
163 162
163 164
163 165
163 166
163 313
163 326
163 327
163 328
163 329
163 330
163 331
164 162
164 163
164 165
164 166
164 168
164 313
164 315
164 320
164 326
164 327
164 330
164 367
164 368
165 161
165 162
165 163
165 164
165 166
165 167
165 168
165 169
165 170
165 194
165 195
165 312
165 313
165 330
165 367
165 368
165 369
166 163
166 164
166 165
166 167
166 168
166 169
166 191
166 194
166 330
167 165
167 166
167 168
167 169
167 193
167 194
167 369
168 164
168 165
168 166
168 167
168 169
168 170
168 194
168 368
168 369
168 370
169 165
169 166
169 167
169 168
169 170
169 171
169 172
169 193
169 194
169 195
169 369
169 370
169 371
169 372
170 165
170 168
170 169
170 171
170 172
170 173
170 174
170 193
170 194
170 195
170 196
170 369
170 370
170 371
170 372
171 169
171 170
171 172
171 173
171 174
171 175
171 192
171 193
171 194
171 195
171 196
171 197
172 169
172 170
172 171
172 173
172 174
172 175
172 176
172 193
172 194
172 196
172 372
172 373
173 170
173 171
173 172
173 174
173 175
173 176
173 177
173 196
173 370
173 372
173 373
173 374
174 157
174 170
174 171
174 172
174 173
174 175
174 176
174 177
174 180
174 195
174 196
174 198
175 171
175 172
175 173
175 174
175 176
175 177
175 180
175 196
175 197
175 198
176 172
176 173
176 174
176 175
176 177
176 178
176 373
177 155
177 156
177 157
177 173
177 174
177 175
177 176
177 178
177 179
177 180
178 153
178 154
178 155
178 156
178 176
178 177
178 179
178 180
179 153
179 155
179 156
179 157
179 177
179 178
179 180
179 181
179 199
179 200
179 201
180 156
180 157
180 158
180 159
180 174
180 175
180 177
180 178
180 179
180 181
180 182
180 198
180 199
180 200
180 201
181 156
181 157
181 158
181 159
181 179
181 180
181 182
181 183
181 199
181 200
181 201
181 202
181 298
182 158
182 159
182 160
182 180
182 181
182 183
182 184
182 185
182 186
182 199
182 201
182 202
182 203
183 159
183 160
183 161
183 181
183 182
183 184
183 185
183 186
183 202
183 203
183 204
183 294
183 295
184 182
184 183
184 185
184 186
184 202
184 203
184 204
184 205
184 208
185 182
185 183
185 184
185 186
185 187
185 202
185 203
185 204
185 208
185 228
186 161
186 182
186 183
186 184
186 185
186 187
186 188
186 331
187 185
187 186
187 188
187 189
187 190
187 191
187 228
187 331
188 186
188 187
188 189
188 190
188 191
188 192
188 195
188 196
188 197
189 187
189 188
189 190
189 191
189 192
189 197
190 187
190 188
190 189
190 191
190 192
191 166
191 187
191 188
191 189
191 190
191 192
191 193
191 194
191 195
191 196
192 171
192 188
192 189
192 190
192 191
192 193
192 194
192 195
192 196
192 197
193 167
193 169
193 170
193 171
193 172
193 191
193 192
193 194
193 195
193 196
194 165
194 166
194 167
194 168
194 169
194 170
194 171
194 172
194 191
194 192
194 193
194 195
194 196
195 159
195 165
195 169
195 170
195 171
195 174
195 188
195 191
195 192
195 193
195 194
195 196
195 197
196 170
196 171
196 172
196 173
196 174
196 175
196 188
196 191
196 192
196 193
196 194
196 195
196 197
196 198
197 171
197 175
197 188
197 189
197 192
197 195
197 196
197 198
197 199
198 174
198 175
198 180
198 196
198 197
198 199
198 200
199 179
199 180
199 181
199 182
199 197
199 198
199 200
199 201
199 202
199 232
199 235
200 179
200 180
200 181
200 198
200 199
200 201
200 202
200 232
200 234
200 235
200 236
201 179
201 180
201 181
201 182
201 199
201 200
201 202
201 203
201 235
201 236
201 237
201 238
202 181
202 182
202 183
202 184
202 185
202 199
202 200
202 201
202 203
202 204
202 235
202 236
202 237
202 238
203 182
203 183
203 184
203 185
203 201
203 202
203 204
203 205
203 237
203 238
203 239
203 294
204 183
204 184
204 185
204 202
204 203
204 205
204 206
204 208
204 237
204 238
204 239
204 240
205 184
205 203
205 204
205 206
205 207
205 208
205 239
205 240
206 204
206 205
206 207
206 208
206 209
206 210
206 239
206 240
206 241
206 247
206 248
206 250
206 251
207 205
207 206
207 208
207 209
207 210
207 211
207 247
207 250
208 184
208 185
208 204
208 205
208 206
208 207
208 209
208 210
208 211
208 212
208 213
209 206
209 207
209 208
209 210
209 211
209 212
209 213
209 214
209 215
209 216
209 250
210 206
210 207
210 208
210 209
210 211
210 212
210 213
210 214
210 215
210 216
210 250
211 207
211 208
211 209
211 210
211 212
211 213
211 214
211 215
212 208
212 209
212 210
212 211
212 213
212 214
213 208
213 209
213 210
213 211
213 212
213 214
213 215
213 216
213 221
213 222
213 224
213 225
214 209
214 210
214 211
214 212
214 213
214 215
214 216
214 217
214 221
215 209
215 210
215 211
215 213
215 214
215 216
215 217
215 221
215 250
216 209
216 210
216 213
216 214
216 215
216 217
216 218
216 219
216 221
216 222
217 214
217 215
217 216
217 218
217 219
217 221
217 222
218 216
218 217
218 219
218 220
218 221
218 222
219 216
219 217
219 218
219 220
219 221
219 222
219 223
220 218
220 219
220 221
220 222
220 223
220 224
221 213
221 214
221 215
221 216
221 217
221 218
221 219
221 220
221 222
221 223
221 224
221 225
222 213
222 216
222 217
222 218
222 219
222 220
222 221
222 223
222 224
222 225
222 226
223 219
223 220
223 221
223 222
223 224
223 225
223 226
223 227
224 213
224 220
224 221
224 222
224 223
224 225
224 226
224 227
224 228
225 213
225 221
225 222
225 223
225 224
225 226
225 227
225 228
225 229
226 222
226 223
226 224
226 225
226 227
226 228
226 229
226 230
226 257
227 223
227 224
227 225
227 226
227 228
227 229
227 230
227 231
228 185
228 187
228 224
228 225
228 226
228 227
228 229
228 230
228 231
228 232
229 225
229 226
229 227
229 228
229 230
229 231
229 232
229 233
229 258
229 263
229 265
230 226
230 227
230 228
230 229
230 231
230 232
230 233
230 263
230 264
230 265
231 227
231 228
231 229
231 230
231 232
231 233
232 199
232 200
232 228
232 229
232 230
232 231
232 233
232 234
232 235
232 264
232 265
233 229
233 230
233 231
233 232
233 234
233 235
233 264
233 265
234 200
234 232
234 233
234 235
234 236
234 264
234 265
234 266
235 199
235 200
235 201
235 202
235 232
235 233
235 234
235 236
235 237
235 264
235 265
235 266
236 147
236 200
236 201
236 202
236 234
236 235
236 237
236 238
236 265
236 266
236 267
236 268
237 201
237 202
237 203
237 204
237 235
237 236
237 238
237 239
237 265
237 266
237 267
237 268
238 201
238 202
238 203
238 204
238 236
238 237
238 239
238 240
238 267
238 268
238 269
238 270
239 203
239 204
239 205
239 206
239 237
239 238
239 240
239 241
239 251
239 267
239 268
239 269
239 270
240 204
240 205
240 206
240 238
240 239
240 241
240 242
240 243
240 269
240 270
241 206
241 239
241 240
241 242
241 243
241 244
241 247
241 248
241 251
241 269
241 270
242 122
242 123
242 124
242 125
242 240
242 241
242 243
242 244
242 245
242 272
243 124
243 125
243 126
243 240
243 241
243 242
243 244
243 245
243 247
243 272
244 124
244 125
244 126
244 127
244 241
244 242
244 243
244 245
244 246
244 247
244 248
245 124
245 127
245 130
245 131
245 132
245 242
245 243
245 244
245 246
245 247
245 248
246 244
246 245
246 247
246 248
246 249
247 206
247 207
247 241
247 243
247 244
247 245
247 246
247 248
247 249
247 250
247 251
248 132
248 206
248 241
248 244
248 245
248 246
248 247
248 249
248 250
248 251
248 252
249 246
249 247
249 248
249 250
249 251
249 252
249 253
250 206
250 207
250 209
250 210
250 215
250 247
250 248
250 249
250 251
250 252
250 253
250 254
251 206
251 239
251 241
251 247
251 248
251 249
251 250
251 252
251 253
251 254
251 255
252 137
252 138
252 248
252 249
252 250
252 251
252 253
252 254
252 255
252 256
253 249
253 250
253 251
253 252
253 254
253 255
253 256
253 257
254 250
254 251
254 252
254 253
254 255
254 256
254 257
254 258
255 137
255 138
255 141
255 251
255 252
255 253
255 254
255 256
255 257
255 258
255 259
256 137
256 252
256 253
256 254
256 255
256 257
256 258
256 259
256 260
257 226
257 253
257 254
257 255
257 256
257 258
257 259
257 260
257 261
257 263
258 229
258 254
258 255
258 256
258 257
258 259
258 260
258 261
258 262
258 263
258 264
258 265
259 137
259 141
259 255
259 256
259 257
259 258
259 260
259 261
259 262
259 263
260 256
260 257
260 258
260 259
260 261
260 262
261 257
261 258
261 259
261 260
261 262
261 263
262 258
262 259
262 260
262 261
262 263
262 264
263 229
263 230
263 257
263 258
263 259
263 261
263 262
263 264
263 265
264 230
264 232
264 233
264 234
264 235
264 258
264 262
264 263
264 265
264 266
265 229
265 230
265 232
265 233
265 234
265 235
265 236
265 237
265 258
265 263
265 264
265 266
265 267
266 143
266 147
266 234
266 235
266 236
266 237
266 264
266 265
266 267
266 268
267 141
267 142
267 143
267 236
267 237
267 238
267 239
267 265
267 266
267 268
267 269
268 109
268 110
268 111
268 141
268 142
268 143
268 147
268 236
268 237
268 238
268 239
268 266
268 267
268 269
268 270
269 109
269 110
269 111
269 142
269 238
269 239
269 240
269 241
269 267
269 268
269 270
269 271
270 108
270 109
270 110
270 111
270 238
270 239
270 240
270 241
270 268
270 269
270 271
270 272
270 274
271 107
271 108
271 109
271 110
271 111
271 269
271 270
271 272
271 273
271 274
272 125
272 242
272 243
272 270
272 271
272 273
272 274
272 275
273 108
273 271
273 272
273 274
273 275
273 276
273 277
274 103
274 108
274 109
274 270
274 271
274 272
274 273
274 275
274 276
274 277
274 278
275 272
275 273
275 274
275 276
275 277
275 278
275 279
275 292
275 297
276 273
276 274
276 275
276 277
276 278
276 279
276 280
277 102
277 103
277 273
277 274
277 275
277 276
277 278
277 279
277 280
277 281
278 102
278 103
278 274
278 275
278 276
278 277
278 279
278 280
278 281
278 282
278 292
278 297
278 300
278 301
279 275
279 276
279 277
279 278
279 280
279 281
279 282
279 283
279 289
279 290
279 291
279 292
280 102
280 276
280 277
280 278
280 279
280 281
280 282
280 283
280 284
281 99
281 102
281 277
281 278
281 279
281 280
281 282
281 283
281 284
281 285
282 278
282 279
282 280
282 281
282 283
282 284
282 285
282 286
282 287
282 288
282 289
283 279
283 280
283 281
283 282
283 284
283 285
283 286
283 287
283 288
283 289
284 280
284 281
284 282
284 283
284 285
284 286
284 287
285 281
285 282
285 283
285 284
285 286
285 287
286 282
286 283
286 284
286 285
286 287
286 288
287 282
287 283
287 284
287 285
287 286
287 288
287 289
287 349
287 350
287 353
288 282
288 283
288 286
288 287
288 289
288 290
288 349
289 279
289 282
289 283
289 287
289 288
289 290
289 291
289 292
289 345
289 346
289 349
289 350
290 279
290 288
290 289
290 291
290 292
290 344
290 345
290 346
291 279
291 289
291 290
291 292
291 293
291 344
291 345
291 346
292 275
292 278
292 279
292 289
292 290
292 291
292 293
292 294
292 295
292 296
292 297
292 345
292 346
292 350
293 291
293 292
293 294
293 295
293 296
293 297
293 345
293 347
294 183
294 203
294 292
294 293
294 295
294 296
294 297
294 298
295 158
295 159
295 160
295 183
295 292
295 293
295 294
295 296
295 297
295 298
295 299
295 314
296 292
296 293
296 294
296 295
296 297
296 298
296 299
296 300
296 350
297 275
297 278
297 292
297 293
297 294
297 295
297 296
297 298
297 299
297 300
297 301
298 158
298 181
298 294
298 295
298 296
298 297
298 299
298 300
298 301
298 302
299 158
299 295
299 296
299 297
299 298
299 300
299 301
299 302
299 303
299 309
300 99
300 278
300 296
300 297
300 298
300 299
300 301
300 302
300 303
300 304
301 103
301 105
301 109
301 278
301 297
301 298
301 299
301 300
301 302
301 303
301 304
301 305
302 105
302 156
302 298
302 299
302 300
302 301
302 303
302 304
302 305
302 306
302 309
303 95
303 96
303 99
303 299
303 300
303 301
303 302
303 304
303 305
303 306
303 307
303 309
304 96
304 99
304 100
304 104
304 105
304 300
304 301
304 302
304 303
304 305
304 306
305 105
305 148
305 151
305 152
305 153
305 301
305 302
305 303
305 304
305 306
305 307
306 152
306 153
306 154
306 155
306 156
306 302
306 303
306 304
306 305
306 307
306 308
306 309
307 152
307 153
307 154
307 155
307 156
307 303
307 305
307 306
307 308
307 309
308 87
308 92
308 154
308 155
308 156
308 306
308 307
308 309
308 310
308 363
309 155
309 156
309 157
309 158
309 299
309 302
309 303
309 306
309 307
309 308
309 310
309 311
309 363
309 364
310 155
310 156
310 157
310 158
310 308
310 309
310 311
310 312
310 363
310 364
310 365
310 366
311 157
311 158
311 159
311 160
311 309
311 310
311 312
311 313
311 314
311 363
311 364
311 365
311 366
312 157
312 158
312 159
312 160
312 165
312 310
312 311
312 313
312 314
312 365
312 366
312 367
313 159
313 160
313 161
313 162
313 163
313 164
313 165
313 311
313 312
313 314
313 315
313 366
313 367
314 159
314 160
314 161
314 162
314 295
314 311
314 312
314 313
314 315
314 316
314 351
314 365
314 367
315 162
315 164
315 313
315 314
315 316
315 317
315 351
315 367
316 162
316 314
316 315
316 317
316 318
316 328
316 338
316 347
316 348
316 351
317 315
317 316
317 318
317 319
317 320
317 326
317 328
317 338
317 348
318 316
318 317
318 319
318 320
318 325
318 326
318 327
318 328
319 317
319 318
319 320
319 321
319 322
319 323
319 324
319 325
319 326
320 164
320 317
320 318
320 319
320 321
320 322
320 323
320 324
320 325
320 326
321 319
321 320
321 322
321 323
321 324
322 319
322 320
322 321
322 323
322 324
323 319
323 320
323 321
323 322
323 324
323 325
324 319
324 320
324 321
324 322
324 323
324 325
324 326
325 318
325 319
325 320
325 323
325 324
325 326
325 327
326 162
326 163
326 164
326 317
326 318
326 319
326 320
326 324
326 325
326 327
326 328
327 162
327 163
327 164
327 318
327 325
327 326
327 328
327 329
327 330
327 332
327 333
327 334
327 335
328 161
328 162
328 163
328 316
328 317
328 318
328 326
328 327
328 329
328 330
328 333
328 334
328 335
328 336
329 161
329 162
329 163
329 327
329 328
329 330
329 331
329 332
329 333
329 334
330 161
330 162
330 163
330 164
330 165
330 166
330 327
330 328
330 329
330 331
330 332
331 163
331 186
331 187
331 329
331 330
331 332
331 333
332 327
332 329
332 330
332 331
332 333
332 334
333 327
333 328
333 329
333 331
333 332
333 334
333 335
334 327
334 328
334 329
334 332
334 333
334 335
334 336
335 327
335 328
335 333
335 334
335 336
335 337
336 328
336 334
336 335
336 337
336 338
337 335
337 336
337 338
337 339
337 340
337 343
338 316
338 317
338 336
338 337
338 339
338 340
338 343
338 346
338 347
338 348
339 337
339 338
339 340
339 341
339 343
339 346
339 348
340 337
340 338
340 339
340 341
340 342
340 343
341 339
341 340
341 342
341 343
341 344
342 30
342 340
342 341
342 343
342 344
343 337
343 338
343 339
343 340
343 341
343 342
343 344
343 345
343 346
344 290
344 291
344 341
344 342
344 343
344 345
344 346
345 289
345 290
345 291
345 292
345 293
345 343
345 344
345 346
345 347
346 289
346 290
346 291
346 292
346 338
346 339
346 343
346 344
346 345
346 347
346 348
346 349
346 350
347 293
347 316
347 338
347 345
347 346
347 348
347 349
347 350
347 351
348 316
348 317
348 338
348 339
348 346
348 347
348 349
348 350
348 351
348 352
349 287
349 288
349 289
349 346
349 347
349 348
349 350
349 351
349 352
349 353
350 287
350 289
350 292
350 296
350 346
350 347
350 348
350 349
350 351
350 352
350 353
350 354
351 314
351 315
351 316
351 347
351 348
351 349
351 350
351 352
351 353
351 354
351 355
352 348
352 349
352 350
352 351
352 353
352 354
352 355
352 356
353 287
353 349
353 350
353 351
353 352
353 354
353 355
353 356
353 357
354 350
354 351
354 352
354 353
354 355
354 356
354 357
354 358
354 363
354 365
355 351
355 352
355 353
355 354
355 356
355 357
355 358
355 359
355 365
356 352
356 353
356 354
356 355
356 357
356 358
356 359
356 360
357 353
357 354
357 355
357 356
357 358
357 359
357 360
357 361
357 362
357 363
358 354
358 355
358 356
358 357
358 359
358 360
358 361
358 362
358 363
358 364
358 365
359 355
359 356
359 357
359 358
359 360
359 361
359 362
360 88
360 91
360 356
360 357
360 358
360 359
360 361
360 362
361 85
361 86
361 87
361 88
361 89
361 91
361 357
361 358
361 359
361 360
361 362
361 363
361 364
362 87
362 88
362 89
362 91
362 92
362 357
362 358
362 359
362 360
362 361
362 363
362 364
363 87
363 92
363 308
363 309
363 310
363 311
363 354
363 357
363 358
363 361
363 362
363 364
363 365
364 85
364 87
364 309
364 310
364 311
364 358
364 361
364 362
364 363
364 365
364 366
365 310
365 311
365 312
365 314
365 354
365 355
365 358
365 363
365 364
365 366
365 367
366 310
366 311
366 312
366 313
366 364
366 365
366 367
366 368
366 369
366 370
367 164
367 165
367 312
367 313
367 314
367 315
367 365
367 366
367 368
367 369
368 164
368 165
368 168
368 366
368 367
368 369
368 370
369 165
369 167
369 168
369 169
369 170
369 366
369 367
369 368
369 370
369 371
370 168
370 169
370 170
370 173
370 366
370 368
370 369
370 371
370 372
371 169
371 170
371 369
371 370
371 372
371 373
371 374
372 169
372 170
372 172
372 173
372 370
372 371
372 373
372 374
373 172
373 173
373 176
373 371
373 372
373 374
374 173
374 371
374 372
374 373
