0 1
0 2
1 0
1 2
1 3
2 0
2 1
2 3
2 4
3 1
3 2
3 4
3 5
4 2
4 3
4 5
4 6
5 3
5 4
5 6
5 7
6 4
6 5
6 7
6 8
7 5
7 6
7 8
7 9
7 10
8 6
8 7
8 9
8 10
9 7
9 8
9 10
9 11
10 7
10 8
10 9
10 11
10 12
10 13
10 14
10 42
10 65
10 66
10 67
11 9
11 10
11 12
11 13
11 14
11 66
11 67
12 10
12 11
12 13
12 14
13 10
13 11
13 12
13 14
13 15
13 66
13 67
13 68
14 10
14 11
14 12
14 13
14 15
14 16
14 64
14 65
14 66
14 67
14 68
15 13
15 14
15 16
15 17
15 64
15 65
15 66
15 67
15 68
15 71
15 95
15 96
16 14
16 15
16 17
16 18
16 62
16 63
16 64
16 65
16 71
16 95
16 96
17 15
17 16
17 18
17 19
17 62
17 63
17 64
17 71
17 93
17 94
17 95
17 96
18 16
18 17
18 19
18 20
18 60
18 61
18 62
18 63
18 92
18 93
18 94
18 95
18 96
19 17
19 18
19 20
19 21
19 22
19 60
19 61
19 62
19 63
19 91
19 92
19 93
19 94
20 18
20 19
20 21
20 22
20 59
20 60
20 61
20 91
20 92
20 93
21 19
21 20
21 22
21 23
21 59
21 60
21 84
21 87
21 89
21 90
21 91
21 92
22 19
22 20
22 21
22 23
22 24
22 26
22 59
22 60
22 61
22 84
22 87
22 91
23 21
23 22
23 24
23 25
23 26
23 59
23 84
23 85
23 86
23 87
24 22
24 23
24 25
24 26
24 56
24 57
24 58
24 59
25 23
25 24
25 26
25 27
25 57
26 22
26 23
26 24
26 25
26 27
26 28
26 29
26 30
26 31
27 25
27 26
27 28
27 29
27 30
27 31
27 46
28 26
28 27
28 29
28 30
28 31
28 32
28 44
28 45
28 46
29 26
29 27
29 28
29 30
29 31
29 32
29 33
30 26
30 27
30 28
30 29
30 31
30 32
30 33
30 34
31 26
31 27
31 28
31 29
31 30
31 32
31 33
31 34
31 35
31 44
32 28
32 29
32 30
32 31
32 33
32 34
32 35
32 36
32 41
32 44
33 29
33 30
33 31
33 32
33 34
33 35
33 36
33 37
34 30
34 31
34 32
34 33
34 35
34 36
34 37
35 31
35 32
35 33
35 34
35 36
35 37
35 38
35 39
35 41
35 74
36 32
36 33
36 34
36 35
36 37
36 38
36 39
36 40
36 41
37 33
37 34
37 35
37 36
37 38
37 39
37 40
38 35
38 36
38 37
38 39
38 40
38 70
38 71
38 73
38 74
39 35
39 36
39 37
39 38
39 40
39 41
39 65
39 66
39 70
39 71
40 36
40 37
40 38
40 39
40 41
40 42
40 65
40 66
40 70
41 32
41 35
41 36
41 39
41 40
41 42
41 43
41 44
41 63
41 64
41 65
41 66
42 10
42 40
42 41
42 43
42 44
42 63
42 64
42 65
42 66
43 41
43 42
43 44
43 45
43 62
43 63
43 64
43 65
44 28
44 31
44 32
44 41
44 42
44 43
44 45
44 46
44 61
44 62
44 63
44 64
45 28
45 43
45 44
45 46
45 47
45 61
45 62
45 63
46 27
46 28
46 44
46 45
46 47
46 48
46 57
46 60
46 61
46 62
47 45
47 46
47 48
47 49
47 57
47 58
47 59
47 60
47 61
47 62
48 46
48 47
48 49
48 50
48 55
48 56
48 57
48 58
49 47
49 48
49 50
49 51
49 52
49 55
49 56
49 57
49 58
50 48
50 49
50 51
50 52
50 53
50 55
50 56
51 49
51 50
51 52
51 53
51 55
52 49
52 50
52 51
52 53
52 54
52 55
52 56
53 50
53 51
53 52
53 54
53 55
53 56
54 52
54 53
54 55
54 56
55 48
55 49
55 50
55 51
55 52
55 53
55 54
55 56
55 57
56 24
56 48
56 49
56 50
56 52
56 53
56 54
56 55
56 57
56 58
57 24
57 25
57 46
57 47
57 48
57 49
57 55
57 56
57 58
57 59
57 60
58 24
58 47
58 48
58 49
58 56
58 57
58 59
58 60
59 20
59 21
59 22
59 23
59 24
59 47
59 57
59 58
59 60
59 61
60 18
60 19
60 20
60 21
60 22
60 46
60 47
60 57
60 58
60 59
60 61
60 62
61 18
61 19
61 20
61 22
61 44
61 45
61 46
61 47
61 59
61 60
61 62
61 63
62 16
62 17
62 18
62 19
62 43
62 44
62 45
62 46
62 47
62 60
62 61
62 63
62 64
62 96
63 16
63 17
63 18
63 19
63 41
63 42
63 43
63 44
63 45
63 61
63 62
63 64
63 65
64 14
64 15
64 16
64 17
64 41
64 42
64 43
64 44
64 62
64 63
64 65
64 66
64 71
65 10
65 14
65 15
65 16
65 39
65 40
65 41
65 42
65 43
65 63
65 64
65 66
65 67
65 68
65 70
65 71
66 10
66 11
66 13
66 14
66 15
66 39
66 40
66 41
66 42
66 64
66 65
66 67
66 68
66 70
67 10
67 11
67 13
67 14
67 15
67 65
67 66
67 68
67 69
67 70
67 71
68 13
68 14
68 15
68 65
68 66
68 67
68 69
68 70
68 71
68 72
69 67
69 68
69 70
69 71
69 72
69 73
70 38
70 39
70 40
70 65
70 66
70 67
70 68
70 69
70 71
70 72
70 73
70 74
71 15
71 16
71 17
71 38
71 39
71 64
71 65
71 67
71 68
71 69
71 70
71 72
71 73
71 74
71 75
72 68
72 69
72 70
72 71
72 73
72 74
72 75
72 76
73 38
73 69
73 70
73 71
73 72
73 74
73 75
73 76
73 77
74 35
74 38
74 70
74 71
74 72
74 73
74 75
74 76
74 77
74 78
75 71
75 72
75 73
75 74
75 76
75 77
75 78
75 79
75 93
75 94
76 72
76 73
76 74
76 75
76 77
76 78
76 79
77 73
77 74
77 75
77 76
77 78
77 79
77 81
77 82
78 74
78 75
78 76
78 77
78 79
78 80
78 81
78 82
78 90
78 91
78 92
78 93
79 75
79 76
79 77
79 78
79 80
79 81
79 82
79 90
79 91
79 92
79 93
79 94
80 78
80 79
80 81
80 82
80 83
80 89
80 90
80 91
80 92
80 93
81 77
81 78
81 79
81 80
81 82
81 83
81 90
81 91
82 77
82 78
82 79
82 80
82 81
82 83
82 84
82 90
82 91
83 80
83 81
83 82
83 84
83 85
83 87
83 88
83 89
83 90
83 91
84 21
84 22
84 23
84 82
84 83
84 85
84 86
84 87
84 89
84 90
84 91
85 23
85 83
85 84
85 86
85 87
86 23
86 84
86 85
86 87
86 88
87 21
87 22
87 23
87 83
87 84
87 85
87 86
87 88
87 89
87 90
88 83
88 86
88 87
88 89
88 90
89 21
89 80
89 83
89 84
89 87
89 88
89 90
89 91
90 21
90 78
90 79
90 80
90 81
90 82
90 83
90 84
90 87
90 88
90 89
90 91
90 92
91 19
91 20
91 21
91 22
91 78
91 79
91 80
91 81
91 82
91 83
91 84
91 89
91 90
91 92
91 93
92 18
92 19
92 20
92 21
92 78
92 79
92 80
92 90
92 91
92 93
92 94
93 17
93 18
93 19
93 20
93 75
93 78
93 79
93 80
93 91
93 92
93 94
93 95
94 17
94 18
94 19
94 75
94 79
94 92
94 93
94 95
94 96
95 15
95 16
95 17
95 18
95 93
95 94
95 96
95 97
96 15
96 16
96 17
96 18
96 62
96 94
96 95
96 97
96 98
96 99
97 95
97 96
97 98
97 99
97 100
97 101
98 96
98 97
98 99
98 100
98 101
98 102
99 96
99 97
99 98
99 100
99 101
99 102
99 103
100 97
100 98
100 99
100 101
100 102
100 103
100 104
101 97
101 98
101 99
101 100
101 102
101 103
101 104
101 105
102 98
102 99
102 100
102 101
102 103
102 104
102 105
102 106
103 99
103 100
103 101
103 102
103 104
103 105
103 106
103 107
104 100
104 101
104 102
104 103
104 105
104 106
104 107
104 108
104 153
105 101
105 102
105 103
105 104
105 106
105 107
105 108
105 184
105 185
105 187
106 102
106 103
106 104
106 105
106 107
106 108
106 157
106 184
106 185
107 103
107 104
107 105
107 106
107 108
107 109
107 153
107 154
107 155
107 156
107 157
107 160
107 184
108 104
108 105
108 106
108 107
108 109
108 110
108 151
108 152
108 153
108 154
108 160
108 184
108 185
109 107
109 108
109 110
109 111
109 151
109 152
109 153
109 160
109 182
109 183
109 184
109 185
110 108
110 109
110 111
110 112
110 149
110 150
110 151
110 152
110 181
110 182
110 183
110 184
110 185
110 186
111 109
111 110
111 112
111 113
111 114
111 149
111 150
111 151
111 152
111 180
111 181
111 182
111 183
112 110
112 111
112 113
112 114
112 148
112 149
112 150
112 180
112 181
112 182
113 111
113 112
113 114
113 115
113 148
113 149
113 176
113 178
113 179
113 180
113 181
114 111
114 112
114 113
114 115
114 116
114 118
114 148
114 149
114 150
114 173
114 176
114 180
115 113
115 114
115 116
115 117
115 118
115 148
115 173
115 174
115 175
115 176
116 114
116 115
116 117
116 118
116 145
116 146
116 147
116 148
117 115
117 116
117 118
117 119
117 146
118 114
118 115
118 116
118 117
118 119
118 120
118 122
118 123
119 117
119 118
119 120
119 121
119 122
119 123
119 138
120 118
120 119
120 121
120 122
120 123
120 124
120 136
120 137
120 138
121 119
121 120
121 122
121 123
121 124
121 125
122 118
122 119
122 120
122 121
122 123
122 124
122 125
122 126
123 118
123 119
123 120
123 121
123 122
123 124
123 125
123 126
123 127
123 136
124 120
124 121
124 122
124 123
124 125
124 126
124 127
124 128
124 133
124 136
125 121
125 122
125 123
125 124
125 126
125 127
125 128
125 129
126 122
126 123
126 124
126 125
126 127
126 128
126 129
127 123
127 124
127 125
127 126
127 128
127 129
127 130
127 131
127 133
127 163
128 124
128 125
128 126
128 127
128 129
128 130
128 131
128 132
128 133
129 125
129 126
129 127
129 128
129 130
129 131
130 127
130 128
130 129
130 131
130 132
130 159
130 160
130 162
130 163
131 127
131 128
131 129
131 130
131 132
131 133
131 154
131 155
131 156
131 159
131 160
131 163
132 128
132 130
132 131
132 133
132 134
132 154
132 155
132 156
132 159
133 124
133 127
133 128
133 131
133 132
133 134
133 135
133 136
133 152
133 153
133 154
133 155
134 132
134 133
134 135
134 136
134 152
134 153
134 154
134 155
135 133
135 134
135 136
135 137
135 151
135 152
135 153
135 154
136 120
136 123
136 124
136 133
136 134
136 135
136 137
136 138
136 150
136 151
136 152
136 153
137 120
137 135
137 136
137 138
137 139
137 150
137 151
137 152
138 119
138 120
138 136
138 137
138 139
138 140
138 146
138 147
138 149
138 150
138 151
139 137
139 138
139 140
139 141
139 146
139 147
139 148
139 149
139 150
139 151
140 138
140 139
140 141
140 142
140 143
140 144
140 145
140 146
140 147
141 139
141 140
141 142
141 143
141 144
141 145
141 146
141 147
142 140
142 141
142 143
142 144
142 145
143 140
143 141
143 142
143 144
143 145
144 140
144 141
144 142
144 143
144 145
144 146
145 116
145 140
145 141
145 142
145 143
145 144
145 146
145 147
146 116
146 117
146 138
146 139
146 140
146 141
146 144
146 145
146 147
146 148
146 149
147 116
147 138
147 139
147 140
147 141
147 145
147 146
147 148
147 149
148 112
148 113
148 114
148 115
148 116
148 139
148 146
148 147
148 149
148 150
149 110
149 111
149 112
149 113
149 114
149 138
149 139
149 146
149 147
149 148
149 150
149 151
150 110
150 111
150 112
150 114
150 136
150 137
150 138
150 139
150 148
150 149
150 151
150 152
151 108
151 109
151 110
151 111
151 135
151 136
151 137
151 138
151 139
151 149
151 150
151 152
151 153
151 185
152 108
152 109
152 110
152 111
152 133
152 134
152 135
152 136
152 137
152 150
152 151
152 153
152 154
153 104
153 107
153 108
153 109
153 133
153 134
153 135
153 136
153 151
153 152
153 154
153 155
153 160
154 107
154 108
154 131
154 132
154 133
154 134
154 135
154 152
154 153
154 155
154 156
154 157
154 159
154 160
155 107
155 131
155 132
155 133
155 134
155 153
155 154
155 156
155 157
155 159
156 107
156 131
156 132
156 154
156 155
156 157
156 158
156 159
156 160
157 106
157 107
157 154
157 155
157 156
157 158
157 159
157 160
157 161
158 156
158 157
158 159
158 160
158 161
158 162
159 130
159 131
159 132
159 154
159 155
159 156
159 157
159 158
159 160
159 161
159 162
159 163
160 107
160 108
160 109
160 130
160 131
160 153
160 154
160 156
160 157
160 158
160 159
160 161
160 162
160 163
160 164
161 157
161 158
161 159
161 160
161 162
161 163
161 164
161 165
162 130
162 158
162 159
162 160
162 161
162 163
162 164
162 165
162 166
163 127
163 130
163 131
163 159
163 160
163 161
163 162
163 164
163 165
163 166
163 167
163 168
163 182
164 160
164 161
164 162
164 163
164 165
164 166
164 167
164 168
164 182
164 183
164 184
165 161
165 162
165 163
165 164
165 166
165 167
165 168
166 162
166 163
166 164
166 165
166 167
166 168
166 170
167 163
167 164
167 165
167 166
167 168
167 169
167 170
167 171
167 180
167 181
167 182
168 163
168 164
168 165
168 166
168 167
168 169
168 170
168 171
168 179
168 180
168 181
168 182
168 183
169 167
169 168
169 170
169 171
169 172
169 179
169 180
169 181
169 182
170 166
170 167
170 168
170 169
170 171
170 172
170 179
170 180
171 167
171 168
171 169
171 170
171 172
171 173
171 179
171 180
172 169
172 170
172 171
172 173
172 174
172 176
172 177
172 178
172 179
172 180
173 114
173 115
173 171
173 172
173 174
173 175
173 176
173 179
173 180
174 115
174 172
174 173
174 175
174 176
175 115
175 173
175 174
175 176
175 177
176 113
176 114
176 115
176 172
176 173
176 174
176 175
176 177
176 178
176 179
177 172
177 175
177 176
177 178
177 179
178 113
178 172
178 176
178 177
178 179
178 180
179 113
179 168
179 169
179 170
179 171
179 172
179 173
179 176
179 177
179 178
179 180
179 181
180 111
180 112
180 113
180 114
180 167
180 168
180 169
180 170
180 171
180 172
180 173
180 178
180 179
180 181
180 182
181 110
181 111
181 112
181 113
181 167
181 168
181 169
181 179
181 180
181 182
181 183
182 109
182 110
182 111
182 112
182 163
182 164
182 167
182 168
182 169
182 180
182 181
182 183
182 184
183 109
183 110
183 111
183 164
183 168
183 181
183 182
183 184
183 185
184 105
184 106
184 107
184 108
184 109
184 110
184 164
184 182
184 183
184 185
184 186
185 105
185 106
185 108
185 109
185 110
185 151
185 183
185 184
185 186
185 187
186 110
186 184
186 185
186 187
186 188
186 190
186 191
187 105
187 185
187 186
187 188
187 189
187 190
187 191
188 186
188 187
188 189
188 190
188 191
188 192
189 187
189 188
189 190
189 191
189 192
189 193
190 186
190 187
190 188
190 189
190 191
190 192
190 193
190 194
191 186
191 187
191 188
191 189
191 190
191 192
191 193
191 194
191 195
192 188
192 189
192 190
192 191
192 193
192 194
192 195
192 196
193 189
193 190
193 191
193 192
193 194
193 195
193 196
193 197
194 190
194 191
194 192
194 193
194 195
194 196
194 197
194 198
195 191
195 192
195 193
195 194
195 196
195 197
195 198
195 199
196 192
196 193
196 194
196 195
196 197
196 198
196 199
196 200
197 193
197 194
197 195
197 196
197 198
197 199
197 200
197 201
198 194
198 195
198 196
198 197
198 199
198 200
198 201
198 202
199 195
199 196
199 197
199 198
199 200
199 201
199 202
199 203
200 196
200 197
200 198
200 199
200 201
200 202
200 203
200 204
201 197
201 198
201 199
201 200
201 202
201 203
201 204
201 205
202 198
202 199
202 200
202 201
202 203
202 204
202 205
202 206
203 199
203 200
203 201
203 202
203 204
203 205
203 206
203 207
204 200
204 201
204 202
204 203
204 205
204 206
204 207
204 208
205 201
205 202
205 203
205 204
205 206
205 207
205 208
205 209
206 202
206 203
206 204
206 205
206 207
206 208
206 209
206 210
207 203
207 204
207 205
207 206
207 208
207 209
207 210
207 211
208 204
208 205
208 206
208 207
208 209
208 210
208 211
208 212
209 205
209 206
209 207
209 208
209 210
209 211
209 212
210 206
210 207
210 208
210 209
210 211
210 212
210 213
211 207
211 208
211 209
211 210
211 212
211 213
211 214
212 208
212 209
212 210
212 211
212 213
212 214
213 210
213 211
213 212
213 214
213 215
214 211
214 212
214 213
214 215
214 216
215 213
215 214
215 216
215 217
216 214
216 215
216 217
216 218
217 215
217 216
217 218
217 219
218 216
218 217
218 219
218 220
219 217
219 218
219 220
219 221
220 218
220 219
220 221
220 222
221 219
221 220
221 222
221 223
222 220
222 221
222 223
222 224
222 225
223 221
223 222
223 224
223 225
223 226
223 227
224 222
224 223
224 225
224 226
224 227
224 228
225 222
225 223
225 224
225 226
225 227
225 228
225 229
226 223
226 224
226 225
226 227
226 228
226 229
226 230
227 223
227 224
227 225
227 226
227 228
227 229
227 230
227 231
228 224
228 225
228 226
228 227
228 229
228 230
228 231
228 232
229 225
229 226
229 227
229 228
229 230
229 231
229 232
229 233
230 226
230 227
230 228
230 229
230 231
230 232
230 233
230 234
231 227
231 228
231 229
231 230
231 232
231 233
231 234
231 235
232 228
232 229
232 230
232 231
232 233
232 234
232 235
232 236
233 229
233 230
233 231
233 232
233 234
233 235
233 236
233 237
234 230
234 231
234 232
234 233
234 235
234 236
234 237
234 238
235 231
235 232
235 233
235 234
235 236
235 237
235 238
235 239
236 232
236 233
236 234
236 235
236 237
236 238
236 239
236 240
237 233
237 234
237 235
237 236
237 238
237 239
237 240
237 241
238 234
238 235
238 236
238 237
238 239
238 240
238 241
239 235
239 236
239 237
239 238
239 240
239 241
240 236
240 237
240 238
240 239
240 241
240 242
241 237
241 238
241 239
241 240
241 242
241 243
242 240
242 241
242 243
242 244
243 241
243 242
243 244
243 245
244 242
244 243
244 245
244 246
245 243
245 244
245 246
245 247
246 244
246 245
246 247
246 248
246 249
247 245
247 246
247 248
247 249
248 246
248 247
248 249
248 250
249 246
249 247
249 248
249 250
249 251
250 248
250 249
250 251
250 252
251 249
251 250
251 252
251 253
252 250
252 251
252 253
252 254
253 251
253 252
253 254
253 255
254 252
254 253
254 255
254 256
255 253
255 254
255 256
255 257
255 259
256 254
256 255
256 257
256 258
256 259
256 260
257 255
257 256
257 258
257 259
257 260
257 261
258 256
258 257
258 259
258 260
258 261
258 262
259 255
259 256
259 257
259 258
259 260
259 261
259 262
259 263
260 256
260 257
260 258
260 259
260 261
260 262
260 263
260 264
261 257
261 258
261 259
261 260
261 262
261 263
261 264
261 265
262 258
262 259
262 260
262 261
262 263
262 264
262 265
262 266
263 259
263 260
263 261
263 262
263 264
263 265
263 266
263 267
264 260
264 261
264 262
264 263
264 265
264 266
264 267
264 268
265 261
265 262
265 263
265 264
265 266
265 267
265 268
265 269
266 262
266 263
266 264
266 265
266 267
266 268
266 269
266 270
267 263
267 264
267 265
267 266
267 268
267 269
267 270
267 271
268 264
268 265
268 266
268 267
268 269
268 270
268 271
269 265
269 266
269 267
269 268
269 270
269 271
269 272
270 266
270 267
270 268
270 269
270 271
270 272
270 273
271 267
271 268
271 269
271 270
271 272
271 273
271 274
272 269
272 270
272 271
272 273
272 274
273 270
273 271
273 272
273 274
273 275
274 271
274 272
274 273
274 275
274 276
275 273
275 274
275 276
275 277
276 274
276 275
276 277
276 278
277 275
277 276
277 278
277 279
278 276
278 277
278 279
278 280
279 277
279 278
279 280
279 281
280 278
280 279
280 281
280 282
281 279
281 280
281 282
281 283
282 280
282 281
282 283
282 284
283 281
283 282
283 284
283 285
284 282
284 283
284 285
284 286
285 283
285 284
285 286
285 287
286 284
286 285
286 287
286 288
287 285
287 286
287 288
287 289
288 286
288 287
288 289
288 290
289 287
289 288
289 290
289 291
290 288
290 289
290 291
290 292
291 289
291 290
291 292
291 293
292 290
292 291
292 293
292 294
293 291
293 292
293 294
293 295
294 292
294 293
294 295
294 296
295 293
295 294
295 296
295 297
296 294
296 295
296 297
296 298
297 295
297 296
297 298
297 299
298 296
298 297
298 299
298 300
299 297
299 298
299 300
299 301
300 298
300 299
300 301
300 302
301 299
301 300
301 302
301 303
302 300
302 301
302 303
302 304
303 301
303 302
303 304
303 305
304 302
304 303
304 305
304 306
305 303
305 304
305 306
305 307
306 304
306 305
306 307
306 308
307 305
307 306
307 308
307 309
308 306
308 307
308 309
308 310
309 307
309 308
309 310
309 311
310 308
310 309
310 311
310 312
311 309
311 310
311 312
311 313
312 310
312 311
312 313
312 314
313 311
313 312
313 314
313 315
314 312
314 313
314 315
314 316
315 313
315 314
315 316
315 317
316 314
316 315
316 317
316 318
317 315
317 316
317 318
317 319
318 316
318 317
318 319
318 320
319 317
319 318
319 320
319 321
320 318
320 319
320 321
320 322
321 319
321 320
321 322
321 323
322 320
322 321
322 323
322 324
323 321
323 322
323 324
323 325
324 322
324 323
324 325
324 326
325 323
325 324
325 326
325 327
326 324
326 325
326 327
326 328
327 325
327 326
327 328
327 329
328 326
328 327
328 329
328 330
329 327
329 328
329 330
329 331
330 328
330 329
330 331
330 332
331 329
331 330
331 332
331 333
332 330
332 331
332 333
332 334
333 331
333 332
333 334
333 335
334 332
334 333
334 335
334 336
335 333
335 334
335 336
335 337
336 334
336 335
336 337
336 338
337 335
337 336
337 338
337 339
338 336
338 337
338 339
338 340
339 337
339 338
339 340
339 341
340 338
340 339
340 341
340 342
341 339
341 340
341 342
341 343
342 340
342 341
342 343
342 344
343 341
343 342
343 344
343 345
344 342
344 343
344 345
344 346
345 343
345 344
345 346
345 347
346 344
346 345
346 347
346 348
347 345
347 346
347 348
347 349
348 346
348 347
348 349
348 350
349 347
349 348
349 350
349 351
350 348
350 349
350 351
350 352
351 349
351 350
351 352
351 353
352 350
352 351
352 353
352 354
353 351
353 352
353 354
353 355
354 352
354 353
354 355
354 356
355 353
355 354
355 356
355 357
355 358
356 354
356 355
356 357
356 358
357 355
357 356
357 358
357 359
357 360
358 355
358 356
358 357
358 359
358 360
358 361
359 357
359 358
359 360
359 361
359 362
360 357
360 358
360 359
360 361
360 362
360 363
361 358
361 359
361 360
361 362
361 363
361 364
362 359
362 360
362 361
362 363
362 364
363 360
363 361
363 362
363 364
363 365
364 361
364 362
364 363
364 365
364 366
365 363
365 364
365 366
365 367
366 364
366 365
366 367
366 368
367 365
367 366
367 368
367 369
368 366
368 367
368 369
368 370
369 367
369 368
369 370
369 371
370 368
370 369
370 371
370 372
371 369
371 370
371 372
371 373
372 370
372 371
372 373
372 374
373 371
373 372
373 374
373 375
374 372
374 373
374 375
374 376
375 373
375 374
375 376
375 377
376 374
376 375
376 377
376 378
377 375
377 376
377 378
377 379
378 376
378 377
378 379
378 380
379 377
379 378
379 380
379 381
380 378
380 379
380 381
380 382
381 379
381 380
381 382
381 383
382 380
382 381
382 383
382 384
383 381
383 382
383 384
383 385
384 382
384 383
384 385
384 386
385 383
385 384
385 386
385 387
385 388
386 384
386 385
386 387
386 388
387 385
387 386
387 388
387 389
388 385
388 386
388 387
388 389
388 390
389 387
389 388
389 390
389 391
390 388
390 389
390 391
390 392
391 389
391 390
391 392
391 393
392 390
392 391
392 393
392 394
393 391
393 392
393 394
393 395
393 428
393 430
394 392
394 393
394 395
394 396
394 427
394 428
394 447
395 393
395 394
395 396
395 397
395 401
395 427
395 428
395 447
396 394
396 395
396 397
396 398
396 399
396 400
396 401
396 427
396 447
396 448
396 449
396 450
397 395
397 396
397 398
397 399
397 400
397 401
397 448
397 449
397 450
397 451
398 396
398 397
398 399
398 400
398 401
398 451
398 478
399 396
399 397
399 398
399 400
399 401
399 450
399 451
399 454
399 475
399 476
400 396
400 397
400 398
400 399
400 401
400 402
400 447
400 448
400 449
400 450
400 451
400 452
400 453
400 454
400 455
400 475
401 395
401 396
401 397
401 398
401 399
401 400
401 402
401 403
401 445
401 446
401 447
401 448
401 451
401 454
401 475
401 476
402 400
402 401
402 403
402 404
402 445
402 446
402 447
402 454
402 458
402 473
402 474
402 475
402 476
403 401
403 402
403 404
403 405
403 443
403 444
403 445
403 446
403 473
403 474
403 475
403 476
404 402
404 403
404 405
404 406
404 407
404 443
404 444
404 445
404 446
404 471
404 472
404 473
404 474
405 403
405 404
405 406
405 407
405 442
405 443
405 444
405 471
405 472
405 473
406 404
406 405
406 407
406 408
406 442
406 443
406 469
406 470
406 471
406 472
407 404
407 405
407 406
407 408
407 409
407 411
407 442
407 443
407 444
407 466
407 469
407 470
407 471
408 406
408 407
408 409
408 410
408 411
408 440
408 442
408 466
408 467
408 469
409 407
409 408
409 410
409 411
409 439
409 440
409 441
409 442
410 408
410 409
410 411
410 412
410 440
411 407
411 408
411 409
411 410
411 412
411 413
411 414
411 415
411 416
411 431
411 440
412 410
412 411
412 413
412 414
412 415
412 416
412 430
412 431
412 440
413 411
413 412
413 414
413 415
413 416
413 417
413 429
413 430
413 431
413 444
414 411
414 412
414 413
414 415
414 416
414 417
414 418
414 429
415 411
415 412
415 413
415 414
415 416
415 417
415 418
415 419
416 411
416 412
416 413
416 414
416 415
416 417
416 418
416 419
416 420
416 429
416 430
416 431
416 444
416 446
417 413
417 414
417 415
417 416
417 418
417 419
417 420
417 421
417 426
417 428
417 429
417 430
417 446
418 414
418 415
418 416
418 417
418 419
418 420
418 421
418 422
419 415
419 416
419 417
419 418
419 420
419 421
419 422
420 416
420 417
420 418
420 419
420 421
420 422
420 423
420 424
420 426
420 446
420 457
421 417
421 418
421 419
421 420
421 422
421 423
421 424
421 425
421 426
422 418
422 419
422 420
422 421
422 423
422 424
423 420
423 421
423 422
423 424
423 425
423 453
423 454
423 456
423 457
424 420
424 421
424 422
424 423
424 425
424 426
424 448
424 450
424 453
424 454
425 421
425 423
425 424
425 426
425 427
425 448
425 449
425 450
425 453
426 417
426 420
426 421
426 424
426 425
426 427
426 428
426 429
426 446
426 447
426 448
426 449
427 394
427 395
427 396
427 425
427 426
427 428
427 429
427 446
427 447
427 448
427 449
428 393
428 394
428 395
428 417
428 426
428 427
428 429
428 430
428 445
428 446
428 447
428 448
429 413
429 414
429 416
429 417
429 426
429 427
429 428
429 430
429 431
429 444
429 445
429 446
429 447
430 393
430 412
430 413
430 416
430 417
430 428
430 429
430 431
430 432
430 444
430 445
430 446
431 411
431 412
431 413
431 416
431 429
431 430
431 432
431 433
431 440
431 441
431 442
431 443
431 444
431 445
432 430
432 431
432 433
432 434
432 440
432 441
432 442
432 443
432 444
433 431
433 432
433 434
433 435
433 438
433 439
433 440
433 441
433 442
434 432
434 433
434 435
434 436
434 437
434 438
434 439
434 440
434 441
435 433
435 434
435 436
435 437
435 438
435 439
436 434
436 435
436 437
436 438
437 434
437 435
437 436
437 438
437 439
438 433
438 434
438 435
438 436
438 437
438 439
438 440
439 409
439 433
439 434
439 435
439 437
439 438
439 440
439 441
440 408
440 409
440 410
440 411
440 412
440 431
440 432
440 433
440 434
440 438
440 439
440 441
440 442
440 443
441 409
441 431
441 432
441 433
441 434
441 439
441 440
441 442
441 443
442 405
442 406
442 407
442 408
442 409
442 431
442 432
442 433
442 440
442 441
442 443
442 444
443 403
443 404
443 405
443 406
443 407
443 431
443 432
443 440
443 441
443 442
443 444
443 445
444 403
444 404
444 405
444 407
444 413
444 416
444 429
444 430
444 431
444 432
444 442
444 443
444 445
444 446
445 401
445 402
445 403
445 404
445 428
445 429
445 430
445 431
445 443
445 444
445 446
445 447
446 401
446 402
446 403
446 404
446 416
446 417
446 420
446 426
446 427
446 428
446 429
446 430
446 444
446 445
446 447
446 448
447 394
447 395
447 396
447 400
447 401
447 402
447 426
447 427
447 428
447 429
447 445
447 446
447 448
447 449
447 454
448 396
448 397
448 400
448 401
448 424
448 425
448 426
448 427
448 428
448 446
448 447
448 449
448 450
448 451
448 453
448 454
449 396
449 397
449 400
449 425
449 426
449 427
449 447
449 448
449 450
449 451
450 396
450 397
450 399
450 400
450 424
450 425
450 448
450 449
450 451
450 452
450 453
450 454
451 397
451 398
451 399
451 400
451 401
451 448
451 449
451 450
451 452
451 453
451 454
451 455
452 400
452 450
452 451
452 453
452 454
452 455
452 456
453 400
453 423
453 424
453 425
453 448
453 450
453 451
453 452
453 454
453 455
453 456
453 457
454 399
454 400
454 401
454 402
454 423
454 424
454 447
454 448
454 450
454 451
454 452
454 453
454 455
454 456
454 457
454 458
454 475
455 400
455 451
455 452
455 453
455 454
455 456
455 457
455 458
455 459
456 423
456 452
456 453
456 454
456 455
456 457
456 458
456 459
456 460
457 420
457 423
457 453
457 454
457 455
457 456
457 458
457 459
457 460
457 461
457 462
458 402
458 454
458 455
458 456
458 457
458 459
458 460
458 461
458 462
458 473
458 474
458 475
459 455
459 456
459 457
459 458
459 460
459 461
459 462
460 456
460 457
460 458
460 459
460 461
460 462
460 463
460 464
461 457
461 458
461 459
461 460
461 462
461 463
461 464
461 471
461 472
461 473
462 457
462 458
462 459
462 460
462 461
462 463
462 464
462 471
462 472
462 473
462 474
463 460
463 461
463 462
463 464
463 465
463 470
463 471
463 472
463 473
464 460
464 461
464 462
464 463
464 465
464 466
464 470
464 471
464 472
465 463
465 464
465 466
465 467
465 468
465 469
465 470
465 471
466 407
466 408
466 464
466 465
466 467
466 468
466 469
466 470
466 471
467 408
467 465
467 466
467 468
467 469
468 465
468 466
468 467
468 469
468 470
469 406
469 407
469 408
469 465
469 466
469 467
469 468
469 470
469 471
470 406
470 407
470 463
470 464
470 465
470 466
470 468
470 469
470 471
470 472
471 404
471 405
471 406
471 407
471 461
471 462
471 463
471 464
471 465
471 466
471 469
471 470
471 472
471 473
472 404
472 405
472 406
472 461
472 462
472 463
472 464
472 470
472 471
472 473
472 474
473 402
473 403
473 404
473 405
473 458
473 461
473 462
473 463
473 471
473 472
473 474
473 475
474 402
474 403
474 404
474 458
474 462
474 472
474 473
474 475
474 476
475 399
475 400
475 401
475 402
475 403
475 454
475 458
475 473
475 474
475 476
475 477
476 399
476 401
476 402
476 403
476 474
476 475
476 477
476 478
477 475
477 476
477 478
477 479
477 481
477 482
478 398
478 476
478 477
478 479
478 480
478 481
478 482
479 477
479 478
479 480
479 481
479 482
480 478
480 479
480 481
480 482
480 483
481 477
481 478
481 479
481 480
481 482
481 483
481 484
482 477
482 478
482 479
482 480
482 481
482 483
482 484
483 480
483 481
483 482
483 484
483 485
484 481
484 482
484 483
484 485
485 483
485 484
