0 1
0 2
1 0
1 2
1 3
2 0
2 1
2 3
2 4
3 1
3 2
3 4
3 5
4 2
4 3
4 5
4 6
5 3
5 4
5 6
5 7
6 4
6 5
6 7
6 8
7 5
7 6
7 8
7 9
8 6
8 7
8 9
8 10
9 7
9 8
9 10
9 11
10 8
10 9
10 11
10 12
11 9
11 10
11 12
11 13
12 10
12 11
12 13
12 14
13 11
13 12
13 14
13 15
14 12
14 13
14 15
14 16
15 13
15 14
15 16
15 17
16 14
16 15
16 17
16 18
17 15
17 16
17 18
17 19
18 16
18 17
18 19
18 20
19 17
19 18
19 20
19 21
20 18
20 19
20 21
20 22
21 19
21 20
21 22
21 23
22 20
22 21
22 23
22 24
23 21
23 22
23 24
23 25
24 22
24 23
24 25
24 26
25 23
25 24
25 26
25 27
26 24
26 25
26 27
26 28
27 25
27 26
27 28
27 29
28 26
28 27
28 29
28 30
29 27
29 28
29 30
29 31
30 28
30 29
30 31
30 32
31 29
31 30
31 32
31 33
32 30
32 31
32 33
32 34
33 31
33 32
33 34
33 35
34 32
34 33
34 35
34 36
35 33
35 34
35 36
35 37
36 34
36 35
36 37
36 38
37 35
37 36
37 38
37 39
38 36
38 37
38 39
38 40
39 37
39 38
39 40
39 41
40 38
40 39
40 41
40 42
41 39
41 40
41 42
41 43
42 40
42 41
42 43
42 44
43 41
43 42
43 44
43 45
44 42
44 43
44 45
44 46
45 43
45 44
45 46
45 47
46 44
46 45
46 47
46 48
47 45
47 46
47 48
47 49
48 46
48 47
48 49
48 50
49 47
49 48
49 50
49 51
50 48
50 49
50 51
50 52
51 49
51 50
51 52
51 53
52 50
52 51
52 53
52 54
53 51
53 52
53 54
53 55
54 52
54 53
54 55
54 56
55 53
55 54
55 56
55 57
56 54
56 55
56 57
56 58
57 55
57 56
57 58
57 59
58 56
58 57
58 59
58 60
59 57
59 58
59 60
59 61
60 58
60 59
60 61
60 62
61 59
61 60
61 62
61 63
62 60
62 61
62 63
62 64
63 61
63 62
63 64
63 65
64 62
64 63
64 65
64 66
65 63
65 64
65 66
65 67
66 64
66 65
66 67
66 68
67 65
67 66
67 68
67 69
68 66
68 67
68 69
68 70
69 67
69 68
69 70
69 71
70 68
70 69
70 71
70 72
71 69
71 70
71 72
71 73
72 70
72 71
72 73
72 74
73 71
73 72
73 74
73 75
74 72
74 73
74 75
74 76
75 73
75 74
75 76
75 77
76 74
76 75
76 77
76 78
77 75
77 76
77 78
77 79
78 76
78 77
78 79
78 80
79 77
79 78
79 80
79 81
80 78
80 79
80 81
80 82
81 79
81 80
81 82
81 83
82 80
82 81
82 83
82 84
83 81
83 82
83 84
83 85
84 82
84 83
84 85
84 86
85 83
85 84
85 86
85 87
86 84
86 85
86 87
86 88
87 85
87 86
87 88
87 89
88 86
88 87
88 89
88 90
89 87
89 88
89 90
89 91
90 88
90 89
90 91
90 92
91 89
91 90
91 92
91 93
92 90
92 91
92 93
92 94
93 91
93 92
93 94
93 95
94 92
94 93
94 95
94 96
95 93
95 94
95 96
95 97
96 94
96 95
96 97
96 98
97 95
97 96
97 98
97 99
98 96
98 97
98 99
98 100
99 97
99 98
99 100
99 101
100 98
100 99
100 101
100 102
101 99
101 100
101 102
101 103
102 100
102 101
102 103
102 104
103 101
103 102
103 104
103 105
104 102
104 103
104 105
104 106
105 103
105 104
105 106
105 107
106 104
106 105
106 107
106 108
107 105
107 106
107 108
107 109
108 106
108 107
108 109
108 110
109 107
109 108
109 110
109 111
110 108
110 109
110 111
110 112
111 109
111 110
111 112
111 113
112 110
112 111
112 113
112 114
112 115
113 111
113 112
113 114
113 115
113 116
114 112
114 113
114 115
114 116
115 112
115 113
115 114
115 116
115 117
116 113
116 114
116 115
116 117
116 118
117 115
117 116
117 118
117 119
118 116
118 117
118 119
118 120
119 117
119 118
119 120
119 121
120 118
120 119
120 121
120 122
121 119
121 120
121 122
121 123
122 120
122 121
122 123
122 124
123 121
123 122
123 124
123 125
124 122
124 123
124 125
124 126
125 123
125 124
125 126
125 127
126 124
126 125
126 127
126 128
126 129
127 125
127 126
127 128
127 129
128 126
128 127
128 129
128 130
129 126
129 127
129 128
129 130
129 131
130 128
130 129
130 131
130 132
131 129
131 130
131 132
131 133
131 134
132 130
132 131
132 133
132 134
133 131
133 132
133 134
133 135
134 131
134 132
134 133
134 135
134 136
134 137
135 133
135 134
135 136
135 137
136 134
136 135
136 137
136 138
137 134
137 135
137 136
137 138
137 139
137 141
138 136
138 137
138 139
138 140
138 141
138 142
139 137
139 138
139 140
139 141
139 142
139 143
140 138
140 139
140 141
140 142
140 143
141 137
141 138
141 139
141 140
141 142
141 143
141 440
141 443
142 138
142 139
142 140
142 141
142 143
142 144
142 439
142 440
142 443
143 139
143 140
143 141
143 142
143 144
143 145
143 159
144 142
144 143
144 145
144 146
144 148
144 149
144 155
144 159
144 443
145 143
145 144
145 146
145 147
145 148
145 149
146 144
146 145
146 147
146 148
146 149
146 150
147 145
147 146
147 148
147 149
147 150
147 151
148 144
148 145
148 146
148 147
148 149
148 150
148 151
148 152
148 155
148 450
149 144
149 145
149 146
149 147
149 148
149 150
149 151
149 152
149 153
149 155
149 156
150 146
150 147
150 148
150 149
150 151
150 152
150 153
151 147
151 148
151 149
151 150
151 152
151 153
152 148
152 149
152 150
152 151
152 153
152 154
152 155
153 149
153 150
153 151
153 152
153 154
153 155
153 156
154 152
154 153
154 155
154 156
154 157
154 158
155 144
155 148
155 149
155 152
155 153
155 154
155 156
155 157
155 158
155 159
156 149
156 153
156 154
156 155
156 157
156 158
156 159
156 160
157 154
157 155
157 156
157 158
157 159
157 160
157 161
158 154
158 155
158 156
158 157
158 159
158 160
158 161
158 162
159 143
159 144
159 155
159 156
159 157
159 158
159 160
159 161
159 162
159 163
160 156
160 157
160 158
160 159
160 161
160 162
160 163
160 164
161 157
161 158
161 159
161 160
161 162
161 163
161 164
161 165
162 158
162 159
162 160
162 161
162 163
162 164
162 165
162 166
163 159
163 160
163 161
163 162
163 164
163 165
163 166
163 167
164 160
164 161
164 162
164 163
164 165
164 166
164 167
164 168
165 161
165 162
165 163
165 164
165 166
165 167
165 168
165 169
166 162
166 163
166 164
166 165
166 167
166 168
166 169
166 170
167 163
167 164
167 165
167 166
167 168
167 169
167 170
167 171
168 164
168 165
168 166
168 167
168 169
168 170
168 171
168 172
169 165
169 166
169 167
169 168
169 170
169 171
169 172
169 173
170 166
170 167
170 168
170 169
170 171
170 172
170 173
170 174
171 167
171 168
171 169
171 170
171 172
171 173
171 174
171 175
172 168
172 169
172 170
172 171
172 173
172 174
172 175
172 176
173 169
173 170
173 171
173 172
173 174
173 175
173 176
173 177
174 170
174 171
174 172
174 173
174 175
174 176
174 177
174 178
175 171
175 172
175 173
175 174
175 176
175 177
175 178
175 179
176 172
176 173
176 174
176 175
176 177
176 178
176 179
176 180
176 423
177 173
177 174
177 175
177 176
177 178
177 179
177 180
177 181
178 174
178 175
178 176
178 177
178 179
178 180
178 181
178 182
179 175
179 176
179 177
179 178
179 180
179 181
179 182
179 183
179 419
179 423
180 176
180 177
180 178
180 179
180 181
180 182
180 183
180 184
180 423
181 177
181 178
181 179
181 180
181 182
181 183
181 184
181 185
182 178
182 179
182 180
182 181
182 183
182 184
182 185
183 179
183 180
183 181
183 182
183 184
183 185
183 186
183 187
183 416
183 419
183 420
184 180
184 181
184 182
184 183
184 185
184 186
185 181
185 182
185 183
185 184
185 186
185 187
186 183
186 184
186 185
186 187
186 188
186 307
186 412
187 183
187 185
187 186
187 188
187 189
187 412
187 413
187 416
188 186
188 187
188 189
188 190
188 410
188 411
188 412
188 413
189 187
189 188
189 190
189 191
189 410
189 411
189 412
189 413
190 188
190 189
190 191
190 192
190 408
190 409
190 410
190 411
191 189
191 190
191 192
191 193
191 237
191 238
191 239
191 408
191 409
191 410
191 411
192 190
192 191
192 193
192 194
192 237
192 238
192 239
192 406
192 407
192 408
192 409
193 191
193 192
193 194
193 195
193 235
193 236
193 237
193 238
193 406
193 407
193 408
193 409
194 192
194 193
194 195
194 196
194 235
194 236
194 237
194 238
194 404
194 405
194 406
194 407
195 193
195 194
195 196
195 197
195 233
195 234
195 235
195 236
195 404
195 405
195 406
195 407
196 194
196 195
196 197
196 198
196 232
196 233
196 234
196 235
196 402
196 403
196 404
196 405
197 195
197 196
197 198
197 199
197 231
197 232
197 233
197 234
197 402
197 403
197 404
198 196
198 197
198 199
198 200
198 231
198 232
198 233
198 399
198 400
198 401
198 402
198 403
199 197
199 198
199 200
199 201
199 229
199 230
199 231
199 232
199 392
199 393
199 399
199 401
199 402
200 198
200 199
200 201
200 202
200 229
200 230
200 231
200 394
200 399
201 199
201 200
201 202
201 203
201 227
201 228
201 229
201 230
201 393
201 394
201 395
201 396
201 399
202 200
202 201
202 203
202 204
202 227
202 228
202 229
203 201
203 202
203 204
203 205
203 226
203 227
203 228
203 292
204 202
204 203
204 205
204 206
204 224
204 225
204 226
204 227
204 228
205 203
205 204
205 206
205 207
205 224
205 225
205 226
206 204
206 205
206 207
206 208
207 205
207 206
207 208
207 209
207 210
208 206
208 207
208 209
208 210
209 207
209 208
209 210
209 211
210 207
210 208
210 209
210 211
210 212
210 213
211 209
211 210
211 212
211 213
212 210
212 211
212 213
212 214
213 210
213 211
213 212
213 214
213 215
214 212
214 213
214 215
214 216
215 213
215 214
215 216
215 217
216 214
216 215
216 217
216 218
216 219
217 215
217 216
217 218
217 219
218 216
218 217
218 219
218 220
219 216
219 217
219 218
219 220
219 221
220 218
220 219
220 221
220 222
221 219
221 220
221 222
221 223
222 220
222 221
222 223
222 224
223 221
223 222
223 224
223 225
224 204
224 205
224 222
224 223
224 225
224 226
225 204
225 205
225 223
225 224
225 226
225 227
226 203
226 204
226 205
226 224
226 225
226 227
226 228
226 290
226 291
227 201
227 202
227 203
227 204
227 225
227 226
227 228
227 229
227 290
227 291
227 292
228 201
228 202
228 203
228 204
228 226
228 227
228 229
228 230
228 288
228 289
228 290
228 291
228 292
229 199
229 200
229 201
229 202
229 227
229 228
229 230
229 231
229 288
229 289
229 290
229 291
229 292
229 392
229 394
230 199
230 200
230 201
230 228
230 229
230 231
230 232
230 286
230 287
230 288
230 289
231 197
231 198
231 199
231 200
231 229
231 230
231 232
231 233
231 286
231 287
231 288
231 392
232 196
232 197
232 198
232 199
232 230
232 231
232 233
232 234
232 284
232 285
232 286
232 287
233 195
233 196
233 197
233 198
233 231
233 232
233 234
233 235
233 284
233 285
233 286
234 195
234 196
234 197
234 232
234 233
234 235
234 236
234 248
234 283
234 284
234 285
235 193
235 194
235 195
235 196
235 233
235 234
235 236
235 237
235 248
235 283
235 284
236 193
236 194
236 195
236 234
236 235
236 237
236 238
236 247
236 248
236 283
237 191
237 192
237 193
237 194
237 235
237 236
237 238
237 239
237 240
237 245
237 246
237 248
238 191
238 192
238 193
238 194
238 236
238 237
238 239
238 240
239 191
239 192
239 237
239 238
239 240
239 241
240 237
240 238
240 239
240 241
240 242
240 243
240 245
241 239
241 240
241 242
241 243
242 240
242 241
242 243
242 244
242 245
243 240
243 241
243 242
243 244
243 245
244 242
244 243
244 245
244 246
245 237
245 240
245 242
245 243
245 244
245 246
245 247
246 237
246 244
246 245
246 247
246 248
246 250
247 236
247 245
247 246
247 248
247 249
247 250
247 251
247 281
247 282
247 283
248 234
248 235
248 236
248 237
248 246
248 247
248 249
248 250
248 251
248 252
248 281
248 282
248 283
248 284
249 247
249 248
249 250
249 251
249 252
249 281
249 282
249 283
249 284
250 246
250 247
250 248
250 249
250 251
250 252
250 253
250 281
250 282
250 304
251 247
251 248
251 249
251 250
251 252
251 253
251 303
251 304
251 305
251 409
252 248
252 249
252 250
252 251
252 253
252 254
252 255
252 275
252 301
252 302
252 303
252 304
253 250
253 251
253 252
253 254
253 255
253 274
253 275
253 302
253 303
253 304
254 252
254 253
254 255
254 256
254 272
254 273
254 274
254 275
254 301
254 302
254 303
254 304
255 252
255 253
255 254
255 256
255 257
255 272
255 273
255 274
255 299
255 300
255 301
255 302
256 254
256 255
256 257
256 258
256 270
256 271
256 272
256 273
256 299
256 300
256 301
257 255
257 256
257 258
257 259
257 270
257 271
257 272
257 297
257 298
257 299
257 300
258 256
258 257
258 259
258 260
258 269
258 270
258 271
258 297
258 298
258 299
258 300
259 257
259 258
259 260
259 261
259 264
259 269
259 270
259 295
259 296
259 297
259 298
260 258
260 259
260 261
260 262
260 263
260 264
260 265
260 269
260 295
260 296
260 297
261 259
261 260
261 262
261 263
261 264
261 265
261 266
261 268
261 269
262 260
262 261
262 263
262 264
262 265
263 260
263 261
263 262
263 264
263 265
263 269
263 295
264 259
264 260
264 261
264 262
264 263
264 265
264 266
264 267
264 268
264 269
265 260
265 261
265 262
265 263
265 264
265 266
265 267
265 268
265 269
266 261
266 264
266 265
266 267
266 268
266 269
267 264
267 265
267 266
267 268
267 269
267 270
268 261
268 264
268 265
268 266
268 267
268 269
268 270
268 271
269 258
269 259
269 260
269 261
269 263
269 264
269 265
269 266
269 267
269 268
269 270
269 271
270 256
270 257
270 258
270 259
270 267
270 268
270 269
270 271
270 272
271 256
271 257
271 258
271 268
271 269
271 270
271 272
271 273
272 254
272 255
272 256
272 257
272 270
272 271
272 273
272 274
273 254
273 255
273 256
273 271
273 272
273 274
273 275
274 253
274 254
274 255
274 272
274 273
274 275
274 276
275 252
275 253
275 254
275 273
275 274
275 276
275 277
275 279
276 274
276 275
276 277
276 278
276 279
277 275
277 276
277 278
277 279
278 276
278 277
278 279
278 280
279 275
279 276
279 277
279 278
279 280
279 281
280 278
280 279
280 281
280 282
281 247
281 248
281 249
281 250
281 279
281 280
281 282
281 283
282 247
282 248
282 249
282 250
282 280
282 281
282 283
282 284
282 285
283 234
283 235
283 236
283 247
283 248
283 249
283 281
283 282
283 284
283 285
284 232
284 233
284 234
284 235
284 248
284 249
284 282
284 283
284 285
284 286
285 232
285 233
285 234
285 282
285 283
285 284
285 286
285 287
286 230
286 231
286 232
286 233
286 284
286 285
286 287
286 288
287 230
287 231
287 232
287 285
287 286
287 288
287 289
288 228
288 229
288 230
288 231
288 286
288 287
288 289
288 290
289 228
289 229
289 230
289 287
289 288
289 290
289 291
290 226
290 227
290 228
290 229
290 288
290 289
290 291
290 292
291 226
291 227
291 228
291 229
291 289
291 290
291 292
291 293
292 203
292 227
292 228
292 229
292 290
292 291
292 293
292 294
292 394
293 291
293 292
293 294
293 295
293 393
293 394
294 292
294 293
294 295
294 296
294 391
294 392
294 393
294 394
295 259
295 260
295 263
295 293
295 294
295 296
295 297
295 391
295 392
295 393
296 259
296 260
296 294
296 295
296 297
296 298
296 389
296 390
296 391
296 392
297 257
297 258
297 259
297 260
297 295
297 296
297 298
297 299
297 389
297 390
297 391
297 392
298 257
298 258
298 259
298 296
298 297
298 299
298 300
298 387
298 388
298 389
298 390
299 255
299 256
299 257
299 258
299 297
299 298
299 300
299 301
299 386
299 387
299 388
299 389
299 390
300 255
300 256
300 257
300 258
300 298
300 299
300 301
300 302
300 385
300 386
300 387
300 388
301 252
301 254
301 255
301 256
301 299
301 300
301 302
301 303
301 385
301 386
301 387
302 252
302 253
302 254
302 255
302 300
302 301
302 303
302 304
302 383
302 384
302 385
302 386
303 251
303 252
303 253
303 254
303 301
303 302
303 304
303 305
303 385
304 250
304 251
304 252
304 253
304 254
304 302
304 303
304 305
304 306
304 308
305 251
305 303
305 304
305 306
305 307
305 308
305 309
305 410
306 304
306 305
306 307
306 308
306 309
306 410
307 186
307 305
307 306
307 308
307 309
307 326
308 304
308 305
308 306
308 307
308 309
308 310
308 326
308 327
309 305
309 306
309 307
309 308
309 310
309 311
309 324
309 325
309 326
309 327
309 382
309 383
310 308
310 309
310 311
310 312
310 324
310 325
310 326
310 327
310 380
310 381
310 382
310 383
311 309
311 310
311 312
311 313
311 323
311 324
311 325
311 380
311 381
311 382
311 383
311 384
312 310
312 311
312 313
312 314
312 316
312 317
312 322
312 323
312 324
312 379
312 380
312 381
313 311
313 312
313 314
313 315
313 316
313 317
313 379
313 380
313 381
314 312
314 313
314 315
314 316
314 317
314 318
314 323
315 313
315 314
315 316
315 317
315 318
315 319
315 361
316 312
316 313
316 314
316 315
316 317
316 318
316 319
316 320
316 361
316 379
317 312
317 313
317 314
317 315
317 316
317 318
317 319
317 320
317 321
317 322
317 323
318 314
318 315
318 316
318 317
318 319
318 320
318 321
318 322
318 323
319 315
319 316
319 317
319 318
319 320
319 321
319 322
319 357
320 316
320 317
320 318
320 319
320 321
320 322
320 333
320 334
320 337
321 317
321 318
321 319
321 320
321 322
321 323
322 312
322 317
322 318
322 319
322 320
322 321
322 323
322 324
322 325
322 330
323 311
323 312
323 314
323 317
323 318
323 321
323 322
323 324
323 325
324 309
324 310
324 311
324 312
324 322
324 323
324 325
324 326
324 383
325 309
325 310
325 311
325 322
325 323
325 324
325 326
325 327
325 329
325 330
326 307
326 308
326 309
326 310
326 324
326 325
326 327
326 328
326 329
326 330
327 308
327 309
327 310
327 325
327 326
327 328
327 329
327 330
327 331
328 326
328 327
328 329
328 330
328 331
328 332
329 325
329 326
329 327
329 328
329 330
329 331
329 332
329 333
330 322
330 325
330 326
330 327
330 328
330 329
330 331
330 332
330 333
330 334
331 327
331 328
331 329
331 330
331 332
331 333
331 334
331 335
332 328
332 329
332 330
332 331
332 333
332 334
332 335
332 336
333 320
333 329
333 330
333 331
333 332
333 334
333 335
333 336
333 337
334 320
334 330
334 331
334 332
334 333
334 335
334 336
334 337
334 338
335 331
335 332
335 333
335 334
335 336
335 337
335 338
335 339
336 332
336 333
336 334
336 335
336 337
336 338
336 339
336 340
337 320
337 333
337 334
337 335
337 336
337 338
337 339
337 340
337 341
338 334
338 335
338 336
338 337
338 339
338 340
338 341
338 342
338 343
338 344
338 352
339 335
339 336
339 337
339 338
339 340
339 341
339 342
339 343
339 344
340 336
340 337
340 338
340 339
340 341
340 342
340 343
341 337
341 338
341 339
341 340
341 342
341 343
342 338
342 339
342 340
342 341
342 343
342 344
343 338
343 339
343 340
343 341
343 342
343 344
343 345
343 352
343 353
343 354
343 355
344 338
344 339
344 342
344 343
344 345
344 346
344 349
344 350
344 351
344 352
344 353
345 343
345 344
345 346
345 347
345 348
345 349
345 350
345 351
345 352
345 353
346 344
346 345
346 347
346 348
346 349
347 345
347 346
347 348
347 349
348 345
348 346
348 347
348 349
348 350
348 351
349 344
349 345
349 346
349 347
349 348
349 350
349 351
349 352
350 344
350 345
350 348
350 349
350 351
350 352
350 368
350 369
351 344
351 345
351 348
351 349
351 350
351 352
351 353
351 366
351 367
351 368
351 369
352 338
352 343
352 344
352 345
352 349
352 350
352 351
352 353
352 354
352 366
352 367
352 368
352 369
353 343
353 344
353 345
353 351
353 352
353 354
353 355
353 365
353 366
353 367
354 343
354 352
354 353
354 355
354 356
354 357
354 358
354 359
354 364
354 365
354 366
354 367
355 343
355 353
355 354
355 356
355 357
355 358
355 359
355 365
356 354
356 355
356 357
356 358
356 359
356 360
357 319
357 354
357 355
357 356
357 358
357 359
357 360
357 361
358 354
358 355
358 356
358 357
358 359
358 360
358 361
358 362
358 363
358 364
359 354
359 355
359 356
359 357
359 358
359 360
359 361
359 362
359 363
359 364
359 365
360 356
360 357
360 358
360 359
360 361
360 362
360 363
360 364
361 315
361 316
361 357
361 358
361 359
361 360
361 362
361 363
362 358
362 359
362 360
362 361
362 363
362 364
362 375
363 358
363 359
363 360
363 361
363 362
363 364
363 365
364 354
364 358
364 359
364 360
364 362
364 363
364 365
364 366
364 367
365 353
365 354
365 355
365 359
365 363
365 364
365 366
365 367
366 351
366 352
366 353
366 354
366 364
366 365
366 367
366 368
367 351
367 352
367 353
367 354
367 364
367 365
367 366
367 368
367 369
367 371
367 372
368 350
368 351
368 352
368 366
368 367
368 369
368 370
368 371
368 372
369 350
369 351
369 352
369 367
369 368
369 370
369 371
369 372
370 368
370 369
370 371
370 372
370 373
371 367
371 368
371 369
371 370
371 372
371 373
371 374
371 375
372 367
372 368
372 369
372 370
372 371
372 373
372 374
372 375
372 376
373 370
373 371
373 372
373 374
373 375
373 376
373 377
374 371
374 372
374 373
374 375
374 376
374 377
374 378
375 362
375 371
375 372
375 373
375 374
375 376
375 377
375 378
375 379
376 372
376 373
376 374
376 375
376 377
376 378
376 379
376 380
377 373
377 374
377 375
377 376
377 378
377 379
377 380
378 374
378 375
378 376
378 377
378 379
378 380
378 381
379 312
379 313
379 316
379 375
379 376
379 377
379 378
379 380
379 381
380 310
380 311
380 312
380 313
380 376
380 377
380 378
380 379
380 381
380 382
381 310
381 311
381 312
381 313
381 378
381 379
381 380
381 382
381 383
382 309
382 310
382 311
382 380
382 381
382 383
382 384
383 302
383 309
383 310
383 311
383 324
383 381
383 382
383 384
383 385
384 302
384 311
384 382
384 383
384 385
384 386
385 300
385 301
385 302
385 303
385 383
385 384
385 386
385 387
386 299
386 300
386 301
386 302
386 384
386 385
386 387
386 388
387 298
387 299
387 300
387 301
387 385
387 386
387 388
387 389
388 298
388 299
388 300
388 386
388 387
388 389
388 390
389 296
389 297
389 298
389 299
389 387
389 388
389 390
389 391
390 296
390 297
390 298
390 299
390 388
390 389
390 391
390 392
391 294
391 295
391 296
391 297
391 389
391 390
391 392
391 393
392 199
392 229
392 231
392 294
392 295
392 296
392 297
392 390
392 391
392 393
392 394
393 199
393 201
393 293
393 294
393 295
393 391
393 392
393 394
393 395
393 398
393 399
394 200
394 201
394 229
394 292
394 293
394 294
394 392
394 393
394 395
394 396
394 398
394 399
395 201
395 393
395 394
395 396
395 397
395 398
395 399
396 201
396 394
396 395
396 397
396 398
396 399
397 395
397 396
397 398
397 399
397 400
398 393
398 394
398 395
398 396
398 397
398 399
398 400
398 401
399 198
399 199
399 200
399 201
399 393
399 394
399 395
399 396
399 397
399 398
399 400
399 401
400 198
400 397
400 398
400 399
400 401
400 402
401 198
401 199
401 398
401 399
401 400
401 402
401 403
402 196
402 197
402 198
402 199
402 400
402 401
402 403
402 404
403 196
403 197
403 198
403 401
403 402
403 404
403 405
404 194
404 195
404 196
404 197
404 402
404 403
404 405
404 406
405 194
405 195
405 196
405 403
405 404
405 406
405 407
406 192
406 193
406 194
406 195
406 404
406 405
406 407
406 408
407 192
407 193
407 194
407 195
407 405
407 406
407 408
407 409
408 190
408 191
408 192
408 193
408 406
408 407
408 409
408 410
409 190
409 191
409 192
409 193
409 251
409 407
409 408
409 410
409 411
410 188
410 189
410 190
410 191
410 305
410 306
410 408
410 409
410 411
410 412
411 188
411 189
411 190
411 191
411 409
411 410
411 412
411 413
412 186
412 187
412 188
412 189
412 410
412 411
412 413
412 414
412 416
413 187
413 188
413 189
413 411
413 412
413 414
413 415
413 416
413 417
414 412
414 413
414 415
414 416
414 417
414 418
415 413
415 414
415 416
415 417
415 418
415 419
416 183
416 187
416 412
416 413
416 414
416 415
416 417
416 418
416 419
416 420
417 413
417 414
417 415
417 416
417 418
417 419
417 420
417 421
418 414
418 415
418 416
418 417
418 419
418 420
418 421
418 422
419 179
419 183
419 415
419 416
419 417
419 418
419 420
419 421
419 422
419 423
420 183
420 416
420 417
420 418
420 419
420 421
420 422
420 423
420 424
421 417
421 418
421 419
421 420
421 422
421 423
421 424
421 425
422 418
422 419
422 420
422 421
422 423
422 424
422 425
423 176
423 179
423 180
423 419
423 420
423 421
423 422
423 424
423 425
424 420
424 421
424 422
424 423
424 425
424 426
425 421
425 422
425 423
425 424
425 426
425 427
426 424
426 425
426 427
426 428
426 429
427 425
427 426
427 428
427 429
427 430
428 426
428 427
428 429
428 430
428 431
428 432
429 426
429 427
429 428
429 430
429 431
429 432
429 433
430 427
430 428
430 429
430 431
430 432
430 433
430 434
431 428
431 429
431 430
431 432
431 433
431 434
431 435
432 428
432 429
432 430
432 431
432 433
432 434
432 435
432 436
433 429
433 430
433 431
433 432
433 434
433 435
433 436
433 437
434 430
434 431
434 432
434 433
434 435
434 436
434 437
434 438
435 431
435 432
435 433
435 434
435 436
435 437
435 438
435 439
436 432
436 433
436 434
436 435
436 437
436 438
436 439
436 440
437 433
437 434
437 435
437 436
437 438
437 439
437 440
437 441
438 434
438 435
438 436
438 437
438 439
438 440
438 441
438 442
439 142
439 435
439 436
439 437
439 438
439 440
439 441
439 442
439 443
440 141
440 142
440 436
440 437
440 438
440 439
440 441
440 442
440 443
440 444
441 437
441 438
441 439
441 440
441 442
441 443
441 444
441 445
442 438
442 439
442 440
442 441
442 443
442 444
442 445
442 446
443 141
443 142
443 144
443 439
443 440
443 441
443 442
443 444
443 445
443 446
443 447
444 440
444 441
444 442
444 443
444 445
444 446
444 447
444 448
445 441
445 442
445 443
445 444
445 446
445 447
445 448
445 449
446 442
446 443
446 444
446 445
446 447
446 448
446 449
446 450
447 443
447 444
447 445
447 446
447 448
447 449
447 450
447 451
448 444
448 445
448 446
448 447
448 449
448 450
448 451
448 452
449 445
449 446
449 447
449 448
449 450
449 451
449 452
449 453
450 148
450 446
450 447
450 448
450 449
450 451
450 452
450 453
450 454
451 447
451 448
451 449
451 450
451 452
451 453
451 454
451 455
452 448
452 449
452 450
452 451
452 453
452 454
452 455
452 456
453 449
453 450
453 451
453 452
453 454
453 455
453 456
453 457
454 450
454 451
454 452
454 453
454 455
454 456
454 457
454 458
455 451
455 452
455 453
455 454
455 456
455 457
455 458
455 459
456 452
456 453
456 454
456 455
456 457
456 458
456 459
456 460
457 453
457 454
457 455
457 456
457 458
457 459
457 460
457 461
458 454
458 455
458 456
458 457
458 459
458 460
458 461
458 462
458 463
458 466
459 455
459 456
459 457
459 458
459 460
459 461
459 462
459 463
459 466
459 467
460 456
460 457
460 458
460 459
460 461
460 462
460 463
461 457
461 458
461 459
461 460
461 462
461 463
462 458
462 459
462 460
462 461
462 463
462 464
462 465
462 466
463 458
463 459
463 460
463 461
463 462
463 464
463 465
463 466
463 467
464 462
464 463
464 465
464 466
464 467
464 468
465 462
465 463
465 464
465 466
465 467
465 468
465 469
466 458
466 459
466 462
466 463
466 464
466 465
466 467
466 468
466 469
466 470
467 459
467 463
467 464
467 465
467 466
467 468
467 469
467 470
467 471
468 464
468 465
468 466
468 467
468 469
468 470
468 471
468 472
469 465
469 466
469 467
469 468
469 470
469 471
469 472
469 473
470 466
470 467
470 468
470 469
470 471
470 472
470 473
470 474
471 467
471 468
471 469
471 470
471 472
471 473
471 474
471 475
472 468
472 469
472 470
472 471
472 473
472 474
472 475
472 476
473 469
473 470
473 471
473 472
473 474
473 475
473 476
473 477
474 470
474 471
474 472
474 473
474 475
474 476
474 477
474 478
475 471
475 472
475 473
475 474
475 476
475 477
475 478
475 479
476 472
476 473
476 474
476 475
476 477
476 478
476 479
476 480
477 473
477 474
477 475
477 476
477 478
477 479
477 480
477 481
478 474
478 475
478 476
478 477
478 479
478 480
478 481
478 482
479 475
479 476
479 477
479 478
479 480
479 481
479 482
479 483
479 484
479 485
480 476
480 477
480 478
480 479
480 481
480 482
480 483
480 484
481 477
481 478
481 479
481 480
481 482
481 483
482 478
482 479
482 480
482 481
482 483
482 484
483 479
483 480
483 481
483 482
483 484
483 485
484 479
484 480
484 482
484 483
484 485
484 486
485 479
485 483
485 484
485 486
485 487
486 484
486 485
486 487
486 488
486 491
487 485
487 486
487 488
487 489
487 490
487 491
488 486
488 487
488 489
488 490
488 491
488 492
489 487
489 488
489 490
489 491
489 492
489 493
490 487
490 488
490 489
490 491
490 492
490 493
490 496
491 486
491 487
491 488
491 489
491 490
491 492
491 493
491 494
491 496
491 497
492 488
492 489
492 490
492 491
492 493
492 494
492 496
493 489
493 490
493 491
493 492
493 494
493 495
493 496
493 497
494 491
494 492
494 493
494 495
494 496
494 497
494 498
495 493
495 494
495 496
495 497
495 498
495 499
496 490
496 491
496 492
496 493
496 494
496 495
496 497
496 498
496 499
497 491
497 493
497 494
497 495
497 496
497 498
497 499
497 502
498 494
498 495
498 496
498 497
498 499
498 500
498 502
499 495
499 496
499 497
499 498
499 500
499 501
499 502
500 498
500 499
500 501
500 502
500 503
500 504
501 499
501 500
501 502
501 503
501 504
501 505
502 497
502 498
502 499
502 500
502 501
502 503
502 504
502 505
502 506
503 500
503 501
503 502
503 504
503 505
503 506
503 507
504 500
504 501
504 502
504 503
504 505
504 506
504 507
504 508
505 501
505 502
505 503
505 504
505 506
505 507
505 508
505 509
506 502
506 503
506 504
506 505
506 507
506 508
506 509
506 510
507 503
507 504
507 505
507 506
507 508
507 509
507 510
507 511
508 504
508 505
508 506
508 507
508 509
508 510
508 511
508 512
509 505
509 506
509 507
509 508
509 510
509 511
509 512
509 513
510 506
510 507
510 508
510 509
510 511
510 512
510 513
510 514
511 507
511 508
511 509
511 510
511 512
511 513
511 514
511 515
512 508
512 509
512 510
512 511
512 513
512 514
512 515
512 516
513 509
513 510
513 511
513 512
513 514
513 515
513 516
513 517
514 510
514 511
514 512
514 513
514 515
514 516
514 517
514 518
515 511
515 512
515 513
515 514
515 516
515 517
515 518
515 519
516 512
516 513
516 514
516 515
516 517
516 518
516 519
516 520
517 513
517 514
517 515
517 516
517 518
517 519
517 520
517 521
518 514
518 515
518 516
518 517
518 519
518 520
518 521
518 522
519 515
519 516
519 517
519 518
519 520
519 521
519 522
519 523
520 516
520 517
520 518
520 519
520 521
520 522
520 523
520 524
521 517
521 518
521 519
521 520
521 522
521 523
521 524
521 525
522 518
522 519
522 520
522 521
522 523
522 524
522 525
522 526
522 527
522 528
523 519
523 520
523 521
523 522
523 524
523 525
523 526
523 527
524 520
524 521
524 522
524 523
524 525
524 526
525 521
525 522
525 523
525 524
525 526
525 527
526 522
526 523
526 524
526 525
526 527
526 528
527 522
527 523
527 525
527 526
527 528
527 529
528 522
528 526
528 527
528 529
528 530
529 527
529 528
529 530
530 528
530 529
