0 1
0 2
0 3
0 4
1 0
1 2
1 3
1 4
1 5
2 0
2 1
2 3
2 4
2 5
2 6
3 0
3 1
3 2
3 4
3 5
3 6
3 7
4 0
4 1
4 2
4 3
4 5
4 6
4 7
4 8
5 1
5 2
5 3
5 4
5 6
5 7
5 8
5 9
6 2
6 3
6 4
6 5
6 7
6 8
6 9
6 10
7 3
7 4
7 5
7 6
7 8
7 9
7 10
7 11
8 4
8 5
8 6
8 7
8 9
8 10
8 11
8 12
9 5
9 6
9 7
9 8
9 10
9 11
9 12
9 13
10 6
10 7
10 8
10 9
10 11
10 12
10 13
10 14
11 7
11 8
11 9
11 10
11 12
11 13
11 14
11 15
12 8
12 9
12 10
12 11
12 13
12 14
12 15
12 16
13 9
13 10
13 11
13 12
13 14
13 15
13 16
13 17
14 10
14 11
14 12
14 13
14 15
14 16
14 17
14 18
15 11
15 12
15 13
15 14
15 16
15 17
15 18
15 19
16 12
16 13
16 14
16 15
16 17
16 18
16 19
16 20
17 13
17 14
17 15
17 16
17 18
17 19
17 20
17 21
18 14
18 15
18 16
18 17
18 19
18 20
18 21
18 22
19 15
19 16
19 17
19 18
19 20
19 21
19 22
19 23
20 16
20 17
20 18
20 19
20 21
20 22
20 23
20 24
20 25
21 17
21 18
21 19
21 20
21 22
21 23
21 24
21 25
21 26
22 18
22 19
22 20
22 21
22 23
22 24
22 25
23 19
23 20
23 21
23 22
23 24
23 25
24 20
24 21
24 22
24 23
24 25
24 26
24 27
25 20
25 21
25 22
25 23
25 24
25 26
25 27
25 28
25 29
26 21
26 24
26 25
26 27
26 28
26 29
26 30
27 24
27 25
27 26
27 28
27 29
27 30
28 25
28 26
28 27
28 29
28 30
29 25
29 26
29 27
29 28
29 30
29 31
30 26
30 27
30 28
30 29
30 31
30 32
31 29
31 30
31 32
31 33
32 30
32 31
32 33
32 34
32 35
33 31
33 32
33 34
33 35
34 32
34 33
34 35
34 36
34 37
35 32
35 33
35 34
35 36
35 37
36 34
36 35
36 37
36 38
37 34
37 35
37 36
37 38
37 39
37 40
38 36
38 37
38 39
38 40
39 37
39 38
39 40
39 41
39 42
39 191
39 192
40 37
40 38
40 39
40 41
40 42
41 39
41 40
41 42
41 43
42 39
42 40
42 41
42 43
42 44
42 45
42 46
43 41
43 42
43 44
43 45
44 42
44 43
44 45
44 46
45 42
45 43
45 44
45 46
45 47
46 42
46 44
46 45
46 47
46 48
47 45
47 46
47 48
47 49
47 51
48 46
48 47
48 49
48 50
48 51
48 313
49 47
49 48
49 50
49 51
49 52
50 48
50 49
50 51
50 52
50 53
50 54
51 47
51 48
51 49
51 50
51 52
51 53
51 54
51 55
51 58
52 49
52 50
52 51
52 53
52 54
52 55
53 50
53 51
53 52
53 54
53 55
54 50
54 51
54 52
54 53
54 55
54 56
54 57
54 58
55 51
55 52
55 53
55 54
55 56
55 57
55 58
55 59
56 54
56 55
56 57
56 58
56 59
57 54
57 55
57 56
57 58
57 59
58 51
58 54
58 55
58 56
58 57
58 59
58 60
59 55
59 56
59 57
59 58
59 60
59 61
60 58
60 59
60 61
60 62
61 59
61 60
61 62
61 63
62 60
62 61
62 63
62 64
63 61
63 62
63 64
63 65
63 67
64 62
64 63
64 65
64 66
64 67
65 63
65 64
65 66
65 67
66 64
66 65
66 67
66 68
67 63
67 64
67 65
67 66
67 68
67 69
68 66
68 67
68 69
68 70
69 67
69 68
69 70
69 71
69 72
70 68
70 69
70 71
70 72
71 69
71 70
71 72
71 73
72 69
72 70
72 71
72 73
72 74
72 75
73 71
73 72
73 74
73 75
74 72
74 73
74 75
74 76
75 72
75 73
75 74
75 76
75 77
75 78
76 74
76 75
76 77
76 78
77 75
77 76
77 78
77 79
78 75
78 76
78 77
78 79
78 80
79 77
79 78
79 80
79 81
79 83
79 84
79 176
80 78
80 79
80 81
80 82
80 83
80 84
80 85
80 190
80 192
80 193
81 79
81 80
81 82
81 83
81 84
81 85
81 192
81 193
82 80
82 81
82 83
82 84
82 85
82 86
83 79
83 80
83 81
83 82
83 84
83 85
83 86
84 79
84 80
84 81
84 82
84 83
84 85
84 86
84 156
84 157
84 176
84 177
85 80
85 81
85 82
85 83
85 84
85 86
85 87
85 156
85 157
85 176
86 82
86 83
86 84
86 85
86 87
86 88
86 89
86 156
86 157
87 85
87 86
87 88
87 89
87 90
87 91
87 131
87 372
88 86
88 87
88 89
88 90
88 91
89 86
89 87
89 88
89 90
89 91
89 92
89 129
89 130
89 131
90 87
90 88
90 89
90 91
90 92
90 93
90 94
90 95
90 96
90 130
90 131
90 372
91 87
91 88
91 89
91 90
91 92
91 93
91 94
92 89
92 90
92 91
92 93
92 94
93 90
93 91
93 92
93 94
93 95
93 96
94 90
94 91
94 92
94 93
94 95
94 96
94 369
95 90
95 93
95 94
95 96
95 97
95 122
95 130
95 131
95 132
95 365
95 369
96 90
96 93
96 94
96 95
96 97
96 98
96 121
96 122
96 123
96 124
96 129
96 130
96 131
96 132
97 95
97 96
97 98
97 99
97 122
97 123
97 124
97 130
97 131
97 132
97 133
97 134
98 96
98 97
98 99
98 100
98 123
98 124
98 125
98 126
98 127
98 130
98 132
98 133
98 134
99 97
99 98
99 100
99 101
99 114
99 123
99 133
99 134
99 135
100 98
100 99
100 101
100 102
100 133
100 134
100 135
100 136
101 99
101 100
101 102
101 103
102 100
102 101
102 103
102 104
102 106
102 136
102 138
103 101
103 102
103 104
103 105
103 106
104 102
104 103
104 105
104 106
105 103
105 104
105 106
105 107
106 102
106 103
106 104
106 105
106 107
106 108
106 110
106 111
106 138
107 105
107 106
107 108
107 109
107 110
107 111
108 106
108 107
108 109
108 110
108 111
108 112
108 202
109 107
109 108
109 110
109 111
109 112
109 113
109 200
109 202
109 203
109 204
109 357
110 106
110 107
110 108
110 109
110 111
110 112
110 113
110 114
110 136
111 106
111 107
111 108
111 109
111 110
111 112
111 113
111 114
111 115
112 108
112 109
112 110
112 111
112 113
112 114
112 115
112 116
112 206
112 357
112 358
113 109
113 110
113 111
113 112
113 114
113 115
113 116
113 117
113 206
113 357
113 358
113 361
114 99
114 110
114 111
114 112
114 113
114 115
114 116
114 117
114 118
115 111
115 112
115 113
115 114
115 116
115 117
115 118
115 119
116 112
116 113
116 114
116 115
116 117
116 118
116 119
116 120
116 206
116 357
116 358
116 361
116 362
117 113
117 114
117 115
117 116
117 118
117 119
117 120
117 122
117 123
117 358
117 361
117 362
118 114
118 115
118 116
118 117
118 119
118 120
118 122
118 123
118 124
119 115
119 116
119 117
119 118
119 120
119 121
119 123
119 570
120 116
120 117
120 118
120 119
120 121
120 122
120 123
120 570
121 96
121 119
121 120
121 122
121 123
121 568
122 95
122 96
122 97
122 117
122 118
122 120
122 121
122 123
122 124
122 365
123 96
123 97
123 98
123 99
123 117
123 118
123 119
123 120
123 121
123 122
123 124
123 125
124 96
124 97
124 98
124 118
124 122
124 123
124 125
124 126
124 127
124 129
124 130
125 98
125 123
125 124
125 126
125 127
126 98
126 124
126 125
126 127
126 128
126 129
126 130
127 98
127 124
127 125
127 126
127 128
127 129
127 130
127 133
128 126
128 127
128 129
128 130
129 89
129 96
129 124
129 126
129 127
129 128
129 130
129 131
130 89
130 90
130 95
130 96
130 97
130 98
130 124
130 126
130 127
130 128
130 129
130 131
130 132
130 133
131 87
131 89
131 90
131 95
131 96
131 97
131 129
131 130
131 132
131 133
131 157
132 95
132 96
132 97
132 98
132 130
132 131
132 133
132 134
132 157
132 158
132 159
133 97
133 98
133 99
133 100
133 127
133 130
133 131
133 132
133 134
133 135
133 157
133 158
133 159
134 97
134 98
134 99
134 100
134 132
134 133
134 135
134 136
134 158
134 159
134 160
134 161
135 99
135 100
135 133
135 134
135 136
135 137
135 158
135 159
135 160
135 161
136 100
136 102
136 110
136 134
136 135
136 137
136 138
136 160
136 161
136 162
137 135
137 136
137 138
137 139
137 146
137 160
137 161
137 162
137 163
138 102
138 106
138 136
138 137
138 139
138 140
138 146
139 137
139 138
139 140
139 141
139 164
139 166
140 138
140 139
140 141
140 142
140 143
140 144
140 145
140 146
140 166
141 139
141 140
141 142
141 143
142 140
142 141
142 143
142 144
143 140
143 141
143 142
143 144
143 145
143 167
144 140
144 142
144 143
144 145
144 146
145 140
145 143
145 144
145 146
145 147
145 168
146 137
146 138
146 140
146 144
146 145
146 147
146 148
147 145
147 146
147 148
147 149
148 146
148 147
148 149
148 150
148 152
149 147
149 148
149 150
149 151
149 152
150 148
150 149
150 151
150 152
151 149
151 150
151 152
151 153
152 148
152 149
152 150
152 151
152 153
152 154
152 155
152 156
152 158
153 151
153 152
153 154
153 155
153 156
154 152
154 153
154 155
154 156
154 174
154 175
154 176
154 177
155 152
155 153
155 154
155 156
155 157
155 158
155 174
155 175
155 176
155 177
155 178
156 84
156 85
156 86
156 152
156 153
156 154
156 155
156 157
156 158
156 175
156 176
156 177
157 84
157 85
157 86
157 131
157 132
157 133
157 155
157 156
157 158
157 159
157 176
157 177
157 178
158 132
158 133
158 134
158 135
158 152
158 155
158 156
158 157
158 159
158 160
158 176
158 177
158 178
159 132
159 133
159 134
159 135
159 157
159 158
159 160
159 161
159 177
159 178
159 179
159 180
160 134
160 135
160 136
160 137
160 158
160 159
160 161
160 162
160 177
160 178
160 179
160 180
161 134
161 135
161 136
161 137
161 159
161 160
161 162
161 163
161 179
161 180
161 181
162 136
162 137
162 160
162 161
162 163
162 164
162 165
162 166
162 179
162 180
162 181
162 182
163 137
163 161
163 162
163 164
163 165
163 181
163 182
163 197
163 199
163 200
164 139
164 162
164 163
164 165
164 166
164 181
164 182
165 162
165 163
165 164
165 166
165 167
165 182
166 139
166 140
166 162
166 164
166 165
166 167
166 168
166 169
167 143
167 165
167 166
167 168
167 169
168 145
168 166
168 167
168 169
168 170
168 172
169 166
169 167
169 168
169 170
169 171
169 172
170 168
170 169
170 171
170 172
170 173
170 174
171 169
171 170
171 172
171 173
171 174
172 168
172 169
172 170
172 171
172 173
172 174
173 170
173 171
173 172
173 174
173 175
174 154
174 155
174 170
174 171
174 172
174 173
174 175
174 176
174 177
175 154
175 155
175 156
175 173
175 174
175 176
175 177
176 79
176 84
176 85
176 154
176 155
176 156
176 157
176 158
176 174
176 175
176 177
176 178
177 84
177 154
177 155
177 156
177 157
177 158
177 159
177 160
177 174
177 175
177 176
177 178
177 179
178 155
178 157
178 158
178 159
178 160
178 176
178 177
178 179
178 180
178 193
178 194
178 195
179 159
179 160
179 161
179 162
179 177
179 178
179 180
179 181
179 193
179 194
179 195
180 159
180 160
180 161
180 162
180 178
180 179
180 181
180 182
180 194
180 195
180 196
180 197
180 364
181 161
181 162
181 163
181 164
181 179
181 180
181 182
181 183
181 184
181 194
181 195
181 196
181 197
182 162
182 163
182 164
182 165
182 180
182 181
182 183
182 184
182 196
182 197
182 198
182 199
182 200
182 305
183 181
183 182
183 184
183 185
183 196
183 197
183 198
183 199
183 282
183 302
183 303
183 304
183 305
184 181
184 182
184 183
184 185
184 186
184 188
184 189
184 196
184 197
184 302
184 303
185 183
185 184
185 186
185 187
185 188
185 189
185 301
185 302
185 303
186 184
186 185
186 187
186 188
186 189
186 301
186 302
186 303
187 185
187 186
187 188
187 189
188 184
188 185
188 186
188 187
188 189
188 190
189 184
189 185
189 186
189 187
189 188
189 190
189 191
189 194
189 196
189 303
190 80
190 188
190 189
190 191
190 192
190 193
190 194
191 39
191 189
191 190
191 192
191 193
191 194
191 195
191 308
192 39
192 80
192 81
192 190
192 191
192 193
192 194
192 195
192 308
193 80
193 81
193 178
193 179
193 190
193 191
193 192
193 194
193 195
194 178
194 179
194 180
194 181
194 189
194 190
194 191
194 192
194 193
194 195
194 196
195 178
195 179
195 180
195 181
195 191
195 192
195 193
195 194
195 196
195 197
195 305
195 306
195 364
196 180
196 181
196 182
196 183
196 184
196 189
196 194
196 195
196 197
196 198
196 303
196 304
196 305
196 306
196 307
197 163
197 180
197 181
197 182
197 183
197 184
197 195
197 196
197 198
197 199
197 304
197 305
197 306
197 360
197 364
198 182
198 183
198 196
198 197
198 199
198 200
198 282
198 286
198 304
198 305
198 354
198 360
199 163
199 182
199 183
199 197
199 198
199 200
199 201
199 282
199 283
199 286
200 109
200 163
200 182
200 198
200 199
200 201
200 202
200 204
200 283
200 357
201 199
201 200
201 202
201 203
201 204
201 283
202 108
202 109
202 200
202 201
202 203
202 204
203 109
203 201
203 202
203 204
203 205
204 109
204 200
204 201
204 202
204 203
204 205
204 206
204 209
204 356
204 357
205 203
205 204
205 206
205 207
205 208
205 209
205 355
205 356
205 357
206 112
206 113
206 116
206 204
206 205
206 207
206 208
206 209
206 356
206 357
206 358
207 205
207 206
207 208
207 209
207 356
207 357
207 358
207 359
207 641
207 642
208 205
208 206
208 207
208 209
208 210
208 355
208 356
208 641
208 642
208 643
209 204
209 205
209 206
209 207
209 208
209 210
209 211
209 355
209 356
209 642
209 643
210 208
210 209
210 211
210 212
210 355
211 209
211 210
211 212
211 213
211 290
211 350
211 351
211 355
212 210
212 211
212 213
212 214
212 289
212 290
212 291
212 292
212 347
212 348
212 350
212 351
213 211
213 212
213 214
213 215
213 290
213 291
213 292
213 347
214 212
214 213
214 215
214 216
214 217
214 291
214 292
214 347
215 213
215 214
215 216
215 217
216 214
216 215
216 217
216 218
216 219
217 214
217 215
217 216
217 218
217 219
217 340
217 343
217 344
218 216
218 217
218 219
218 220
218 336
218 340
219 216
219 217
219 218
219 220
219 221
219 223
219 270
219 340
220 218
220 219
220 221
220 222
220 223
221 219
221 220
221 222
221 223
222 220
222 221
222 223
222 224
223 219
223 220
223 221
223 222
223 224
223 225
223 268
223 269
223 270
224 222
224 223
224 225
224 226
224 227
224 237
224 238
224 239
224 268
224 269
224 270
225 223
225 224
225 226
225 227
225 237
225 238
225 239
225 240
225 269
225 270
225 271
226 224
226 225
226 227
226 228
226 237
226 238
226 239
226 269
226 270
226 271
226 272
226 273
227 224
227 225
227 226
227 228
227 229
227 235
227 236
227 237
227 238
227 266
227 267
227 269
227 270
227 271
227 272
227 273
228 226
228 227
228 229
228 230
228 235
228 236
228 237
228 238
228 249
228 272
228 273
228 274
229 227
229 228
229 230
229 231
229 233
229 234
229 235
229 236
229 249
229 272
229 273
229 274
229 275
229 284
230 228
230 229
230 231
230 232
230 233
230 234
230 235
230 236
230 249
231 229
231 230
231 232
231 233
231 234
231 249
232 230
232 231
232 233
232 234
233 229
233 230
233 231
233 232
233 234
233 235
233 264
233 280
234 229
234 230
234 231
234 232
234 233
234 235
234 236
234 262
234 263
234 264
234 265
234 266
235 227
235 228
235 229
235 230
235 233
235 234
235 236
235 237
235 262
235 263
235 264
235 265
235 266
235 267
236 227
236 228
236 229
236 230
236 234
236 235
236 237
236 238
236 262
236 263
236 267
237 224
237 225
237 226
237 227
237 228
237 235
237 236
237 238
237 239
237 267
237 269
238 224
238 225
238 226
238 227
238 228
238 236
238 237
238 239
238 240
238 242
239 224
239 225
239 226
239 237
239 238
239 240
239 241
239 242
240 225
240 238
240 239
240 241
240 242
241 239
241 240
241 242
241 243
242 238
242 239
242 240
242 241
242 243
242 244
242 245
243 241
243 242
243 244
243 245
243 246
244 242
244 243
244 245
244 246
244 251
244 252
244 253
245 242
245 243
245 244
245 246
245 247
245 249
245 250
245 251
245 252
245 253
246 243
246 244
246 245
246 247
246 248
246 249
246 250
246 251
247 245
247 246
247 248
247 249
247 250
247 324
248 246
248 247
248 249
248 250
249 228
249 229
249 230
249 231
249 245
249 246
249 247
249 248
249 250
249 251
250 245
250 246
250 247
250 248
250 249
250 251
250 252
251 244
251 245
251 246
251 249
251 250
251 252
251 253
251 254
252 244
252 245
252 250
252 251
252 253
252 254
253 244
253 245
253 251
253 252
253 254
253 255
254 251
254 252
254 253
254 255
254 256
255 253
255 254
255 256
255 257
255 258
255 259
255 260
256 254
256 255
256 257
256 258
256 259
256 260
257 255
257 256
257 258
257 259
257 260
258 255
258 256
258 257
258 259
258 260
259 255
259 256
259 257
259 258
259 260
259 261
260 255
260 256
260 257
260 258
260 259
260 261
260 262
261 259
261 260
261 262
261 263
262 234
262 235
262 236
262 260
262 261
262 263
262 264
263 234
263 235
263 236
263 261
263 262
263 264
263 265
263 266
263 267
264 233
264 234
264 235
264 262
264 263
264 265
264 266
265 234
265 235
265 263
265 264
265 266
265 267
266 227
266 234
266 235
266 263
266 264
266 265
266 267
266 268
266 269
266 287
266 288
266 291
267 227
267 235
267 236
267 237
267 263
267 265
267 266
267 268
267 269
268 223
268 224
268 266
268 267
268 269
268 270
268 291
268 293
269 223
269 224
269 225
269 226
269 227
269 237
269 266
269 267
269 268
269 270
269 271
269 272
269 293
270 219
270 223
270 224
270 225
270 226
270 227
270 268
270 269
270 271
270 272
270 292
270 293
270 294
270 339
271 225
271 226
271 227
271 269
271 270
271 272
271 273
271 293
271 294
271 295
271 296
271 331
272 226
272 227
272 228
272 229
272 269
272 270
272 271
272 273
272 274
272 288
272 293
272 294
272 295
272 296
273 226
273 227
273 228
273 229
273 271
273 272
273 274
273 275
273 295
273 296
273 297
273 298
274 228
274 229
274 272
274 273
274 275
274 276
274 281
274 284
274 285
274 295
274 296
274 297
274 298
275 229
275 273
275 274
275 276
275 277
275 278
275 281
275 297
275 298
275 299
275 300
275 321
276 274
276 275
276 277
276 278
276 281
276 297
276 298
276 299
276 300
276 301
276 302
277 275
277 276
277 278
277 279
277 281
277 299
277 300
277 301
278 275
278 276
278 277
278 279
278 280
278 281
279 277
279 278
279 280
279 281
279 282
280 233
280 278
280 279
280 281
280 282
280 283
280 284
281 274
281 275
281 276
281 277
281 278
281 279
281 280
281 282
281 283
281 284
281 285
282 183
282 198
282 199
282 279
282 280
282 281
282 283
282 284
282 285
282 286
283 199
283 200
283 201
283 280
283 281
283 282
283 284
283 285
283 286
283 287
284 229
284 274
284 280
284 281
284 282
284 283
284 285
284 286
284 287
284 288
285 274
285 281
285 282
285 283
285 284
285 286
285 287
285 288
285 289
285 295
286 198
286 199
286 282
286 283
286 284
286 285
286 287
286 288
286 289
286 290
286 350
286 354
287 266
287 283
287 284
287 285
287 286
287 288
287 289
287 290
287 291
288 266
288 272
288 284
288 285
288 286
288 287
288 289
288 290
288 291
288 292
288 293
288 294
288 295
289 212
289 285
289 286
289 287
289 288
289 290
289 291
289 292
289 293
289 294
289 295
289 346
289 347
289 349
289 350
290 211
290 212
290 213
290 286
290 287
290 288
290 289
290 291
290 292
290 293
290 346
290 347
290 350
290 355
291 212
291 213
291 214
291 266
291 268
291 287
291 288
291 289
291 290
291 292
291 293
291 347
292 212
292 213
292 214
292 270
292 288
292 289
292 290
292 291
292 293
292 294
292 343
292 344
292 346
292 347
293 268
293 269
293 270
293 271
293 272
293 288
293 289
293 290
293 291
293 292
293 294
293 295
293 343
293 346
294 270
294 271
294 272
294 288
294 289
294 292
294 293
294 295
294 296
294 315
294 316
294 317
294 339
294 342
294 343
294 346
295 271
295 272
295 273
295 274
295 285
295 288
295 289
295 293
295 294
295 296
295 297
295 315
295 316
295 317
296 271
296 272
296 273
296 274
296 294
296 295
296 297
296 298
296 316
296 317
296 318
296 319
297 273
297 274
297 275
297 276
297 295
297 296
297 298
297 299
297 300
297 316
297 317
297 318
297 319
298 273
298 274
298 275
298 276
298 296
298 297
298 299
298 300
298 318
298 319
298 320
298 321
299 275
299 276
299 277
299 297
299 298
299 300
299 301
299 318
299 319
299 320
299 321
300 275
300 276
300 277
300 297
300 298
300 299
300 301
300 302
300 303
300 318
301 185
301 186
301 276
301 277
301 299
301 300
301 302
301 303
302 183
302 184
302 185
302 186
302 276
302 300
302 301
302 303
302 304
303 183
303 184
303 185
303 186
303 189
303 196
303 300
303 301
303 302
303 304
303 305
303 307
304 183
304 196
304 197
304 198
304 302
304 303
304 305
304 306
304 307
304 312
305 182
305 183
305 195
305 196
305 197
305 198
305 303
305 304
305 306
305 307
305 310
306 195
306 196
306 197
306 304
306 305
306 307
306 308
306 309
306 310
306 364
306 367
307 196
307 303
307 304
307 305
307 306
307 308
307 309
307 310
307 311
307 312
308 191
308 192
308 306
308 307
308 309
308 310
308 311
309 306
309 307
309 308
309 310
309 311
309 367
309 380
309 383
309 384
310 305
310 306
310 307
310 308
310 309
310 311
310 312
310 380
310 383
310 384
311 307
311 308
311 309
311 310
311 312
311 313
311 314
311 315
311 384
312 304
312 307
312 310
312 311
312 313
312 314
312 315
312 316
313 48
313 311
313 312
313 314
313 315
313 316
313 317
314 311
314 312
314 313
314 315
314 316
314 341
314 342
314 345
315 294
315 295
315 311
315 312
315 313
315 314
315 316
315 317
315 342
315 343
315 345
315 346
316 294
316 295
316 296
316 297
316 312
316 313
316 314
316 315
316 317
316 318
316 342
316 346
317 294
317 295
317 296
317 297
317 313
317 315
317 316
317 318
317 319
318 296
318 297
318 298
318 299
318 300
318 316
318 317
318 319
318 320
319 296
319 297
319 298
319 299
319 317
319 318
319 320
319 321
319 323
319 327
320 298
320 299
320 318
320 319
320 321
320 322
320 323
320 324
321 275
321 298
321 299
321 319
321 320
321 322
321 323
321 324
322 320
322 321
322 323
322 324
323 319
323 320
323 321
323 322
323 324
323 325
323 326
323 327
324 247
324 320
324 321
324 322
324 323
324 325
324 326
324 327
324 328
325 323
325 324
325 326
325 327
325 328
325 329
326 323
326 324
326 325
326 327
326 328
326 329
326 330
327 319
327 323
327 324
327 325
327 326
327 328
327 329
327 330
327 331
328 324
328 325
328 326
328 327
328 329
328 330
328 331
328 332
329 325
329 326
329 327
329 328
329 330
329 331
329 332
329 333
330 326
330 327
330 328
330 329
330 331
330 332
330 333
330 334
331 271
331 327
331 328
331 329
331 330
331 332
331 333
331 334
332 328
332 329
332 330
332 331
332 333
332 334
333 329
333 330
333 331
333 332
333 334
333 335
334 330
334 331
334 332
334 333
334 335
334 336
334 338
334 339
335 333
335 334
335 336
335 337
335 338
335 339
336 218
336 334
336 335
336 337
336 338
336 339
336 340
337 335
337 336
337 338
337 339
337 340
337 341
338 334
338 335
338 336
338 337
338 339
338 340
338 341
338 342
339 270
339 294
339 334
339 335
339 336
339 337
339 338
339 340
339 341
339 342
339 343
340 217
340 218
340 219
340 336
340 337
340 338
340 339
340 341
340 342
340 343
340 344
341 314
341 337
341 338
341 339
341 340
341 342
341 343
341 344
341 345
342 294
342 314
342 315
342 316
342 338
342 339
342 340
342 341
342 343
342 344
342 345
342 346
343 217
343 292
343 293
343 294
343 315
343 339
343 340
343 341
343 342
343 344
343 345
343 346
343 347
344 217
344 292
344 340
344 341
344 342
344 343
344 345
344 346
344 347
344 348
345 314
345 315
345 341
345 342
345 343
345 344
345 346
345 347
345 348
345 349
346 289
346 290
346 292
346 293
346 294
346 315
346 316
346 342
346 343
346 344
346 345
346 347
346 348
346 349
346 350
347 212
347 213
347 214
347 289
347 290
347 291
347 292
347 343
347 344
347 345
347 346
347 348
347 349
347 350
347 351
348 212
348 344
348 345
348 346
348 347
348 349
348 350
348 351
348 352
348 385
348 386
348 387
349 289
349 345
349 346
349 347
349 348
349 350
349 351
349 352
349 353
349 354
349 384
349 388
350 211
350 212
350 286
350 289
350 290
350 346
350 347
350 348
350 349
350 351
350 352
350 353
350 354
350 355
351 211
351 212
351 347
351 348
351 349
351 350
351 352
351 353
351 354
351 355
352 348
352 349
352 350
352 351
352 353
352 354
352 355
352 359
352 386
352 387
352 388
352 390
353 349
353 350
353 351
353 352
353 354
353 355
353 356
353 359
353 360
353 363
353 388
354 198
354 286
354 349
354 350
354 351
354 352
354 353
354 355
354 356
354 357
354 359
354 360
355 205
355 208
355 209
355 210
355 211
355 290
355 350
355 351
355 352
355 353
355 354
355 356
355 357
355 359
355 360
356 204
356 205
356 206
356 207
356 208
356 209
356 353
356 354
356 355
356 357
356 358
356 359
356 360
357 109
357 112
357 113
357 116
357 200
357 204
357 205
357 206
357 207
357 354
357 355
357 356
357 358
357 359
357 360
357 361
358 112
358 113
358 116
358 117
358 206
358 207
358 356
358 357
358 359
358 360
358 361
358 362
359 207
359 352
359 353
359 354
359 355
359 356
359 357
359 358
359 360
359 361
359 362
359 363
359 390
360 197
360 198
360 353
360 354
360 355
360 356
360 357
360 358
360 359
360 361
360 362
360 363
360 364
361 113
361 116
361 117
361 357
361 358
361 359
361 360
361 362
361 363
361 364
361 365
362 116
362 117
362 358
362 359
362 360
362 361
362 363
362 364
362 365
362 366
362 390
363 353
363 359
363 360
363 361
363 362
363 364
363 365
363 366
363 367
363 390
364 180
364 195
364 197
364 306
364 360
364 361
364 362
364 363
364 365
364 366
364 367
364 368
365 95
365 122
365 361
365 362
365 363
365 364
365 366
365 367
365 368
365 369
366 362
366 363
366 364
366 365
366 367
366 368
366 369
366 370
366 390
367 306
367 309
367 363
367 364
367 365
367 366
367 368
367 369
367 370
367 371
368 364
368 365
368 366
368 367
368 369
368 370
368 371
368 372
369 94
369 95
369 365
369 366
369 367
369 368
369 370
369 371
369 372
369 373
369 377
370 366
370 367
370 368
370 369
370 371
370 372
370 373
370 374
370 376
370 377
370 378
371 367
371 368
371 369
371 370
371 372
371 373
371 374
371 377
372 87
372 90
372 368
372 369
372 370
372 371
372 373
372 374
372 377
373 369
373 370
373 371
373 372
373 374
373 375
373 376
373 377
374 370
374 371
374 372
374 373
374 375
374 376
374 377
375 373
375 374
375 376
375 377
376 370
376 373
376 374
376 375
376 377
376 378
376 394
376 398
377 369
377 370
377 371
377 372
377 373
377 374
377 375
377 376
377 378
377 379
377 394
377 398
378 370
378 376
378 377
378 379
378 380
378 381
378 382
378 383
378 389
378 394
378 398
379 377
379 378
379 380
379 381
379 382
379 383
379 398
379 399
380 309
380 310
380 378
380 379
380 381
380 382
380 383
380 384
381 378
381 379
381 380
381 382
381 383
381 384
381 385
381 400
382 378
382 379
382 380
382 381
382 383
382 384
382 385
382 386
382 387
382 388
382 389
382 392
382 400
383 309
383 310
383 378
383 379
383 380
383 381
383 382
383 384
383 385
383 388
383 389
384 309
384 310
384 311
384 349
384 380
384 381
384 382
384 383
384 385
384 386
384 388
385 348
385 381
385 382
385 383
385 384
385 386
385 387
385 388
386 348
386 352
386 382
386 384
386 385
386 387
386 388
386 405
386 596
387 348
387 352
387 382
387 385
387 386
387 388
387 389
387 390
387 391
387 392
387 405
387 595
387 596
388 349
388 352
388 353
388 382
388 383
388 384
388 385
388 386
388 387
388 389
388 390
388 391
388 392
389 378
389 382
389 383
389 387
389 388
389 390
389 391
389 392
389 393
390 352
390 359
390 362
390 363
390 366
390 387
390 388
390 389
390 391
390 392
390 393
391 387
391 388
391 389
391 390
391 392
391 393
391 595
392 382
392 387
392 388
392 389
392 390
392 391
392 393
392 394
392 396
392 403
393 389
393 390
393 391
393 392
393 394
393 395
393 396
393 397
393 398
394 376
394 377
394 378
394 392
394 393
394 395
394 396
394 397
394 398
395 393
395 394
395 396
395 397
395 398
396 392
396 393
396 394
396 395
396 397
396 398
396 560
396 563
397 393
397 394
397 395
397 396
397 398
397 399
397 400
397 402
397 403
398 376
398 377
398 378
398 379
398 393
398 394
398 395
398 396
398 397
398 399
398 400
399 379
399 397
399 398
399 400
399 401
399 402
399 403
400 381
400 382
400 397
400 398
400 399
400 401
400 402
400 403
400 406
401 399
401 400
401 402
401 403
401 404
401 406
401 407
401 410
401 412
402 397
402 399
402 400
402 401
402 403
402 404
402 490
403 392
403 397
403 399
403 400
403 401
403 402
403 404
403 405
403 406
403 407
403 560
404 401
404 402
404 403
404 405
404 406
404 407
404 414
404 517
404 518
404 558
404 560
405 386
405 387
405 403
405 404
405 406
405 407
405 408
405 517
405 518
405 596
406 400
406 401
406 403
406 404
406 405
406 407
406 408
406 409
406 410
407 401
407 403
407 404
407 405
407 406
407 408
407 409
407 410
407 411
407 412
407 413
407 414
408 405
408 406
408 407
408 409
408 410
408 411
408 412
408 413
409 406
409 407
409 408
409 410
409 411
409 412
410 401
410 406
410 407
410 408
410 409
410 411
410 412
411 407
411 408
411 409
411 410
411 412
411 413
412 401
412 407
412 408
412 409
412 410
412 411
412 413
412 414
413 407
413 408
413 411
413 412
413 414
413 415
413 514
414 404
414 407
414 412
414 413
414 415
414 416
414 490
414 491
414 514
414 517
415 413
415 414
415 416
415 417
415 418
415 489
415 490
415 491
416 414
416 415
416 417
416 418
416 443
416 514
417 415
417 416
417 418
417 419
417 443
417 444
417 445
417 489
417 490
417 491
418 415
418 416
418 417
418 419
418 420
418 443
418 444
418 445
418 446
418 489
418 490
418 491
418 492
418 493
418 510
419 417
419 418
419 420
419 421
419 444
419 445
419 446
419 447
419 448
419 487
419 488
419 489
419 491
419 492
419 493
420 418
420 419
420 421
420 422
420 438
420 444
420 446
420 447
420 448
420 492
420 493
420 494
420 495
421 419
421 420
421 422
421 423
421 447
421 448
421 449
421 450
421 480
421 492
421 493
421 494
421 495
422 420
422 421
422 423
422 424
422 447
422 448
422 449
422 450
422 494
422 495
422 496
422 497
423 421
423 422
423 424
423 425
423 449
423 450
423 451
423 452
423 477
423 480
423 494
423 495
423 496
423 497
424 422
424 423
424 425
424 426
424 428
424 429
424 430
424 449
424 450
424 451
424 452
424 453
424 496
424 497
425 423
425 424
425 426
425 427
425 428
425 451
425 452
425 453
425 477
425 496
425 497
426 424
426 425
426 427
426 428
426 452
426 453
426 454
427 425
427 426
427 428
427 429
427 453
428 424
428 425
428 426
428 427
428 429
428 430
428 453
428 497
429 424
429 427
429 428
429 430
429 431
429 497
430 424
430 428
430 429
430 431
430 432
430 458
430 461
430 497
431 429
431 430
431 432
431 433
431 434
431 435
431 497
431 498
432 430
432 431
432 433
432 434
432 435
432 436
432 461
432 462
433 431
433 432
433 434
433 435
433 436
433 437
434 431
434 432
434 433
434 435
434 436
434 437
434 438
434 497
434 499
434 500
434 501
434 502
435 431
435 432
435 433
435 434
435 436
435 437
435 438
435 439
435 447
435 462
436 432
436 433
436 434
436 435
436 437
436 438
436 439
436 440
436 462
436 464
437 433
437 434
437 435
437 436
437 438
437 439
437 440
437 441
437 501
437 502
437 503
438 420
438 434
438 435
438 436
438 437
438 439
438 440
438 441
438 444
438 501
438 502
438 503
438 506
439 435
439 436
439 437
439 438
439 440
439 441
439 442
439 444
439 446
439 447
439 464
439 465
439 466
440 436
440 437
440 438
440 439
440 441
440 442
440 444
440 465
440 503
441 437
441 438
441 439
441 440
441 442
441 443
441 444
441 503
441 504
441 506
441 507
442 439
442 440
442 441
442 443
442 444
442 507
443 416
443 417
443 418
443 441
443 442
443 444
443 445
443 507
443 510
444 417
444 418
444 419
444 420
444 438
444 439
444 440
444 441
444 442
444 443
444 445
444 446
444 447
444 466
445 417
445 418
445 419
445 443
445 444
445 446
445 447
445 466
445 467
445 489
446 418
446 419
446 420
446 439
446 444
446 445
446 447
446 448
446 466
446 467
446 468
446 469
447 419
447 420
447 421
447 422
447 435
447 439
447 444
447 445
447 446
447 448
447 449
447 466
447 467
447 468
447 469
448 419
448 420
448 421
448 422
448 446
448 447
448 449
448 450
448 468
448 469
448 470
448 471
449 421
449 422
449 423
449 424
449 447
449 448
449 450
449 451
449 468
449 469
449 470
449 471
450 421
450 422
450 423
450 424
450 448
450 449
450 451
450 452
450 470
450 471
450 472
450 474
450 480
451 423
451 424
451 425
451 449
451 450
451 452
451 453
451 457
451 470
451 471
451 472
451 473
451 474
452 423
452 424
452 425
452 426
452 450
452 451
452 453
452 454
452 472
452 473
452 474
452 475
452 476
453 424
453 425
453 426
453 427
453 428
453 451
453 452
453 454
453 455
453 456
453 475
454 426
454 452
454 453
454 455
454 456
455 453
455 454
455 456
455 457
456 453
456 454
456 455
456 457
456 458
457 451
457 455
457 456
457 458
457 459
457 472
458 430
458 456
458 457
458 459
458 460
458 461
459 457
459 458
459 460
459 461
460 458
460 459
460 461
460 462
461 430
461 432
461 458
461 459
461 460
461 462
461 463
462 432
462 435
462 436
462 460
462 461
462 463
462 464
463 461
463 462
463 464
463 465
464 436
464 439
464 462
464 463
464 465
464 466
464 467
464 468
465 439
465 440
465 463
465 464
465 466
465 467
466 439
466 444
466 445
466 446
466 447
466 464
466 465
466 467
466 468
467 445
467 446
467 447
467 464
467 465
467 466
467 468
467 469
468 446
468 447
468 448
468 449
468 464
468 466
468 467
468 469
468 470
469 446
469 447
469 448
469 449
469 467
469 468
469 470
469 471
470 448
470 449
470 450
470 451
470 468
470 469
470 471
470 472
471 448
471 449
471 450
471 451
471 469
471 470
471 472
471 473
471 474
472 450
472 451
472 452
472 457
472 470
472 471
472 473
472 474
473 451
473 452
473 471
473 472
473 474
473 475
474 450
474 451
474 452
474 471
474 472
474 473
474 475
474 476
474 479
475 452
475 453
475 473
475 474
475 476
475 477
475 479
476 452
476 474
476 475
476 477
476 478
476 479
476 480
476 578
477 423
477 425
477 475
477 476
477 478
477 479
477 480
477 577
477 578
477 581
477 584
478 476
478 477
478 479
478 480
478 481
478 482
478 574
478 577
478 578
478 581
478 584
479 474
479 475
479 476
479 477
479 478
479 480
479 481
479 482
480 421
480 423
480 450
480 476
480 477
480 478
480 479
480 481
480 482
480 494
481 478
481 479
481 480
481 482
481 483
481 561
481 562
481 563
481 565
481 566
482 478
482 479
482 480
482 481
482 483
482 484
482 562
482 563
482 565
482 566
483 481
483 482
483 484
483 485
483 487
483 559
483 562
483 563
483 566
484 482
484 483
484 485
484 486
484 487
485 483
485 484
485 486
485 487
485 488
486 484
486 485
486 487
486 488
487 419
487 483
487 484
487 485
487 486
487 488
487 489
487 559
488 419
488 485
488 486
488 487
488 489
488 490
489 415
489 417
489 418
489 419
489 445
489 487
489 488
489 490
489 491
489 492
489 559
490 402
490 414
490 415
490 417
490 418
490 488
490 489
490 491
490 492
490 558
490 559
490 560
491 414
491 415
491 417
491 418
491 419
491 489
491 490
491 492
491 493
491 517
491 556
491 557
491 558
491 559
492 418
492 419
492 420
492 421
492 489
492 490
492 491
492 493
492 494
492 556
492 557
492 558
492 559
493 418
493 419
493 420
493 421
493 491
493 492
493 494
493 495
493 554
493 555
493 556
493 557
494 420
494 421
494 422
494 423
494 480
494 492
494 493
494 495
494 496
494 552
494 553
494 554
494 555
494 556
494 557
495 420
495 421
495 422
495 423
495 493
495 494
495 496
495 497
495 499
495 552
495 553
495 554
495 555
496 422
496 423
496 424
496 425
496 494
496 495
496 497
496 498
496 499
496 553
496 554
497 422
497 423
497 424
497 425
497 428
497 429
497 430
497 431
497 434
497 495
497 496
497 498
497 499
498 431
498 496
498 497
498 499
498 500
499 434
499 495
499 496
499 497
499 498
499 500
499 501
499 553
499 554
500 434
500 498
500 499
500 501
500 502
500 609
501 434
501 437
501 438
501 499
501 500
501 502
501 503
501 505
501 506
501 605
501 606
502 434
502 437
502 438
502 500
502 501
502 503
502 504
502 505
502 506
503 437
503 438
503 440
503 441
503 501
503 502
503 504
503 505
503 506
503 507
504 441
504 502
504 503
504 505
504 506
504 507
504 508
505 501
505 502
505 503
505 504
505 506
505 507
505 508
505 509
505 604
505 605
506 438
506 441
506 501
506 502
506 503
506 504
506 505
506 507
506 508
506 509
506 510
507 441
507 442
507 443
507 503
507 504
507 505
507 506
507 508
507 509
507 510
507 511
508 504
508 505
508 506
508 507
508 509
508 510
508 511
508 512
508 655
509 505
509 506
509 507
509 508
509 510
509 511
509 512
509 513
509 521
509 522
509 556
509 603
510 418
510 443
510 506
510 507
510 508
510 509
510 511
510 512
510 513
510 514
510 556
511 507
511 508
511 509
511 510
511 512
511 513
511 514
511 515
512 508
512 509
512 510
512 511
512 513
512 514
512 515
512 516
512 521
512 653
513 509
513 510
513 511
513 512
513 514
513 515
513 516
513 517
513 519
513 520
513 521
513 556
513 557
514 413
514 414
514 416
514 510
514 511
514 512
514 513
514 515
514 516
514 517
515 511
515 512
515 513
515 514
515 516
515 517
516 512
516 513
516 514
516 515
516 517
516 518
516 519
517 404
517 405
517 414
517 491
517 513
517 514
517 515
517 516
517 518
517 519
517 520
517 557
517 558
518 404
518 405
518 516
518 517
518 519
518 520
518 557
518 558
518 596
519 513
519 516
519 517
519 518
519 520
519 521
519 557
519 558
519 592
519 596
519 598
519 599
519 600
519 601
520 513
520 517
520 518
520 519
520 521
520 522
520 550
520 555
520 556
520 557
520 558
520 589
520 592
520 600
520 601
521 509
521 512
521 513
521 519
521 520
521 522
521 523
521 550
521 555
521 556
521 557
521 600
521 601
521 602
521 603
522 509
522 520
522 521
522 523
522 524
522 525
522 550
522 551
522 552
522 554
522 555
522 556
522 600
522 601
522 602
522 603
523 521
523 522
523 524
523 525
523 550
523 551
523 554
523 555
523 602
523 603
523 604
523 605
524 522
524 523
524 525
524 526
524 550
524 551
524 554
524 602
524 605
525 522
525 523
525 524
525 526
525 527
525 541
525 547
525 548
525 549
525 550
525 551
525 602
526 524
526 525
526 527
526 528
526 539
526 540
526 541
526 542
526 547
526 548
526 549
526 550
526 551
527 525
527 526
527 528
527 529
527 539
527 540
527 541
527 542
527 544
527 546
527 547
527 548
527 549
527 648
528 526
528 527
528 529
528 530
528 537
528 538
528 539
528 540
528 547
528 548
528 549
528 646
529 527
529 528
529 530
529 531
529 537
529 538
529 539
529 540
530 528
530 529
530 531
530 532
530 535
530 536
530 537
530 538
531 529
531 530
531 532
531 533
531 534
531 535
531 536
531 537
531 538
532 530
532 531
532 533
532 534
532 535
532 536
533 531
533 532
533 534
533 535
534 531
534 532
534 533
534 535
534 536
535 530
535 531
535 532
535 533
535 534
535 536
535 537
536 530
536 531
536 532
536 534
536 535
536 537
536 538
536 635
537 528
537 529
537 530
537 531
537 535
537 536
537 538
537 539
537 634
537 635
538 528
538 529
538 530
538 531
538 536
538 537
538 539
538 540
538 634
538 635
539 526
539 527
539 528
539 529
539 537
539 538
539 540
539 541
539 634
540 526
540 527
540 528
540 529
540 538
540 539
540 541
540 542
541 525
541 526
541 527
541 539
541 540
541 542
541 543
542 526
542 527
542 540
542 541
542 543
542 544
543 541
543 542
543 544
543 545
544 527
544 542
544 543
544 545
544 546
544 547
545 543
545 544
545 546
545 547
545 650
546 527
546 544
546 545
546 547
546 548
546 648
546 649
546 650
547 525
547 526
547 527
547 528
547 544
547 545
547 546
547 548
547 549
547 550
547 648
547 649
547 650
548 525
548 526
548 527
548 528
548 546
548 547
548 549
548 550
548 599
548 600
548 646
548 647
548 648
548 649
549 525
549 526
549 527
549 528
549 547
549 548
549 550
549 551
549 586
549 589
549 599
549 600
549 646
550 520
550 521
550 522
550 523
550 524
550 525
550 526
550 547
550 548
550 549
550 551
550 552
550 555
550 585
550 589
550 600
550 601
550 602
551 522
551 523
551 524
551 525
551 526
551 549
551 550
551 552
551 553
551 554
551 555
551 585
551 586
552 494
552 495
552 522
552 550
552 551
552 553
552 554
552 555
552 556
552 585
552 588
553 494
553 495
553 496
553 499
553 551
553 552
553 554
553 555
554 493
554 494
554 495
554 496
554 499
554 522
554 523
554 524
554 551
554 552
554 553
554 555
554 556
555 493
555 494
555 495
555 520
555 521
555 522
555 523
555 550
555 551
555 552
555 553
555 554
555 556
555 557
556 491
556 492
556 493
556 494
556 509
556 510
556 513
556 520
556 521
556 522
556 552
556 554
556 555
556 557
556 558
557 491
557 492
557 493
557 494
557 513
557 517
557 518
557 519
557 520
557 521
557 555
557 556
557 558
557 559
557 561
558 404
558 490
558 491
558 492
558 517
558 518
558 519
558 520
558 556
558 557
558 559
558 560
558 561
559 483
559 487
559 489
559 490
559 491
559 492
559 557
559 558
559 560
559 561
559 562
559 563
560 396
560 403
560 404
560 490
560 558
560 559
560 561
560 562
560 563
560 564
561 481
561 557
561 558
561 559
561 560
561 562
561 563
561 564
561 565
561 588
561 591
561 592
562 481
562 482
562 483
562 559
562 560
562 561
562 563
562 564
562 565
562 566
563 396
563 481
563 482
563 483
563 559
563 560
563 561
563 562
563 564
563 565
563 566
563 567
563 568
564 560
564 561
564 562
564 563
564 565
564 566
564 567
564 568
564 569
564 591
565 481
565 482
565 561
565 562
565 563
565 564
565 566
565 567
565 568
565 569
565 574
565 588
565 591
566 481
566 482
566 483
566 562
566 563
566 564
566 565
566 567
566 568
566 569
566 574
567 563
567 564
567 565
567 566
567 568
567 569
568 121
568 563
568 564
568 565
568 566
568 567
568 569
568 570
569 564
569 565
569 566
569 567
569 568
569 570
569 571
569 573
569 574
570 119
570 120
570 568
570 569
570 571
570 572
570 573
570 574
571 569
571 570
571 572
571 573
571 574
571 575
572 570
572 571
572 573
572 574
572 575
572 576
573 569
573 570
573 571
573 572
573 574
573 575
573 576
573 577
573 587
573 637
573 640
574 478
574 565
574 566
574 569
574 570
574 571
574 572
574 573
574 575
574 576
574 577
574 578
575 571
575 572
575 573
575 574
575 576
575 577
575 578
575 579
576 572
576 573
576 574
576 575
576 577
576 578
576 579
576 580
576 583
576 633
577 477
577 478
577 573
577 574
577 575
577 576
577 578
577 579
577 580
577 581
577 582
577 583
577 584
577 587
578 476
578 477
578 478
578 574
578 575
578 576
578 577
578 579
578 580
578 581
578 584
579 575
579 576
579 577
579 578
579 580
579 581
580 576
580 577
580 578
580 579
580 581
580 582
580 583
580 584
580 631
581 477
581 478
581 577
581 578
581 579
581 580
581 582
581 583
581 584
581 585
582 577
582 580
582 581
582 583
582 584
582 585
582 586
582 630
583 576
583 577
583 580
583 581
583 582
583 584
583 585
583 586
583 587
583 633
583 634
584 477
584 478
584 577
584 578
584 580
584 581
584 582
584 583
584 585
584 586
584 587
584 588
585 550
585 551
585 552
585 581
585 582
585 583
585 584
585 586
585 587
585 588
585 589
586 549
586 551
586 582
586 583
586 584
586 585
586 587
586 588
586 589
586 590
586 634
587 573
587 577
587 583
587 584
587 585
587 586
587 588
587 589
587 590
587 591
587 637
588 552
588 561
588 565
588 584
588 585
588 586
588 587
588 589
588 590
588 591
588 592
589 520
589 549
589 550
589 585
589 586
589 587
589 588
589 590
589 591
589 592
589 593
589 600
589 646
590 586
590 587
590 588
590 589
590 591
590 592
590 593
590 594
590 637
590 645
590 646
591 561
591 564
591 565
591 587
591 588
591 589
591 590
591 592
591 593
591 594
591 595
592 519
592 520
592 561
592 588
592 589
592 590
592 591
592 593
592 594
592 595
592 596
592 597
592 598
593 589
593 590
593 591
593 592
593 594
593 595
593 596
593 597
593 598
593 599
593 600
593 645
593 646
593 647
594 590
594 591
594 592
594 593
594 595
594 596
594 597
594 645
594 646
595 387
595 391
595 591
595 592
595 593
595 594
595 596
595 597
596 386
596 387
596 405
596 518
596 519
596 592
596 593
596 594
596 595
596 597
596 598
597 592
597 593
597 594
597 595
597 596
597 598
597 599
597 645
597 647
598 519
598 592
598 593
598 596
598 597
598 599
598 600
598 647
599 519
599 548
599 549
599 593
599 597
599 598
599 600
599 601
599 646
599 647
599 648
599 649
600 519
600 520
600 521
600 522
600 548
600 549
600 550
600 589
600 593
600 598
600 599
600 601
600 602
600 649
601 519
601 520
601 521
601 522
601 550
601 599
601 600
601 602
601 603
601 649
601 651
601 652
601 653
602 521
602 522
602 523
602 524
602 525
602 550
602 600
602 601
602 603
602 604
602 651
602 652
602 653
603 509
603 521
603 522
603 523
603 601
603 602
603 604
603 605
603 652
603 653
603 654
604 505
604 523
604 602
604 603
604 605
604 606
604 652
604 653
604 654
605 501
605 505
605 523
605 524
605 603
605 604
605 606
605 607
605 609
605 610
606 501
606 604
606 605
606 607
606 608
606 609
606 610
607 605
607 606
607 608
607 609
607 610
607 611
608 606
608 607
608 609
608 610
608 611
608 612
609 500
609 605
609 606
609 607
609 608
609 610
609 611
609 612
610 605
610 606
610 607
610 608
610 609
610 611
610 612
610 613
611 607
611 608
611 609
611 610
611 612
611 613
611 614
612 608
612 609
612 610
612 611
612 613
612 614
612 615
613 610
613 611
613 612
613 614
613 615
614 611
614 612
614 613
614 615
614 616
615 612
615 613
615 614
615 616
615 617
616 614
616 615
616 617
616 618
617 615
617 616
617 618
617 619
618 616
618 617
618 619
618 620
619 617
619 618
619 620
619 621
620 618
620 619
620 621
620 622
621 619
621 620
621 622
621 623
622 620
622 621
622 623
622 624
623 621
623 622
623 624
623 625
624 622
624 623
624 625
624 626
624 627
625 623
625 624
625 626
625 627
625 628
626 624
626 625
626 627
626 628
626 629
627 624
627 625
627 626
627 628
627 629
627 630
628 625
628 626
628 627
628 629
628 630
629 626
629 627
629 628
629 630
629 631
629 632
630 582
630 627
630 628
630 629
630 631
630 632
630 633
631 580
631 629
631 630
631 632
631 633
632 629
632 630
632 631
632 633
632 634
632 635
632 636
633 576
633 583
633 630
633 631
633 632
633 634
633 635
633 636
633 637
634 537
634 538
634 539
634 583
634 586
634 632
634 633
634 635
634 636
634 637
634 638
635 536
635 537
635 538
635 632
635 633
635 634
635 636
635 637
635 638
635 639
636 632
636 633
636 634
636 635
636 637
636 638
636 639
636 640
637 573
637 587
637 590
637 633
637 634
637 635
637 636
637 638
637 639
637 640
637 641
638 634
638 635
638 636
638 637
638 639
638 640
638 641
638 642
638 643
638 644
638 645
639 635
639 636
639 637
639 638
639 640
639 641
639 642
639 643
640 573
640 636
640 637
640 638
640 639
640 641
640 642
641 207
641 208
641 637
641 638
641 639
641 640
641 642
641 643
641 644
641 645
642 207
642 208
642 209
642 638
642 639
642 640
642 641
642 643
642 644
643 208
643 209
643 638
643 639
643 641
643 642
643 644
643 645
644 638
644 641
644 642
644 643
644 645
644 646
645 590
645 593
645 594
645 597
645 638
645 641
645 643
645 644
645 646
645 647
646 528
646 548
646 549
646 589
646 590
646 593
646 594
646 599
646 644
646 645
646 647
646 648
647 548
647 593
647 597
647 598
647 599
647 645
647 646
647 648
647 649
648 527
648 546
648 547
648 548
648 599
648 646
648 647
648 649
648 650
649 546
649 547
649 548
649 599
649 600
649 601
649 647
649 648
649 650
649 651
650 545
650 546
650 547
650 648
650 649
650 651
650 652
651 601
651 602
651 649
651 650
651 652
651 653
652 601
652 602
652 603
652 604
652 650
652 651
652 653
652 654
653 512
653 601
653 602
653 603
653 604
653 651
653 652
653 654
653 655
654 603
654 604
654 652
654 653
654 655
654 656
654 658
655 508
655 653
655 654
655 656
655 657
655 658
656 654
656 655
656 657
656 658
657 655
657 656
657 658
657 659
657 660
657 662
658 654
658 655
658 656
658 657
658 659
658 660
659 657
659 658
659 660
659 661
660 657
660 658
660 659
660 661
660 662
661 659
661 660
661 662
661 663
661 664
661 665
662 657
662 660
662 661
662 663
662 664
662 665
662 666
663 661
663 662
663 664
663 665
663 666
663 667
664 661
664 662
664 663
664 665
664 666
664 667
664 668
665 661
665 662
665 663
665 664
665 666
665 667
665 668
665 669
666 662
666 663
666 664
666 665
666 667
666 668
666 669
666 670
667 663
667 664
667 665
667 666
667 668
667 669
667 670
668 664
668 665
668 666
668 667
668 669
668 670
669 665
669 666
669 667
669 668
669 670
669 671
669 672
670 666
670 667
670 668
670 669
670 671
670 672
670 673
670 674
671 669
671 670
671 672
671 673
671 674
672 669
672 670
672 671
672 673
672 674
672 675
673 670
673 671
673 672
673 674
673 675
674 670
674 671
674 672
674 673
674 675
675 672
675 673
675 674
