0 1
0 2
0 3
1 0
1 2
1 3
1 4
2 0
2 1
2 3
2 4
2 5
3 0
3 1
3 2
3 4
3 5
3 6
4 1
4 2
4 3
4 5
4 6
4 7
5 2
5 3
5 4
5 6
5 7
6 3
6 4
6 5
6 7
6 8
6 9
7 4
7 5
7 6
7 8
7 9
8 6
8 7
8 9
8 10
8 11
9 6
9 7
9 8
9 10
9 11
9 12
9 52
9 53
10 8
10 9
10 11
10 12
10 13
10 52
10 53
11 8
11 9
11 10
11 12
11 13
11 52
12 9
12 10
12 11
12 13
12 14
12 16
12 49
12 52
12 53
13 10
13 11
13 12
13 14
13 15
13 16
13 17
13 49
13 52
13 53
13 56
14 12
14 13
14 15
14 16
14 17
14 18
14 49
14 53
14 55
14 56
14 59
14 60
15 13
15 14
15 16
15 17
15 18
15 19
16 12
16 13
16 14
16 15
16 17
16 18
16 19
17 13
17 14
17 15
17 16
17 18
17 19
17 20
17 21
17 45
17 49
18 14
18 15
18 16
18 17
18 19
18 20
18 21
18 22
18 60
19 15
19 16
19 17
19 18
19 20
19 21
19 22
19 23
20 17
20 18
20 19
20 21
20 22
20 23
20 24
21 17
21 18
21 19
21 20
21 22
21 23
21 24
21 25
21 41
21 42
21 45
21 46
22 18
22 19
22 20
22 21
22 23
22 24
22 25
22 26
23 19
23 20
23 21
23 22
23 24
23 25
23 26
23 27
24 20
24 21
24 22
24 23
24 25
24 26
24 27
24 28
24 34
24 38
24 39
24 42
25 21
25 22
25 23
25 24
25 26
25 27
25 28
25 29
25 106
26 22
26 23
26 24
26 25
26 27
26 28
26 29
26 30
26 67
27 23
27 24
27 25
27 26
27 28
27 29
27 30
27 31
27 32
27 33
27 34
28 24
28 25
28 26
28 27
28 29
28 30
28 31
28 32
28 33
28 34
28 102
28 105
28 106
29 25
29 26
29 27
29 28
29 30
29 31
29 32
29 68
29 71
29 99
29 102
29 106
30 26
30 27
30 28
30 29
30 31
30 32
31 27
31 28
31 29
31 30
31 32
31 33
31 98
31 102
32 27
32 28
32 29
32 30
32 31
32 33
32 34
33 27
33 28
33 31
33 32
33 34
33 35
34 24
34 27
34 28
34 32
34 33
34 35
34 36
34 38
34 39
35 33
35 34
35 36
35 37
35 38
35 39
36 34
36 35
36 37
36 38
36 39
36 40
37 35
37 36
37 38
37 39
37 40
37 41
38 24
38 34
38 35
38 36
38 37
38 39
38 40
38 41
38 42
39 24
39 34
39 35
39 36
39 37
39 38
39 40
39 41
39 42
39 43
39 109
40 36
40 37
40 38
40 39
40 41
40 42
40 43
40 44
41 21
41 37
41 38
41 39
41 40
41 42
41 43
41 44
41 45
42 21
42 24
42 38
42 39
42 40
42 41
42 43
42 44
42 45
42 46
42 109
43 39
43 40
43 41
43 42
43 44
43 45
43 46
43 47
43 109
43 110
44 40
44 41
44 42
44 43
44 45
44 46
44 47
44 48
45 17
45 21
45 41
45 42
45 43
45 44
45 46
45 47
45 48
45 49
46 21
46 42
46 43
46 44
46 45
46 47
46 48
46 49
46 50
46 109
46 110
46 112
46 113
47 43
47 44
47 45
47 46
47 48
47 49
47 50
47 51
47 112
47 113
48 44
48 45
48 46
48 47
48 49
48 50
48 51
48 52
48 53
49 12
49 13
49 14
49 17
49 45
49 46
49 47
49 48
49 50
49 51
49 52
49 53
49 56
49 57
50 46
50 47
50 48
50 49
50 51
50 52
50 53
50 54
50 56
50 57
50 112
50 113
50 116
51 47
51 48
51 49
51 50
51 52
51 53
51 54
52 9
52 10
52 11
52 12
52 13
52 48
52 49
52 50
52 51
52 53
52 54
52 56
53 9
53 10
53 12
53 13
53 14
53 48
53 49
53 50
53 51
53 52
53 54
53 55
53 56
53 57
54 50
54 51
54 52
54 53
54 55
54 56
54 57
55 14
55 53
55 54
55 56
55 57
55 58
55 59
56 13
56 14
56 49
56 50
56 52
56 53
56 54
56 55
56 57
56 58
56 59
56 60
57 49
57 50
57 53
57 54
57 55
57 56
57 58
57 59
57 60
57 61
57 113
57 116
57 117
58 55
58 56
58 57
58 59
58 60
58 61
58 62
58 117
59 14
59 55
59 56
59 57
59 58
59 60
59 61
59 62
59 63
60 14
60 18
60 56
60 57
60 58
60 59
60 61
60 62
60 63
60 64
61 57
61 58
61 59
61 60
61 62
61 63
61 64
61 65
61 113
61 134
62 58
62 59
62 60
62 61
62 63
62 64
62 65
62 66
63 59
63 60
63 61
63 62
63 64
63 65
63 66
63 67
64 60
64 61
64 62
64 63
64 65
64 66
64 67
64 68
65 61
65 62
65 63
65 64
65 66
65 67
65 68
65 69
65 137
66 62
66 63
66 64
66 65
66 67
66 68
66 69
66 70
67 26
67 63
67 64
67 65
67 66
67 68
67 69
67 70
67 71
68 29
68 64
68 65
68 66
68 67
68 69
68 70
68 71
68 72
68 138
68 141
69 65
69 66
69 67
69 68
69 70
69 71
69 72
69 73
69 141
70 66
70 67
70 68
70 69
70 71
70 72
70 73
70 74
71 29
71 67
71 68
71 69
71 70
71 72
71 73
71 74
71 75
72 68
72 69
72 70
72 71
72 73
72 74
72 75
72 76
72 141
72 142
72 145
72 146
73 69
73 70
73 71
73 72
73 74
73 75
73 76
73 77
73 145
74 70
74 71
74 72
74 73
74 75
74 76
74 77
74 78
75 71
75 72
75 73
75 74
75 76
75 77
75 78
75 79
75 95
76 72
76 73
76 74
76 75
76 77
76 78
76 79
76 80
76 145
76 146
77 73
77 74
77 75
77 76
77 78
77 79
77 80
77 81
78 74
78 75
78 76
78 77
78 79
78 80
78 81
78 82
78 91
79 75
79 76
79 77
79 78
79 80
79 81
79 82
79 88
79 91
79 92
79 95
80 76
80 77
80 78
80 79
80 81
80 82
80 83
80 88
81 77
81 78
81 79
81 80
81 82
81 83
82 78
82 79
82 80
82 81
82 83
82 84
82 85
82 87
82 88
82 91
83 80
83 81
83 82
83 84
83 85
83 87
83 88
84 82
84 83
84 85
84 86
84 87
84 88
85 82
85 83
85 84
85 86
85 87
85 88
85 89
85 153
85 154
85 157
86 84
86 85
86 87
86 88
86 89
86 90
86 157
87 82
87 83
87 84
87 85
87 86
87 88
87 89
87 90
87 91
88 79
88 80
88 82
88 83
88 84
88 85
88 86
88 87
88 89
88 90
88 91
88 92
88 154
89 85
89 86
89 87
89 88
89 90
89 91
89 92
89 93
89 154
89 157
89 175
90 86
90 87
90 88
90 89
90 91
90 92
90 93
90 94
90 175
91 78
91 79
91 82
91 87
91 88
91 89
91 90
91 92
91 93
91 94
91 95
92 79
92 88
92 89
92 90
92 91
92 93
92 94
92 95
92 96
93 89
93 90
93 91
93 92
93 94
93 95
93 96
93 97
93 174
93 175
93 178
93 179
94 90
94 91
94 92
94 93
94 95
94 96
94 97
94 98
95 75
95 79
95 91
95 92
95 93
95 94
95 96
95 97
95 98
95 99
96 92
96 93
96 94
96 95
96 97
96 98
96 99
96 100
96 178
97 93
97 94
97 95
97 96
97 98
97 99
97 100
97 101
97 178
98 31
98 94
98 95
98 96
98 97
98 99
98 100
98 101
98 102
99 29
99 95
99 96
99 97
99 98
99 100
99 101
99 102
99 103
100 96
100 97
100 98
100 99
100 101
100 102
100 103
100 104
101 97
101 98
101 99
101 100
101 102
101 103
101 104
101 105
102 28
102 29
102 31
102 98
102 99
102 100
102 101
102 103
102 104
102 105
102 106
103 99
103 100
103 101
103 102
103 104
103 105
103 106
103 107
103 135
103 138
103 139
104 100
104 101
104 102
104 103
104 105
104 106
104 107
104 108
104 129
104 135
105 28
105 101
105 102
105 103
105 104
105 106
105 107
105 108
106 25
106 28
106 29
106 102
106 103
106 104
106 105
106 107
106 108
106 109
106 110
106 134
106 135
107 103
107 104
107 105
107 106
107 108
107 109
107 110
107 111
107 129
107 132
107 134
107 135
108 104
108 105
108 106
108 107
108 109
108 110
108 111
108 129
109 39
109 42
109 43
109 46
109 106
109 107
109 108
109 110
109 111
109 112
110 43
110 46
110 106
110 107
110 108
110 109
110 111
110 112
110 113
110 114
110 134
111 107
111 108
111 109
111 110
111 112
111 113
111 114
111 115
111 132
112 46
112 47
112 50
112 109
112 110
112 111
112 113
112 114
112 115
112 116
113 46
113 47
113 50
113 57
113 61
113 110
113 111
113 112
113 114
113 115
113 116
113 117
114 110
114 111
114 112
114 113
114 115
114 116
114 117
114 118
114 132
114 133
115 111
115 112
115 113
115 114
115 116
115 117
115 118
115 119
115 120
115 122
115 123
116 50
116 57
116 112
116 113
116 114
116 115
116 117
116 118
116 119
116 120
117 57
117 58
117 113
117 114
117 115
117 116
117 118
117 119
118 114
118 115
118 116
118 117
118 119
118 120
118 121
118 122
119 115
119 116
119 117
119 118
119 120
119 121
119 122
120 115
120 116
120 118
120 119
120 121
120 122
120 123
121 118
121 119
121 120
121 122
121 123
121 124
122 115
122 118
122 119
122 120
122 121
122 123
122 124
122 125
123 115
123 120
123 121
123 122
123 124
123 125
123 126
124 121
124 122
124 123
124 125
124 126
125 122
125 123
125 124
125 126
125 127
126 123
126 124
126 125
126 127
126 128
127 125
127 126
127 128
127 129
127 131
127 132
128 126
128 127
128 129
128 130
128 131
128 132
129 104
129 107
129 108
129 127
129 128
129 130
129 131
129 132
129 135
130 128
130 129
130 131
130 132
130 135
130 136
131 127
131 128
131 129
131 130
131 132
131 133
131 135
131 136
132 107
132 111
132 114
132 127
132 128
132 129
132 130
132 131
132 133
132 134
132 135
132 136
133 114
133 131
133 132
133 134
133 135
133 136
133 137
134 61
134 106
134 107
134 110
134 132
134 133
134 135
134 136
134 137
134 138
135 103
135 104
135 106
135 107
135 129
135 130
135 131
135 132
135 133
135 134
135 136
135 137
135 138
135 139
136 130
136 131
136 132
136 133
136 134
136 135
136 137
136 138
136 139
136 140
137 65
137 133
137 134
137 135
137 136
137 138
137 139
137 140
137 141
138 68
138 103
138 134
138 135
138 136
138 137
138 139
138 140
138 141
138 142
139 103
139 135
139 136
139 137
139 138
139 140
139 141
139 142
139 143
139 185
139 186
140 136
140 137
140 138
140 139
140 141
140 142
140 143
140 144
140 186
140 188
141 68
141 69
141 72
141 137
141 138
141 139
141 140
141 142
141 143
141 144
141 145
142 72
142 138
142 139
142 140
142 141
142 143
142 144
142 145
142 146
142 147
142 186
143 139
143 140
143 141
143 142
143 144
143 145
143 146
143 147
143 148
143 186
144 140
144 141
144 142
144 143
144 145
144 146
144 147
144 148
144 149
145 72
145 73
145 76
145 141
145 142
145 143
145 144
145 146
145 147
145 148
145 149
146 72
146 76
146 142
146 143
146 144
146 145
146 147
146 148
146 149
146 150
147 142
147 143
147 144
147 145
147 146
147 148
147 149
147 150
147 151
147 182
148 143
148 144
148 145
148 146
148 147
148 149
148 150
148 151
149 144
149 145
149 146
149 147
149 148
149 150
149 151
150 146
150 147
150 148
150 149
150 151
150 152
150 153
150 154
151 147
151 148
151 149
151 150
151 152
151 153
151 154
151 155
152 150
152 151
152 153
152 154
152 155
152 156
153 85
153 150
153 151
153 152
153 154
153 155
153 156
153 157
154 85
154 88
154 89
154 150
154 151
154 152
154 153
154 155
154 156
154 157
154 158
154 179
155 151
155 152
155 153
155 154
155 156
155 157
155 158
155 159
155 179
155 201
155 204
156 152
156 153
156 154
156 155
156 157
156 158
156 159
156 160
157 85
157 86
157 89
157 153
157 154
157 155
157 156
157 158
157 159
157 160
157 161
158 154
158 155
158 156
158 157
158 159
158 160
158 161
158 162
158 175
158 176
158 179
159 155
159 156
159 157
159 158
159 160
159 161
159 162
159 163
159 176
159 204
159 205
159 208
160 156
160 157
160 158
160 159
160 161
160 162
160 163
160 164
161 157
161 158
161 159
161 160
161 162
161 163
161 164
161 165
161 171
161 176
162 158
162 159
162 160
162 161
162 163
162 164
162 165
162 166
162 176
163 159
163 160
163 161
163 162
163 164
163 165
163 166
163 167
163 208
163 212
164 160
164 161
164 162
164 163
164 165
164 166
164 167
164 168
164 169
164 170
165 161
165 162
165 163
165 164
165 166
165 167
165 168
165 169
165 170
165 171
166 162
166 163
166 164
166 165
166 167
166 168
166 169
167 163
167 164
167 165
167 166
167 168
167 169
168 164
168 165
168 166
168 167
168 169
168 170
169 164
169 165
169 166
169 167
169 168
169 170
169 171
170 164
170 165
170 168
170 169
170 171
170 172
171 161
171 165
171 169
171 170
171 172
171 173
172 170
172 171
172 173
172 174
172 175
173 171
173 172
173 174
173 175
173 176
173 177
173 247
174 93
174 172
174 173
174 175
174 176
174 177
174 178
175 89
175 90
175 93
175 158
175 172
175 173
175 174
175 176
175 177
175 178
175 179
176 158
176 159
176 161
176 162
176 173
176 174
176 175
176 177
176 178
176 179
176 180
176 247
177 173
177 174
177 175
177 176
177 178
177 179
177 180
177 181
177 246
177 247
177 248
178 93
178 96
178 97
178 174
178 175
178 176
178 177
178 179
178 180
178 181
178 182
179 93
179 154
179 155
179 158
179 175
179 176
179 177
179 178
179 180
179 181
179 182
179 183
180 176
180 177
180 178
180 179
180 181
180 182
180 183
180 184
180 197
180 201
180 247
180 248
180 249
181 177
181 178
181 179
181 180
181 182
181 183
181 184
181 185
182 147
182 178
182 179
182 180
182 181
182 183
182 184
182 185
182 186
183 179
183 180
183 181
183 182
183 184
183 185
183 186
183 187
183 196
183 197
183 201
184 180
184 181
184 182
184 183
184 185
184 186
184 187
184 193
184 194
184 196
184 197
185 139
185 181
185 182
185 183
185 184
185 186
185 187
185 193
186 139
186 140
186 142
186 143
186 182
186 183
186 184
186 185
186 187
186 188
187 183
187 184
187 185
187 186
187 188
187 189
187 193
187 194
187 195
187 196
187 197
188 140
188 186
188 187
188 189
188 190
188 193
189 187
189 188
189 190
189 191
189 192
189 193
189 195
190 188
190 189
190 191
190 192
190 193
191 189
191 190
191 192
191 193
192 189
192 190
192 191
192 193
192 194
192 195
193 184
193 185
193 187
193 188
193 189
193 190
193 191
193 192
193 194
193 195
193 196
194 184
194 187
194 192
194 193
194 195
194 196
194 197
194 198
194 254
195 187
195 189
195 192
195 193
195 194
195 196
195 197
195 198
195 199
196 183
196 184
196 187
196 193
196 194
196 195
196 197
196 198
196 199
196 200
196 201
197 180
197 183
197 184
197 187
197 194
197 195
197 196
197 198
197 199
197 200
197 201
197 202
198 194
198 195
198 196
198 197
198 199
198 200
198 201
198 202
198 203
199 195
199 196
199 197
199 198
199 200
199 201
199 202
199 203
200 196
200 197
200 198
200 199
200 201
200 202
200 203
200 204
201 155
201 180
201 183
201 196
201 197
201 198
201 199
201 200
201 202
201 203
201 204
201 205
202 197
202 198
202 199
202 200
202 201
202 203
202 204
202 205
202 206
202 248
202 256
203 198
203 199
203 200
203 201
203 202
203 204
203 205
203 206
203 207
204 155
204 159
204 200
204 201
204 202
204 203
204 205
204 206
204 207
204 208
205 159
205 201
205 202
205 203
205 204
205 206
205 207
205 208
205 209
206 202
206 203
206 204
206 205
206 207
206 208
206 209
206 210
206 260
206 263
207 203
207 204
207 205
207 206
207 208
207 209
207 210
207 211
208 159
208 163
208 204
208 205
208 206
208 207
208 209
208 210
208 211
208 212
209 205
209 206
209 207
209 208
209 210
209 211
209 212
209 213
209 263
209 264
210 206
210 207
210 208
210 209
210 211
210 212
210 213
210 214
210 263
210 264
210 267
211 207
211 208
211 209
211 210
211 212
211 213
211 214
211 215
212 163
212 208
212 209
212 210
212 211
212 213
212 214
212 215
212 216
213 209
213 210
213 211
213 212
213 214
213 215
213 216
213 217
213 264
213 267
213 268
214 210
214 211
214 212
214 213
214 215
214 216
214 217
214 218
214 267
214 268
215 211
215 212
215 213
215 214
215 216
215 217
215 218
215 219
216 212
216 213
216 214
216 215
216 217
216 218
216 219
216 220
217 213
217 214
217 215
217 216
217 218
217 219
217 220
217 221
217 267
217 268
218 214
218 215
218 216
218 217
218 219
218 220
218 221
218 222
219 215
219 216
219 217
219 218
219 220
219 221
219 222
219 223
220 216
220 217
220 218
220 219
220 221
220 222
220 223
220 224
220 225
220 229
221 217
221 218
221 219
221 220
221 222
221 223
221 224
221 225
221 226
221 228
221 229
222 218
222 219
222 220
222 221
222 223
222 224
222 225
223 219
223 220
223 221
223 222
223 224
223 225
224 220
224 221
224 222
224 223
224 225
224 226
224 227
224 228
224 229
225 220
225 221
225 222
225 223
225 224
225 226
225 227
225 228
225 229
226 221
226 224
226 225
226 227
226 228
226 229
226 230
226 275
226 276
226 279
227 224
227 225
227 226
227 228
227 229
227 230
227 231
227 291
228 221
228 224
228 225
228 226
228 227
228 229
228 230
228 231
228 232
229 220
229 221
229 224
229 225
229 226
229 227
229 228
229 230
229 231
229 232
229 233
230 226
230 227
230 228
230 229
230 231
230 232
230 233
230 234
230 276
230 294
230 295
230 298
231 227
231 228
231 229
231 230
231 232
231 233
231 234
231 235
231 294
232 228
232 229
232 230
232 231
232 233
232 234
232 235
232 236
233 229
233 230
233 231
233 232
233 234
233 235
233 236
233 237
233 268
233 269
234 230
234 231
234 232
234 233
234 235
234 236
234 237
234 238
234 294
234 298
235 231
235 232
235 233
235 234
235 236
235 237
235 238
235 239
236 232
236 233
236 234
236 235
236 237
236 238
236 239
236 240
237 233
237 234
237 235
237 236
237 238
237 239
237 240
237 241
237 261
237 264
237 265
238 234
238 235
238 236
238 237
238 239
238 240
238 241
238 242
239 235
239 236
239 237
239 238
239 240
239 241
239 242
239 243
240 236
240 237
240 238
240 239
240 241
240 242
240 243
240 244
240 261
240 264
241 237
241 238
241 239
241 240
241 242
241 243
241 244
241 245
241 257
241 260
241 261
242 238
242 239
242 240
242 241
242 243
242 244
242 245
242 246
243 239
243 240
243 241
243 242
243 244
243 245
243 246
243 247
244 240
244 241
244 242
244 243
244 245
244 246
244 247
244 248
244 256
244 257
244 260
245 241
245 242
245 243
245 244
245 246
245 247
245 248
245 249
245 250
245 257
246 177
246 242
246 243
246 244
246 245
246 247
246 248
247 173
247 176
247 177
247 180
247 243
247 244
247 245
247 246
247 248
247 249
248 177
248 180
248 202
248 244
248 245
248 246
248 247
248 249
248 250
248 256
248 257
249 180
249 245
249 247
249 248
249 250
249 251
249 254
249 255
249 256
249 257
250 245
250 248
250 249
250 251
250 252
250 253
250 254
250 255
250 256
250 257
251 249
251 250
251 252
251 253
251 254
252 250
252 251
252 253
252 254
253 250
253 251
253 252
253 254
253 255
254 194
254 249
254 250
254 251
254 252
254 253
254 255
254 256
255 249
255 250
255 253
255 254
255 256
255 257
255 258
255 259
256 202
256 244
256 248
256 249
256 250
256 254
256 255
256 257
256 258
256 259
256 260
257 241
257 244
257 245
257 248
257 249
257 250
257 255
257 256
257 258
257 259
257 260
257 261
258 255
258 256
258 257
258 259
258 260
258 261
258 262
259 255
259 256
259 257
259 258
259 260
259 261
259 262
259 263
260 206
260 241
260 244
260 256
260 257
260 258
260 259
260 261
260 262
260 263
260 264
261 237
261 240
261 241
261 257
261 258
261 259
261 260
261 262
261 263
261 264
261 265
262 258
262 259
262 260
262 261
262 263
262 264
262 265
262 266
263 206
263 209
263 210
263 259
263 260
263 261
263 262
263 264
263 265
263 266
263 267
264 209
264 210
264 213
264 237
264 240
264 260
264 261
264 262
264 263
264 265
264 266
264 267
264 268
264 269
265 237
265 261
265 262
265 263
265 264
265 266
265 267
265 268
265 269
265 270
265 301
265 302
266 262
266 263
266 264
266 265
266 267
266 268
266 269
266 270
266 271
266 302
267 210
267 213
267 214
267 217
267 263
267 264
267 265
267 266
267 268
267 269
267 270
267 271
268 213
268 214
268 217
268 233
268 264
268 265
268 266
268 267
268 269
268 270
268 271
268 272
269 233
269 264
269 265
269 266
269 267
269 268
269 270
269 271
269 272
269 273
269 298
269 299
269 302
270 265
270 266
270 267
270 268
270 269
270 271
270 272
270 273
270 302
271 266
271 267
271 268
271 269
271 270
271 272
271 273
272 268
272 269
272 270
272 271
272 273
272 274
272 275
272 276
273 269
273 270
273 271
273 272
273 274
273 275
273 276
273 277
273 299
273 305
274 272
274 273
274 275
274 276
274 277
274 278
275 226
275 272
275 273
275 274
275 276
275 277
275 278
275 279
276 226
276 230
276 272
276 273
276 274
276 275
276 277
276 278
276 279
276 280
276 295
277 273
277 274
277 275
277 276
277 278
277 279
277 280
277 281
277 308
277 309
278 274
278 275
278 276
278 277
278 279
278 280
278 281
278 282
279 226
279 275
279 276
279 277
279 278
279 280
279 281
279 282
279 283
280 276
280 277
280 278
280 279
280 281
280 282
280 283
280 284
280 292
280 295
280 309
280 312
281 277
281 278
281 279
281 280
281 282
281 283
281 284
281 285
281 309
281 312
281 313
281 316
282 278
282 279
282 280
282 281
282 283
282 284
282 285
282 286
283 279
283 280
283 281
283 282
283 284
283 285
283 286
283 287
283 288
283 289
283 291
283 292
284 280
284 281
284 282
284 283
284 285
284 286
284 287
284 288
284 289
284 292
284 312
284 313
284 316
285 281
285 282
285 283
285 284
285 286
285 287
285 288
285 316
286 282
286 283
286 284
286 285
286 287
286 288
287 283
287 284
287 285
287 286
287 288
287 289
287 353
288 283
288 284
288 285
288 286
288 287
288 289
288 290
288 291
288 292
288 357
289 283
289 284
289 287
289 288
289 290
289 291
289 292
289 293
289 353
289 356
289 357
290 288
290 289
290 291
290 292
290 293
290 294
290 356
290 357
291 227
291 283
291 288
291 289
291 290
291 292
291 293
291 294
291 295
291 357
292 280
292 283
292 284
292 288
292 289
292 290
292 291
292 293
292 294
292 295
292 296
292 357
292 358
293 289
293 290
293 291
293 292
293 294
293 295
293 296
293 297
293 356
293 357
293 358
293 359
294 230
294 231
294 234
294 290
294 291
294 292
294 293
294 295
294 296
294 297
294 298
295 230
295 276
295 280
295 291
295 292
295 293
295 294
295 296
295 297
295 298
295 299
296 292
296 293
296 294
296 295
296 297
296 298
296 299
296 300
296 306
296 358
297 293
297 294
297 295
297 296
297 298
297 299
297 300
297 301
298 230
298 234
298 269
298 294
298 295
298 296
298 297
298 299
298 300
298 301
298 302
299 269
299 273
299 295
299 296
299 297
299 298
299 300
299 301
299 302
299 303
299 304
299 305
299 306
300 296
300 297
300 298
300 299
300 301
300 302
300 303
300 304
300 305
300 306
301 265
301 297
301 298
301 299
301 300
301 302
301 303
301 305
302 265
302 266
302 269
302 270
302 298
302 299
302 300
302 301
302 303
302 304
302 305
302 306
303 299
303 300
303 301
303 302
303 304
303 305
304 299
304 300
304 302
304 303
304 305
304 306
304 307
305 273
305 299
305 300
305 301
305 302
305 303
305 304
305 306
305 307
305 308
305 309
306 296
306 299
306 300
306 302
306 304
306 305
306 307
306 308
306 309
306 310
307 304
307 305
307 306
307 308
307 309
307 310
307 311
308 277
308 305
308 306
308 307
308 309
308 310
308 311
308 312
309 277
309 280
309 281
309 305
309 306
309 307
309 308
309 310
309 311
309 312
309 313
310 306
310 307
310 308
310 309
310 311
310 312
310 313
310 314
310 363
310 364
310 367
311 307
311 308
311 309
311 310
311 312
311 313
311 314
311 315
311 367
312 280
312 281
312 284
312 308
312 309
312 310
312 311
312 313
312 314
312 315
312 316
313 281
313 284
313 309
313 310
313 311
313 312
313 314
313 315
313 316
313 317
313 364
313 367
313 368
314 310
314 311
314 312
314 313
314 315
314 316
314 317
314 318
314 367
314 368
314 370
314 371
315 311
315 312
315 313
315 314
315 316
315 317
315 318
315 319
315 371
316 281
316 284
316 285
316 312
316 313
316 314
316 315
316 317
316 318
316 319
316 320
316 321
317 313
317 314
317 315
317 316
317 318
317 319
317 320
317 321
317 350
317 368
317 371
317 372
318 314
318 315
318 316
318 317
318 319
318 320
318 321
318 322
318 371
318 372
318 374
318 375
319 315
319 316
319 317
319 318
319 320
319 321
319 322
319 323
320 316
320 317
320 318
320 319
320 321
320 322
320 323
320 324
321 316
321 317
321 318
321 319
321 320
321 322
321 323
321 324
321 325
321 346
321 375
322 318
322 319
322 320
322 321
322 323
322 324
322 325
322 326
322 375
322 381
323 319
323 320
323 321
323 322
323 324
323 325
323 326
323 327
324 320
324 321
324 322
324 323
324 325
324 326
324 327
324 328
325 321
325 322
325 323
325 324
325 326
325 327
325 328
325 329
325 342
325 381
326 322
326 323
326 324
326 325
326 327
326 328
326 329
326 381
327 323
327 324
327 325
327 326
327 328
327 329
327 330
328 324
328 325
328 326
328 327
328 329
328 330
328 331
328 332
329 325
329 326
329 327
329 328
329 330
329 331
329 332
329 333
329 381
330 327
330 328
330 329
330 331
330 332
330 333
330 334
331 328
331 329
331 330
331 332
331 333
331 334
331 335
331 338
332 328
332 329
332 330
332 331
332 333
332 334
332 335
332 336
332 337
332 338
332 339
333 329
333 330
333 331
333 332
333 334
333 335
333 336
333 339
333 382
334 330
334 331
334 332
334 333
334 335
334 336
335 331
335 332
335 333
335 334
335 336
335 337
335 338
335 339
336 332
336 333
336 334
336 335
336 337
336 338
336 339
336 340
336 406
336 407
336 409
336 410
337 332
337 335
337 336
337 338
337 339
337 340
337 341
337 410
338 331
338 332
338 335
338 336
338 337
338 339
338 340
338 341
338 342
339 332
339 333
339 335
339 336
339 337
339 338
339 340
339 341
339 342
339 343
339 406
340 336
340 337
340 338
340 339
340 341
340 342
340 343
340 344
340 406
340 407
340 410
340 436
340 439
341 337
341 338
341 339
341 340
341 342
341 343
341 344
341 345
342 325
342 338
342 339
342 340
342 341
342 343
342 344
342 345
342 346
343 339
343 340
343 341
343 342
343 344
343 345
343 346
343 347
343 376
343 439
344 340
344 341
344 342
344 343
344 345
344 346
344 347
344 348
344 435
344 439
345 341
345 342
345 343
345 344
345 346
345 347
345 348
345 349
346 321
346 342
346 343
346 344
346 345
346 347
346 348
346 349
346 350
347 343
347 344
347 345
347 346
347 348
347 349
347 350
347 351
347 372
348 344
348 345
348 346
348 347
348 349
348 350
348 351
348 352
349 345
349 346
349 347
349 348
349 350
349 351
349 352
349 353
350 317
350 346
350 347
350 348
350 349
350 351
350 352
350 353
350 354
350 368
351 347
351 348
351 349
351 350
351 352
351 353
351 354
351 355
351 365
351 368
352 348
352 349
352 350
352 351
352 353
352 354
352 355
352 356
353 287
353 289
353 349
353 350
353 351
353 352
353 354
353 355
353 356
353 357
353 358
354 350
354 351
354 352
354 353
354 355
354 356
354 357
354 358
354 359
354 360
354 361
354 364
354 365
354 368
355 351
355 352
355 353
355 354
355 356
355 357
355 358
355 359
355 360
355 361
356 289
356 290
356 293
356 352
356 353
356 354
356 355
356 357
356 358
356 359
356 360
357 288
357 289
357 290
357 291
357 292
357 293
357 353
357 354
357 355
357 356
357 358
357 359
358 292
358 293
358 296
358 353
358 354
358 355
358 356
358 357
358 359
358 360
358 361
358 364
359 293
359 354
359 355
359 356
359 357
359 358
359 360
359 361
360 354
360 355
360 356
360 358
360 359
360 361
360 362
360 364
360 365
361 354
361 355
361 358
361 359
361 360
361 362
361 363
361 364
361 365
362 360
362 361
362 363
362 364
362 365
362 366
363 310
363 361
363 362
363 364
363 365
363 366
363 367
364 310
364 313
364 354
364 358
364 360
364 361
364 362
364 363
364 365
364 366
364 367
364 368
365 351
365 354
365 360
365 361
365 362
365 363
365 364
365 366
365 367
365 368
365 369
366 362
366 363
366 364
366 365
366 367
366 368
366 369
366 370
367 310
367 311
367 313
367 314
367 363
367 364
367 365
367 366
367 368
367 369
367 370
367 371
368 313
368 314
368 317
368 350
368 351
368 354
368 364
368 365
368 366
368 367
368 369
368 370
368 371
368 372
369 365
369 366
369 367
369 368
369 370
369 371
369 372
369 373
369 442
370 314
370 366
370 367
370 368
370 369
370 371
370 372
370 373
370 374
371 314
371 315
371 317
371 318
371 367
371 368
371 369
371 370
371 372
371 373
371 374
371 375
372 317
372 318
372 347
372 368
372 369
372 370
372 371
372 373
372 374
372 375
372 376
372 442
373 369
373 370
373 371
373 372
373 374
373 375
373 376
373 377
373 442
373 443
374 318
374 370
374 371
374 372
374 373
374 375
374 376
374 377
374 378
375 318
375 321
375 322
375 371
375 372
375 373
375 374
375 376
375 377
375 378
376 343
376 372
376 373
376 374
376 375
376 377
376 378
376 401
376 403
376 439
376 442
376 443
377 373
377 374
377 375
377 376
377 378
377 379
377 400
377 401
377 403
377 442
377 443
377 444
378 374
378 375
378 376
378 377
378 379
378 380
378 381
378 382
378 400
378 401
379 377
379 378
379 380
379 381
379 382
379 383
379 384
379 399
379 400
379 401
379 402
380 378
380 379
380 381
380 382
380 383
380 401
381 322
381 325
381 326
381 329
381 378
381 379
381 380
381 382
381 383
381 401
382 333
382 378
382 379
382 380
382 381
382 383
382 384
382 401
382 402
382 403
383 379
383 380
383 381
383 382
383 384
383 385
383 399
383 400
383 401
383 402
384 379
384 382
384 383
384 385
384 386
384 399
384 400
384 401
384 402
385 383
385 384
385 386
385 387
385 397
385 398
385 399
385 400
386 384
386 385
386 387
386 388
386 397
386 399
386 703
386 704
386 707
387 385
387 386
387 388
387 389
387 397
387 700
387 703
387 704
388 386
388 387
388 389
388 390
388 395
388 397
388 704
388 707
389 387
389 388
389 390
389 391
389 704
390 388
390 389
390 391
390 392
390 393
391 389
391 390
391 392
391 393
392 390
392 391
392 393
392 394
393 390
393 391
393 392
393 394
393 395
394 392
394 393
394 395
394 396
395 388
395 393
395 394
395 396
395 397
396 394
396 395
396 397
396 398
397 385
397 386
397 387
397 388
397 395
397 396
397 398
397 399
398 385
398 396
398 397
398 399
398 400
399 379
399 383
399 384
399 385
399 386
399 397
399 398
399 400
399 401
400 377
400 378
400 379
400 383
400 384
400 385
400 398
400 399
400 401
400 402
401 376
401 377
401 378
401 379
401 380
401 381
401 382
401 383
401 384
401 399
401 400
401 402
401 403
401 404
402 379
402 382
402 383
402 384
402 400
402 401
402 403
402 404
402 405
402 406
403 376
403 377
403 382
403 401
403 402
403 404
403 405
403 406
403 407
403 443
404 401
404 402
404 403
404 405
404 406
404 407
404 408
404 440
404 443
404 445
404 446
404 448
404 449
405 402
405 403
405 404
405 406
405 407
405 408
405 409
405 448
405 449
405 452
406 336
406 339
406 340
406 402
406 403
406 404
406 405
406 407
406 408
406 409
406 410
407 336
407 340
407 403
407 404
407 405
407 406
407 408
407 409
407 410
407 411
407 436
407 440
407 449
408 404
408 405
408 406
408 407
408 409
408 410
408 411
408 412
408 449
408 450
408 452
408 453
408 456
409 336
409 405
409 406
409 407
409 408
409 410
409 411
409 412
409 413
409 452
409 453
409 456
410 336
410 337
410 340
410 406
410 407
410 408
410 409
410 411
410 412
410 413
410 414
411 407
411 408
411 409
411 410
411 412
411 413
411 414
411 415
411 433
411 436
411 453
412 408
412 409
412 410
412 411
412 413
412 414
412 415
412 416
412 453
412 456
412 457
413 409
413 410
413 411
413 412
413 414
413 415
413 416
413 417
413 418
413 420
413 421
414 410
414 411
414 412
414 413
414 415
414 416
414 417
414 418
414 420
414 421
414 429
414 433
414 467
415 411
415 412
415 413
415 414
415 416
415 417
415 421
415 429
415 466
415 467
415 468
415 471
415 472
416 412
416 413
416 414
416 415
416 417
416 418
416 421
416 460
416 465
416 466
416 467
417 413
417 414
417 415
417 416
417 418
417 419
417 421
417 422
417 465
417 466
417 467
418 413
418 414
418 416
418 417
418 419
418 420
418 421
418 422
418 467
419 417
419 418
419 420
419 421
419 422
419 423
420 413
420 414
420 418
420 419
420 421
420 422
420 423
420 424
421 413
421 414
421 415
421 416
421 417
421 418
421 419
421 420
421 422
421 423
421 424
421 425
421 429
421 467
422 417
422 418
422 419
422 420
422 421
422 423
422 424
422 425
422 467
423 419
423 420
423 421
423 422
423 424
423 425
424 420
424 421
424 422
424 423
424 425
424 426
424 428
424 429
425 421
425 422
425 423
425 424
425 426
425 427
425 428
425 429
426 424
426 425
426 427
426 428
426 429
426 430
426 468
426 471
427 425
427 426
427 428
427 429
427 430
427 431
428 424
428 425
428 426
428 427
428 429
428 430
428 431
428 432
429 414
429 415
429 421
429 424
429 425
429 426
429 427
429 428
429 430
429 431
429 432
429 433
430 426
430 427
430 428
430 429
430 431
430 432
430 433
430 434
430 471
431 427
431 428
431 429
431 430
431 432
431 433
431 434
431 435
432 428
432 429
432 430
432 431
432 433
432 434
432 435
432 436
433 411
433 414
433 429
433 430
433 431
433 432
433 434
433 435
433 436
433 437
433 475
434 430
434 431
434 432
434 433
434 435
434 436
434 437
434 438
435 344
435 431
435 432
435 433
435 434
435 436
435 437
435 438
435 439
436 340
436 407
436 411
436 432
436 433
436 434
436 435
436 437
436 438
436 439
436 440
437 433
437 434
437 435
437 436
437 438
437 439
437 440
437 441
437 478
437 479
437 482
438 434
438 435
438 436
438 437
438 439
438 440
438 441
438 442
439 340
439 343
439 344
439 376
439 435
439 436
439 437
439 438
439 440
439 441
439 442
439 443
440 404
440 407
440 436
440 437
440 438
440 439
440 441
440 442
440 443
440 446
441 437
441 438
441 439
441 440
441 442
441 443
441 482
442 369
442 372
442 373
442 376
442 377
442 438
442 439
442 440
442 441
442 443
442 444
443 373
443 376
443 377
443 403
443 404
443 439
443 440
443 441
443 442
443 444
443 445
443 446
444 377
444 442
444 443
444 445
444 446
444 742
444 743
444 744
444 745
444 746
445 404
445 443
445 444
445 446
445 447
445 448
445 449
445 744
445 745
445 746
446 404
446 440
446 443
446 444
446 445
446 447
446 448
446 449
446 450
446 484
446 743
446 744
446 745
447 445
447 446
447 448
447 449
447 450
447 451
447 706
447 744
447 745
448 404
448 405
448 445
448 446
448 447
448 449
448 450
448 451
448 452
448 706
449 404
449 405
449 407
449 408
449 445
449 446
449 447
449 448
449 450
449 451
449 452
449 453
450 408
450 446
450 447
450 448
450 449
450 451
450 452
450 453
450 454
450 488
451 447
451 448
451 449
451 450
451 452
451 453
451 454
451 455
452 405
452 408
452 409
452 448
452 449
452 450
452 451
452 453
452 454
452 455
452 456
453 408
453 409
453 411
453 412
453 449
453 450
453 451
453 452
453 454
453 455
453 456
453 457
454 450
454 451
454 452
454 453
454 455
454 456
454 457
454 458
454 492
455 451
455 452
455 453
455 454
455 456
455 457
455 458
455 459
456 408
456 409
456 412
456 452
456 453
456 454
456 455
456 457
456 458
456 459
456 460
457 412
457 453
457 454
457 455
457 456
457 458
457 459
457 460
457 461
458 454
458 455
458 456
458 457
458 459
458 460
458 461
458 462
458 495
458 535
459 455
459 456
459 457
459 458
459 460
459 461
459 462
459 463
459 693
460 416
460 456
460 457
460 458
460 459
460 461
460 462
460 463
460 464
460 465
460 466
461 457
461 458
461 459
461 460
461 462
461 463
461 464
461 465
461 466
461 496
461 499
462 458
462 459
462 460
462 461
462 463
462 464
462 528
462 576
463 459
463 460
463 461
463 462
463 464
463 465
464 460
464 461
464 462
464 463
464 465
464 466
465 416
465 417
465 460
465 461
465 463
465 464
465 466
465 467
466 415
466 416
466 417
466 460
466 461
466 464
466 465
466 467
466 468
466 469
466 472
467 414
467 415
467 416
467 417
467 418
467 421
467 422
467 465
467 466
467 468
467 469
468 415
468 426
468 466
468 467
468 469
468 470
468 471
468 472
469 466
469 467
469 468
469 470
469 471
469 472
469 473
470 468
470 469
470 471
470 472
470 473
470 474
471 415
471 426
471 430
471 468
471 469
471 470
471 472
471 473
471 474
471 475
472 415
472 466
472 468
472 469
472 470
472 471
472 473
472 474
472 475
472 476
473 469
473 470
473 471
473 472
473 474
473 475
473 476
473 477
473 493
473 496
474 470
474 471
474 472
474 473
474 475
474 476
474 477
474 478
475 433
475 471
475 472
475 473
475 474
475 476
475 477
475 478
475 479
476 472
476 473
476 474
476 475
476 477
476 478
476 479
476 480
476 489
476 492
476 493
477 473
477 474
477 475
477 476
477 478
477 479
477 480
477 481
477 489
478 437
478 474
478 475
478 476
478 477
478 479
478 480
478 481
478 482
479 437
479 475
479 476
479 477
479 478
479 480
479 481
479 482
479 483
479 484
479 489
480 476
480 477
480 478
480 479
480 481
480 482
480 483
480 484
480 485
480 486
480 489
481 477
481 478
481 479
481 480
481 482
481 483
481 484
482 437
482 441
482 478
482 479
482 480
482 481
482 483
482 484
483 479
483 480
483 481
483 482
483 484
483 485
483 743
484 446
484 479
484 480
484 481
484 482
484 483
484 485
484 486
484 488
484 489
484 743
484 744
485 480
485 483
485 484
485 486
485 487
485 488
485 489
485 743
485 744
486 480
486 484
486 485
486 487
486 488
486 489
486 490
487 485
487 486
487 488
487 489
487 490
487 491
488 450
488 484
488 485
488 486
488 487
488 489
488 490
488 491
488 492
489 476
489 477
489 479
489 480
489 484
489 485
489 486
489 487
489 488
489 490
489 491
489 492
489 493
490 486
490 487
490 488
490 489
490 491
490 492
490 493
490 494
491 487
491 488
491 489
491 490
491 492
491 493
491 494
491 495
491 533
491 534
491 535
492 454
492 476
492 488
492 489
492 490
492 491
492 493
492 494
492 495
492 496
492 534
493 473
493 476
493 489
493 490
493 491
493 492
493 494
493 495
493 496
493 497
494 490
494 491
494 492
494 493
494 495
494 496
494 497
494 498
494 534
495 458
495 491
495 492
495 493
495 494
495 496
495 497
495 498
495 499
495 530
495 531
495 534
495 535
496 461
496 473
496 492
496 493
496 494
496 495
496 497
496 498
496 499
496 500
497 493
497 494
497 495
497 496
497 498
497 499
497 500
497 501
498 494
498 495
498 496
498 497
498 499
498 500
498 501
498 502
498 529
498 530
498 531
499 461
499 495
499 496
499 497
499 498
499 500
499 501
499 502
499 503
499 528
499 529
499 530
500 496
500 497
500 498
500 499
500 501
500 502
500 503
500 504
501 497
501 498
501 499
501 500
501 502
501 503
501 504
501 505
501 529
502 498
502 499
502 500
502 501
502 503
502 504
502 505
502 506
502 527
502 528
502 529
502 530
503 499
503 500
503 501
503 502
503 504
503 505
503 506
503 507
503 528
504 500
504 501
504 502
504 503
504 505
504 506
504 507
504 508
505 501
505 502
505 503
505 504
505 506
505 507
505 508
505 509
505 527
506 502
506 503
506 504
506 505
506 507
506 508
506 509
506 510
506 526
506 527
507 503
507 504
507 505
507 506
507 508
507 509
507 510
507 511
508 504
508 505
508 506
508 507
508 509
508 510
508 511
508 512
509 505
509 506
509 507
509 508
509 510
509 511
509 512
509 513
509 522
509 557
509 560
510 506
510 507
510 508
510 509
510 511
510 512
510 513
510 514
510 522
510 523
511 507
511 508
511 509
511 510
511 512
511 513
511 514
512 508
512 509
512 510
512 511
512 513
512 514
512 515
512 516
513 509
513 510
513 511
513 512
513 514
513 515
513 516
513 517
513 518
513 522
514 510
514 511
514 512
514 513
514 515
514 516
514 522
515 512
515 513
515 514
515 516
515 517
516 512
516 513
516 514
516 515
516 517
516 518
517 513
517 515
517 516
517 518
517 519
517 521
518 513
518 516
518 517
518 519
518 520
518 521
518 522
518 553
519 517
519 518
519 520
519 521
519 549
519 550
519 552
519 553
520 518
520 519
520 521
520 522
520 524
520 525
520 549
520 550
520 553
521 517
521 518
521 519
521 520
521 522
521 523
521 524
521 525
522 509
522 510
522 513
522 514
522 518
522 520
522 521
522 523
522 524
522 525
523 510
523 521
523 522
523 524
523 525
523 526
524 520
524 521
524 522
524 523
524 525
524 526
525 520
525 521
525 522
525 523
525 524
525 526
525 527
526 506
526 523
526 524
526 525
526 527
526 528
527 502
527 505
527 506
527 525
527 526
527 528
527 529
528 462
528 499
528 502
528 503
528 526
528 527
528 529
528 530
529 498
529 499
529 501
529 502
529 527
529 528
529 530
529 531
530 495
530 498
530 499
530 502
530 528
530 529
530 531
530 532
530 534
530 535
531 495
531 498
531 529
531 530
531 532
531 533
531 534
531 535
532 530
532 531
532 533
532 534
532 535
532 536
532 537
533 491
533 531
533 532
533 534
533 535
533 536
533 537
534 491
534 492
534 494
534 495
534 530
534 531
534 532
534 533
534 535
534 536
535 458
535 491
535 495
535 530
535 531
535 532
535 533
535 534
535 536
535 537
536 532
536 533
536 534
536 535
536 537
536 538
537 532
537 533
537 535
537 536
537 538
537 539
538 536
538 537
538 539
538 540
538 541
538 698
539 537
539 538
539 540
539 541
540 538
540 539
540 541
540 542
541 538
541 539
541 540
541 542
541 543
541 573
542 540
542 541
542 543
542 544
542 574
542 575
542 624
542 625
543 541
543 542
543 544
543 545
543 623
543 624
543 625
544 542
544 543
544 545
544 546
544 574
544 597
544 600
544 622
544 623
544 624
545 543
545 544
545 546
545 547
545 600
545 621
545 622
545 623
545 624
546 544
546 545
546 547
546 548
546 550
546 551
546 596
546 600
546 622
547 545
547 546
547 548
547 549
547 550
547 551
547 600
547 603
548 546
548 547
548 549
548 550
548 551
548 552
549 519
549 520
549 547
549 548
549 550
549 551
549 552
549 553
550 519
550 520
550 546
550 547
550 548
550 549
550 551
550 552
550 553
550 554
551 546
551 547
551 548
551 549
551 550
551 552
551 553
551 554
551 555
552 519
552 548
552 549
552 550
552 551
552 553
552 554
552 555
552 556
553 518
553 519
553 520
553 549
553 550
553 551
553 552
553 554
553 555
553 556
553 557
554 550
554 551
554 552
554 553
554 555
554 556
554 557
554 558
555 551
555 552
555 553
555 554
555 556
555 557
555 558
555 559
556 552
556 553
556 554
556 555
556 557
556 558
556 559
556 560
557 509
557 553
557 554
557 555
557 556
557 558
557 559
557 560
557 561
558 554
558 555
558 556
558 557
558 559
558 560
558 561
558 562
558 570
559 555
559 556
559 557
559 558
559 560
559 561
559 562
559 563
560 509
560 556
560 557
560 558
560 559
560 561
560 562
560 563
560 564
561 557
561 558
561 559
561 560
561 562
561 563
561 564
561 565
562 558
562 559
562 560
562 561
562 563
562 564
562 565
562 566
562 567
562 568
563 559
563 560
563 561
563 562
563 564
563 565
563 566
564 560
564 561
564 562
564 563
564 565
564 566
565 561
565 562
565 563
565 564
565 566
565 567
565 568
566 562
566 563
566 564
566 565
566 567
566 568
567 562
567 565
567 566
567 568
567 569
568 562
568 565
568 566
568 567
568 569
568 570
569 567
569 568
569 570
569 571
570 558
570 568
570 569
570 571
570 572
571 569
571 570
571 572
571 573
572 570
572 571
572 573
572 574
573 541
573 571
573 572
573 574
573 575
573 576
573 577
574 542
574 544
574 572
574 573
574 575
574 576
574 577
574 578
574 596
574 597
575 542
575 573
575 574
575 576
575 577
575 595
575 596
575 597
575 693
575 694
576 462
576 573
576 574
576 575
576 577
576 578
576 595
576 596
576 693
577 573
577 574
577 575
577 576
577 578
577 579
577 595
577 596
578 574
578 576
578 577
578 579
578 580
578 593
578 594
578 595
578 596
578 688
579 577
579 578
579 580
579 581
579 593
579 594
579 595
579 596
579 599
580 578
580 579
580 581
580 582
580 591
580 592
580 593
580 594
581 579
581 580
581 582
581 583
581 591
581 592
581 593
581 594
581 599
582 580
582 581
582 583
582 584
582 589
582 590
582 591
582 592
583 581
583 582
583 584
583 585
583 589
583 590
583 591
583 592
584 582
584 583
584 585
584 586
584 587
584 588
584 589
584 590
585 583
585 584
585 586
585 587
585 588
585 589
585 668
585 669
585 670
585 671
586 584
586 585
586 587
586 588
586 669
586 670
587 584
587 585
587 586
587 588
587 589
587 669
587 670
587 671
587 672
587 681
588 584
588 585
588 586
588 587
588 589
588 590
588 672
588 680
588 681
588 682
589 582
589 583
589 584
589 585
589 587
589 588
589 590
589 591
589 681
589 682
589 683
590 582
590 583
590 584
590 588
590 589
590 591
590 592
590 681
590 682
590 683
590 684
590 685
591 580
591 581
591 582
591 583
591 589
591 590
591 592
591 593
591 682
591 683
591 684
591 685
592 580
592 581
592 582
592 583
592 590
592 591
592 593
592 594
592 684
592 685
592 686
592 687
593 578
593 579
593 580
593 581
593 591
593 592
593 594
593 595
593 684
593 685
593 686
593 687
593 688
594 578
594 579
594 580
594 581
594 592
594 593
594 595
594 596
594 597
594 598
594 599
594 686
594 687
594 688
595 575
595 576
595 577
595 578
595 579
595 593
595 594
595 596
595 597
595 598
595 599
595 687
595 688
595 691
596 546
596 574
596 575
596 576
596 577
596 578
596 579
596 594
596 595
596 597
596 598
596 599
596 600
597 544
597 574
597 575
597 594
597 595
597 596
597 598
597 599
597 600
597 601
597 624
597 629
597 632
598 594
598 595
598 596
598 597
598 599
598 600
598 601
598 602
598 632
598 633
598 636
599 579
599 581
599 594
599 595
599 596
599 597
599 598
599 600
599 601
599 602
599 603
600 544
600 545
600 546
600 547
600 596
600 597
600 598
600 599
600 601
600 602
600 603
600 604
600 622
601 597
601 598
601 599
601 600
601 602
601 603
601 604
601 618
601 622
601 632
601 633
602 598
602 599
602 600
602 601
602 603
602 604
602 605
602 606
603 547
603 599
603 600
603 601
603 602
603 604
603 605
603 606
604 600
604 601
604 602
604 603
604 605
604 606
604 607
604 608
604 618
604 621
604 622
605 602
605 603
605 604
605 606
605 607
605 608
605 609
605 610
605 611
605 667
606 602
606 603
606 604
606 605
606 607
606 608
606 609
607 604
607 605
607 606
607 608
607 609
608 604
608 605
608 606
608 607
608 609
608 610
608 611
609 605
609 606
609 607
609 608
609 610
609 611
609 667
610 605
610 608
610 609
610 611
610 612
610 666
610 667
611 605
611 608
611 609
611 610
611 612
611 613
611 666
611 667
612 610
612 611
612 613
612 614
612 664
612 665
612 666
612 667
613 611
613 612
613 614
613 615
613 617
613 618
613 664
613 665
613 666
614 612
614 613
614 615
614 616
614 617
614 618
614 661
614 662
614 663
614 664
614 665
615 613
615 614
615 616
615 617
615 618
615 619
615 659
615 660
615 661
615 662
615 663
615 664
615 665
616 614
616 615
616 617
616 618
616 619
616 620
616 661
616 662
617 613
617 614
617 615
617 616
617 618
617 619
617 620
617 621
618 601
618 604
618 613
618 614
618 615
618 616
618 617
618 619
618 620
618 621
618 622
619 615
619 616
619 617
619 618
619 620
619 621
619 622
619 623
619 624
619 625
619 626
619 629
620 616
620 617
620 618
620 619
620 621
620 622
620 623
620 624
621 545
621 604
621 617
621 618
621 619
621 620
621 622
621 623
622 544
622 545
622 546
622 600
622 601
622 604
622 618
622 619
622 620
622 621
622 623
622 624
623 543
623 544
623 545
623 619
623 620
623 621
623 622
623 624
623 625
624 542
624 543
624 544
624 545
624 597
624 619
624 620
624 622
624 623
624 625
624 626
624 628
624 629
625 542
625 543
625 619
625 623
625 624
625 626
625 627
625 628
625 629
626 619
626 624
626 625
626 627
626 628
626 629
626 630
627 625
627 626
627 628
627 629
627 630
627 631
628 624
628 625
628 626
628 627
628 629
628 630
628 631
628 632
628 695
629 597
629 619
629 624
629 625
629 626
629 627
629 628
629 630
629 631
629 632
629 633
630 626
630 627
630 628
630 629
630 631
630 632
630 633
630 634
630 656
630 657
630 659
631 627
631 628
631 629
631 630
631 632
631 633
631 634
631 635
631 656
631 691
632 597
632 598
632 601
632 628
632 629
632 630
632 631
632 633
632 634
632 635
632 636
632 691
633 598
633 601
633 629
633 630
633 631
633 632
633 634
633 635
633 636
633 637
633 656
634 630
634 631
634 632
634 633
634 635
634 636
634 637
634 638
634 655
634 656
635 631
635 632
635 633
635 634
635 636
635 637
635 638
635 639
635 687
635 690
635 691
636 598
636 632
636 633
636 634
636 635
636 637
636 638
636 639
636 645
636 646
636 647
636 687
637 633
637 634
637 635
637 636
637 638
637 639
637 645
637 646
637 647
637 648
637 649
638 634
638 635
638 636
638 637
638 639
638 640
638 645
639 635
639 636
639 637
639 638
639 640
639 641
639 642
639 645
639 690
640 638
640 639
640 641
640 642
640 643
641 639
641 640
641 642
641 643
642 639
642 640
642 641
642 643
642 644
642 645
642 673
643 640
643 641
643 642
643 644
643 645
643 673
643 674
644 642
644 643
644 645
644 646
644 670
644 671
644 672
644 673
645 636
645 637
645 638
645 639
645 642
645 643
645 644
645 646
645 647
645 648
645 668
645 671
646 636
646 637
646 644
646 645
646 647
646 648
646 667
646 668
646 671
647 636
647 637
647 645
647 646
647 648
647 649
647 665
647 666
647 667
647 668
648 637
648 645
648 646
648 647
648 649
648 650
648 665
648 666
648 667
648 668
649 637
649 647
649 648
649 650
649 651
649 652
649 663
649 664
649 665
649 666
650 648
650 649
650 651
650 652
650 663
650 664
650 665
651 649
651 650
651 652
651 653
651 663
651 664
652 649
652 650
652 651
652 653
652 654
653 651
653 652
653 654
653 655
653 656
653 658
653 659
654 652
654 653
654 655
654 656
654 658
655 634
655 653
655 654
655 656
655 657
655 658
655 659
656 630
656 631
656 633
656 634
656 653
656 654
656 655
656 657
656 658
656 659
657 630
657 655
657 656
657 658
657 659
658 653
658 654
658 655
658 656
658 657
658 659
658 660
659 615
659 630
659 653
659 655
659 656
659 657
659 658
659 660
659 661
659 663
660 615
660 658
660 659
660 661
660 662
660 663
661 614
661 615
661 616
661 659
661 660
661 662
661 663
662 614
662 615
662 616
662 660
662 661
662 663
662 664
663 614
663 615
663 649
663 650
663 651
663 659
663 660
663 661
663 662
663 664
663 665
664 612
664 613
664 614
664 615
664 649
664 650
664 651
664 662
664 663
664 665
664 666
665 612
665 613
665 614
665 615
665 647
665 648
665 649
665 650
665 663
665 664
665 666
665 667
666 610
666 611
666 612
666 613
666 647
666 648
666 649
666 664
666 665
666 667
666 668
667 605
667 609
667 610
667 611
667 612
667 646
667 647
667 648
667 665
667 666
667 668
667 669
668 585
668 645
668 646
668 647
668 648
668 666
668 667
668 669
668 670
668 671
669 585
669 586
669 587
669 667
669 668
669 670
669 671
670 585
670 586
670 587
670 644
670 668
670 669
670 671
670 672
671 585
671 587
671 644
671 645
671 646
671 668
671 669
671 670
671 672
671 673
672 587
672 588
672 644
672 670
672 671
672 673
672 674
672 679
672 680
672 681
673 642
673 643
673 644
673 671
673 672
673 674
673 675
673 679
673 680
673 681
673 682
673 683
674 643
674 672
674 673
674 675
674 676
674 677
674 678
674 679
674 680
675 673
675 674
675 676
675 677
675 678
675 679
675 680
676 674
676 675
676 677
676 678
677 674
677 675
677 676
677 678
677 679
678 674
678 675
678 676
678 677
678 679
678 680
679 672
679 673
679 674
679 675
679 677
679 678
679 680
679 681
680 588
680 672
680 673
680 674
680 675
680 678
680 679
680 681
680 682
680 683
681 587
681 588
681 589
681 590
681 672
681 673
681 679
681 680
681 682
681 683
682 588
682 589
682 590
682 591
682 673
682 680
682 681
682 683
682 684
683 589
683 590
683 591
683 673
683 680
683 681
683 682
683 684
683 685
684 590
684 591
684 592
684 593
684 682
684 683
684 685
684 686
685 590
685 591
685 592
685 593
685 683
685 684
685 686
685 687
686 592
686 593
686 594
686 684
686 685
686 687
686 688
686 689
687 592
687 593
687 594
687 595
687 635
687 636
687 685
687 686
687 688
687 689
687 690
687 691
688 578
688 593
688 594
688 595
688 686
688 687
688 689
688 690
688 691
689 686
689 687
689 688
689 690
689 691
689 692
690 635
690 639
690 687
690 688
690 689
690 691
690 692
691 595
691 631
691 632
691 635
691 687
691 688
691 689
691 690
691 692
691 693
692 689
692 690
692 691
692 693
692 694
692 695
693 459
693 575
693 576
693 691
693 692
693 694
693 695
694 575
694 692
694 693
694 695
694 696
694 698
694 699
695 628
695 692
695 693
695 694
695 696
695 697
695 698
695 699
696 694
696 695
696 697
696 698
696 699
696 700
697 695
697 696
697 698
697 699
697 700
697 701
698 538
698 694
698 695
698 696
698 697
698 699
698 700
698 701
698 702
699 694
699 695
699 696
699 697
699 698
699 700
699 701
699 702
699 703
700 387
700 696
700 697
700 698
700 699
700 701
700 702
700 703
700 704
701 697
701 698
701 699
701 700
701 702
701 703
701 704
701 705
702 698
702 699
702 700
702 701
702 703
702 704
702 705
702 706
703 386
703 387
703 699
703 700
703 701
703 702
703 704
703 705
703 706
703 707
704 386
704 387
704 388
704 389
704 700
704 701
704 702
704 703
704 705
704 706
704 707
704 708
705 701
705 702
705 703
705 704
705 706
705 707
705 708
705 709
706 447
706 448
706 702
706 703
706 704
706 705
706 707
706 708
706 709
706 710
707 386
707 388
707 703
707 704
707 705
707 706
707 708
707 709
707 710
707 711
708 704
708 705
708 706
708 707
708 709
708 710
708 711
708 712
709 705
709 706
709 707
709 708
709 710
709 711
709 712
709 713
710 706
710 707
710 708
710 709
710 711
710 712
710 713
710 714
710 745
710 747
711 707
711 708
711 709
711 710
711 712
711 713
711 714
711 715
711 751
711 755
712 708
712 709
712 710
712 711
712 713
712 714
712 715
712 716
713 709
713 710
713 711
713 712
713 714
713 715
713 716
713 717
713 741
714 710
714 711
714 712
714 713
714 715
714 716
714 717
714 718
714 737
714 741
714 747
714 752
714 755
715 711
715 712
715 713
715 714
715 716
715 717
715 718
715 719
715 755
715 756
715 759
716 712
716 713
716 714
716 715
716 717
716 718
716 719
716 720
717 713
717 714
717 715
717 716
717 718
717 719
717 720
717 721
717 737
717 740
717 741
718 714
718 715
718 716
718 717
718 719
718 720
718 721
718 722
718 733
718 737
718 756
719 715
719 716
719 717
719 718
719 720
719 721
719 722
719 723
719 764
720 716
720 717
720 718
720 719
720 721
720 722
720 723
720 724
721 717
721 718
721 719
721 720
721 722
721 723
721 724
721 725
721 733
721 736
721 737
722 718
722 719
722 720
722 721
722 723
722 724
722 725
722 726
722 727
722 728
722 765
722 776
722 777
723 719
723 720
723 721
723 722
723 724
723 725
723 726
723 777
723 779
724 720
724 721
724 722
724 723
724 725
724 726
725 721
725 722
725 723
725 724
725 726
725 727
725 728
726 722
726 723
726 724
726 725
726 727
726 728
726 776
726 777
727 722
727 725
727 726
727 728
727 729
727 774
727 775
727 776
727 777
728 722
728 725
728 726
728 727
728 729
728 730
728 732
728 733
728 774
728 775
728 776
729 727
729 728
729 730
729 731
729 732
729 733
729 773
729 774
729 775
730 728
730 729
730 731
730 732
730 733
730 734
730 773
730 774
730 775
731 729
731 730
731 732
731 733
731 734
731 735
732 728
732 729
732 730
732 731
732 733
732 734
732 735
732 736
733 718
733 721
733 728
733 729
733 730
733 731
733 732
733 734
733 735
733 736
733 737
734 730
734 731
734 732
734 733
734 735
734 736
734 737
734 738
734 752
735 731
735 732
735 733
735 734
735 736
735 737
735 738
735 739
736 721
736 732
736 733
736 734
736 735
736 737
736 738
736 739
736 740
737 714
737 717
737 718
737 721
737 733
737 734
737 735
737 736
737 738
737 739
737 740
737 741
738 734
738 735
738 736
738 737
738 739
738 740
738 741
738 742
738 746
738 747
739 735
739 736
739 737
739 738
739 740
739 741
739 742
740 717
740 736
740 737
740 738
740 739
740 741
740 742
740 743
741 713
741 714
741 717
741 737
741 738
741 739
741 740
741 742
741 743
741 744
741 745
741 746
741 747
742 444
742 738
742 739
742 740
742 741
742 743
742 744
742 745
742 746
742 747
743 444
743 446
743 483
743 484
743 485
743 740
743 741
743 742
743 744
743 745
744 444
744 445
744 446
744 447
744 484
744 485
744 741
744 742
744 743
744 745
744 746
745 444
745 445
745 446
745 447
745 710
745 741
745 742
745 743
745 744
745 746
745 747
746 444
746 445
746 738
746 741
746 742
746 744
746 745
746 747
746 748
747 710
747 714
747 738
747 741
747 742
747 745
747 746
747 748
747 749
747 751
747 752
748 746
748 747
748 749
748 750
748 751
748 752
749 747
749 748
749 750
749 751
749 752
749 753
750 748
750 749
750 751
750 752
750 753
750 754
751 711
751 747
751 748
751 749
751 750
751 752
751 753
751 754
751 755
752 714
752 734
752 747
752 748
752 749
752 750
752 751
752 753
752 754
752 755
752 756
753 749
753 750
753 751
753 752
753 754
753 755
753 756
753 757
754 750
754 751
754 752
754 753
754 755
754 756
754 757
754 758
755 711
755 714
755 715
755 751
755 752
755 753
755 754
755 756
755 757
755 758
755 759
756 715
756 718
756 752
756 753
756 754
756 755
756 757
756 758
756 759
756 760
757 753
757 754
757 755
757 756
757 758
757 759
757 760
757 761
758 754
758 755
758 756
758 757
758 759
758 760
758 761
758 762
759 715
759 755
759 756
759 757
759 758
759 760
759 761
759 762
759 763
759 764
759 765
760 756
760 757
760 758
760 759
760 761
760 762
760 763
760 764
760 765
760 766
760 767
761 757
761 758
761 759
761 760
761 762
761 763
761 764
762 758
762 759
762 760
762 761
762 763
762 764
762 765
763 759
763 760
763 761
763 762
763 764
763 765
763 766
763 778
764 719
764 759
764 760
764 761
764 762
764 763
764 765
764 766
764 777
764 778
764 779
765 722
765 759
765 760
765 762
765 763
765 764
765 766
765 767
765 775
765 776
765 777
765 778
765 779
766 760
766 763
766 764
766 765
766 767
766 768
766 775
766 776
766 777
766 778
767 760
767 765
767 766
767 768
767 769
767 771
767 772
767 773
767 774
767 775
767 776
768 766
768 767
768 769
768 770
768 771
768 772
768 773
768 774
768 775
768 776
769 767
769 768
769 770
769 771
769 772
770 768
770 769
770 771
770 772
771 767
771 768
771 769
771 770
771 772
771 773
771 774
772 767
772 768
772 769
772 770
772 771
772 773
772 774
772 775
773 729
773 730
773 767
773 768
773 771
773 772
773 774
773 775
774 727
774 728
774 729
774 730
774 767
774 768
774 771
774 772
774 773
774 775
774 776
775 727
775 728
775 729
775 730
775 765
775 766
775 767
775 768
775 772
775 773
775 774
775 776
775 777
776 722
776 726
776 727
776 728
776 765
776 766
776 767
776 768
776 774
776 775
776 777
776 778
777 722
777 723
777 726
777 727
777 764
777 765
777 766
777 775
777 776
777 778
777 779
778 763
778 764
778 765
778 766
778 776
778 777
778 779
779 723
779 764
779 765
779 777
779 778
