0 1
0 2
0 339
0 340
0 341
0 342
1 0
1 2
1 3
1 340
1 341
1 342
1 390
2 0
2 1
2 3
2 4
2 341
2 342
2 343
3 1
3 2
3 4
3 5
3 341
3 342
3 343
4 2
4 3
4 5
4 6
4 343
4 344
5 3
5 4
5 6
5 7
5 8
5 343
5 380
5 383
6 4
6 5
6 7
6 8
6 380
7 5
7 6
7 8
7 9
7 380
7 381
7 382
8 5
8 6
8 7
8 9
8 10
8 378
8 379
8 380
8 381
9 7
9 8
9 10
9 11
9 50
9 52
9 378
9 379
9 380
9 381
10 8
10 9
10 11
10 12
10 52
10 376
10 377
10 378
10 379
11 9
11 10
11 12
11 13
11 51
11 52
11 53
11 376
11 377
11 378
11 379
12 10
12 11
12 13
12 14
12 52
12 53
12 54
12 376
12 377
13 11
13 12
13 14
13 15
13 53
13 375
13 376
13 377
14 12
14 13
14 15
14 16
14 375
14 376
15 13
15 14
15 16
15 17
15 39
15 40
15 41
15 375
16 14
16 15
16 17
16 18
16 39
16 40
16 41
16 375
17 15
17 16
17 18
17 19
17 21
17 22
17 37
17 38
17 39
17 40
17 64
17 65
17 350
17 351
18 16
18 17
18 19
18 20
18 21
18 22
18 39
18 40
18 64
18 65
18 66
18 350
18 351
19 17
19 18
19 20
19 21
19 22
19 65
19 350
19 351
19 352
20 18
20 19
20 21
20 22
20 23
20 65
20 66
20 67
20 127
20 128
20 129
20 351
21 17
21 18
21 19
21 20
21 22
21 23
21 37
21 38
21 39
21 64
21 65
21 66
21 67
21 68
22 17
22 18
22 19
22 20
22 21
22 23
22 24
22 35
22 36
22 37
22 38
22 66
22 67
22 68
22 351
22 352
22 353
23 20
23 21
23 22
23 24
23 25
23 35
23 36
23 37
23 67
23 68
23 69
23 353
24 22
24 23
24 25
24 26
24 33
24 34
24 35
24 36
24 68
24 69
24 353
24 354
24 355
24 356
24 357
25 23
25 24
25 26
25 27
25 32
25 33
25 34
25 35
25 36
25 68
25 69
25 70
25 356
25 357
26 24
26 25
26 27
26 28
26 29
26 30
26 31
26 32
26 33
26 34
26 69
26 70
26 78
27 25
27 26
27 28
27 29
27 30
27 33
27 34
27 69
27 70
27 78
27 79
27 80
27 94
27 95
28 26
28 27
28 29
28 30
28 78
28 93
28 94
28 95
28 96
29 26
29 27
29 28
29 30
29 31
29 32
29 77
29 78
29 95
30 26
30 27
30 28
30 29
30 31
30 32
31 26
31 29
31 30
31 32
31 33
32 25
32 26
32 29
32 30
32 31
32 33
32 34
32 357
32 358
32 362
32 363
32 364
33 24
33 25
33 26
33 27
33 31
33 32
33 34
33 35
33 48
33 356
33 357
33 358
33 364
34 24
34 25
34 26
34 27
34 32
34 33
34 35
34 36
34 46
34 47
34 48
34 49
34 357
34 358
35 22
35 23
35 24
35 25
35 33
35 34
35 36
35 37
35 46
35 47
35 48
35 357
36 22
36 23
36 24
36 25
36 34
36 35
36 37
36 38
36 44
36 45
36 46
36 47
36 67
36 68
37 17
37 21
37 22
37 23
37 35
37 36
37 38
37 39
37 44
37 45
37 46
37 67
38 17
38 21
38 22
38 36
38 37
38 39
38 40
38 42
38 43
38 44
38 45
38 64
38 65
38 66
38 67
38 82
39 15
39 16
39 17
39 18
39 21
39 37
39 38
39 40
39 41
39 42
39 43
39 44
39 63
39 64
39 65
40 15
40 16
40 17
40 18
40 38
40 39
40 41
40 42
40 43
40 62
40 63
40 64
40 65
41 15
41 16
41 39
41 40
41 42
41 43
41 62
41 63
41 64
42 38
42 39
42 40
42 41
42 43
42 44
42 59
42 60
42 61
42 62
42 63
42 64
42 84
43 38
43 39
43 40
43 41
43 42
43 44
43 45
43 57
43 58
43 59
43 60
43 64
44 36
44 37
44 38
44 39
44 42
44 43
44 45
44 46
44 57
44 58
44 59
44 60
44 82
45 36
45 37
45 38
45 43
45 44
45 46
45 47
45 54
45 55
45 56
45 57
45 58
46 34
46 35
46 36
46 37
46 44
46 45
46 47
46 48
46 54
46 55
46 56
46 57
47 34
47 35
47 36
47 45
47 46
47 48
47 49
47 51
47 52
47 53
47 54
47 55
47 56
48 33
48 34
48 35
48 46
48 47
48 49
48 50
48 51
48 54
48 55
48 358
48 359
49 34
49 47
49 48
49 50
49 51
49 358
49 359
49 360
49 362
50 9
50 48
50 49
50 51
50 52
50 359
50 360
51 11
51 47
51 48
51 49
51 50
51 52
51 53
51 54
51 55
52 9
52 10
52 11
52 12
52 47
52 50
52 51
52 53
52 54
53 11
53 12
53 13
53 47
53 51
53 52
53 54
53 55
54 12
54 45
54 46
54 47
54 48
54 51
54 52
54 53
54 55
54 56
54 57
55 45
55 46
55 47
55 48
55 51
55 53
55 54
55 56
55 57
55 110
56 45
56 46
56 47
56 54
56 55
56 57
56 58
56 109
56 110
56 111
56 112
56 113
56 114
57 43
57 44
57 45
57 46
57 54
57 55
57 56
57 58
57 59
57 111
57 112
57 113
57 114
58 43
58 44
58 45
58 56
58 57
58 59
58 60
58 113
58 114
58 115
58 116
59 42
59 43
59 44
59 57
59 58
59 60
59 61
59 113
59 114
59 115
59 116
60 42
60 43
60 44
60 58
60 59
60 61
60 62
60 64
60 82
60 84
60 90
60 115
60 116
61 42
61 59
61 60
61 62
61 63
61 84
61 88
62 40
62 41
62 42
62 60
62 61
62 63
62 64
62 84
62 85
62 86
62 88
63 39
63 40
63 41
63 42
63 61
63 62
63 64
63 65
63 84
63 85
63 86
64 17
64 18
64 21
64 38
64 39
64 40
64 41
64 42
64 43
64 60
64 62
64 63
64 65
64 66
64 67
64 82
64 83
64 84
64 85
65 17
65 18
65 19
65 20
65 21
65 38
65 39
65 40
65 63
65 64
65 66
65 67
65 82
65 83
65 84
65 85
65 126
65 127
65 128
66 18
66 20
66 21
66 22
66 38
66 64
66 65
66 67
66 68
66 82
66 83
66 84
66 126
66 127
66 128
66 129
67 20
67 21
67 22
67 23
67 36
67 37
67 38
67 64
67 65
67 66
67 68
67 69
67 80
67 81
67 82
67 83
67 129
68 21
68 22
68 23
68 24
68 25
68 36
68 66
68 67
68 69
68 70
68 80
68 81
68 82
68 129
68 130
68 131
69 23
69 24
69 25
69 26
69 27
69 67
69 68
69 70
69 71
69 78
69 79
69 80
69 81
69 131
70 25
70 26
70 27
70 68
70 69
70 71
70 72
70 77
70 78
70 79
70 80
70 81
70 131
71 69
71 70
71 72
71 73
71 74
71 75
71 76
71 77
71 78
71 79
71 131
71 140
72 70
72 71
72 73
72 74
72 78
72 79
72 131
72 140
72 141
72 142
72 155
72 156
73 71
73 72
73 74
73 75
73 77
73 79
73 140
73 155
73 156
73 157
74 71
74 72
74 73
74 75
74 76
74 77
74 139
74 140
74 156
75 71
75 73
75 74
75 76
75 77
76 71
76 74
76 75
76 77
76 78
77 29
77 70
77 71
77 73
77 74
77 75
77 76
77 78
77 79
78 26
78 27
78 28
78 29
78 69
78 70
78 71
78 72
78 76
78 77
78 79
78 80
78 93
79 27
79 69
79 70
79 71
79 72
79 73
79 77
79 78
79 80
79 81
79 91
79 92
79 93
79 94
80 27
80 67
80 68
80 69
80 70
80 78
80 79
80 81
80 82
80 91
80 92
80 93
80 94
81 67
81 68
81 69
81 70
81 79
81 80
81 82
81 83
81 89
81 90
81 91
81 92
82 38
82 44
82 60
82 64
82 65
82 66
82 67
82 68
82 80
82 81
82 83
82 84
82 89
82 90
82 91
83 64
83 65
83 66
83 67
83 81
83 82
83 84
83 85
83 87
83 88
83 89
83 90
83 126
84 42
84 60
84 61
84 62
84 63
84 64
84 65
84 66
84 82
84 83
84 85
84 86
84 87
84 88
84 89
84 124
84 125
84 126
85 62
85 63
85 64
85 65
85 83
85 84
85 86
85 87
85 88
85 124
85 125
85 126
85 127
86 62
86 63
86 84
86 85
86 87
86 88
86 123
86 124
86 125
87 83
87 84
87 85
87 86
87 88
87 89
87 121
87 122
87 123
87 124
87 125
87 126
88 61
88 62
88 83
88 84
88 85
88 86
88 87
88 89
88 90
88 119
88 120
88 121
88 122
88 124
89 81
89 82
89 83
89 84
89 87
89 88
89 90
89 91
89 119
89 120
89 121
89 122
90 60
90 81
90 82
90 83
90 88
90 89
90 91
90 92
90 116
90 117
90 118
90 119
90 120
91 79
91 80
91 81
91 82
91 89
91 90
91 92
91 93
91 116
91 117
91 118
91 119
92 79
92 80
92 81
92 90
92 91
92 93
92 94
92 114
92 115
92 116
92 117
92 118
93 28
93 78
93 79
93 80
93 91
93 92
93 94
93 95
93 116
93 117
94 27
94 28
94 79
94 80
94 92
94 93
94 95
94 96
95 27
95 28
95 29
95 93
95 94
95 96
95 97
96 28
96 94
96 95
96 97
96 98
96 108
96 109
97 95
97 96
97 98
97 99
98 96
98 97
98 99
98 100
99 97
99 98
99 100
99 101
99 107
100 98
100 99
100 101
100 102
100 104
101 99
101 100
101 102
101 103
101 104
101 105
101 106
102 100
102 101
102 103
102 104
103 101
103 102
103 104
103 105
104 100
104 101
104 102
104 103
104 105
104 106
105 101
105 103
105 104
105 106
105 107
106 101
106 104
106 105
106 107
106 108
107 99
107 105
107 106
107 108
107 109
108 96
108 106
108 107
108 109
108 110
109 56
109 96
109 107
109 108
109 110
109 111
109 112
110 55
110 56
110 108
110 109
110 111
110 112
111 56
111 57
111 109
111 110
111 112
111 113
112 56
112 57
112 109
112 110
112 111
112 113
112 114
113 56
113 57
113 58
113 59
113 111
113 112
113 114
113 115
114 56
114 57
114 58
114 59
114 92
114 112
114 113
114 115
114 116
115 58
115 59
115 60
115 92
115 113
115 114
115 116
115 117
116 58
116 59
116 60
116 90
116 91
116 92
116 93
116 114
116 115
116 117
116 118
116 119
117 90
117 91
117 92
117 93
117 115
117 116
117 118
117 119
117 165
117 166
118 90
118 91
118 92
118 116
118 117
118 119
118 120
118 166
119 88
119 89
119 90
119 91
119 116
119 117
119 118
119 120
119 121
120 88
120 89
120 90
120 118
120 119
120 121
120 122
120 169
120 170
121 87
121 88
121 89
121 119
121 120
121 122
121 123
122 87
122 88
122 89
122 120
122 121
122 123
122 124
123 86
123 87
123 121
123 122
123 124
123 125
123 126
124 84
124 85
124 86
124 87
124 88
124 122
124 123
124 125
124 126
124 146
125 84
125 85
125 86
125 87
125 123
125 124
125 126
125 127
125 146
125 147
125 148
126 65
126 66
126 83
126 84
126 85
126 87
126 123
126 124
126 125
126 127
126 128
126 129
126 144
126 145
126 146
126 147
127 20
127 65
127 66
127 85
127 125
127 126
127 128
127 129
127 144
127 145
127 146
127 147
127 182
127 183
128 20
128 65
128 66
128 126
128 127
128 129
128 130
128 144
128 145
128 146
128 182
128 183
128 184
128 185
129 20
129 66
129 67
129 68
129 126
129 127
129 128
129 130
129 131
129 142
129 143
129 144
129 145
129 185
130 68
130 128
130 129
130 131
130 132
130 141
130 142
130 143
130 144
130 185
130 186
131 68
131 69
131 70
131 71
131 72
131 129
131 130
131 132
131 133
131 140
131 141
131 142
131 143
132 130
132 131
132 133
132 134
132 139
132 140
132 141
132 142
132 143
132 187
133 131
133 132
133 134
133 135
133 136
133 137
133 138
133 139
133 140
133 141
133 195
134 132
134 133
134 135
134 136
134 140
134 141
134 187
134 195
134 196
134 197
134 211
135 133
135 134
135 136
135 137
135 194
135 195
135 196
135 211
136 133
136 134
136 135
136 137
136 138
136 139
136 194
136 195
137 133
137 135
137 136
137 138
137 139
138 133
138 136
138 137
138 139
138 140
139 74
139 132
139 133
139 136
139 137
139 138
139 140
139 141
140 71
140 72
140 73
140 74
140 131
140 132
140 133
140 134
140 138
140 139
140 141
140 142
140 155
141 72
141 130
141 131
141 132
141 133
141 134
141 139
141 140
141 142
141 143
141 153
141 154
141 155
141 156
142 72
142 129
142 130
142 131
142 132
142 140
142 141
142 143
142 144
142 153
142 154
142 155
143 129
143 130
143 131
143 132
143 141
143 142
143 144
143 145
143 151
143 152
143 153
143 154
144 126
144 127
144 128
144 129
144 130
144 142
144 143
144 145
144 146
144 151
144 152
144 153
145 126
145 127
145 128
145 129
145 143
145 144
145 146
145 147
145 149
145 150
145 151
145 152
145 182
145 183
145 184
145 185
146 124
146 125
146 126
146 127
146 128
146 144
146 145
146 147
146 148
146 149
146 150
146 151
146 182
147 125
147 126
147 127
147 145
147 146
147 148
147 149
147 150
147 181
147 182
148 125
148 146
148 147
148 149
148 150
148 181
149 145
149 146
149 147
149 148
149 150
149 151
149 177
149 178
149 179
149 180
149 181
149 182
150 145
150 146
150 147
150 148
150 149
150 151
150 152
150 175
150 176
150 177
150 178
150 182
151 143
151 144
151 145
151 146
151 149
151 150
151 152
151 153
151 175
151 176
151 177
151 178
151 182
152 143
152 144
152 145
152 150
152 151
152 153
152 154
152 172
152 173
152 174
152 175
152 176
153 141
153 142
153 143
153 144
153 151
153 152
153 154
153 155
153 172
153 173
153 174
153 175
154 141
154 142
154 143
154 152
154 153
154 155
154 156
154 170
154 171
154 172
154 173
154 174
155 72
155 73
155 140
155 141
155 142
155 153
155 154
155 156
155 157
155 170
155 171
155 172
155 173
156 72
156 73
156 74
156 141
156 154
156 155
156 157
156 158
156 168
156 169
156 170
156 171
157 73
157 155
157 156
157 158
157 159
157 168
157 169
157 170
157 171
158 156
158 157
158 159
158 160
158 161
158 166
158 167
158 168
158 169
159 157
159 158
159 160
159 161
159 167
159 168
159 169
160 158
160 159
160 161
160 162
160 167
160 168
161 158
161 159
161 160
161 162
161 163
161 167
162 160
162 161
162 163
162 164
162 165
162 166
162 167
163 161
163 162
163 164
163 165
164 162
164 163
164 165
164 166
165 117
165 162
165 163
165 164
165 166
165 167
166 117
166 118
166 158
166 162
166 164
166 165
166 167
166 168
167 158
167 159
167 160
167 161
167 162
167 165
167 166
167 168
167 169
168 156
168 157
168 158
168 159
168 160
168 166
168 167
168 169
168 170
169 120
169 156
169 157
169 158
169 159
169 167
169 168
169 170
169 171
170 120
170 154
170 155
170 156
170 157
170 168
170 169
170 171
170 172
171 154
171 155
171 156
171 157
171 169
171 170
171 172
171 173
172 152
172 153
172 154
172 155
172 170
172 171
172 173
172 174
172 175
173 152
173 153
173 154
173 155
173 171
173 172
173 174
173 175
173 213
174 152
174 153
174 154
174 172
174 173
174 175
174 176
174 211
174 213
175 150
175 151
175 152
175 153
175 172
175 173
175 174
175 176
175 177
176 150
176 151
176 152
176 174
176 175
176 177
176 178
176 209
176 238
176 239
177 149
177 150
177 151
177 175
177 176
177 178
177 179
178 149
178 150
178 151
178 176
178 177
178 179
178 180
178 181
178 182
178 239
179 149
179 177
179 178
179 180
179 181
180 149
180 178
180 179
180 181
180 182
180 201
180 202
181 147
181 148
181 149
181 178
181 179
181 180
181 182
181 183
181 200
181 201
181 202
181 254
182 127
182 128
182 145
182 146
182 147
182 149
182 150
182 151
182 178
182 180
182 181
182 183
182 184
182 185
182 199
182 200
182 201
183 127
183 128
183 145
183 181
183 182
183 184
183 185
183 199
183 200
183 201
183 254
183 255
183 256
184 128
184 145
184 182
184 183
184 185
184 186
184 199
184 200
184 255
184 256
184 257
184 258
185 128
185 129
185 130
185 145
185 182
185 183
185 184
185 186
185 187
185 197
185 198
185 199
185 200
185 257
185 258
186 130
186 184
186 185
186 187
186 188
186 197
186 198
186 199
186 257
186 258
186 259
187 132
187 134
187 185
187 186
187 188
187 189
187 195
187 196
187 197
187 198
187 258
187 259
187 260
188 186
188 187
188 189
188 190
188 195
188 196
188 197
188 198
188 259
188 260
188 273
188 274
188 275
189 187
189 188
189 190
189 191
189 192
189 193
189 194
189 195
189 196
189 259
189 260
189 271
189 272
189 273
189 274
190 188
190 189
190 191
190 192
190 193
190 194
190 195
190 196
190 271
190 272
190 273
190 289
190 290
191 189
191 190
191 192
191 193
191 194
191 271
191 272
191 273
191 289
191 290
191 291
192 189
192 190
192 191
192 193
192 194
192 271
193 189
193 190
193 191
193 192
193 194
193 195
193 271
193 272
194 135
194 136
194 189
194 190
194 191
194 192
194 193
194 195
194 196
195 133
195 134
195 135
195 136
195 187
195 188
195 189
195 190
195 193
195 194
195 196
195 197
196 134
196 135
196 187
196 188
196 189
196 190
196 194
196 195
196 197
196 198
196 208
196 209
196 210
197 134
197 185
197 186
197 187
197 188
197 195
197 196
197 198
197 199
197 208
197 209
197 210
198 185
198 186
198 187
198 188
198 196
198 197
198 199
198 200
198 206
198 207
198 208
198 209
198 259
199 182
199 183
199 184
199 185
199 186
199 197
199 198
199 200
199 201
199 206
199 207
199 208
199 209
199 257
200 181
200 182
200 183
200 184
200 185
200 198
200 199
200 201
200 202
200 204
200 205
200 206
200 207
200 255
200 256
200 257
201 180
201 181
201 182
201 183
201 199
201 200
201 202
201 203
201 204
201 205
201 206
201 207
201 254
201 255
202 180
202 181
202 200
202 201
202 203
202 204
202 205
202 206
202 251
202 252
202 253
202 254
202 255
203 201
203 202
203 204
203 205
203 248
203 249
203 250
203 251
203 252
203 253
203 254
203 255
203 279
204 200
204 201
204 202
204 203
204 205
204 206
204 243
204 244
204 245
204 249
204 251
204 253
204 254
204 255
204 277
204 278
204 279
205 200
205 201
205 202
205 203
205 204
205 206
205 207
205 241
205 242
205 243
205 244
205 255
206 198
206 199
206 200
206 201
206 202
206 204
206 205
206 207
206 208
206 241
206 242
206 243
206 257
207 198
207 199
207 200
207 201
207 205
207 206
207 208
207 209
207 239
207 240
207 241
207 242
208 196
208 197
208 198
208 199
208 206
208 207
208 209
208 210
208 239
208 240
208 241
208 242
209 176
209 196
209 197
209 198
209 199
209 207
209 208
209 210
209 211
209 238
209 239
209 240
210 196
210 197
210 208
210 209
210 211
210 212
210 238
210 239
210 240
211 134
211 135
211 174
211 209
211 210
211 212
211 213
211 214
211 238
212 210
212 211
212 213
212 214
212 215
212 238
213 173
213 174
213 211
213 212
213 214
213 215
214 211
214 212
214 213
214 215
214 216
215 212
215 213
215 214
215 216
215 217
216 214
216 215
216 217
216 218
216 219
217 215
217 216
217 218
217 219
218 216
218 217
218 219
218 220
219 216
219 217
219 218
219 220
219 221
220 218
220 219
220 221
220 222
221 219
221 220
221 222
221 223
221 224
222 220
222 221
222 223
222 224
223 221
223 222
223 224
223 225
224 221
224 222
224 223
224 225
224 226
225 223
225 224
225 226
225 227
226 224
226 225
226 227
226 228
227 225
227 226
227 228
227 229
228 226
228 227
228 229
228 230
229 227
229 228
229 230
229 231
230 228
230 229
230 231
230 232
231 229
231 230
231 232
231 233
232 230
232 231
232 233
232 234
232 235
233 231
233 232
233 234
233 235
233 236
234 232
234 233
234 235
234 236
235 232
235 233
235 234
235 236
235 237
235 238
236 233
236 234
236 235
236 237
236 238
237 235
237 236
237 238
237 239
237 240
238 176
238 209
238 210
238 211
238 212
238 235
238 236
238 237
238 239
238 240
239 176
239 178
239 207
239 208
239 209
239 210
239 237
239 238
239 240
239 241
240 207
240 208
240 209
240 210
240 237
240 238
240 239
240 241
240 242
241 205
241 206
241 207
241 208
241 239
241 240
241 242
241 243
242 205
242 206
242 207
242 208
242 240
242 241
242 243
242 244
243 204
243 205
243 206
243 241
243 242
243 244
243 245
243 246
244 204
244 205
244 242
244 243
244 245
244 246
244 294
244 296
245 204
245 243
245 244
245 246
245 247
245 248
245 249
246 243
246 244
246 245
246 247
246 248
247 245
247 246
247 248
247 249
248 203
248 245
248 246
248 247
248 249
248 250
248 251
249 203
249 204
249 245
249 247
249 248
249 250
249 251
249 253
250 203
250 248
250 249
250 251
250 252
250 253
251 202
251 203
251 204
251 248
251 249
251 250
251 252
251 253
252 202
252 203
252 250
252 251
252 253
252 254
253 202
253 203
253 204
253 249
253 250
253 251
253 252
253 254
253 255
253 279
253 280
253 281
254 181
254 183
254 201
254 202
254 203
254 204
254 252
254 253
254 255
254 256
254 279
254 280
255 183
255 184
255 200
255 201
255 202
255 203
255 204
255 205
255 253
255 254
255 256
255 257
255 277
255 278
255 279
255 280
255 307
256 183
256 184
256 200
256 254
256 255
256 257
256 258
256 277
256 278
256 279
256 307
256 308
256 309
257 184
257 185
257 186
257 199
257 200
257 206
257 255
257 256
257 258
257 259
257 275
257 276
257 277
257 278
257 309
258 184
258 185
258 186
258 187
258 256
258 257
258 259
258 260
258 261
258 275
258 276
258 277
258 309
258 310
258 311
259 186
259 187
259 188
259 189
259 198
259 257
259 258
259 260
259 261
259 273
259 274
259 275
259 276
260 187
260 188
260 189
260 258
260 259
260 261
260 262
260 273
260 274
260 275
261 258
261 259
261 260
261 262
261 263
261 273
261 274
261 275
261 276
261 311
261 319
261 320
261 321
261 322
262 260
262 261
262 263
262 264
262 274
262 318
262 319
262 320
263 261
263 262
263 264
263 265
263 266
263 269
263 318
263 319
263 320
264 262
264 263
264 265
264 266
264 317
264 318
264 319
264 320
265 263
265 264
265 266
265 267
265 318
266 263
266 264
266 265
266 267
266 268
266 269
267 265
267 266
267 268
267 269
268 266
268 267
268 269
268 270
269 263
269 266
269 267
269 268
269 270
269 271
269 272
270 268
270 269
270 271
270 272
271 189
271 190
271 191
271 192
271 193
271 269
271 270
271 272
271 273
272 189
272 190
272 191
272 193
272 269
272 270
272 271
272 273
272 274
272 288
272 289
272 290
273 188
273 189
273 190
273 191
273 259
273 260
273 261
273 271
273 272
273 274
273 275
273 288
273 289
274 188
274 189
274 259
274 260
274 261
274 262
274 272
274 273
274 275
274 276
274 286
274 287
274 288
274 289
275 188
275 257
275 258
275 259
275 260
275 261
275 273
275 274
275 276
275 277
275 286
275 287
275 288
275 289
276 257
276 258
276 259
276 261
276 274
276 275
276 277
276 278
276 284
276 285
276 286
276 287
276 322
277 204
277 255
277 256
277 257
277 258
277 275
277 276
277 278
277 279
277 283
277 284
277 285
277 286
277 287
277 309
278 204
278 255
278 256
278 257
278 276
278 277
278 279
278 280
278 282
278 283
278 284
278 285
278 306
278 307
278 308
278 309
278 324
279 203
279 204
279 253
279 254
279 255
279 256
279 277
279 278
279 280
279 281
279 282
279 283
279 284
279 305
279 306
279 307
280 253
280 254
280 255
280 278
280 279
280 281
280 282
280 283
280 304
280 305
280 306
280 307
281 253
281 279
281 280
281 282
281 283
281 302
281 303
281 304
281 305
281 306
282 278
282 279
282 280
282 281
282 283
282 284
282 301
282 302
282 303
282 304
282 305
282 306
283 277
283 278
283 279
283 280
283 281
283 282
283 284
283 285
283 299
283 300
283 301
283 302
284 276
284 277
284 278
284 279
284 282
284 283
284 285
284 286
284 299
284 300
284 301
284 302
285 276
285 277
285 278
285 283
285 284
285 286
285 287
285 296
285 297
285 298
285 299
285 300
286 274
286 275
286 276
286 277
286 284
286 285
286 287
286 288
286 296
286 297
286 298
286 299
286 336
287 274
287 275
287 276
287 277
287 285
287 286
287 288
287 289
287 294
287 295
287 296
287 297
287 298
288 272
288 273
288 274
288 275
288 286
288 287
288 289
288 290
288 294
288 295
288 296
288 297
289 190
289 191
289 272
289 273
289 274
289 275
289 287
289 288
289 290
289 291
289 293
289 294
289 295
290 190
290 191
290 272
290 288
290 289
290 291
290 292
290 293
290 294
290 295
291 191
291 289
291 290
291 292
291 293
291 294
292 290
292 291
292 293
292 294
293 289
293 290
293 291
293 292
293 294
293 295
294 244
294 287
294 288
294 289
294 290
294 291
294 292
294 293
294 295
294 296
295 287
295 288
295 289
295 290
295 293
295 294
295 296
295 297
296 244
296 285
296 286
296 287
296 288
296 294
296 295
296 297
296 298
296 299
297 285
297 286
297 287
297 288
297 295
297 296
297 298
297 299
297 336
298 285
298 286
298 287
298 296
298 297
298 299
298 300
298 338
299 283
299 284
299 285
299 286
299 296
299 297
299 298
299 300
299 301
299 338
300 283
300 284
300 285
300 298
300 299
300 301
300 302
300 338
301 282
301 283
301 284
301 299
301 300
301 302
301 303
302 281
302 282
302 283
302 284
302 300
302 301
302 303
302 304
303 281
303 282
303 301
303 302
303 304
303 305
304 280
304 281
304 282
304 302
304 303
304 305
304 306
304 326
304 327
304 328
304 330
305 279
305 280
305 281
305 282
305 303
305 304
305 306
305 307
305 326
305 327
305 328
306 278
306 279
306 280
306 281
306 282
306 304
306 305
306 307
306 308
306 309
306 324
306 325
306 326
306 327
307 255
307 256
307 278
307 279
307 280
307 305
307 306
307 308
307 309
307 324
307 325
307 326
307 327
308 256
308 278
308 306
308 307
308 309
308 310
308 324
308 325
308 326
308 351
308 352
308 353
309 256
309 257
309 258
309 277
309 278
309 306
309 307
309 308
309 310
309 311
309 322
309 323
309 324
309 325
310 258
310 308
310 309
310 311
310 312
310 322
310 323
310 324
310 353
310 354
310 355
311 258
311 261
311 309
311 310
311 312
311 313
311 320
311 321
311 322
311 323
311 354
311 355
312 310
312 311
312 313
312 314
312 320
312 321
312 322
312 323
312 354
312 355
312 366
313 311
313 312
313 314
313 315
313 316
313 317
313 318
313 319
313 320
313 321
313 366
314 312
314 313
314 315
314 316
314 320
314 321
314 366
314 383
314 384
314 385
315 313
315 314
315 316
315 317
315 318
315 319
315 384
315 385
315 386
315 387
315 388
316 313
316 314
316 315
316 317
316 318
316 319
316 384
317 264
317 313
317 315
317 316
317 318
317 319
318 262
318 263
318 264
318 265
318 313
318 315
318 316
318 317
318 319
318 320
319 261
319 262
319 263
319 264
319 313
319 315
319 316
319 317
319 318
319 320
319 321
320 261
320 262
320 263
320 264
320 311
320 312
320 313
320 314
320 318
320 319
320 321
320 322
320 335
321 261
321 311
321 312
321 313
321 314
321 319
321 320
321 322
321 323
321 333
321 334
321 335
321 336
322 261
322 276
322 309
322 310
322 311
322 312
322 320
322 321
322 323
322 324
322 332
322 333
322 334
322 335
323 309
323 310
323 311
323 312
323 321
323 322
323 324
323 325
323 331
323 332
323 333
323 334
323 354
324 278
324 306
324 307
324 308
324 309
324 310
324 322
324 323
324 325
324 326
324 331
324 332
324 333
325 306
325 307
325 308
325 309
325 323
325 324
325 326
325 327
325 329
325 330
325 331
325 332
325 352
326 304
326 305
326 306
326 307
326 308
326 324
326 325
326 327
326 328
326 329
326 330
326 331
326 349
327 304
327 305
327 306
327 307
327 325
327 326
327 328
327 329
327 330
327 348
327 349
327 350
328 304
328 305
328 326
328 327
328 329
328 330
328 345
328 346
328 347
328 348
328 349
329 325
329 326
329 327
329 328
329 330
329 331
329 344
329 345
329 346
329 347
329 348
329 349
330 304
330 325
330 326
330 327
330 328
330 329
330 331
330 332
330 342
330 343
330 344
330 345
331 323
331 324
331 325
331 326
331 329
331 330
331 332
331 333
331 342
331 343
331 344
331 345
332 322
332 323
332 324
332 325
332 330
332 331
332 333
332 334
332 340
332 341
332 342
332 343
333 321
333 322
333 323
333 324
333 331
333 332
333 334
333 335
333 340
333 341
333 342
334 321
334 322
334 323
334 332
334 333
334 335
334 336
334 337
334 338
334 339
334 340
334 341
334 388
335 320
335 321
335 322
335 333
335 334
335 336
335 337
335 338
335 339
335 340
335 388
336 286
336 297
336 321
336 334
336 335
336 337
336 338
336 339
337 334
337 335
337 336
337 338
337 339
338 298
338 299
338 300
338 334
338 335
338 336
338 337
338 339
338 340
339 0
339 334
339 335
339 336
339 337
339 338
339 340
339 341
339 388
339 389
340 0
340 1
340 332
340 333
340 334
340 335
340 338
340 339
340 341
340 342
340 388
340 389
341 0
341 1
341 2
341 3
341 332
341 333
341 334
341 339
341 340
341 342
341 343
341 388
342 0
342 1
342 2
342 3
342 330
342 331
342 332
342 333
342 340
342 341
342 343
342 344
343 2
343 3
343 4
343 5
343 330
343 331
343 332
343 341
343 342
343 344
343 345
344 4
344 329
344 330
344 331
344 342
344 343
344 345
344 346
345 328
345 329
345 330
345 331
345 343
345 344
345 346
345 347
345 348
346 328
346 329
346 344
346 345
346 347
346 348
347 328
347 329
347 345
347 346
347 348
347 349
347 372
347 373
348 327
348 328
348 329
348 345
348 346
348 347
348 349
348 350
348 372
348 373
349 326
349 327
349 328
349 329
349 347
349 348
349 350
349 351
349 352
349 370
349 371
349 372
349 373
350 17
350 18
350 19
350 327
350 348
350 349
350 351
350 352
350 370
350 371
350 372
350 373
351 17
351 18
351 19
351 20
351 22
351 308
351 349
351 350
351 352
351 353
351 370
351 371
351 372
352 19
352 22
352 308
352 325
352 349
352 350
352 351
352 353
352 354
352 368
352 369
352 370
352 371
353 22
353 23
353 24
353 308
353 310
353 351
353 352
353 354
353 355
353 368
353 369
353 370
354 24
354 310
354 311
354 312
354 323
354 352
354 353
354 355
354 356
354 366
354 367
354 368
354 369
355 24
355 310
355 311
355 312
355 353
355 354
355 356
355 357
355 365
355 366
355 367
355 368
356 24
356 25
356 33
356 354
356 355
356 357
356 358
356 364
356 365
356 366
356 367
357 24
357 25
357 32
357 33
357 34
357 35
357 355
357 356
357 358
357 359
357 363
357 364
357 365
357 366
357 367
357 381
358 32
358 33
358 34
358 48
358 49
358 356
358 357
358 359
358 360
358 361
358 362
358 363
358 364
358 365
359 48
359 49
359 50
359 357
359 358
359 360
359 361
359 362
359 363
359 364
359 365
359 381
360 49
360 50
360 358
360 359
360 361
360 362
360 363
360 381
361 358
361 359
361 360
361 362
361 363
362 32
362 49
362 358
362 359
362 360
362 361
362 363
362 364
363 32
363 357
363 358
363 359
363 360
363 361
363 362
363 364
363 365
364 32
364 33
364 356
364 357
364 358
364 359
364 362
364 363
364 365
364 366
365 355
365 356
365 357
365 358
365 359
365 363
365 364
365 366
365 367
365 381
365 382
365 383
366 312
366 313
366 314
366 354
366 355
366 356
366 357
366 364
366 365
366 367
366 368
366 381
366 382
366 383
366 384
367 354
367 355
367 356
367 357
367 365
367 366
367 368
367 369
367 379
367 380
367 381
367 382
367 383
368 352
368 353
368 354
368 355
368 366
368 367
368 369
368 370
368 379
368 380
368 381
368 383
369 352
369 353
369 354
369 367
369 368
369 370
369 371
369 377
369 378
369 379
369 380
370 349
370 350
370 351
370 352
370 353
370 368
370 369
370 371
370 372
370 377
370 378
370 379
371 349
371 350
371 351
371 352
371 369
371 370
371 372
371 373
371 375
371 376
371 377
371 378
372 347
372 348
372 349
372 350
372 351
372 370
372 371
372 373
372 374
372 375
372 376
372 377
373 347
373 348
373 349
373 350
373 371
373 372
373 374
373 375
373 376
374 372
374 373
374 375
374 376
375 13
375 14
375 15
375 16
375 371
375 372
375 373
375 374
375 376
375 377
376 10
376 11
376 12
376 13
376 14
376 371
376 372
376 373
376 374
376 375
376 377
376 378
377 10
377 11
377 12
377 13
377 369
377 370
377 371
377 372
377 375
377 376
377 378
377 379
378 8
378 9
378 10
378 11
378 369
378 370
378 371
378 376
378 377
378 379
378 380
379 8
379 9
379 10
379 11
379 367
379 368
379 369
379 370
379 377
379 378
379 380
379 381
380 5
380 6
380 7
380 8
380 9
380 367
380 368
380 369
380 378
380 379
380 381
380 382
380 383
381 7
381 8
381 9
381 357
381 359
381 360
381 365
381 366
381 367
381 368
381 379
381 380
381 382
381 383
382 7
382 365
382 366
382 367
382 380
382 381
382 383
382 384
383 5
383 314
383 365
383 366
383 367
383 368
383 380
383 381
383 382
383 384
383 385
384 314
384 315
384 316
384 366
384 382
384 383
384 385
384 386
385 314
385 315
385 383
385 384
385 386
385 387
385 388
386 315
386 384
386 385
386 387
386 388
387 315
387 385
387 386
387 388
387 389
387 390
388 315
388 334
388 335
388 339
388 340
388 341
388 385
388 386
388 387
388 389
388 390
389 339
389 340
389 387
389 388
389 390
389 391
390 1
390 387
390 388
390 389
390 391
390 392
391 389
391 390
391 392
391 393
391 395
391 396
392 390
392 391
392 393
392 394
392 395
392 396
393 391
393 392
393 394
393 395
393 396
393 397
394 392
394 393
394 395
394 396
394 397
394 398
394 421
395 391
395 392
395 393
395 394
395 396
395 397
395 398
395 399
396 391
396 392
396 393
396 394
396 395
396 397
396 398
396 399
396 400
397 393
397 394
397 395
397 396
397 398
397 399
397 400
397 403
398 394
398 395
398 396
398 397
398 399
398 400
398 401
398 403
398 404
399 395
399 396
399 397
399 398
399 400
399 401
399 403
400 396
400 397
400 398
400 399
400 401
400 402
400 403
401 398
401 399
401 400
401 402
401 403
401 404
401 405
402 400
402 401
402 403
402 404
402 405
402 406
403 397
403 398
403 399
403 400
403 401
403 402
403 404
403 405
403 406
403 407
404 398
404 401
404 402
404 403
404 405
404 406
404 407
404 408
404 414
405 401
405 402
405 403
405 404
405 406
405 407
405 408
405 409
406 402
406 403
406 404
406 405
406 407
406 408
406 409
406 410
407 403
407 404
407 405
407 406
407 408
407 409
407 410
407 411
407 412
407 413
407 414
407 420
408 404
408 405
408 406
408 407
408 409
408 410
408 411
408 412
408 413
408 414
409 405
409 406
409 407
409 408
409 410
409 411
409 412
410 406
410 407
410 408
410 409
410 411
410 412
411 407
411 408
411 409
411 410
411 412
411 413
412 407
412 408
412 409
412 410
412 411
412 413
412 414
412 416
412 419
412 420
413 407
413 408
413 411
413 412
413 414
413 415
413 416
413 419
413 420
414 404
414 407
414 408
414 412
414 413
414 415
414 416
414 417
414 420
415 413
415 414
415 416
415 417
416 412
416 413
416 414
416 415
416 417
416 418
416 419
416 420
417 414
417 415
417 416
417 418
417 419
417 420
417 421
418 416
418 417
418 419
418 420
418 421
418 422
419 412
419 413
419 416
419 417
419 418
419 420
419 421
419 422
419 423
420 407
420 412
420 413
420 414
420 416
420 417
420 418
420 419
420 421
420 422
420 423
420 424
421 394
421 417
421 418
421 419
421 420
421 422
421 423
421 424
421 425
422 418
422 419
422 420
422 421
422 423
422 424
422 425
422 426
423 419
423 420
423 421
423 422
423 424
423 425
423 426
423 427
423 435
423 436
424 420
424 421
424 422
424 423
424 425
424 426
424 427
424 428
425 421
425 422
425 423
425 424
425 426
425 427
425 428
425 429
425 430
426 422
426 423
426 424
426 425
426 427
426 428
426 429
426 430
426 431
426 433
426 435
427 423
427 424
427 425
427 426
427 428
427 429
427 430
427 431
428 424
428 425
428 426
428 427
428 429
428 430
428 431
429 425
429 426
429 427
429 428
429 430
429 431
430 425
430 426
430 427
430 428
430 429
430 431
430 432
430 433
431 426
431 427
431 428
431 429
431 430
431 432
431 433
431 434
432 430
432 431
432 433
432 434
433 426
433 430
433 431
433 432
433 434
433 435
434 431
434 432
434 433
434 435
434 436
435 423
435 426
435 433
435 434
435 436
435 437
436 423
436 434
436 435
436 437
436 438
437 435
437 436
437 438
437 439
438 436
438 437
438 439
438 440
439 437
439 438
439 440
439 441
440 438
440 439
440 441
440 442
440 443
441 439
441 440
441 442
441 443
442 440
442 441
442 443
442 444
443 440
443 441
443 442
443 444
443 445
444 442
444 443
444 445
444 446
445 443
445 444
445 446
446 444
446 445
