0 1
0 2
1 0
1 2
1 3
2 0
2 1
2 3
2 4
3 1
3 2
3 4
3 5
4 2
4 3
4 5
4 6
5 3
5 4
5 6
5 7
6 4
6 5
6 7
6 8
7 5
7 6
7 8
7 9
8 6
8 7
8 9
8 10
9 7
9 8
9 10
9 11
10 8
10 9
10 11
10 12
11 9
11 10
11 12
11 13
12 10
12 11
12 13
12 14
13 11
13 12
13 14
13 15
14 12
14 13
14 15
14 16
15 13
15 14
15 16
15 17
16 14
16 15
16 17
16 18
17 15
17 16
17 18
17 19
18 16
18 17
18 19
18 20
19 17
19 18
19 20
19 21
20 18
20 19
20 21
20 22
21 19
21 20
21 22
21 23
22 20
22 21
22 23
22 24
23 21
23 22
23 24
23 25
24 22
24 23
24 25
24 26
25 23
25 24
25 26
25 27
26 24
26 25
26 27
26 28
27 25
27 26
27 28
27 29
28 26
28 27
28 29
28 30
29 27
29 28
29 30
29 31
30 28
30 29
30 31
30 32
31 29
31 30
31 32
31 33
32 30
32 31
32 33
32 34
33 31
33 32
33 34
33 35
33 36
34 32
34 33
34 35
34 36
35 33
35 34
35 36
35 37
35 38
35 39
36 33
36 34
36 35
36 37
36 38
36 39
37 35
37 36
37 38
37 39
37 40
38 35
38 36
38 37
38 39
38 40
38 41
38 42
39 35
39 36
39 37
39 38
39 40
39 41
39 42
40 37
40 38
40 39
40 41
40 42
40 43
40 251
41 38
41 39
41 40
41 42
41 43
41 44
42 38
42 39
42 40
42 41
42 43
42 44
43 40
43 41
43 42
43 44
43 45
43 46
44 41
44 42
44 43
44 45
44 46
45 43
45 44
45 46
45 47
45 48
46 43
46 44
46 45
46 47
46 48
46 49
46 251
46 252
46 253
46 254
47 45
47 46
47 48
47 49
47 247
47 248
47 249
47 250
47 251
47 252
47 253
47 254
48 45
48 46
48 47
48 49
48 50
48 245
48 246
48 247
48 248
48 252
48 253
49 46
49 47
49 48
49 50
49 51
49 245
49 246
49 247
49 253
49 254
50 48
50 49
50 51
50 52
50 243
50 244
50 245
50 246
51 49
51 50
51 52
51 53
51 55
51 56
51 114
51 243
51 244
51 245
51 246
52 50
52 51
52 53
52 54
52 55
52 56
53 51
53 52
53 54
53 55
53 56
53 57
53 238
53 241
54 52
54 53
54 55
54 56
54 57
54 58
55 51
55 52
55 53
55 54
55 56
55 57
55 58
55 59
55 113
55 114
55 115
56 51
56 52
56 53
56 54
56 55
56 57
56 58
56 59
56 60
56 113
56 241
56 244
57 53
57 54
57 55
57 56
57 58
57 59
57 60
57 61
58 54
58 55
58 56
58 57
58 59
58 60
58 61
58 62
58 113
59 55
59 56
59 57
59 58
59 60
59 61
59 62
59 63
59 113
60 56
60 57
60 58
60 59
60 61
60 62
60 63
60 64
60 225
61 57
61 58
61 59
61 60
61 62
61 63
61 64
61 65
62 58
62 59
62 60
62 61
62 63
62 64
62 65
62 82
63 59
63 60
63 61
63 62
63 64
63 65
63 81
63 82
63 83
64 60
64 61
64 62
64 63
64 65
64 66
64 81
64 82
64 83
65 61
65 62
65 63
65 64
65 66
65 67
65 81
65 82
66 64
66 65
66 67
66 68
66 79
66 80
66 81
66 82
67 65
67 66
67 68
67 69
67 78
67 79
67 80
67 81
67 82
68 66
68 67
68 69
68 70
68 77
68 78
68 79
68 80
68 193
69 67
69 68
69 70
69 71
69 77
69 78
69 79
69 80
69 172
69 191
69 192
69 193
69 198
69 199
70 68
70 69
70 71
70 72
70 75
70 76
70 77
70 78
70 172
70 192
70 193
70 194
71 69
71 70
71 72
71 73
71 74
71 75
71 76
71 77
71 78
71 171
71 172
71 192
72 70
72 71
72 73
72 74
72 75
72 170
72 171
72 172
73 71
73 72
73 74
73 75
73 171
74 71
74 72
74 73
74 75
74 76
75 70
75 71
75 72
75 73
75 74
75 76
75 77
75 171
76 70
76 71
76 74
76 75
76 77
76 78
76 154
76 155
77 68
77 69
77 70
77 71
77 75
77 76
77 78
77 79
78 67
78 68
78 69
78 70
78 71
78 76
78 77
78 79
78 80
78 153
78 154
78 155
79 66
79 67
79 68
79 69
79 77
79 78
79 80
79 81
79 153
80 66
80 67
80 68
80 69
80 78
80 79
80 81
80 82
80 84
80 85
80 153
81 63
81 64
81 65
81 66
81 67
81 79
81 80
81 82
81 83
81 84
81 85
82 62
82 63
82 64
82 65
82 66
82 67
82 80
82 81
82 83
82 84
82 85
82 86
83 63
83 64
83 81
83 82
83 84
83 85
83 86
83 87
83 226
84 80
84 81
84 82
84 83
84 85
84 86
84 87
84 88
85 80
85 81
85 82
85 83
85 84
85 86
85 87
85 88
85 89
85 149
86 82
86 83
86 84
86 85
86 87
86 88
86 89
86 90
86 103
86 127
87 83
87 84
87 85
87 86
87 88
87 89
87 90
87 91
87 226
88 84
88 85
88 86
88 87
88 89
88 90
88 91
88 92
88 149
89 85
89 86
89 87
89 88
89 90
89 91
89 92
89 93
89 145
89 146
89 149
90 86
90 87
90 88
90 89
90 91
90 92
90 93
90 94
90 100
91 87
91 88
91 89
91 90
91 92
91 93
91 94
91 95
92 88
92 89
92 90
92 91
92 93
92 94
92 95
92 96
92 145
93 89
93 90
93 91
93 92
93 94
93 95
93 96
93 97
93 98
93 99
93 100
93 141
93 142
93 145
94 90
94 91
94 92
94 93
94 95
94 96
94 97
94 98
94 99
94 100
95 91
95 92
95 93
95 94
95 96
95 97
95 98
96 92
96 93
96 94
96 95
96 97
96 98
97 93
97 94
97 95
97 96
97 98
97 99
98 93
98 94
98 95
98 96
98 97
98 99
98 100
98 131
98 132
98 138
99 93
99 94
99 97
99 98
99 100
99 101
99 131
99 132
100 90
100 93
100 94
100 98
100 99
100 101
100 102
100 103
100 129
100 130
100 131
100 132
101 99
101 100
101 102
101 103
101 129
101 130
101 131
102 100
102 101
102 103
102 104
102 129
102 130
102 131
102 221
102 222
102 223
103 86
103 100
103 101
103 102
103 104
103 105
103 127
103 128
103 129
103 130
103 221
103 222
103 223
104 102
104 103
104 105
104 106
104 127
104 128
104 129
104 219
104 220
104 221
104 222
104 223
105 103
105 104
105 106
105 107
105 109
105 110
105 125
105 126
105 127
105 128
105 219
105 220
105 221
105 222
106 104
106 105
106 107
106 108
106 109
106 110
106 125
106 126
106 127
106 128
106 216
106 217
106 218
106 219
106 220
107 105
107 106
107 108
107 109
107 110
107 111
107 126
107 216
107 217
107 218
107 219
108 106
108 107
108 109
108 110
108 111
108 112
108 120
108 121
108 122
108 123
108 124
108 125
108 216
109 105
109 106
109 107
109 108
109 110
109 111
109 112
109 113
109 121
109 122
109 123
109 124
109 125
109 126
110 105
110 106
110 107
110 108
110 109
110 111
110 112
110 113
110 114
110 216
110 218
110 219
110 220
111 107
111 108
111 109
111 110
111 112
111 113
111 114
111 115
111 116
111 122
111 215
111 216
111 218
111 260
112 108
112 109
112 110
112 111
112 113
112 114
112 115
112 116
112 117
112 118
112 120
112 121
112 122
113 55
113 56
113 58
113 59
113 109
113 110
113 111
113 112
113 114
113 115
113 116
114 51
114 55
114 110
114 111
114 112
114 113
114 115
114 116
114 257
115 55
115 111
115 112
115 113
115 114
115 116
115 117
115 118
115 257
115 260
115 261
116 111
116 112
116 113
116 114
116 115
116 117
116 118
116 119
116 120
116 121
117 112
117 115
117 116
117 118
117 119
117 261
118 112
118 115
118 116
118 117
118 119
118 120
118 121
118 260
118 261
118 263
119 116
119 117
119 118
119 120
119 121
119 287
120 108
120 112
120 116
120 118
120 119
120 121
120 122
120 287
121 108
121 109
121 112
121 116
121 118
121 119
121 120
121 122
121 123
122 108
122 109
122 111
122 112
122 120
122 121
122 123
122 124
122 125
122 197
123 108
123 109
123 121
123 122
123 124
123 125
123 196
123 197
123 198
123 329
124 108
124 109
124 122
124 123
124 125
124 126
124 196
124 197
124 198
124 199
124 200
125 105
125 106
125 108
125 109
125 122
125 123
125 124
125 126
125 127
125 197
125 198
125 199
125 200
126 105
126 106
126 107
126 109
126 124
126 125
126 127
126 128
126 199
126 200
126 201
126 202
127 86
127 103
127 104
127 105
127 106
127 125
127 126
127 128
127 129
127 199
127 200
127 201
127 202
128 103
128 104
128 105
128 106
128 126
128 127
128 129
128 130
128 201
128 202
128 203
128 204
129 100
129 101
129 102
129 103
129 104
129 127
129 128
129 130
129 131
129 201
129 202
129 203
129 204
130 100
130 101
130 102
130 103
130 128
130 129
130 131
130 132
130 203
130 204
130 205
131 98
131 99
131 100
131 101
131 102
131 129
131 130
131 132
131 133
131 203
131 204
131 205
132 98
132 99
132 100
132 130
132 131
132 133
132 134
132 138
132 204
132 205
133 131
133 132
133 134
133 135
133 136
133 138
133 139
133 185
133 186
133 204
133 205
134 132
134 133
134 135
134 136
134 138
135 133
135 134
135 136
135 137
135 138
135 139
136 133
136 134
136 135
136 137
136 138
136 139
136 140
137 135
137 136
137 138
137 139
137 140
137 141
138 98
138 132
138 133
138 134
138 135
138 136
138 137
138 139
138 140
138 141
138 142
139 133
139 135
139 136
139 137
139 138
139 140
139 141
139 142
139 143
139 178
139 187
140 136
140 137
140 138
140 139
140 141
140 142
140 143
140 144
141 93
141 137
141 138
141 139
141 140
141 142
141 143
141 144
141 145
142 93
142 138
142 139
142 140
142 141
142 143
142 144
142 145
142 146
142 187
142 203
143 139
143 140
143 141
143 142
143 144
143 145
143 146
143 147
143 189
144 140
144 141
144 142
144 143
144 145
144 146
144 147
144 148
144 165
145 89
145 92
145 93
145 141
145 142
145 143
145 144
145 146
145 147
145 148
145 149
146 89
146 142
146 143
146 144
146 145
146 147
146 148
146 149
146 150
147 143
147 144
147 145
147 146
147 148
147 149
147 150
147 151
147 165
147 168
147 169
148 144
148 145
148 146
148 147
148 149
148 150
148 151
148 152
148 165
149 85
149 88
149 89
149 145
149 146
149 147
149 148
149 150
149 151
149 152
149 153
150 146
150 147
150 148
150 149
150 151
150 152
150 153
150 154
150 168
151 147
151 148
151 149
151 150
151 152
151 153
151 154
151 160
151 163
151 168
152 148
152 149
152 150
152 151
152 153
152 154
153 78
153 79
153 80
153 149
153 150
153 151
153 152
153 154
153 155
154 76
154 78
154 150
154 151
154 152
154 153
154 155
154 156
154 158
155 76
155 78
155 153
155 154
155 156
155 157
155 158
156 154
156 155
156 157
156 158
157 155
157 156
157 158
157 159
158 154
158 155
158 156
158 157
158 159
158 160
159 157
159 158
159 160
159 161
159 162
159 163
160 151
160 158
160 159
160 161
160 162
160 163
161 159
161 160
161 162
161 163
162 159
162 160
162 161
162 163
162 164
163 151
163 159
163 160
163 161
163 162
163 164
163 165
163 167
163 168
164 162
164 163
164 165
164 166
164 167
164 168
165 144
165 147
165 148
165 163
165 164
165 166
165 167
165 168
165 169
166 164
166 165
166 167
166 168
166 169
166 170
167 163
167 164
167 165
167 166
167 168
167 169
167 170
167 171
168 147
168 150
168 151
168 163
168 164
168 165
168 166
168 167
168 169
168 170
168 171
168 172
168 173
169 147
169 165
169 166
169 167
169 168
169 170
169 171
169 172
169 173
170 72
170 166
170 167
170 168
170 169
170 171
170 172
170 173
170 174
171 71
171 72
171 73
171 75
171 167
171 168
171 169
171 170
171 172
171 173
172 69
172 70
172 71
172 72
172 168
172 169
172 170
172 171
172 173
172 174
172 191
172 192
173 168
173 169
173 170
173 171
173 172
173 174
173 175
173 176
173 189
173 190
173 191
173 192
174 170
174 172
174 173
174 175
174 176
174 189
174 190
174 191
174 192
175 173
175 174
175 176
175 177
175 188
175 189
175 190
175 191
176 173
176 174
176 175
176 177
176 178
176 187
176 188
176 189
176 190
177 175
177 176
177 178
177 179
177 187
177 188
177 189
178 139
178 176
178 177
178 179
178 180
178 185
178 186
178 187
178 188
179 177
179 178
179 180
179 181
179 184
179 185
179 186
179 187
180 178
180 179
180 181
180 182
180 184
180 185
180 186
181 179
181 180
181 182
181 183
181 184
181 185
182 180
182 181
182 183
182 184
182 185
183 181
183 182
183 184
183 185
183 206
183 207
183 208
184 179
184 180
184 181
184 182
184 183
184 185
184 186
184 205
184 206
184 207
184 208
185 133
185 178
185 179
185 180
185 181
185 182
185 183
185 184
185 186
185 187
185 204
185 205
185 206
185 207
186 133
186 178
186 179
186 180
186 184
186 185
186 187
186 188
186 202
186 203
186 204
186 205
186 206
186 207
187 139
187 142
187 176
187 177
187 178
187 179
187 185
187 186
187 188
187 189
187 202
187 203
187 204
188 175
188 176
188 177
188 178
188 186
188 187
188 189
188 190
188 200
188 201
188 202
188 203
189 143
189 173
189 174
189 175
189 176
189 177
189 187
189 188
189 190
189 191
189 200
189 201
189 202
190 173
190 174
190 175
190 176
190 188
190 189
190 191
190 192
190 198
190 199
190 200
190 201
191 69
191 172
191 173
191 174
191 175
191 189
191 190
191 192
191 193
191 198
191 199
191 200
192 69
192 70
192 71
192 172
192 173
192 174
192 190
192 191
192 193
192 194
192 198
192 199
193 68
193 69
193 70
193 191
193 192
193 194
193 195
193 196
193 197
193 198
193 199
194 70
194 192
194 193
194 195
194 196
194 197
195 193
195 194
195 196
195 197
195 198
196 123
196 124
196 193
196 194
196 195
196 197
196 198
196 328
196 331
197 122
197 123
197 124
197 125
197 193
197 194
197 195
197 196
197 198
197 199
198 69
198 123
198 124
198 125
198 190
198 191
198 192
198 193
198 195
198 196
198 197
198 199
198 200
199 69
199 124
199 125
199 126
199 127
199 190
199 191
199 192
199 193
199 197
199 198
199 200
199 201
200 124
200 125
200 126
200 127
200 188
200 189
200 190
200 191
200 198
200 199
200 201
200 202
201 126
201 127
201 128
201 129
201 188
201 189
201 190
201 199
201 200
201 202
201 203
202 126
202 127
202 128
202 129
202 186
202 187
202 188
202 189
202 200
202 201
202 203
202 204
203 128
203 129
203 130
203 131
203 142
203 186
203 187
203 188
203 201
203 202
203 204
203 205
204 128
204 129
204 130
204 131
204 132
204 133
204 185
204 186
204 187
204 202
204 203
204 205
204 206
204 207
205 130
205 131
205 132
205 133
205 184
205 185
205 186
205 203
205 204
205 206
205 207
206 183
206 184
206 185
206 186
206 204
206 205
206 207
206 208
207 183
207 184
207 185
207 186
207 204
207 205
207 206
207 208
207 209
207 210
208 183
208 184
208 206
208 207
208 209
208 210
209 207
209 208
209 210
209 211
209 212
209 272
210 207
210 208
210 209
210 211
210 212
210 217
210 249
211 209
211 210
211 212
211 213
211 214
211 216
211 217
211 249
211 250
212 209
212 210
212 211
212 213
212 214
212 216
212 217
212 267
212 269
212 270
212 272
212 273
212 277
213 211
213 212
213 214
213 215
213 216
213 217
213 250
213 265
213 266
213 267
214 211
214 212
214 213
214 215
214 216
214 217
214 218
214 248
214 249
214 250
214 256
214 259
214 260
214 265
214 266
214 267
215 111
215 213
215 214
215 216
215 217
215 218
215 256
215 257
215 259
215 260
215 264
215 265
215 266
216 106
216 107
216 108
216 110
216 111
216 211
216 212
216 213
216 214
216 215
216 217
216 218
217 106
217 107
217 210
217 211
217 212
217 213
217 214
217 215
217 216
217 218
217 219
217 248
217 249
217 250
217 256
218 106
218 107
218 110
218 111
218 214
218 215
218 216
218 217
218 219
218 220
218 246
218 247
218 248
218 249
218 250
219 104
219 105
219 106
219 107
219 110
219 217
219 218
219 220
219 221
219 246
219 247
219 248
219 249
220 104
220 105
220 106
220 110
220 218
220 219
220 221
220 222
220 244
220 245
220 246
220 247
221 102
221 103
221 104
221 105
221 219
221 220
221 222
221 223
221 224
221 244
221 245
221 246
221 247
222 102
222 103
222 104
222 105
222 220
222 221
222 223
222 224
222 225
222 226
222 244
223 102
223 103
223 104
223 221
223 222
223 224
223 225
223 226
223 227
224 221
224 222
224 223
224 225
224 226
224 227
224 228
224 242
224 243
224 244
225 60
225 222
225 223
225 224
225 226
225 227
225 228
225 229
225 242
225 243
225 244
226 83
226 87
226 222
226 223
226 224
226 225
226 227
226 228
226 229
226 230
227 223
227 224
227 225
227 226
227 228
227 229
227 230
227 231
228 224
228 225
228 226
228 227
228 229
228 230
228 231
228 232
228 242
229 225
229 226
229 227
229 228
229 230
229 231
229 232
229 233
230 226
230 227
230 228
230 229
230 231
230 232
231 227
231 228
231 229
231 230
231 232
231 233
232 228
232 229
232 230
232 231
232 233
232 234
232 235
233 229
233 231
233 232
233 234
233 235
234 232
234 233
234 235
234 236
235 232
235 233
235 234
235 236
235 237
236 234
236 235
236 237
236 238
236 240
236 241
237 235
237 236
237 238
237 239
237 240
237 241
238 53
238 236
238 237
238 239
238 240
238 241
239 237
239 238
239 240
239 241
240 236
240 237
240 238
240 239
240 241
240 242
241 53
241 56
241 236
241 237
241 238
241 239
241 240
241 242
241 243
242 224
242 225
242 228
242 240
242 241
242 243
242 244
243 50
243 51
243 224
243 225
243 241
243 242
243 244
243 245
244 50
244 51
244 56
244 220
244 221
244 222
244 224
244 225
244 242
244 243
244 245
244 246
245 48
245 49
245 50
245 51
245 220
245 221
245 243
245 244
245 246
245 247
246 48
246 49
246 50
246 51
246 218
246 219
246 220
246 221
246 244
246 245
246 247
246 248
246 253
247 47
247 48
247 49
247 218
247 219
247 220
247 221
247 245
247 246
247 248
247 249
247 253
248 47
248 48
248 214
248 217
248 218
248 219
248 246
248 247
248 249
248 250
248 251
248 252
248 253
248 256
249 47
249 210
249 211
249 214
249 217
249 218
249 219
249 247
249 248
249 250
249 251
249 252
250 47
250 211
250 213
250 214
250 217
250 218
250 248
250 249
250 251
250 252
250 253
250 256
250 267
250 268
251 40
251 46
251 47
251 248
251 249
251 250
251 252
251 253
252 46
252 47
252 48
252 248
252 249
252 250
252 251
252 253
252 254
252 255
252 256
253 46
253 47
253 48
253 49
253 246
253 247
253 248
253 250
253 251
253 252
253 254
253 255
253 256
253 257
254 46
254 47
254 49
254 252
254 253
254 255
254 256
254 257
254 258
255 252
255 253
255 254
255 256
255 257
255 258
255 259
256 214
256 215
256 217
256 248
256 250
256 252
256 253
256 254
256 255
256 257
256 258
256 259
256 260
257 114
257 115
257 215
257 253
257 254
257 255
257 256
257 258
257 259
257 260
257 261
258 254
258 255
258 256
258 257
258 259
258 260
258 261
258 262
259 214
259 215
259 255
259 256
259 257
259 258
259 260
259 261
259 262
259 263
259 264
259 265
259 266
260 111
260 115
260 118
260 214
260 215
260 256
260 257
260 258
260 259
260 261
260 262
260 263
260 264
261 115
261 117
261 118
261 257
261 258
261 259
261 260
261 262
261 263
261 264
262 258
262 259
262 260
262 261
262 263
262 264
263 118
263 259
263 260
263 261
263 262
263 264
263 265
263 288
263 289
263 290
264 215
264 259
264 260
264 261
264 262
264 263
264 265
264 266
264 289
264 290
264 291
264 292
265 213
265 214
265 215
265 259
265 263
265 264
265 266
265 267
265 281
265 284
265 289
265 290
265 291
265 292
266 213
266 214
266 215
266 259
266 264
266 265
266 267
266 268
266 291
266 292
266 295
267 212
267 213
267 214
267 250
267 265
267 266
267 268
267 269
267 270
268 250
268 266
268 267
268 269
268 270
269 212
269 267
269 268
269 270
269 271
269 272
269 273
270 212
270 267
270 268
270 269
270 271
270 272
270 273
270 300
270 303
271 269
271 270
271 272
271 273
271 303
272 209
272 212
272 269
272 270
272 271
272 273
272 274
273 212
273 269
273 270
273 271
273 272
273 274
273 275
273 276
273 277
273 304
273 307
274 272
274 273
274 275
274 276
274 277
274 278
274 304
274 307
274 308
274 311
275 273
275 274
275 276
275 277
275 278
275 279
275 304
275 305
275 306
275 307
275 308
275 309
275 310
275 311
275 312
276 273
276 274
276 275
276 277
276 278
276 279
276 280
276 308
277 212
277 273
277 274
277 275
277 276
277 278
277 279
277 280
277 281
277 304
278 274
278 275
278 276
278 277
278 279
278 280
278 281
278 282
278 301
278 304
278 305
278 308
278 345
279 275
279 276
279 277
279 278
279 280
279 281
279 282
279 283
279 325
279 345
280 276
280 277
280 278
280 279
280 281
280 282
280 283
280 284
281 265
281 277
281 278
281 279
281 280
281 282
281 283
281 284
281 285
282 278
282 279
282 280
282 281
282 283
282 284
282 285
282 286
282 341
282 344
282 345
282 348
283 279
283 280
283 281
283 282
283 284
283 285
283 286
283 287
283 341
284 265
284 280
284 281
284 282
284 283
284 285
284 286
284 287
284 288
284 289
284 290
285 281
285 282
285 283
285 284
285 286
285 287
285 288
285 289
285 290
285 344
286 282
286 283
286 284
286 285
286 287
286 288
286 289
286 337
286 340
286 341
286 344
287 119
287 120
287 283
287 284
287 285
287 286
287 288
287 289
288 263
288 284
288 285
288 286
288 287
288 289
288 290
289 263
289 264
289 265
289 284
289 285
289 286
289 287
289 288
289 290
289 291
290 263
290 264
290 265
290 284
290 285
290 288
290 289
290 291
290 292
291 264
291 265
291 266
291 289
291 290
291 292
291 293
291 295
291 297
292 264
292 265
292 266
292 290
292 291
292 293
292 294
292 295
293 291
293 292
293 294
293 295
294 292
294 293
294 295
294 296
295 266
295 291
295 292
295 293
295 294
295 296
295 297
295 300
296 294
296 295
296 297
296 298
296 299
296 300
297 291
297 295
297 296
297 298
297 299
297 300
297 301
298 296
298 297
298 299
298 300
298 301
298 302
298 352
299 296
299 297
299 298
299 300
299 301
299 302
299 303
300 270
300 295
300 296
300 297
300 298
300 299
300 301
300 302
300 303
300 304
301 278
301 297
301 298
301 299
301 300
301 302
301 303
301 304
301 305
301 348
301 352
302 298
302 299
302 300
302 301
302 303
302 304
302 305
302 306
302 352
302 353
302 354
303 270
303 271
303 299
303 300
303 301
303 302
303 304
303 305
303 306
303 307
304 273
304 274
304 275
304 277
304 278
304 300
304 301
304 302
304 303
304 305
304 306
304 307
304 308
305 275
305 278
305 301
305 302
305 303
305 304
305 306
305 307
305 308
305 309
305 349
305 352
305 353
305 354
306 275
306 302
306 303
306 304
306 305
306 307
306 308
306 309
306 310
306 353
306 354
307 273
307 274
307 275
307 303
307 304
307 305
307 306
307 308
307 309
307 310
307 311
308 274
308 275
308 276
308 278
308 304
308 305
308 306
308 307
308 309
308 310
308 311
308 312
308 313
309 275
309 305
309 306
309 307
309 308
309 310
309 311
309 312
309 313
310 275
310 306
310 307
310 308
310 309
310 311
310 312
310 313
311 274
311 275
311 307
311 308
311 309
311 310
311 312
311 313
312 275
312 308
312 309
312 310
312 311
312 313
312 314
312 315
312 317
312 318
313 308
313 309
313 310
313 311
313 312
313 314
313 315
313 317
313 318
314 312
314 313
314 315
314 316
314 317
314 318
315 312
315 313
315 314
315 316
315 317
315 318
315 319
315 363
315 364
316 314
316 315
316 317
316 318
316 319
316 320
317 312
317 313
317 314
317 315
317 316
317 318
317 319
317 320
317 321
318 312
318 313
318 314
318 315
318 316
318 317
318 319
318 320
318 321
318 322
318 364
319 315
319 316
319 317
319 318
319 320
319 321
319 322
319 323
319 367
320 316
320 317
320 318
320 319
320 321
320 322
320 323
320 324
321 317
321 318
321 319
321 320
321 322
321 323
321 324
321 325
322 318
322 319
322 320
322 321
322 323
322 324
322 325
322 326
323 319
323 320
323 321
323 322
323 324
323 325
323 326
323 327
324 320
324 321
324 322
324 323
324 325
324 326
324 327
324 328
325 279
325 321
325 322
325 323
325 324
325 326
325 327
325 328
325 329
326 322
326 323
326 324
326 325
326 327
326 328
326 329
326 330
326 331
326 338
327 323
327 324
327 325
327 326
327 328
327 329
327 330
327 331
328 196
328 324
328 325
328 326
328 327
328 329
328 330
328 331
329 123
329 325
329 326
329 327
329 328
329 330
329 331
330 326
330 327
330 328
330 329
330 331
330 332
330 333
330 334
330 335
330 337
330 338
331 196
331 326
331 327
331 328
331 329
331 330
331 332
331 333
331 334
332 330
332 331
332 333
332 334
332 335
333 330
333 331
333 332
333 334
333 335
334 330
334 331
334 332
334 333
334 335
334 336
334 337
334 338
335 330
335 332
335 333
335 334
335 336
335 337
335 338
335 339
335 375
335 376
335 378
335 379
336 334
336 335
336 337
336 338
336 339
336 340
336 375
336 376
336 379
337 286
337 330
337 334
337 335
337 336
337 338
337 339
337 340
337 341
338 326
338 330
338 334
338 335
338 336
338 337
338 339
338 340
338 341
338 342
338 372
338 375
339 335
339 336
339 337
339 338
339 340
339 341
339 342
339 343
339 372
339 373
339 375
339 376
340 286
340 336
340 337
340 338
340 339
340 341
340 342
340 343
340 344
341 282
341 283
341 286
341 337
341 338
341 339
341 340
341 342
341 343
341 344
341 345
342 338
342 339
342 340
342 341
342 343
342 344
342 345
342 346
342 368
342 369
342 371
342 372
343 339
343 340
343 341
343 342
343 344
343 345
343 346
343 347
343 368
343 369
343 372
344 282
344 285
344 286
344 340
344 341
344 342
344 343
344 345
344 346
344 347
344 348
345 278
345 279
345 282
345 341
345 342
345 343
345 344
345 346
345 347
345 348
345 349
345 368
346 342
346 343
346 344
346 345
346 347
346 348
346 349
346 350
346 365
346 368
346 369
347 343
347 344
347 345
347 346
347 348
347 349
347 350
347 351
348 282
348 301
348 344
348 345
348 346
348 347
348 349
348 350
348 351
348 352
348 353
349 305
349 345
349 346
349 347
349 348
349 350
349 351
349 352
349 353
349 361
349 365
350 346
350 347
350 348
350 349
350 351
350 352
350 353
350 361
350 365
351 347
351 348
351 349
351 350
351 352
351 353
352 298
352 301
352 302
352 305
352 348
352 349
352 350
352 351
352 353
352 354
353 302
353 305
353 306
353 348
353 349
353 350
353 351
353 352
353 354
353 355
353 356
353 361
354 302
354 305
354 306
354 352
354 353
354 355
354 356
355 353
355 354
355 356
355 357
356 353
356 354
356 355
356 357
356 358
356 359
356 360
356 361
357 355
357 356
357 358
357 359
357 360
357 361
358 356
358 357
358 359
358 360
358 361
358 362
359 356
359 357
359 358
359 360
359 361
359 362
359 363
360 356
360 357
360 358
360 359
360 361
360 362
360 363
360 364
361 349
361 350
361 353
361 356
361 357
361 358
361 359
361 360
361 362
361 363
361 364
361 365
362 358
362 359
362 360
362 361
362 363
362 364
362 365
362 366
363 315
363 359
363 360
363 361
363 362
363 364
363 365
363 366
363 367
364 315
364 318
364 360
364 361
364 362
364 363
364 365
364 366
364 367
364 368
365 346
365 349
365 350
365 361
365 362
365 363
365 364
365 366
365 367
365 368
365 369
366 362
366 363
366 364
366 365
366 367
366 368
366 369
366 370
367 319
367 363
367 364
367 365
367 366
367 368
367 369
367 370
367 371
368 342
368 343
368 345
368 346
368 364
368 365
368 366
368 367
368 369
368 370
368 371
368 372
369 342
369 343
369 346
369 365
369 366
369 367
369 368
369 370
369 371
369 372
369 373
370 366
370 367
370 368
370 369
370 371
370 372
370 373
370 374
371 342
371 367
371 368
371 369
371 370
371 372
371 373
371 374
371 375
372 338
372 339
372 342
372 343
372 368
372 369
372 370
372 371
372 373
372 374
372 375
372 376
373 339
373 369
373 370
373 371
373 372
373 374
373 375
373 376
373 377
373 387
374 370
374 371
374 372
374 373
374 375
374 376
374 377
374 378
375 335
375 336
375 338
375 339
375 371
375 372
375 373
375 374
375 376
375 377
375 378
375 379
376 335
376 336
376 339
376 372
376 373
376 374
376 375
376 377
376 378
376 379
376 380
376 383
376 384
377 373
377 374
377 375
377 376
377 378
377 379
377 380
377 381
377 383
377 384
377 387
378 335
378 374
378 375
378 376
378 377
378 379
378 380
378 383
378 384
379 335
379 336
379 375
379 376
379 377
379 378
379 380
379 381
379 383
379 384
380 376
380 377
380 378
380 379
380 381
380 382
380 383
380 384
381 377
381 379
381 380
381 382
381 383
381 384
381 385
382 380
382 381
382 383
382 384
382 385
382 386
383 376
383 377
383 378
383 379
383 380
383 381
383 382
383 384
383 385
383 386
383 387
384 376
384 377
384 378
384 379
384 380
384 381
384 382
384 383
384 385
384 386
384 387
384 388
385 381
385 382
385 383
385 384
385 386
385 387
385 388
385 389
386 382
386 383
386 384
386 385
386 387
386 388
386 389
387 373
387 377
387 383
387 384
387 385
387 386
387 388
387 389
387 390
388 384
388 385
388 386
388 387
388 389
388 390
389 385
389 386
389 387
389 388
389 390
389 391
390 387
390 388
390 389
390 391
390 392
390 393
391 389
391 390
391 392
391 393
392 390
392 391
392 393
392 394
393 390
393 391
393 392
393 394
393 395
394 392
394 393
394 395
394 396
395 393
395 394
395 396
395 397
396 394
396 395
396 397
396 398
397 395
397 396
397 398
397 399
398 396
398 397
398 399
398 400
399 397
399 398
399 400
399 401
400 398
400 399
400 401
400 402
401 399
401 400
401 402
401 403
402 400
402 401
402 403
402 404
403 401
403 402
403 404
403 405
404 402
404 403
404 405
404 406
405 403
405 404
405 406
405 407
406 404
406 405
406 407
406 408
407 405
407 406
407 408
407 409
408 406
408 407
408 409
408 410
409 407
409 408
409 410
409 411
410 408
410 409
410 411
410 412
411 409
411 410
411 412
411 413
412 410
412 411
412 413
412 414
413 411
413 412
413 414
413 415
414 412
414 413
414 415
414 416
415 413
415 414
415 416
415 417
416 414
416 415
416 417
416 418
417 415
417 416
417 418
417 419
418 416
418 417
418 419
418 420
419 417
419 418
419 420
419 421
420 418
420 419
420 421
420 422
421 419
421 420
421 422
421 423
422 420
422 421
422 423
422 424
423 421
423 422
423 424
424 422
424 423
