0 1
0 2
1 0
1 2
1 3
2 0
2 1
2 3
2 4
3 1
3 2
3 4
3 5
3 6
4 2
4 3
4 5
4 6
4 7
5 3
5 4
5 6
5 7
5 8
6 3
6 4
6 5
6 7
6 8
6 9
7 4
7 5
7 6
7 8
7 9
7 10
8 5
8 6
8 7
8 9
8 10
8 11
9 6
9 7
9 8
9 10
9 11
9 12
10 7
10 8
10 9
10 11
10 12
10 13
11 8
11 9
11 10
11 12
11 13
12 9
12 10
12 11
12 13
12 14
13 10
13 11
13 12
13 14
13 15
13 16
14 12
14 13
14 15
14 16
14 17
14 18
14 74
14 111
15 13
15 14
15 16
15 17
15 18
15 19
15 73
15 74
15 111
16 13
16 14
16 15
16 17
16 18
16 19
16 20
17 14
17 15
17 16
17 18
17 19
17 20
17 21
18 14
18 15
18 16
18 17
18 19
18 20
18 21
18 22
18 111
18 113
19 15
19 16
19 17
19 18
19 20
19 21
19 22
19 23
20 16
20 17
20 18
20 19
20 21
20 22
20 23
20 24
21 17
21 18
21 19
21 20
21 22
21 23
21 24
21 25
22 18
22 19
22 20
22 21
22 23
22 24
22 25
22 26
22 27
22 30
22 114
23 19
23 20
23 21
23 22
23 24
23 25
23 26
23 27
23 28
23 30
24 20
24 21
24 22
24 23
24 25
24 26
24 27
25 21
25 22
25 23
25 24
25 26
25 27
26 22
26 23
26 24
26 25
26 27
26 28
26 29
26 30
27 22
27 23
27 24
27 25
27 26
27 28
27 29
27 30
28 23
28 26
28 27
28 29
28 30
28 31
29 26
29 27
29 28
29 30
29 31
29 46
29 47
30 22
30 23
30 26
30 27
30 28
30 29
30 31
30 32
30 44
30 45
30 46
30 47
31 28
31 29
31 30
31 32
31 33
31 44
31 45
31 46
32 30
32 31
32 33
32 34
32 42
32 43
32 44
32 45
33 31
33 32
33 34
33 35
33 42
33 43
33 44
34 32
34 33
34 35
34 36
34 41
34 42
34 43
35 33
35 34
35 36
35 37
35 38
35 39
35 40
35 41
35 42
35 43
36 34
36 35
36 37
36 38
36 39
36 40
37 35
37 36
37 38
37 39
37 40
38 35
38 36
38 37
38 39
38 40
38 41
38 71
39 35
39 36
39 37
39 38
39 40
39 41
39 71
40 35
40 36
40 37
40 38
40 39
40 41
40 42
40 70
40 71
41 34
41 35
41 38
41 39
41 40
41 42
41 43
41 68
41 69
41 70
41 71
42 32
42 33
42 34
42 35
42 40
42 41
42 43
42 44
42 68
42 69
42 70
43 32
43 33
43 34
43 35
43 41
43 42
43 44
43 45
43 66
43 67
43 68
43 69
44 30
44 31
44 32
44 33
44 42
44 43
44 45
44 46
44 65
44 66
44 67
44 68
44 69
45 30
45 31
45 32
45 43
45 44
45 46
45 47
45 64
45 65
45 66
45 67
46 29
46 30
46 31
46 44
46 45
46 47
46 48
46 64
46 65
46 66
47 29
47 30
47 45
47 46
47 48
47 49
47 62
47 63
47 64
47 65
48 46
48 47
48 49
48 50
48 62
48 63
48 64
48 65
48 117
48 120
48 121
48 124
49 47
49 48
49 50
49 51
49 59
49 61
49 62
49 63
49 121
49 124
49 125
50 48
50 49
50 51
50 52
50 59
50 60
50 61
50 62
50 121
50 122
50 123
50 124
50 125
50 126
50 128
51 49
51 50
51 52
51 53
51 54
51 59
51 121
51 122
51 124
51 125
52 50
52 51
52 53
52 54
52 55
52 56
52 58
52 59
52 125
53 51
53 52
53 54
53 55
54 51
54 52
54 53
54 55
54 56
55 52
55 53
55 54
55 56
55 57
55 58
55 59
56 52
56 54
56 55
56 57
56 58
56 59
57 55
57 56
57 58
57 59
57 60
57 149
57 414
58 52
58 55
58 56
58 57
58 59
58 60
58 417
59 49
59 50
59 51
59 52
59 55
59 56
59 57
59 58
59 60
59 61
59 62
59 128
60 50
60 57
60 58
60 59
60 61
60 62
60 86
60 87
60 128
60 129
60 130
60 149
61 49
61 50
61 59
61 60
61 62
61 63
61 85
61 86
61 87
61 88
61 124
61 127
61 128
61 129
61 130
62 47
62 48
62 49
62 50
62 59
62 60
62 61
62 63
62 64
62 85
62 86
62 87
62 88
62 124
63 47
63 48
63 49
63 61
63 62
63 64
63 65
63 82
63 83
63 84
63 85
63 86
64 45
64 46
64 47
64 48
64 62
64 63
64 65
64 66
64 82
64 83
64 84
64 85
65 44
65 45
65 46
65 47
65 48
65 63
65 64
65 66
65 67
65 80
65 81
65 82
65 83
65 117
65 120
66 43
66 44
66 45
66 46
66 64
66 65
66 67
66 68
66 80
66 81
66 82
66 83
67 43
67 44
67 45
67 65
67 66
67 68
67 69
67 78
67 79
67 80
67 81
68 41
68 42
68 43
68 44
68 66
68 67
68 69
68 70
68 78
68 79
68 80
69 41
69 42
69 43
69 44
69 67
69 68
69 70
69 71
69 73
69 77
69 78
69 79
70 40
70 41
70 42
70 68
70 69
70 71
70 72
70 73
70 76
70 77
70 78
70 79
71 38
71 39
71 40
71 41
71 69
71 70
71 72
71 73
72 70
72 71
72 73
72 74
72 75
72 76
73 15
73 69
73 70
73 71
73 72
73 74
73 75
73 76
73 77
73 78
73 109
74 14
74 15
74 72
74 73
74 75
74 76
74 77
74 108
74 109
74 110
74 111
74 112
75 72
75 73
75 74
75 76
75 77
75 108
75 109
75 110
76 70
76 72
76 73
76 74
76 75
76 77
76 78
76 108
76 109
77 69
77 70
77 73
77 74
77 75
77 76
77 78
77 79
77 104
77 105
77 108
78 67
78 68
78 69
78 70
78 73
78 76
78 77
78 79
78 80
78 104
79 67
79 68
79 69
79 70
79 77
79 78
79 80
79 81
80 65
80 66
80 67
80 68
80 78
80 79
80 81
80 82
80 97
80 100
80 101
81 65
81 66
81 67
81 79
81 80
81 82
81 83
81 97
82 63
82 64
82 65
82 66
82 80
82 81
82 83
82 84
82 85
82 93
82 97
83 63
83 64
83 65
83 66
83 81
83 82
83 84
83 85
84 63
84 64
84 82
84 83
84 85
84 86
85 61
85 62
85 63
85 64
85 82
85 83
85 84
85 86
85 87
85 88
85 93
86 60
86 61
86 62
86 63
86 84
86 85
86 87
86 88
86 130
86 153
87 60
87 61
87 62
87 85
87 86
87 88
87 89
87 129
87 130
87 131
87 132
88 61
88 62
88 85
88 86
88 87
88 89
88 90
88 92
88 93
88 130
88 131
88 132
89 87
89 88
89 90
89 91
89 92
89 93
89 131
89 132
90 88
90 89
90 91
90 92
90 93
90 94
91 89
91 90
91 92
91 93
91 94
91 95
92 88
92 89
92 90
92 91
92 93
92 94
92 95
92 96
93 82
93 85
93 88
93 89
93 90
93 91
93 92
93 94
93 95
93 96
93 97
94 90
94 91
94 92
94 93
94 95
94 96
94 97
94 98
95 91
95 92
95 93
95 94
95 96
95 97
95 98
95 99
96 92
96 93
96 94
96 95
96 97
96 98
96 99
96 100
96 120
96 123
97 80
97 81
97 82
97 93
97 94
97 95
97 96
97 98
97 99
97 100
97 101
98 94
98 95
98 96
98 97
98 99
98 100
98 101
98 102
99 95
99 96
99 97
99 98
99 100
99 101
99 102
99 103
100 80
100 96
100 97
100 98
100 99
100 101
100 102
100 103
100 104
100 116
100 119
100 120
101 80
101 97
101 98
101 99
101 100
101 102
101 103
101 104
101 105
102 98
102 99
102 100
102 101
102 103
102 104
102 105
102 106
103 99
103 100
103 101
103 102
103 104
103 105
103 106
103 107
103 112
103 115
103 116
104 77
104 78
104 100
104 101
104 102
104 103
104 105
104 106
104 107
104 108
104 112
104 116
105 77
105 101
105 102
105 103
105 104
105 106
105 107
105 108
106 102
106 103
106 104
106 105
106 107
106 108
107 103
107 104
107 105
107 106
107 108
107 109
107 110
107 111
107 112
108 74
108 75
108 76
108 77
108 104
108 105
108 106
108 107
108 109
108 110
108 111
108 112
109 73
109 74
109 75
109 76
109 107
109 108
109 110
109 111
110 74
110 75
110 107
110 108
110 109
110 111
110 112
111 14
111 15
111 18
111 74
111 107
111 108
111 109
111 110
111 112
111 113
111 114
112 74
112 103
112 104
112 107
112 108
112 110
112 111
112 113
112 114
112 115
112 116
113 18
113 111
113 112
113 114
113 115
113 116
113 117
114 22
114 111
114 112
114 113
114 115
114 116
114 117
114 118
115 103
115 112
115 113
115 114
115 116
115 117
115 118
115 119
116 100
116 103
116 104
116 112
116 113
116 114
116 115
116 117
116 118
116 119
116 120
117 48
117 65
117 113
117 114
117 115
117 116
117 118
117 119
117 120
117 121
118 114
118 115
118 116
118 117
118 119
118 120
118 121
118 122
119 100
119 115
119 116
119 117
119 118
119 120
119 121
119 122
119 123
120 48
120 65
120 96
120 100
120 116
120 117
120 118
120 119
120 121
120 122
120 123
120 124
121 48
121 49
121 50
121 51
121 117
121 118
121 119
121 120
121 122
121 123
121 124
121 125
122 50
122 51
122 118
122 119
122 120
122 121
122 123
122 124
122 125
122 126
123 50
123 96
123 119
123 120
123 121
123 122
123 124
123 125
123 126
123 127
124 48
124 49
124 50
124 51
124 61
124 62
124 120
124 121
124 122
124 123
124 125
124 126
124 127
124 128
125 49
125 50
125 51
125 52
125 121
125 122
125 123
125 124
125 126
125 127
125 128
126 50
126 122
126 123
126 124
126 125
126 127
126 128
127 61
127 123
127 124
127 125
127 126
127 128
127 129
127 130
128 50
128 59
128 60
128 61
128 124
128 125
128 126
128 127
128 129
128 130
129 60
129 61
129 87
129 127
129 128
129 130
129 131
129 141
129 143
130 60
130 61
130 86
130 87
130 88
130 127
130 128
130 129
130 131
130 132
130 141
130 155
131 87
131 88
131 89
131 129
131 130
131 132
131 133
131 140
131 141
132 87
132 88
132 89
132 130
132 131
132 133
132 134
132 140
132 141
133 131
133 132
133 134
133 135
133 137
133 138
133 139
133 140
133 141
133 155
133 156
134 132
134 133
134 135
134 136
134 137
134 138
134 139
134 140
134 141
134 155
134 156
134 157
135 133
135 134
135 136
135 137
135 138
135 139
135 156
135 198
135 199
136 134
136 135
136 137
136 138
136 156
136 160
136 161
136 164
137 133
137 134
137 135
137 136
137 138
137 139
137 160
138 133
138 134
138 135
138 136
138 137
138 139
138 140
139 133
139 134
139 135
139 137
139 138
139 140
139 141
139 219
140 131
140 132
140 133
140 134
140 138
140 139
140 141
140 142
141 129
141 130
141 131
141 132
141 133
141 134
141 139
141 140
141 142
141 143
141 145
141 147
141 157
142 140
142 141
142 143
142 144
142 145
143 129
143 141
143 142
143 144
143 145
143 419
143 420
144 142
144 143
144 145
144 146
144 418
144 419
144 420
145 141
145 142
145 143
145 144
145 146
145 147
145 157
145 215
145 217
145 218
145 418
145 419
146 144
146 145
146 147
146 148
146 157
146 158
146 159
146 214
146 215
146 217
146 416
146 417
146 418
147 141
147 145
147 146
147 148
147 149
147 155
147 156
147 157
147 158
147 159
147 416
147 417
148 146
148 147
148 149
148 150
148 155
148 156
148 157
148 158
148 416
149 57
149 60
149 147
149 148
149 150
149 151
149 152
149 153
149 154
149 155
149 156
150 148
150 149
150 151
150 152
150 153
150 154
150 155
150 204
150 205
151 149
151 150
151 152
151 153
151 154
151 204
151 205
152 149
152 150
152 151
152 153
152 154
152 200
152 202
153 86
153 149
153 150
153 151
153 152
153 154
153 155
154 149
154 150
154 151
154 152
154 153
154 155
154 156
154 199
155 130
155 133
155 134
155 147
155 148
155 149
155 150
155 153
155 154
155 156
155 157
156 133
156 134
156 135
156 136
156 147
156 148
156 149
156 154
156 155
156 157
156 158
156 160
156 161
157 134
157 141
157 145
157 146
157 147
157 148
157 155
157 156
157 158
157 159
157 160
157 161
157 216
157 217
158 146
158 147
158 148
158 156
158 157
158 159
158 160
158 161
158 162
158 211
158 212
158 214
158 215
158 416
159 146
159 147
159 157
159 158
159 160
159 161
159 162
159 163
159 211
159 212
159 213
159 214
159 215
159 216
159 217
160 136
160 137
160 156
160 157
160 158
160 159
160 161
160 162
160 163
160 164
160 216
161 136
161 156
161 157
161 158
161 159
161 160
161 162
161 163
161 164
161 165
161 211
162 158
162 159
162 160
162 161
162 163
162 164
162 165
162 166
162 208
162 211
162 212
163 159
163 160
163 161
163 162
163 164
163 165
163 166
163 167
163 212
164 136
164 160
164 161
164 162
164 163
164 165
164 166
164 167
164 168
165 161
165 162
165 163
165 164
165 166
165 167
165 168
165 169
165 195
165 208
166 162
166 163
166 164
166 165
166 167
166 168
166 169
166 170
166 208
167 163
167 164
167 165
167 166
167 168
167 169
167 170
167 171
168 164
168 165
168 166
168 167
168 169
168 170
168 171
168 172
168 195
169 165
169 166
169 167
169 168
169 170
169 171
169 172
169 173
169 195
170 166
170 167
170 168
170 169
170 171
170 172
170 173
170 174
171 167
171 168
171 169
171 170
171 172
171 173
171 174
171 175
172 168
172 169
172 170
172 171
172 173
172 174
172 175
172 176
173 169
173 170
173 171
173 172
173 174
173 175
173 176
173 177
174 170
174 171
174 172
174 173
174 175
174 176
174 177
174 178
175 171
175 172
175 173
175 174
175 176
175 177
175 178
175 179
176 172
176 173
176 174
176 175
176 177
176 178
176 179
176 180
177 173
177 174
177 175
177 176
177 178
177 179
177 180
177 181
178 174
178 175
178 176
178 177
178 179
178 180
178 181
178 182
179 175
179 176
179 177
179 178
179 180
179 181
179 182
179 183
180 176
180 177
180 178
180 179
180 181
180 182
180 183
180 184
181 177
181 178
181 179
181 180
181 182
181 183
181 184
182 178
182 179
182 180
182 181
182 183
182 184
182 185
182 186
183 179
183 180
183 181
183 182
183 184
183 185
183 186
183 187
184 180
184 181
184 182
184 183
184 185
184 186
185 182
185 183
185 184
185 186
185 187
186 182
186 183
186 184
186 185
186 187
186 188
187 183
187 185
187 186
187 188
187 189
188 186
188 187
188 189
188 190
189 187
189 188
189 190
189 191
190 188
190 189
190 191
190 192
191 189
191 190
191 192
191 193
192 190
192 191
192 193
192 194
193 191
193 192
193 194
193 195
193 196
193 203
194 192
194 193
194 195
194 196
194 203
194 204
195 165
195 168
195 169
195 193
195 194
195 196
195 197
195 203
195 204
196 193
196 194
196 195
196 197
196 198
196 200
196 201
196 202
196 203
196 204
197 195
197 196
197 198
197 199
197 200
197 201
197 202
197 203
197 204
198 135
198 196
198 197
198 199
198 200
198 201
199 135
199 154
199 197
199 198
199 200
199 201
200 152
200 196
200 197
200 198
200 199
200 201
200 202
201 196
201 197
201 198
201 199
201 200
201 202
201 203
202 152
202 196
202 197
202 200
202 201
202 203
202 204
203 193
203 194
203 195
203 196
203 197
203 201
203 202
203 204
203 205
204 150
204 151
204 194
204 195
204 196
204 197
204 202
204 203
204 205
204 206
205 150
205 151
205 203
205 204
205 206
205 207
206 204
206 205
206 207
206 208
207 205
207 206
207 208
207 209
207 210
207 211
207 413
207 414
208 162
208 165
208 166
208 206
208 207
208 209
208 210
208 211
208 212
209 207
209 208
209 210
209 211
209 212
209 213
210 207
210 208
210 209
210 211
210 212
210 213
210 214
210 413
210 414
210 415
210 416
211 158
211 159
211 161
211 162
211 207
211 208
211 209
211 210
211 212
211 213
211 214
211 416
212 158
212 159
212 162
212 163
212 208
212 209
212 210
212 211
212 213
212 214
212 215
213 159
213 209
213 210
213 211
213 212
213 214
213 215
214 146
214 158
214 159
214 210
214 211
214 212
214 213
214 215
214 216
214 416
215 145
215 146
215 158
215 159
215 212
215 213
215 214
215 216
215 217
216 157
216 159
216 160
216 214
216 215
216 217
216 218
217 145
217 146
217 157
217 159
217 215
217 216
217 218
217 219
218 145
218 216
218 217
218 219
218 220
219 139
219 217
219 218
219 220
219 221
220 218
220 219
220 221
220 222
221 219
221 220
221 222
221 223
222 220
222 221
222 223
222 224
223 221
223 222
223 224
223 225
224 222
224 223
224 225
224 226
225 223
225 224
225 226
225 227
226 224
226 225
226 227
226 228
226 229
226 230
226 231
227 225
227 226
227 228
227 229
227 230
227 231
228 226
228 227
228 229
228 230
228 231
228 232
229 226
229 227
229 228
229 230
229 231
229 232
229 233
230 226
230 227
230 228
230 229
230 231
230 232
230 233
230 234
231 226
231 227
231 228
231 229
231 230
231 232
231 233
231 234
231 235
232 228
232 229
232 230
232 231
232 233
232 234
232 235
232 236
233 229
233 230
233 231
233 232
233 234
233 235
233 236
233 237
234 230
234 231
234 232
234 233
234 235
234 236
234 237
234 238
235 231
235 232
235 233
235 234
235 236
235 237
235 238
235 239
236 232
236 233
236 234
236 235
236 237
236 238
236 239
236 240
237 233
237 234
237 235
237 236
237 238
237 239
237 240
237 241
238 234
238 235
238 236
238 237
238 239
238 240
238 241
238 242
239 235
239 236
239 237
239 238
239 240
239 241
239 242
239 243
240 236
240 237
240 238
240 239
240 241
240 242
240 243
240 244
241 237
241 238
241 239
241 240
241 242
241 243
241 244
241 245
241 250
242 238
242 239
242 240
242 241
242 243
242 244
242 245
242 246
243 239
243 240
243 241
243 242
243 244
243 245
243 246
243 247
244 240
244 241
244 242
244 243
244 245
244 246
244 247
244 248
244 249
244 250
245 241
245 242
245 243
245 244
245 246
245 247
245 248
245 249
245 250
246 242
246 243
246 244
246 245
246 247
246 248
246 249
247 243
247 244
247 245
247 246
247 248
247 249
248 244
248 245
248 246
248 247
248 249
248 250
248 251
249 244
249 245
249 246
249 247
249 248
249 250
249 251
250 241
250 244
250 245
250 248
250 249
250 251
250 252
251 248
251 249
251 250
251 252
251 253
251 255
251 256
252 250
252 251
252 253
252 254
252 255
252 256
253 251
253 252
253 254
253 255
253 256
253 257
254 252
254 253
254 255
254 256
254 257
254 258
255 251
255 252
255 253
255 254
255 256
255 257
255 258
255 259
256 251
256 252
256 253
256 254
256 255
256 257
256 258
256 259
256 260
257 253
257 254
257 255
257 256
257 258
257 259
257 260
257 261
258 254
258 255
258 256
258 257
258 259
258 260
258 261
259 255
259 256
259 257
259 258
259 260
259 261
260 256
260 257
260 258
260 259
260 261
260 262
261 257
261 258
261 259
261 260
261 262
261 263
262 260
262 261
262 263
262 264
263 261
263 262
263 264
263 265
263 266
264 262
264 263
264 265
264 266
265 263
265 264
265 266
265 267
266 263
266 264
266 265
266 267
266 268
267 265
267 266
267 268
267 269
268 266
268 267
268 269
268 270
269 267
269 268
269 270
269 271
270 268
270 269
270 271
270 272
271 269
271 270
271 272
271 273
272 270
272 271
272 273
272 274
273 271
273 272
273 274
273 275
274 272
274 273
274 275
274 276
275 273
275 274
275 276
275 277
276 274
276 275
276 277
276 278
277 275
277 276
277 278
277 279
278 276
278 277
278 279
278 280
279 277
279 278
279 280
279 281
280 278
280 279
280 281
280 282
281 279
281 280
281 282
281 283
282 280
282 281
282 283
282 284
283 281
283 282
283 284
283 285
284 282
284 283
284 285
284 286
285 283
285 284
285 286
285 287
286 284
286 285
286 287
286 288
287 285
287 286
287 288
287 289
288 286
288 287
288 289
288 290
289 287
289 288
289 290
289 291
290 288
290 289
290 291
290 292
291 289
291 290
291 292
291 293
292 290
292 291
292 293
292 294
293 291
293 292
293 294
293 295
294 292
294 293
294 295
294 296
295 293
295 294
295 296
295 297
296 294
296 295
296 297
296 298
297 295
297 296
297 298
297 299
298 296
298 297
298 299
298 300
299 297
299 298
299 300
299 301
300 298
300 299
300 301
300 302
301 299
301 300
301 302
301 303
302 300
302 301
302 303
302 304
303 301
303 302
303 304
303 305
304 302
304 303
304 305
304 306
305 303
305 304
305 306
305 307
306 304
306 305
306 307
306 308
307 305
307 306
307 308
307 309
308 306
308 307
308 309
308 310
309 307
309 308
309 310
309 311
310 308
310 309
310 311
310 312
311 309
311 310
311 312
311 313
312 310
312 311
312 313
312 314
313 311
313 312
313 314
313 315
314 312
314 313
314 315
314 316
315 313
315 314
315 316
315 317
316 314
316 315
316 317
316 318
317 315
317 316
317 318
317 319
318 316
318 317
318 319
318 320
319 317
319 318
319 320
319 321
320 318
320 319
320 321
320 322
321 319
321 320
321 322
321 323
322 320
322 321
322 323
322 324
323 321
323 322
323 324
323 325
324 322
324 323
324 325
324 326
325 323
325 324
325 326
325 327
326 324
326 325
326 327
326 328
327 325
327 326
327 328
327 329
328 326
328 327
328 329
328 330
329 327
329 328
329 330
329 331
330 328
330 329
330 331
330 332
331 329
331 330
331 332
331 333
332 330
332 331
332 333
332 334
333 331
333 332
333 334
333 335
334 332
334 333
334 335
334 336
335 333
335 334
335 336
335 337
336 334
336 335
336 337
336 338
337 335
337 336
337 338
337 339
338 336
338 337
338 339
338 340
339 337
339 338
339 340
339 341
340 338
340 339
340 341
340 342
341 339
341 340
341 342
341 343
342 340
342 341
342 343
342 344
343 341
343 342
343 344
343 345
344 342
344 343
344 345
344 346
345 343
345 344
345 346
345 347
346 344
346 345
346 347
346 348
347 345
347 346
347 348
347 349
348 346
348 347
348 349
348 350
349 347
349 348
349 350
349 351
350 348
350 349
350 351
350 352
351 349
351 350
351 352
351 353
352 350
352 351
352 353
352 354
353 351
353 352
353 354
353 355
354 352
354 353
354 355
354 356
355 353
355 354
355 356
355 357
356 354
356 355
356 357
356 358
357 355
357 356
357 358
357 359
358 356
358 357
358 359
358 360
359 357
359 358
359 360
359 361
360 358
360 359
360 361
360 362
361 359
361 360
361 362
361 363
362 360
362 361
362 363
362 364
363 361
363 362
363 364
363 365
364 362
364 363
364 365
364 366
365 363
365 364
365 366
365 367
366 364
366 365
366 367
366 368
367 365
367 366
367 368
367 369
368 366
368 367
368 369
368 370
369 367
369 368
369 370
369 371
370 368
370 369
370 371
370 372
371 369
371 370
371 372
371 373
372 370
372 371
372 373
372 374
373 371
373 372
373 374
373 375
374 372
374 373
374 375
374 376
375 373
375 374
375 376
375 377
376 374
376 375
376 377
376 378
377 375
377 376
377 378
377 379
378 376
378 377
378 379
378 380
379 377
379 378
379 380
379 381
380 378
380 379
380 381
380 382
381 379
381 380
381 382
381 383
382 380
382 381
382 383
382 384
383 381
383 382
383 384
383 385
384 382
384 383
384 385
384 386
385 383
385 384
385 386
385 387
386 384
386 385
386 387
386 388
387 385
387 386
387 388
387 389
388 386
388 387
388 389
388 390
389 387
389 388
389 390
389 391
390 388
390 389
390 391
390 392
391 389
391 390
391 392
391 393
392 390
392 391
392 393
392 394
393 391
393 392
393 394
393 395
394 392
394 393
394 395
394 396
395 393
395 394
395 396
395 397
396 394
396 395
396 397
396 398
397 395
397 396
397 398
397 399
398 396
398 397
398 399
398 400
399 397
399 398
399 400
399 401
400 398
400 399
400 401
400 402
401 399
401 400
401 402
401 403
402 400
402 401
402 403
402 404
403 401
403 402
403 404
403 405
404 402
404 403
404 405
404 406
405 403
405 404
405 406
405 407
406 404
406 405
406 407
406 408
407 405
407 406
407 408
407 409
408 406
408 407
408 409
408 410
409 407
409 408
409 410
409 411
410 408
410 409
410 411
410 412
410 413
411 409
411 410
411 412
411 413
412 410
412 411
412 413
412 414
413 207
413 210
413 410
413 411
413 412
413 414
413 415
414 57
414 207
414 210
414 412
414 413
414 415
414 416
415 210
415 413
415 414
415 416
415 417
416 146
416 147
416 148
416 158
416 210
416 211
416 214
416 414
416 415
416 417
416 418
417 58
417 146
417 147
417 415
417 416
417 418
417 419
418 144
418 145
418 146
418 416
418 417
418 419
418 420
419 143
419 144
419 145
419 417
419 418
419 420
419 421
420 143
420 144
420 418
420 419
420 421
420 422
421 419
421 420
421 422
421 423
422 420
422 421
422 423
422 424
423 421
423 422
423 424
423 425
424 422
424 423
424 425
424 426
425 423
425 424
425 426
425 427
426 424
426 425
426 427
426 428
427 425
427 426
427 428
427 429
428 426
428 427
428 429
428 430
429 427
429 428
429 430
429 431
430 428
430 429
430 431
430 432
431 429
431 430
431 432
431 433
432 430
432 431
432 433
432 434
433 431
433 432
433 434
433 435
434 432
434 433
434 435
434 436
435 433
435 434
435 436
435 437
436 434
436 435
436 437
436 438
437 435
437 436
437 438
437 439
438 436
438 437
438 439
438 440
439 437
439 438
439 440
439 441
440 438
440 439
440 441
440 442
441 439
441 440
441 442
441 443
442 440
442 441
442 443
442 444
443 441
443 442
443 444
443 445
444 442
444 443
444 445
444 446
445 443
445 444
445 446
445 447
446 444
446 445
446 447
446 448
447 445
447 446
447 448
447 449
448 446
448 447
448 449
448 450
449 447
449 448
449 450
449 451
450 448
450 449
450 451
450 452
451 449
451 450
451 452
451 453
452 450
452 451
452 453
452 454
453 451
453 452
453 454
453 455
454 452
454 453
454 455
454 456
455 453
455 454
455 456
455 457
456 454
456 455
456 457
456 458
457 455
457 456
457 458
458 456
458 457
