0 1
0 2
0 3
0 4
1 0
1 2
1 3
1 4
1 5
2 0
2 1
2 3
2 4
2 5
2 6
3 0
3 1
3 2
3 4
3 5
3 6
3 7
4 0
4 1
4 2
4 3
4 5
4 6
4 7
4 8
5 1
5 2
5 3
5 4
5 6
5 7
5 8
5 9
6 2
6 3
6 4
6 5
6 7
6 8
6 9
6 10
7 3
7 4
7 5
7 6
7 8
7 9
7 10
7 11
8 4
8 5
8 6
8 7
8 9
8 10
8 11
8 12
9 5
9 6
9 7
9 8
9 10
9 11
9 12
9 13
10 6
10 7
10 8
10 9
10 11
10 12
10 13
11 7
11 8
11 9
11 10
11 12
11 13
12 8
12 9
12 10
12 11
12 13
12 14
13 9
13 10
13 11
13 12
13 14
13 15
14 12
14 13
14 15
14 16
15 13
15 14
15 16
15 17
16 14
16 15
16 17
16 18
17 15
17 16
17 18
17 19
18 16
18 17
18 19
18 20
19 17
19 18
19 20
19 21
20 18
20 19
20 21
20 22
21 19
21 20
21 22
21 23
22 20
22 21
22 23
22 24
23 21
23 22
23 24
23 25
24 22
24 23
24 25
24 26
25 23
25 24
25 26
25 27
26 24
26 25
26 27
26 28
27 25
27 26
27 28
27 29
28 26
28 27
28 29
28 30
29 27
29 28
29 30
29 31
30 28
30 29
30 31
30 32
31 29
31 30
31 32
31 33
32 30
32 31
32 33
32 34
33 31
33 32
33 34
33 35
34 32
34 33
34 35
34 36
35 33
35 34
35 36
35 37
36 34
36 35
36 37
36 38
37 35
37 36
37 38
37 39
38 36
38 37
38 39
38 40
39 37
39 38
39 40
39 41
40 38
40 39
40 41
40 42
41 39
41 40
41 42
41 43
41 44
42 40
42 41
42 43
42 44
43 41
43 42
43 44
43 45
43 46
44 41
44 42
44 43
44 45
44 46
45 43
45 44
45 46
45 47
46 43
46 44
46 45
46 47
46 48
46 49
47 45
47 46
47 48
47 49
47 50
48 46
48 47
48 49
48 50
49 46
49 47
49 48
49 50
49 51
49 52
49 53
50 47
50 48
50 49
50 51
50 52
50 53
51 49
51 50
51 52
51 53
52 49
52 50
52 51
52 53
52 54
53 49
53 50
53 51
53 52
53 54
53 55
53 133
53 134
54 52
54 53
54 55
54 56
54 133
54 134
55 53
55 54
55 56
55 57
55 131
55 132
55 133
55 134
56 54
56 55
56 57
56 58
56 131
56 132
56 133
56 134
57 55
57 56
57 58
57 59
57 60
57 129
57 130
57 131
57 132
57 196
58 56
58 57
58 59
58 60
58 130
58 131
58 132
58 195
58 196
58 197
58 200
58 201
59 57
59 58
59 60
59 61
59 129
59 130
59 131
59 193
59 194
59 195
59 196
60 57
60 58
60 59
60 61
60 62
60 128
60 129
60 130
60 193
60 194
60 195
60 196
61 59
61 60
61 62
61 63
61 64
61 127
61 128
61 129
61 189
61 192
61 193
61 194
62 60
62 61
62 63
62 64
62 65
62 66
62 128
62 192
62 193
63 61
63 62
63 64
63 65
63 66
63 67
63 192
64 61
64 62
64 63
64 65
64 66
64 67
64 68
64 126
64 127
64 128
64 144
65 62
65 63
65 64
65 66
65 67
65 68
65 69
66 62
66 63
66 64
66 65
66 67
66 68
66 69
66 70
67 63
67 64
67 65
67 66
67 68
67 69
67 70
67 71
67 123
67 148
68 64
68 65
68 66
68 67
68 69
68 70
68 71
68 72
68 123
68 144
68 147
68 148
68 149
69 65
69 66
69 67
69 68
69 70
69 71
69 72
69 73
69 148
70 66
70 67
70 68
70 69
70 71
70 72
70 73
70 74
71 67
71 68
71 69
71 70
71 72
71 73
71 74
71 75
71 116
71 119
71 120
71 147
71 148
72 68
72 69
72 70
72 71
72 73
72 74
72 75
72 76
72 147
72 148
73 69
73 70
73 71
73 72
73 74
73 75
73 76
73 77
74 70
74 71
74 72
74 73
74 75
74 76
74 77
74 78
74 116
75 71
75 72
75 73
75 74
75 76
75 77
75 78
75 79
75 116
76 72
76 73
76 74
76 75
76 77
76 78
76 79
76 80
77 73
77 74
77 75
77 76
77 78
77 79
77 80
77 81
78 74
78 75
78 76
78 77
78 79
78 80
78 81
78 82
78 113
79 75
79 76
79 77
79 78
79 80
79 81
79 82
79 83
80 76
80 77
80 78
80 79
80 81
80 82
80 83
80 84
81 77
81 78
81 79
81 80
81 82
81 83
81 84
81 85
82 78
82 79
82 80
82 81
82 83
82 84
82 85
82 86
83 79
83 80
83 81
83 82
83 84
83 85
83 86
84 80
84 81
84 82
84 83
84 85
84 86
84 87
84 88
85 81
85 82
85 83
85 84
85 86
85 87
85 88
85 89
86 82
86 83
86 84
86 85
86 87
86 88
86 89
86 90
87 84
87 85
87 86
87 88
87 89
87 90
87 91
88 84
88 85
88 86
88 87
88 89
88 90
88 91
88 92
89 85
89 86
89 87
89 88
89 90
89 91
89 92
89 93
90 86
90 87
90 88
90 89
90 91
90 92
90 93
90 94
91 87
91 88
91 89
91 90
91 92
91 93
91 94
91 95
91 96
92 88
92 89
92 90
92 91
92 93
92 94
92 95
92 96
92 97
93 89
93 90
93 91
93 92
93 94
93 95
93 96
94 90
94 91
94 92
94 93
94 95
94 96
95 91
95 92
95 93
95 94
95 96
95 97
95 98
96 91
96 92
96 93
96 94
96 95
96 97
96 98
97 92
97 95
97 96
97 98
97 99
97 101
97 102
98 95
98 96
98 97
98 99
98 100
98 101
98 102
99 97
99 98
99 100
99 101
99 102
99 103
100 98
100 99
100 101
100 102
100 103
100 104
101 97
101 98
101 99
101 100
101 102
101 103
101 104
101 105
102 97
102 98
102 99
102 100
102 101
102 103
102 104
102 105
102 106
103 99
103 100
103 101
103 102
103 104
103 105
103 106
103 107
104 100
104 101
104 102
104 103
104 105
104 106
104 107
104 108
105 101
105 102
105 103
105 104
105 106
105 107
105 108
105 109
106 102
106 103
106 104
106 105
106 107
106 108
106 109
106 110
107 103
107 104
107 105
107 106
107 108
107 109
107 110
107 111
108 104
108 105
108 106
108 107
108 109
108 110
108 111
108 112
109 105
109 106
109 107
109 108
109 110
109 111
109 112
109 113
110 106
110 107
110 108
110 109
110 111
110 112
110 113
110 114
111 107
111 108
111 109
111 110
111 112
111 113
111 114
111 115
112 108
112 109
112 110
112 111
112 113
112 114
112 115
112 116
113 78
113 109
113 110
113 111
113 112
113 114
113 115
113 116
113 117
114 110
114 111
114 112
114 113
114 115
114 116
114 117
114 118
115 111
115 112
115 113
115 114
115 116
115 117
115 118
115 119
116 71
116 74
116 75
116 112
116 113
116 114
116 115
116 117
116 118
116 119
116 120
117 113
117 114
117 115
117 116
117 118
117 119
117 120
117 121
118 114
118 115
118 116
118 117
118 119
118 120
118 121
118 122
119 71
119 115
119 116
119 117
119 118
119 120
119 121
119 122
119 123
120 71
120 116
120 117
120 118
120 119
120 121
120 122
120 123
120 124
120 146
121 117
121 118
121 119
121 120
121 122
121 123
121 124
121 125
121 146
122 118
122 119
122 120
122 121
122 123
122 124
122 125
122 126
123 67
123 68
123 119
123 120
123 121
123 122
123 124
123 125
123 126
123 144
123 145
123 146
123 148
124 120
124 121
124 122
124 123
124 125
124 126
124 143
124 144
124 145
124 146
125 121
125 122
125 123
125 124
125 126
125 127
125 143
125 185
125 186
125 187
126 64
126 122
126 123
126 124
126 125
126 127
126 128
126 143
126 144
126 186
126 187
126 188
127 61
127 64
127 125
127 126
127 128
127 129
127 130
127 141
127 142
127 143
127 144
127 186
127 187
127 188
127 189
128 60
128 61
128 62
128 64
128 126
128 127
128 129
128 130
128 141
128 142
128 143
128 144
129 57
129 59
129 60
129 61
129 127
129 128
129 130
129 131
129 141
129 142
129 143
130 57
130 58
130 59
130 60
130 127
130 128
130 129
130 131
130 132
130 139
130 140
130 141
130 142
131 55
131 56
131 57
131 58
131 59
131 129
131 130
131 132
131 133
131 139
131 140
131 141
131 142
132 55
132 56
132 57
132 58
132 130
132 131
132 133
132 134
132 135
132 136
132 137
132 138
132 139
132 140
133 53
133 54
133 55
133 56
133 131
133 132
133 134
133 135
133 136
133 137
133 138
133 139
133 140
134 53
134 54
134 55
134 56
134 132
134 133
134 135
134 136
134 137
135 132
135 133
135 134
135 136
135 137
135 138
136 132
136 133
136 134
136 135
136 137
136 138
136 139
136 157
136 204
137 132
137 133
137 134
137 135
137 136
137 138
137 139
137 156
137 157
137 158
138 132
138 133
138 135
138 136
138 137
138 139
138 140
138 154
138 155
138 156
138 157
139 130
139 131
139 132
139 133
139 136
139 137
139 138
139 140
139 141
139 154
139 155
139 156
139 157
140 130
140 131
140 132
140 133
140 138
140 139
140 141
140 142
140 152
140 153
140 154
140 155
141 127
141 128
141 129
141 130
141 131
141 139
141 140
141 142
141 143
141 152
141 153
141 154
141 155
142 127
142 128
142 129
142 130
142 131
142 140
142 141
142 143
142 144
142 150
142 151
142 152
142 153
143 124
143 125
143 126
143 127
143 128
143 129
143 141
143 142
143 144
143 145
143 150
143 151
143 152
143 153
144 64
144 68
144 123
144 124
144 126
144 127
144 128
144 142
144 143
144 145
144 146
144 147
144 148
144 149
144 150
144 151
145 123
145 124
145 143
145 144
145 146
145 147
145 148
145 149
145 150
145 151
146 120
146 121
146 123
146 124
146 144
146 145
146 147
146 148
146 149
147 68
147 71
147 72
147 144
147 145
147 146
147 148
147 149
148 67
148 68
148 69
148 71
148 72
148 123
148 144
148 145
148 146
148 147
148 149
148 150
149 68
149 144
149 145
149 146
149 147
149 148
149 150
149 151
150 142
150 143
150 144
150 145
150 148
150 149
150 151
150 152
151 142
151 143
151 144
151 145
151 149
151 150
151 152
151 153
152 140
152 141
152 142
152 143
152 150
152 151
152 153
152 154
153 140
153 141
153 142
153 143
153 151
153 152
153 154
153 155
154 138
154 139
154 140
154 141
154 152
154 153
154 155
154 156
155 138
155 139
155 140
155 141
155 153
155 154
155 156
155 157
155 159
155 160
155 179
156 137
156 138
156 139
156 154
156 155
156 157
156 158
156 159
156 160
157 136
157 137
157 138
157 139
157 155
157 156
157 158
157 159
157 160
158 137
158 156
158 157
158 159
158 160
158 161
159 155
159 156
159 157
159 158
159 160
159 161
159 178
159 179
159 180
159 181
160 155
160 156
160 157
160 158
160 159
160 161
160 162
160 177
160 178
160 179
160 180
161 158
161 159
161 160
161 162
161 163
161 165
161 166
161 176
161 177
161 178
161 179
162 160
162 161
162 163
162 164
162 165
162 166
162 177
162 205
162 206
163 161
163 162
163 164
163 165
163 166
163 175
163 176
163 205
163 206
163 207
164 162
164 163
164 165
164 166
164 167
164 206
164 207
165 161
165 162
165 163
165 164
165 166
165 167
166 161
166 162
166 163
166 164
166 165
166 167
166 168
166 169
166 176
167 164
167 165
167 166
167 168
167 169
168 166
168 167
168 169
168 170
169 166
169 167
169 168
169 170
169 171
169 172
170 168
170 169
170 171
170 172
170 173
171 169
171 170
171 172
171 173
172 169
172 170
172 171
172 173
172 174
172 175
173 170
173 171
173 172
173 174
173 175
173 189
173 190
173 191
174 172
174 173
174 175
174 176
174 187
174 188
174 189
174 190
175 163
175 172
175 173
175 174
175 176
175 177
175 186
175 187
175 188
175 189
175 190
176 161
176 163
176 166
176 174
176 175
176 177
176 178
176 185
176 186
176 187
176 188
177 160
177 161
177 162
177 175
177 176
177 178
177 179
177 185
177 186
177 187
177 188
178 159
178 160
178 161
178 176
178 177
178 179
178 180
178 182
178 183
178 184
178 185
178 186
179 155
179 159
179 160
179 161
179 177
179 178
179 180
179 181
179 182
179 183
179 184
179 185
180 159
180 160
180 178
180 179
180 181
180 182
180 183
181 159
181 179
181 180
181 182
181 183
182 178
182 179
182 180
182 181
182 183
182 184
183 178
183 179
183 180
183 181
183 182
183 184
183 185
184 178
184 179
184 182
184 183
184 185
184 186
185 125
185 176
185 177
185 178
185 179
185 183
185 184
185 186
185 187
186 125
186 126
186 127
186 175
186 176
186 177
186 178
186 184
186 185
186 187
186 188
187 125
187 126
187 127
187 174
187 175
187 176
187 177
187 185
187 186
187 188
187 189
188 126
188 127
188 174
188 175
188 176
188 177
188 186
188 187
188 189
188 190
189 61
189 127
189 173
189 174
189 175
189 187
189 188
189 190
189 191
189 192
189 193
190 173
190 174
190 175
190 188
190 189
190 191
190 192
190 193
191 173
191 189
191 190
191 192
191 193
192 61
192 62
192 63
192 189
192 190
192 191
192 193
192 194
193 59
193 60
193 61
193 62
193 189
193 190
193 191
193 192
193 194
193 195
194 59
194 60
194 61
194 192
194 193
194 195
194 196
195 58
195 59
195 60
195 193
195 194
195 196
195 197
195 198
195 201
196 57
196 58
196 59
196 60
196 194
196 195
196 197
196 198
197 58
197 195
197 196
197 198
197 199
197 200
197 201
198 195
198 196
198 197
198 199
198 200
198 201
198 202
199 197
199 198
199 200
199 201
199 202
199 203
200 58
200 197
200 198
200 199
200 201
200 202
200 203
200 204
201 58
201 195
201 197
201 198
201 199
201 200
201 202
201 203
201 204
201 205
201 206
201 207
202 198
202 199
202 200
202 201
202 203
202 204
202 205
202 206
202 207
202 208
203 199
203 200
203 201
203 202
203 204
203 205
203 206
203 207
204 136
204 200
204 201
204 202
204 203
204 205
204 206
205 162
205 163
205 201
205 202
205 203
205 204
205 206
205 207
206 162
206 163
206 164
206 201
206 202
206 203
206 204
206 205
206 207
206 208
207 163
207 164
207 201
207 202
207 203
207 205
207 206
207 208
207 209
207 210
208 202
208 206
208 207
208 209
208 210
209 207
209 208
209 210
209 211
209 212
210 207
210 208
210 209
210 211
210 212
211 209
211 210
211 212
212 209
212 210
212 211
