0 1
0 2
0 3
0 64
0 65
0 66
0 71
1 0
1 2
1 3
1 4
2 0
2 1
2 3
2 4
2 22
2 23
3 0
3 1
3 2
3 4
3 5
3 20
3 21
3 22
3 23
4 1
4 2
4 3
4 5
4 6
4 20
4 21
4 22
4 23
5 3
5 4
5 6
5 7
5 18
5 19
5 20
5 21
5 31
6 4
6 5
6 7
6 8
6 18
6 19
6 20
7 5
7 6
7 8
7 9
7 18
7 19
8 6
8 7
8 9
8 10
8 11
8 16
8 17
8 18
8 19
9 7
9 8
9 10
9 11
9 17
9 18
9 19
10 8
10 9
10 11
10 12
10 16
10 17
10 18
11 8
11 9
11 10
11 12
11 13
11 15
11 16
11 17
12 10
12 11
12 13
12 14
12 15
12 16
13 11
13 12
13 14
13 15
14 12
14 13
14 15
14 16
14 34
14 35
15 11
15 12
15 13
15 14
15 16
15 17
15 32
15 33
15 34
15 35
16 8
16 10
16 11
16 12
16 14
16 15
16 17
16 18
16 32
16 33
16 34
17 8
17 9
17 10
17 11
17 15
17 16
17 18
17 19
17 30
17 31
17 32
17 33
18 5
18 6
18 7
18 8
18 9
18 10
18 16
18 17
18 19
18 20
18 30
18 31
18 32
18 33
19 5
19 6
19 7
19 8
19 9
19 17
19 18
19 20
19 21
19 28
19 29
19 30
19 31
19 76
20 3
20 4
20 5
20 6
20 18
20 19
20 21
20 22
20 28
20 29
20 30
20 31
21 3
21 4
21 5
21 19
21 20
21 22
21 23
21 25
21 26
21 27
21 28
21 29
22 2
22 3
22 4
22 20
22 21
22 23
22 24
22 25
22 26
22 27
22 28
22 29
23 2
23 3
23 4
23 21
23 22
23 24
23 25
23 26
23 369
24 22
24 23
24 25
24 26
24 369
24 370
24 371
24 372
25 21
25 22
25 23
25 24
25 26
25 27
25 368
25 369
25 370
25 371
25 372
26 21
26 22
26 23
26 24
26 25
26 27
26 28
26 368
26 369
26 370
26 371
26 780
27 21
27 22
27 25
27 26
27 28
27 29
28 19
28 20
28 21
28 22
28 26
28 27
28 29
28 30
28 75
28 76
29 19
29 20
29 21
29 22
29 27
29 28
29 30
29 31
29 73
29 74
29 75
29 76
30 17
30 18
30 19
30 20
30 28
30 29
30 31
30 32
30 73
30 74
30 75
30 76
30 77
31 5
31 17
31 18
31 19
31 20
31 29
31 30
31 32
31 33
31 71
31 72
31 73
31 74
32 15
32 16
32 17
32 18
32 30
32 31
32 33
32 34
32 71
32 72
32 73
33 15
33 16
33 17
33 18
33 31
33 32
33 34
33 35
33 69
33 70
33 71
33 72
34 14
34 15
34 16
34 32
34 33
34 35
34 36
34 38
34 69
34 70
34 71
35 14
35 15
35 33
35 34
35 36
35 37
35 38
35 68
35 69
35 70
36 34
36 35
36 37
36 38
36 39
36 68
36 69
36 70
37 35
37 36
37 38
37 39
37 40
38 34
38 35
38 36
38 37
38 39
38 40
38 41
38 42
38 70
39 36
39 37
39 38
39 40
39 41
39 42
39 43
39 70
39 156
39 157
40 37
40 38
40 39
40 41
40 42
40 43
40 44
40 152
40 153
40 154
40 156
40 157
41 38
41 39
41 40
41 42
41 43
41 44
41 45
41 140
41 141
41 153
42 38
42 39
42 40
42 41
42 43
42 44
42 45
42 46
42 72
42 140
43 39
43 40
43 41
43 42
43 44
43 45
43 46
43 47
43 156
43 343
44 40
44 41
44 42
44 43
44 45
44 46
44 47
44 48
44 139
44 140
44 141
44 142
44 143
45 41
45 42
45 43
45 44
45 46
45 47
45 48
45 49
45 138
45 139
45 140
45 141
45 142
46 42
46 43
46 44
46 45
46 47
46 48
46 49
46 50
46 60
46 343
47 43
47 44
47 45
47 46
47 48
47 49
47 50
47 335
47 343
48 44
48 45
48 46
48 47
48 49
48 50
48 51
48 52
48 116
48 139
48 142
48 143
48 335
49 45
49 46
49 47
49 48
49 50
49 51
49 52
49 59
49 60
49 139
50 46
50 47
50 48
50 49
50 51
50 52
50 59
50 60
50 61
51 48
51 49
51 50
51 52
51 53
51 60
52 48
52 49
52 50
52 51
52 53
52 54
52 57
52 59
52 60
53 51
53 52
53 54
53 55
53 57
53 59
54 52
54 53
54 55
54 56
54 57
54 58
54 59
54 107
54 110
55 53
55 54
55 56
55 57
55 58
55 107
55 135
56 54
56 55
56 57
56 58
56 103
56 104
56 106
56 107
56 133
56 134
56 135
56 136
57 52
57 53
57 54
57 55
57 56
57 58
57 59
57 107
57 135
57 136
57 137
58 54
58 55
58 56
58 57
58 59
58 60
58 74
58 75
58 77
58 135
58 136
58 137
59 49
59 50
59 52
59 53
59 54
59 57
59 58
59 60
59 61
59 74
59 75
60 46
60 49
60 50
60 51
60 52
60 58
60 59
60 61
60 62
60 73
60 74
60 75
61 50
61 59
61 60
61 62
61 63
61 73
61 74
61 75
62 60
62 61
62 63
62 64
62 72
62 73
62 74
63 61
63 62
63 64
63 65
63 70
63 71
63 72
63 73
63 345
63 346
64 0
64 62
64 63
64 65
64 66
64 70
64 71
64 72
64 345
64 346
64 347
65 0
65 63
65 64
65 66
65 67
65 69
65 70
65 71
65 345
65 346
65 347
66 0
66 64
66 65
66 67
66 68
66 69
66 70
66 71
66 347
66 348
67 65
67 66
67 68
67 69
68 35
68 36
68 66
68 67
68 69
68 70
69 33
69 34
69 35
69 36
69 65
69 66
69 67
69 68
69 70
69 71
70 33
70 34
70 35
70 36
70 38
70 39
70 63
70 64
70 65
70 66
70 68
70 69
70 71
70 72
71 0
71 31
71 32
71 33
71 34
71 63
71 64
71 65
71 66
71 69
71 70
71 72
71 73
72 31
72 32
72 33
72 42
72 62
72 63
72 64
72 70
72 71
72 73
72 74
73 29
73 30
73 31
73 32
73 60
73 61
73 62
73 63
73 71
73 72
73 74
73 75
74 29
74 30
74 31
74 58
74 59
74 60
74 61
74 62
74 72
74 73
74 75
74 76
75 28
75 29
75 30
75 58
75 59
75 60
75 61
75 73
75 74
75 76
75 77
76 19
76 28
76 29
76 30
76 74
76 75
76 77
76 78
77 30
77 58
77 75
77 76
77 78
77 79
77 80
77 127
77 128
77 129
77 130
78 76
78 77
78 79
78 80
78 128
78 129
78 130
79 77
79 78
79 80
79 81
79 127
79 128
79 129
79 130
79 131
79 132
80 77
80 78
80 79
80 81
80 82
80 84
80 85
80 127
80 128
81 79
81 80
81 82
81 83
81 84
81 85
81 123
81 124
81 125
81 126
81 127
81 128
82 80
82 81
82 83
82 84
82 85
82 86
82 123
82 124
82 125
82 126
82 127
82 128
82 134
83 81
83 82
83 84
83 85
83 86
83 87
83 123
83 124
83 126
84 80
84 81
84 82
84 83
84 85
84 86
84 87
84 88
85 80
85 81
85 82
85 83
85 84
85 86
85 87
85 88
85 89
86 82
86 83
86 84
86 85
86 87
86 88
86 89
86 90
86 91
86 92
86 210
86 211
86 214
87 83
87 84
87 85
87 86
87 88
87 89
87 90
87 91
87 214
88 84
88 85
88 86
88 87
88 89
88 90
89 85
89 86
89 87
89 88
89 90
89 91
89 92
90 86
90 87
90 88
90 89
90 91
90 92
90 213
90 214
90 241
90 242
91 86
91 87
91 89
91 90
91 92
91 93
91 210
91 211
91 212
91 213
91 214
91 240
91 241
91 242
92 86
92 89
92 90
92 91
92 93
92 94
92 96
92 97
92 211
92 212
92 213
92 214
93 91
93 92
93 94
93 95
93 96
93 97
93 212
93 246
94 92
94 93
94 95
94 96
94 97
94 98
94 212
94 248
95 93
95 94
95 96
95 97
95 98
95 99
96 92
96 93
96 94
96 95
96 97
96 98
96 99
96 100
97 92
97 93
97 94
97 95
97 96
97 98
97 99
97 100
97 101
97 208
97 211
97 212
98 94
98 95
98 96
98 97
98 99
98 100
98 101
98 102
98 278
98 279
99 95
99 96
99 97
99 98
99 100
99 101
99 102
99 103
100 96
100 97
100 98
100 99
100 101
100 102
100 103
100 104
100 132
100 133
100 134
101 97
101 98
101 99
101 100
101 102
101 103
101 104
101 105
101 208
102 98
102 99
102 100
102 101
102 103
102 104
102 105
102 106
102 279
102 282
103 56
103 99
103 100
103 101
103 102
103 104
103 105
103 106
103 107
103 133
103 134
103 135
104 56
104 100
104 101
104 102
104 103
104 105
104 106
104 107
104 108
104 134
104 135
104 136
104 204
105 101
105 102
105 103
105 104
105 106
105 107
105 108
105 109
106 56
106 102
106 103
106 104
106 105
106 107
106 108
106 109
106 110
107 54
107 55
107 56
107 57
107 103
107 104
107 105
107 106
107 108
107 109
107 110
107 111
107 135
107 136
108 104
108 105
108 106
108 107
108 109
108 110
108 111
108 112
108 118
109 105
109 106
109 107
109 108
109 110
109 111
109 112
109 113
110 54
110 106
110 107
110 108
110 109
110 111
110 112
110 113
110 114
111 107
111 108
111 109
111 110
111 112
111 113
111 114
111 115
111 116
111 117
111 118
112 108
112 109
112 110
112 111
112 113
112 114
112 115
112 116
112 117
112 197
113 109
113 110
113 111
113 112
113 114
113 115
113 116
114 110
114 111
114 112
114 113
114 115
114 116
114 332
115 111
115 112
115 113
115 114
115 116
115 117
115 144
115 145
116 48
116 111
116 112
116 113
116 114
116 115
116 117
116 118
116 142
116 143
116 144
116 145
117 111
117 112
117 115
117 116
117 118
117 119
117 142
117 143
117 144
117 145
117 195
117 196
117 197
117 200
118 108
118 111
118 116
118 117
118 119
118 120
118 121
118 139
118 141
118 142
118 143
118 200
119 117
119 118
119 120
119 121
119 141
119 142
119 143
119 180
119 185
119 195
119 199
119 200
120 118
120 119
120 121
120 122
120 125
120 141
120 142
120 180
120 181
120 184
120 185
120 200
120 203
121 118
121 119
121 120
121 122
121 123
121 125
121 126
121 184
121 200
121 203
121 204
121 207
122 120
122 121
122 123
122 124
122 125
122 126
122 181
122 184
122 203
122 207
123 81
123 82
123 83
123 121
123 122
123 124
123 125
123 126
123 207
124 81
124 82
124 83
124 122
124 123
124 125
124 126
124 127
125 81
125 82
125 120
125 121
125 122
125 123
125 124
125 126
125 127
125 136
125 137
125 138
126 81
126 82
126 83
126 121
126 122
126 123
126 124
126 125
126 127
126 128
126 134
126 135
126 136
126 137
126 138
127 77
127 79
127 80
127 81
127 82
127 124
127 125
127 126
127 128
127 129
127 134
127 135
127 136
127 137
128 77
128 78
128 79
128 80
128 81
128 82
128 126
128 127
128 129
128 130
128 131
128 132
128 133
128 134
128 135
129 77
129 78
129 79
129 127
129 128
129 130
129 131
129 132
129 133
129 134
129 135
130 77
130 78
130 79
130 128
130 129
130 131
130 132
130 133
131 79
131 128
131 129
131 130
131 132
131 133
132 79
132 100
132 128
132 129
132 130
132 131
132 133
132 134
133 56
133 100
133 103
133 128
133 129
133 130
133 131
133 132
133 134
133 135
134 56
134 82
134 100
134 103
134 104
134 126
134 127
134 128
134 129
134 132
134 133
134 135
134 136
135 55
135 56
135 57
135 58
135 103
135 104
135 107
135 126
135 127
135 128
135 129
135 133
135 134
135 136
135 137
136 56
136 57
136 58
136 104
136 107
136 125
136 126
136 127
136 134
136 135
136 137
136 138
137 57
137 58
137 125
137 126
137 127
137 135
137 136
137 138
137 139
138 45
138 125
138 126
138 136
138 137
138 139
138 140
138 141
139 44
139 45
139 48
139 49
139 118
139 137
139 138
139 140
139 141
139 142
140 41
140 42
140 44
140 45
140 138
140 139
140 141
140 142
141 41
141 44
141 45
141 118
141 119
141 120
141 138
141 139
141 140
141 142
141 143
141 149
141 178
141 179
141 180
142 44
142 45
142 48
142 116
142 117
142 118
142 119
142 120
142 139
142 140
142 141
142 143
142 144
143 44
143 48
143 116
143 117
143 118
143 119
143 141
143 142
143 144
143 145
143 147
143 149
144 115
144 116
144 117
144 142
144 143
144 145
144 146
144 147
144 335
144 336
145 115
145 116
145 117
145 143
145 144
145 146
145 147
145 195
145 196
146 144
146 145
146 147
146 148
147 143
147 144
147 145
147 146
147 148
147 149
148 146
148 147
148 149
148 150
148 151
148 152
149 141
149 143
149 147
149 148
149 150
149 151
149 152
149 153
149 178
150 148
150 149
150 151
150 152
150 153
150 154
150 171
150 174
150 175
150 178
151 148
151 149
151 150
151 152
151 153
151 154
151 155
152 40
152 148
152 149
152 150
152 151
152 153
152 154
152 155
152 156
153 40
153 41
153 149
153 150
153 151
153 152
153 154
153 155
153 156
153 157
153 174
154 40
154 150
154 151
154 152
154 153
154 155
154 156
154 157
154 158
154 170
154 171
154 174
155 151
155 152
155 153
155 154
155 156
155 157
155 158
155 159
155 340
156 39
156 40
156 43
156 152
156 153
156 154
156 155
156 157
156 158
156 159
156 160
156 340
157 39
157 40
157 153
157 154
157 155
157 156
157 158
157 159
157 160
158 154
158 155
158 156
158 157
158 159
158 160
158 161
158 162
159 155
159 156
159 157
159 158
159 160
159 161
160 156
160 157
160 158
160 159
160 161
160 162
161 158
161 159
161 160
161 162
161 163
162 158
162 160
162 161
162 163
162 164
163 161
163 162
163 164
163 165
164 162
164 163
164 165
164 166
165 163
165 164
165 166
165 167
165 169
165 170
166 164
166 165
166 167
166 168
166 169
166 170
167 165
167 166
167 168
167 169
167 170
167 171
168 166
168 167
168 169
168 170
168 171
168 172
169 165
169 166
169 167
169 168
169 170
169 171
169 172
169 173
170 154
170 165
170 166
170 167
170 168
170 169
170 171
170 172
170 173
170 174
171 150
171 154
171 167
171 168
171 169
171 170
171 172
171 173
171 174
171 175
172 168
172 169
172 170
172 171
172 173
172 174
172 175
172 176
173 169
173 170
173 171
173 172
173 174
173 175
173 176
173 177
174 150
174 153
174 154
174 170
174 171
174 172
174 173
174 175
174 176
174 177
174 178
175 150
175 171
175 172
175 173
175 174
175 176
175 177
175 178
175 179
176 172
176 173
176 174
176 175
176 177
176 178
176 179
177 173
177 174
177 175
177 176
177 178
177 179
178 141
178 149
178 150
178 174
178 175
178 176
178 177
178 179
178 180
179 141
179 175
179 176
179 177
179 178
179 180
179 181
180 119
180 120
180 141
180 178
180 179
180 181
180 182
181 120
181 122
181 179
181 180
181 182
181 183
181 184
181 185
182 180
182 181
182 183
182 184
182 185
182 223
182 226
183 181
183 182
183 184
183 185
183 216
183 218
183 219
183 226
184 120
184 121
184 122
184 181
184 182
184 183
184 185
184 186
184 202
184 203
184 206
184 207
184 216
185 119
185 120
185 181
185 182
185 183
185 184
185 186
185 187
185 189
185 190
185 199
185 202
185 203
186 184
186 185
186 187
186 188
186 189
186 190
186 199
186 200
186 202
186 203
186 230
186 262
187 185
187 186
187 188
187 189
187 190
187 191
187 230
187 231
187 262
187 263
188 186
188 187
188 189
188 190
188 191
188 192
188 193
188 194
188 199
188 262
188 263
188 264
189 185
189 186
189 187
189 188
189 190
189 191
189 192
189 193
189 194
189 195
189 199
190 185
190 186
190 187
190 188
190 189
190 191
190 192
190 193
190 227
191 187
191 188
191 189
191 190
191 192
191 193
192 188
192 189
192 190
192 191
192 193
192 194
193 188
193 189
193 190
193 191
193 192
193 194
193 195
194 188
194 189
194 192
194 193
194 195
194 196
195 117
195 119
195 145
195 189
195 193
195 194
195 196
195 197
195 198
195 199
195 200
196 117
196 145
196 194
196 195
196 197
196 198
196 199
196 200
197 112
197 117
197 195
197 196
197 198
197 199
197 200
197 201
198 195
198 196
198 197
198 199
198 200
198 201
198 202
198 264
198 267
198 269
199 119
199 185
199 186
199 188
199 189
199 195
199 196
199 197
199 198
199 200
199 201
199 202
199 203
199 264
200 117
200 118
200 119
200 120
200 121
200 186
200 195
200 196
200 197
200 198
200 199
200 201
200 202
200 203
200 204
201 197
201 198
201 199
201 200
201 202
201 203
201 204
201 205
201 259
201 268
202 184
202 185
202 186
202 198
202 199
202 200
202 201
202 203
202 204
202 205
202 206
202 259
202 260
202 261
202 267
203 120
203 121
203 122
203 184
203 185
203 186
203 199
203 200
203 201
203 202
203 204
203 205
203 206
203 207
204 104
204 121
204 200
204 201
204 202
204 203
204 205
204 206
204 207
204 208
204 259
205 201
205 202
205 203
205 204
205 206
205 207
205 208
205 209
205 255
205 256
205 259
205 260
206 184
206 202
206 203
206 204
206 205
206 207
206 208
206 209
206 210
206 216
206 217
206 260
207 121
207 122
207 123
207 184
207 203
207 204
207 205
207 206
207 208
207 209
207 210
207 211
207 216
208 97
208 101
208 204
208 205
208 206
208 207
208 209
208 210
208 211
208 212
208 256
209 205
209 206
209 207
209 208
209 210
209 211
209 212
209 213
209 214
209 215
209 216
209 217
209 238
209 256
210 86
210 91
210 206
210 207
210 208
210 209
210 211
210 212
210 213
210 214
210 215
210 216
210 217
211 86
211 91
211 92
211 97
211 207
211 208
211 209
211 210
211 212
211 213
211 214
211 215
212 91
212 92
212 93
212 94
212 97
212 208
212 209
212 210
212 211
212 213
212 214
212 238
212 239
212 240
213 90
213 91
213 92
213 209
213 210
213 211
213 212
213 214
213 215
213 216
213 238
213 239
213 240
213 241
214 86
214 87
214 90
214 91
214 92
214 209
214 210
214 211
214 212
214 213
214 215
214 216
214 240
214 241
215 209
215 210
215 211
215 213
215 214
215 216
215 217
216 183
216 184
216 206
216 207
216 209
216 210
216 213
216 214
216 215
216 217
216 218
216 219
217 206
217 209
217 210
217 215
217 216
217 218
217 219
217 235
217 238
218 183
218 216
218 217
218 219
218 220
218 226
218 229
218 230
218 233
218 235
219 183
219 216
219 217
219 218
219 220
219 221
219 226
219 229
220 218
220 219
220 221
220 222
220 223
220 225
220 226
221 219
221 220
221 222
221 223
221 225
221 226
222 220
222 221
222 223
222 224
222 225
222 226
223 182
223 220
223 221
223 222
223 224
223 225
223 226
223 227
224 222
224 223
224 225
224 226
224 227
224 228
225 220
225 221
225 222
225 223
225 224
225 226
225 227
225 228
225 229
226 182
226 183
226 218
226 219
226 220
226 221
226 222
226 223
226 224
226 225
226 227
226 228
226 229
226 230
227 190
227 223
227 224
227 225
227 226
227 228
227 229
227 230
227 231
228 224
228 225
228 226
228 227
228 229
228 230
228 231
228 232
228 233
229 218
229 219
229 225
229 226
229 227
229 228
229 230
229 231
229 232
229 233
230 186
230 187
230 218
230 226
230 227
230 228
230 229
230 231
230 232
230 233
231 187
231 227
231 228
231 229
231 230
231 232
231 233
231 262
232 228
232 229
232 230
232 231
232 233
232 234
233 218
233 228
233 229
233 230
233 231
233 232
233 234
233 235
234 232
234 233
234 235
234 236
235 217
235 218
235 233
235 234
235 236
235 237
235 238
236 234
236 235
236 237
236 238
236 253
236 256
236 257
237 235
237 236
237 238
237 239
237 248
237 253
238 209
238 212
238 213
238 217
238 235
238 236
238 237
238 239
238 240
238 248
238 253
239 212
239 213
239 237
239 238
239 240
239 241
239 243
239 247
239 248
240 91
240 212
240 213
240 214
240 238
240 239
240 241
240 242
240 243
240 245
240 247
241 90
241 91
241 213
241 214
241 239
241 240
241 242
241 243
242 90
242 91
242 240
242 241
242 243
242 244
242 245
243 239
243 240
243 241
243 242
243 244
243 245
244 242
244 243
244 245
244 246
245 240
245 242
245 243
245 244
245 246
245 247
246 93
246 244
246 245
246 247
246 248
247 239
247 240
247 245
247 246
247 248
247 249
248 94
248 237
248 238
248 239
248 246
248 247
248 249
248 250
248 252
248 253
249 247
249 248
249 250
249 251
249 252
249 253
250 248
250 249
250 251
250 252
250 253
250 254
251 249
251 250
251 252
251 253
251 254
251 255
251 277
251 278
252 248
252 249
252 250
252 251
252 253
252 254
252 255
252 256
252 278
253 236
253 237
253 238
253 248
253 249
253 250
253 251
253 252
253 254
253 255
253 256
253 257
254 250
254 251
254 252
254 253
254 255
254 256
254 257
254 258
255 205
255 251
255 252
255 253
255 254
255 256
255 257
255 258
255 259
255 273
255 276
255 278
256 205
256 208
256 209
256 236
256 252
256 253
256 254
256 255
256 257
256 258
256 259
256 260
257 236
257 253
257 254
257 255
257 256
257 258
257 259
257 260
257 261
258 254
258 255
258 256
258 257
258 259
258 260
258 261
258 266
258 267
258 268
259 201
259 202
259 204
259 205
259 255
259 256
259 257
259 258
259 260
259 261
259 267
259 268
260 202
260 205
260 206
260 256
260 257
260 258
260 259
260 261
260 262
260 267
261 202
261 257
261 258
261 259
261 260
261 262
261 263
261 264
261 266
261 267
261 268
262 186
262 187
262 188
262 231
262 260
262 261
262 263
262 264
262 266
262 267
263 187
263 188
263 261
263 262
263 264
263 265
263 266
263 267
264 188
264 198
264 199
264 261
264 262
264 263
264 265
264 266
264 267
265 263
265 264
265 266
265 267
266 258
266 261
266 262
266 263
266 264
266 265
266 267
266 268
267 198
267 202
267 258
267 259
267 260
267 261
267 262
267 263
267 264
267 265
267 266
267 268
267 269
268 201
268 258
268 259
268 261
268 266
268 267
268 269
268 270
268 272
268 273
269 198
269 267
269 268
269 270
269 271
269 272
269 273
270 268
270 269
270 271
270 272
270 273
270 274
271 269
271 270
271 272
271 273
271 274
271 275
272 268
272 269
272 270
272 271
272 273
272 274
272 275
272 276
273 255
273 268
273 269
273 270
273 271
273 272
273 274
273 275
273 276
274 270
274 271
274 272
274 273
274 275
274 276
274 279
274 283
275 271
275 272
275 273
275 274
275 276
275 277
275 279
275 281
275 283
275 284
276 255
276 272
276 273
276 274
276 275
276 277
276 278
276 279
276 280
276 281
277 251
277 275
277 276
277 278
277 279
277 280
277 281
278 98
278 251
278 252
278 255
278 276
278 277
278 279
278 280
279 98
279 102
279 274
279 275
279 276
279 277
279 278
279 280
279 281
279 282
279 283
280 276
280 277
280 278
280 279
280 281
280 282
281 275
281 276
281 277
281 279
281 280
281 282
281 283
281 284
282 102
282 279
282 280
282 281
282 283
282 284
282 285
283 274
283 275
283 279
283 281
283 282
283 284
283 285
283 286
284 275
284 281
284 282
284 283
284 285
284 286
284 287
285 282
285 283
285 284
285 286
285 287
285 288
286 283
286 284
286 285
286 287
286 288
286 289
287 284
287 285
287 286
287 288
287 289
287 290
287 291
288 285
288 286
288 287
288 289
288 290
288 291
288 292
289 286
289 287
289 288
289 290
289 291
289 292
290 287
290 288
290 289
290 291
290 292
290 293
291 287
291 288
291 289
291 290
291 292
291 293
291 294
292 288
292 289
292 290
292 291
292 293
292 294
292 295
293 290
293 291
293 292
293 294
293 295
294 291
294 292
294 293
294 295
294 296
295 292
295 293
295 294
295 296
295 297
296 294
296 295
296 297
296 298
297 295
297 296
297 298
297 299
298 296
298 297
298 299
298 300
299 297
299 298
299 300
299 301
300 298
300 299
300 301
300 302
301 299
301 300
301 302
301 303
302 300
302 301
302 303
302 304
303 301
303 302
303 304
303 305
304 302
304 303
304 305
304 306
305 303
305 304
305 306
305 307
306 304
306 305
306 307
306 308
307 305
307 306
307 308
307 309
308 306
308 307
308 309
308 310
309 307
309 308
309 310
309 311
310 308
310 309
310 311
310 312
311 309
311 310
311 312
311 313
312 310
312 311
312 313
312 314
313 311
313 312
313 314
313 315
314 312
314 313
314 315
314 316
315 313
315 314
315 316
315 317
316 314
316 315
316 317
316 318
317 315
317 316
317 318
317 319
318 316
318 317
318 319
318 320
319 317
319 318
319 320
319 321
320 318
320 319
320 321
320 322
321 319
321 320
321 322
321 323
322 320
322 321
322 323
322 324
323 321
323 322
323 324
323 325
324 322
324 323
324 325
324 326
325 323
325 324
325 326
325 327
326 324
326 325
326 327
326 328
327 325
327 326
327 328
327 329
328 326
328 327
328 329
328 330
329 327
329 328
329 330
329 331
330 328
330 329
330 331
330 332
331 329
331 330
331 332
331 333
332 114
332 330
332 331
332 333
332 334
333 331
333 332
333 334
333 335
334 332
334 333
334 335
334 336
334 337
335 47
335 48
335 144
335 333
335 334
335 336
335 337
336 144
336 334
336 335
336 337
336 338
337 334
337 335
337 336
337 338
337 339
337 340
338 336
338 337
338 339
338 340
339 337
339 338
339 340
339 341
339 342
340 155
340 156
340 337
340 338
340 339
340 341
340 342
340 343
340 344
341 339
341 340
341 342
341 343
341 344
342 339
342 340
342 341
342 343
342 344
343 43
343 46
343 47
343 340
343 341
343 342
343 344
343 345
344 340
344 341
344 342
344 343
344 345
344 346
345 63
345 64
345 65
345 343
345 344
345 346
345 347
346 63
346 64
346 65
346 344
346 345
346 347
346 348
347 64
347 65
347 66
347 345
347 346
347 348
347 349
347 350
348 66
348 346
348 347
348 349
348 350
348 351
349 347
349 348
349 350
349 351
350 347
350 348
350 349
350 351
350 352
351 348
351 349
351 350
351 352
351 353
351 1105
352 350
352 351
352 353
352 354
353 351
353 352
353 354
353 355
354 352
354 353
354 355
354 356
355 353
355 354
355 356
355 357
356 354
356 355
356 357
356 358
357 355
357 356
357 358
357 359
358 356
358 357
358 359
358 360
359 357
359 358
359 360
359 361
360 358
360 359
360 361
360 362
361 359
361 360
361 362
361 363
362 360
362 361
362 363
362 364
363 361
363 362
363 364
363 365
364 362
364 363
364 365
364 366
365 363
365 364
365 366
365 367
366 364
366 365
366 367
366 368
367 365
367 366
367 368
367 369
368 25
368 26
368 366
368 367
368 369
368 370
368 776
369 23
369 24
369 25
369 26
369 367
369 368
369 370
369 371
369 776
370 24
370 25
370 26
370 368
370 369
370 371
370 372
370 776
370 779
370 780
370 857
370 858
371 24
371 25
371 26
371 369
371 370
371 372
371 373
371 858
372 24
372 25
372 370
372 371
372 373
372 374
373 371
373 372
373 374
373 375
374 372
374 373
374 375
374 376
375 373
375 374
375 376
375 377
376 374
376 375
376 377
376 378
377 375
377 376
377 378
377 379
378 376
378 377
378 379
378 380
379 377
379 378
379 380
379 381
380 378
380 379
380 381
380 382
381 379
381 380
381 382
381 383
382 380
382 381
382 383
382 384
383 381
383 382
383 384
383 385
384 382
384 383
384 385
384 386
385 383
385 384
385 386
385 387
386 384
386 385
386 387
386 388
387 385
387 386
387 388
387 389
388 386
388 387
388 389
388 390
389 387
389 388
389 390
389 391
389 392
390 388
390 389
390 391
390 392
390 393
391 389
391 390
391 392
391 393
392 389
392 390
392 391
392 393
392 394
393 390
393 391
393 392
393 394
393 395
394 392
394 393
394 395
394 396
395 393
395 394
395 396
395 397
396 394
396 395
396 397
396 398
396 399
397 395
397 396
397 398
397 399
398 396
398 397
398 399
398 400
399 396
399 397
399 398
399 400
399 401
399 402
399 403
399 404
400 398
400 399
400 401
400 402
400 403
400 404
401 399
401 400
401 402
401 403
401 404
401 405
402 399
402 400
402 401
402 403
402 404
402 405
402 406
403 399
403 400
403 401
403 402
403 404
403 405
403 406
403 407
404 399
404 400
404 401
404 402
404 403
404 405
404 406
404 407
404 408
404 804
405 401
405 402
405 403
405 404
405 406
405 407
405 408
405 409
405 718
406 402
406 403
406 404
406 405
406 407
406 408
406 409
406 410
407 403
407 404
407 405
407 406
407 408
407 409
407 410
407 411
408 404
408 405
408 406
408 407
408 409
408 410
408 411
408 412
408 753
408 801
409 405
409 406
409 407
409 408
409 410
409 411
409 412
409 715
409 718
410 406
410 407
410 408
410 409
410 411
410 412
410 413
411 407
411 408
411 409
411 410
411 412
411 413
411 414
411 753
411 797
411 801
412 408
412 409
412 410
412 411
412 413
412 414
412 711
412 714
412 715
412 750
412 753
413 410
413 411
413 412
413 414
413 415
413 417
413 418
413 711
414 411
414 412
414 413
414 415
414 416
414 417
414 418
415 413
415 414
415 416
415 417
415 418
415 419
416 414
416 415
416 417
416 418
416 419
417 413
417 414
417 415
417 416
417 418
417 419
417 669
417 707
417 708
418 413
418 414
418 415
418 416
418 417
418 419
418 420
418 633
418 673
419 415
419 416
419 417
419 418
419 420
419 421
420 418
420 419
420 421
420 422
420 630
420 633
421 419
421 420
421 422
421 423
421 426
421 630
422 420
422 421
422 423
422 424
422 425
422 426
422 538
422 579
423 421
423 422
423 424
423 425
423 426
423 575
423 578
423 579
423 623
423 626
423 627
424 422
424 423
424 425
424 426
424 531
424 534
424 535
424 538
424 575
424 576
424 579
425 422
425 423
425 424
425 426
425 427
425 430
425 431
425 432
426 421
426 422
426 423
426 424
426 425
426 427
426 428
426 429
426 430
426 431
427 425
427 426
427 428
427 429
427 430
427 431
427 432
428 426
428 427
428 429
428 430
428 431
428 662
429 426
429 427
429 428
429 430
429 431
429 619
429 622
429 623
429 662
429 663
430 425
430 426
430 427
430 428
430 429
430 431
430 432
430 619
431 425
431 426
431 427
431 428
431 429
431 430
431 432
431 433
432 425
432 427
432 430
432 431
432 433
432 434
433 431
433 432
433 434
433 435
434 432
434 433
434 435
434 436
435 433
435 434
435 436
435 437
435 489
435 492
435 493
436 434
436 435
436 437
436 438
436 489
436 490
436 493
437 435
437 436
437 438
437 439
437 486
437 487
437 489
437 490
438 436
438 437
438 439
438 440
438 441
438 442
438 486
439 437
439 438
439 440
439 441
439 442
439 446
440 438
440 439
440 441
440 442
440 443
441 438
441 439
441 440
441 442
441 443
441 483
441 486
442 438
442 439
442 440
442 441
442 443
442 444
442 445
442 446
442 483
442 486
442 487
443 440
443 441
443 442
443 444
443 445
444 442
444 443
444 445
444 446
444 463
444 466
444 467
445 442
445 443
445 444
445 446
445 447
445 463
446 439
446 442
446 444
446 445
446 447
446 448
447 445
447 446
447 448
447 449
447 451
447 452
448 446
448 447
448 449
448 450
448 451
448 452
448 494
449 447
449 448
449 450
449 451
449 452
449 453
449 494
449 497
449 500
450 448
450 449
450 451
450 452
450 453
450 454
451 447
451 448
451 449
451 450
451 452
451 453
451 454
451 455
452 447
452 448
452 449
452 450
452 451
452 453
452 454
452 455
452 460
452 500
453 449
453 450
453 451
453 452
453 454
453 455
453 499
453 500
454 450
454 451
454 452
454 453
454 455
454 456
455 451
455 452
455 453
455 454
455 456
455 457
455 458
455 459
455 460
456 454
456 455
456 457
456 458
456 459
456 460
457 455
457 456
457 458
457 459
457 460
457 461
458 455
458 456
458 457
458 459
458 460
458 461
458 462
459 455
459 456
459 457
459 458
459 460
459 461
459 462
459 463
460 452
460 455
460 456
460 457
460 458
460 459
460 461
460 462
460 463
460 464
461 457
461 458
461 459
461 460
461 462
461 463
461 464
461 465
462 458
462 459
462 460
462 461
462 463
462 464
462 465
462 466
463 444
463 445
463 459
463 460
463 461
463 462
463 464
463 465
463 466
463 467
464 460
464 461
464 462
464 463
464 465
464 466
464 467
464 468
464 509
465 461
465 462
465 463
465 464
465 466
465 467
465 468
465 469
466 444
466 462
466 463
466 464
466 465
466 467
466 468
466 469
466 470
467 444
467 463
467 464
467 465
467 466
467 468
467 469
467 470
467 471
467 487
467 509
468 464
468 465
468 466
468 467
468 469
468 470
468 471
468 472
468 508
468 509
468 512
469 465
469 466
469 467
469 468
469 470
469 471
469 472
469 473
470 466
470 467
470 468
470 469
470 471
470 472
470 473
470 484
471 467
471 468
471 469
471 470
471 472
471 473
471 484
471 487
471 512
472 468
472 469
472 470
472 471
472 473
472 474
472 512
473 469
473 470
473 471
473 472
473 474
473 475
473 480
474 472
474 473
474 475
474 476
474 480
475 473
475 474
475 476
475 477
475 478
475 480
475 481
476 474
476 475
476 477
476 478
476 480
477 475
477 476
477 478
477 479
477 480
477 481
478 475
478 476
478 477
478 479
478 480
478 481
478 482
479 477
479 478
479 480
479 481
479 482
479 483
480 473
480 474
480 475
480 476
480 477
480 478
480 479
480 481
480 482
480 483
480 484
481 475
481 477
481 478
481 479
481 480
481 482
481 483
481 484
481 485
482 478
482 479
482 480
482 481
482 483
482 484
482 485
482 486
483 441
483 442
483 479
483 480
483 481
483 482
483 484
483 485
483 486
483 487
484 470
484 471
484 480
484 481
484 482
484 483
484 485
484 486
484 487
484 488
484 525
485 481
485 482
485 483
485 484
485 486
485 487
485 488
485 489
485 524
485 525
485 528
486 437
486 438
486 441
486 442
486 482
486 483
486 484
486 485
486 487
486 488
486 489
486 490
487 437
487 442
487 467
487 471
487 483
487 484
487 485
487 486
487 488
487 489
487 490
487 491
488 484
488 485
488 486
488 487
488 489
488 490
488 491
488 492
488 525
488 528
488 529
488 532
489 435
489 436
489 437
489 485
489 486
489 487
489 488
489 490
489 491
489 492
489 493
489 528
490 436
490 437
490 486
490 487
490 488
490 489
490 491
490 492
490 493
490 494
491 487
491 488
491 489
491 490
491 492
491 493
491 494
491 495
491 532
492 435
492 488
492 489
492 490
492 491
492 493
492 494
492 495
492 496
492 531
492 532
492 535
493 435
493 436
493 489
493 490
493 491
493 492
493 494
493 495
493 496
494 448
494 449
494 490
494 491
494 492
494 493
494 495
494 496
494 497
494 500
494 501
495 491
495 492
495 493
495 494
495 496
495 497
495 498
495 500
495 501
495 504
495 532
495 535
495 536
495 539
496 492
496 493
496 494
496 495
496 497
496 498
496 500
496 501
496 535
496 536
496 539
497 449
497 494
497 495
497 496
497 498
497 499
497 500
497 501
497 539
498 495
498 496
498 497
498 499
498 500
498 501
498 502
498 539
498 540
498 541
499 453
499 497
499 498
499 500
499 501
499 502
499 503
499 539
499 540
499 541
500 449
500 452
500 453
500 494
500 495
500 496
500 497
500 498
500 499
500 501
500 502
500 503
500 504
501 494
501 495
501 496
501 497
501 498
501 499
501 500
501 502
501 503
501 504
501 505
501 535
501 536
501 537
501 539
501 540
502 498
502 499
502 500
502 501
502 503
502 504
502 505
502 506
502 536
502 539
502 540
502 541
502 542
502 543
503 499
503 500
503 501
503 502
503 504
503 505
503 506
503 507
504 495
504 500
504 501
504 502
504 503
504 505
504 506
504 507
504 509
504 510
504 536
505 501
505 502
505 503
505 504
505 506
505 507
505 509
505 510
505 536
505 537
505 540
505 547
506 502
506 503
506 504
506 505
506 507
506 508
506 510
506 543
506 544
506 547
507 503
507 504
507 505
507 506
507 508
507 509
507 510
507 511
508 468
508 506
508 507
508 509
508 510
508 511
508 512
509 464
509 467
509 468
509 504
509 505
509 507
509 508
509 510
509 511
509 512
509 513
510 504
510 505
510 506
510 507
510 508
510 509
510 511
510 512
510 513
510 514
510 533
510 548
511 507
511 508
511 509
511 510
511 512
511 513
511 514
511 515
511 548
512 468
512 471
512 472
512 508
512 509
512 510
512 511
512 513
512 514
512 515
512 516
513 509
513 510
513 511
513 512
513 514
513 515
513 516
513 517
513 529
513 533
514 510
514 511
514 512
514 513
514 515
514 516
514 517
514 518
514 551
514 552
514 555
515 511
515 512
515 513
515 514
515 516
515 517
515 518
515 519
516 512
516 513
516 514
516 515
516 517
516 518
516 519
516 520
516 526
516 529
517 513
517 514
517 515
517 516
517 518
517 519
517 520
517 525
517 526
517 529
517 530
518 514
518 515
518 516
518 517
518 519
518 520
518 526
518 555
519 515
519 516
519 517
519 518
519 520
519 521
520 516
520 517
520 518
520 519
520 521
520 522
520 523
520 525
520 526
521 519
521 520
521 522
521 523
522 520
522 521
522 523
522 524
522 525
522 526
523 520
523 521
523 522
523 524
523 525
523 526
523 527
524 485
524 522
524 523
524 525
524 526
524 527
524 528
525 484
525 485
525 488
525 517
525 520
525 522
525 523
525 524
525 526
525 527
525 528
525 529
526 516
526 517
526 518
526 520
526 522
526 523
526 524
526 525
526 527
526 528
526 529
526 530
527 523
527 524
527 525
527 526
527 528
527 529
527 530
527 531
527 569
527 572
527 573
528 485
528 488
528 489
528 524
528 525
528 526
528 527
528 529
528 530
528 531
528 532
529 488
529 513
529 516
529 517
529 525
529 526
529 527
529 528
529 530
529 531
529 532
529 533
530 517
530 526
530 527
530 528
530 529
530 531
530 532
530 533
530 534
530 572
530 573
530 576
531 424
531 492
531 527
531 528
531 529
531 530
531 532
531 533
531 534
531 535
531 572
531 576
532 488
532 491
532 492
532 495
532 528
532 529
532 530
532 531
532 533
532 534
532 535
532 536
533 510
533 513
533 529
533 530
533 531
533 532
533 534
533 535
533 536
533 537
533 576
534 424
534 530
534 531
534 532
534 533
534 535
534 536
534 537
534 538
534 575
534 576
534 577
534 579
534 580
535 424
535 492
535 495
535 496
535 501
535 531
535 532
535 533
535 534
535 536
535 537
535 538
535 539
535 576
536 495
536 496
536 501
536 502
536 504
536 505
536 532
536 533
536 534
536 535
536 537
536 538
536 539
536 540
537 501
537 505
537 533
537 534
537 535
537 536
537 538
537 539
537 540
537 576
537 579
537 580
537 583
538 422
538 424
538 534
538 535
538 536
538 537
538 539
538 540
538 579
538 580
538 583
539 495
539 496
539 497
539 498
539 499
539 501
539 502
539 535
539 536
539 537
539 538
539 540
539 541
540 498
540 499
540 501
540 502
540 505
540 536
540 537
540 538
540 539
540 541
540 542
540 543
540 583
541 498
541 499
541 502
541 539
541 540
541 542
541 543
542 502
542 540
542 541
542 543
542 544
542 587
543 502
543 506
543 540
543 541
543 542
543 544
543 545
543 547
543 583
543 584
543 587
544 506
544 542
544 543
544 545
544 546
544 547
545 543
545 544
545 546
545 547
545 597
545 598
546 544
546 545
546 547
546 548
547 505
547 506
547 543
547 544
547 545
547 546
547 548
547 549
548 510
548 511
548 546
548 547
548 549
548 550
548 551
548 552
549 547
549 548
549 550
549 551
549 552
549 553
549 580
549 598
550 548
550 549
550 551
550 552
550 553
550 554
550 598
550 599
550 600
551 514
551 548
551 549
551 550
551 552
551 553
551 554
551 555
552 514
552 548
552 549
552 550
552 551
552 553
552 554
552 555
552 556
552 577
553 549
553 550
553 551
553 552
553 554
553 555
553 556
553 557
553 577
553 580
553 581
553 600
553 604
554 550
554 551
554 552
554 553
554 555
554 556
554 557
554 558
554 600
554 601
554 604
555 514
555 518
555 551
555 552
555 553
555 554
555 556
555 557
555 558
555 559
556 552
556 553
556 554
556 555
556 557
556 558
556 559
556 560
556 573
556 574
556 576
556 577
557 553
557 554
557 555
557 556
557 558
557 559
557 560
557 561
557 577
557 603
557 604
557 607
558 554
558 555
558 556
558 557
558 559
558 560
558 561
558 562
559 555
559 556
559 557
559 558
559 560
559 561
559 562
559 563
560 556
560 557
560 558
560 559
560 561
560 562
560 563
560 564
560 569
560 570
560 573
560 574
560 607
561 557
561 558
561 559
561 560
561 562
561 563
561 564
561 607
562 558
562 559
562 560
562 561
562 563
562 564
563 559
563 560
563 561
563 562
563 564
563 565
563 566
563 569
563 570
564 560
564 561
564 562
564 563
564 565
564 566
564 567
564 570
565 563
565 564
565 566
565 567
566 563
566 564
566 565
566 567
566 568
566 569
566 570
567 564
567 565
567 566
567 568
567 569
567 570
567 571
567 617
567 620
568 566
568 567
568 569
568 570
568 571
568 572
569 527
569 560
569 563
569 566
569 567
569 568
569 570
569 571
569 572
569 573
570 560
570 563
570 564
570 566
570 567
570 568
570 569
570 571
570 572
570 573
570 574
570 620
571 567
571 568
571 569
571 570
571 572
571 573
571 574
571 575
571 619
571 620
571 623
572 527
572 530
572 531
572 568
572 569
572 570
572 571
572 573
572 574
572 575
572 576
573 527
573 530
573 556
573 560
573 569
573 570
573 571
573 572
573 574
573 575
573 576
573 577
574 556
574 560
574 570
574 571
574 572
574 573
574 575
574 576
574 577
574 578
574 620
574 623
574 624
575 423
575 424
575 534
575 571
575 572
575 573
575 574
575 576
575 577
575 578
575 579
575 623
575 627
576 424
576 530
576 531
576 533
576 534
576 535
576 537
576 556
576 572
576 573
576 574
576 575
576 577
576 578
576 579
576 580
577 534
577 552
577 553
577 556
577 557
577 573
577 574
577 575
577 576
577 578
577 579
577 580
577 581
578 423
578 574
578 575
578 576
578 577
578 579
578 580
578 581
578 582
578 627
579 422
579 423
579 424
579 534
579 537
579 538
579 575
579 576
579 577
579 578
579 580
579 581
579 582
579 583
579 627
580 534
580 537
580 538
580 549
580 553
580 576
580 577
580 578
580 579
580 581
580 582
580 583
580 584
581 553
581 577
581 578
581 579
581 580
581 582
581 583
581 584
581 585
581 600
581 631
581 638
582 578
582 579
582 580
582 581
582 583
582 584
582 585
582 586
582 627
582 630
582 631
583 537
583 538
583 540
583 543
583 579
583 580
583 581
583 582
583 584
583 585
583 586
583 587
584 543
584 580
584 581
584 582
584 583
584 585
584 586
584 587
584 588
584 598
584 638
585 581
585 582
585 583
585 584
585 586
585 587
585 588
585 589
585 631
585 634
585 635
585 636
585 637
585 638
585 639
586 582
586 583
586 584
586 585
586 587
586 588
586 589
586 590
586 631
586 634
586 636
587 542
587 543
587 583
587 584
587 585
587 586
587 588
587 589
587 590
587 591
587 594
588 584
588 585
588 586
588 587
588 589
588 590
588 591
588 592
588 593
588 594
588 595
588 636
588 637
589 585
589 586
589 587
589 588
589 590
589 591
589 592
589 594
589 634
589 635
589 636
590 586
590 587
590 588
590 589
590 591
590 592
591 587
591 588
591 589
591 590
591 592
591 593
591 594
592 588
592 589
592 590
592 591
592 593
592 594
593 588
593 591
593 592
593 594
593 595
594 587
594 588
594 589
594 591
594 592
594 593
594 595
594 596
594 597
595 588
595 593
595 594
595 596
595 597
595 598
595 599
595 637
596 594
596 595
596 597
596 598
596 599
597 545
597 594
597 595
597 596
597 598
597 599
598 545
598 549
598 550
598 584
598 595
598 596
598 597
598 599
598 600
599 550
599 595
599 596
599 597
599 598
599 600
599 601
600 550
600 553
600 554
600 581
600 598
600 599
600 601
600 602
600 604
600 638
601 554
601 599
601 600
601 602
601 603
601 604
601 605
602 600
602 601
602 603
602 604
602 605
602 606
602 641
603 557
603 601
603 602
603 604
603 605
603 606
603 607
604 553
604 554
604 557
604 600
604 601
604 602
604 603
604 605
604 606
604 607
604 608
605 601
605 602
605 603
605 604
605 606
605 607
605 608
605 609
605 641
605 642
606 602
606 603
606 604
606 605
606 607
606 608
606 609
606 610
607 557
607 560
607 561
607 603
607 604
607 605
607 606
607 608
607 609
607 610
607 611
608 604
608 605
608 606
608 607
608 609
608 610
608 611
608 612
608 624
609 605
609 606
609 607
609 608
609 610
609 611
609 612
609 613
609 624
609 642
610 606
610 607
610 608
610 609
610 611
610 612
610 613
610 614
610 615
611 607
611 608
611 609
611 610
611 612
611 613
611 614
611 615
611 620
611 621
611 624
612 608
612 609
612 610
612 611
612 613
612 614
612 615
612 620
612 621
612 622
612 624
612 625
612 650
613 609
613 610
613 611
613 612
613 614
613 615
613 621
613 650
614 610
614 611
614 612
614 613
614 615
614 616
615 610
615 611
615 612
615 613
615 614
615 616
615 617
615 618
615 620
615 621
616 614
616 615
616 617
616 618
616 620
616 621
617 567
617 615
617 616
617 618
617 619
617 620
617 621
618 615
618 616
618 617
618 619
618 620
618 621
618 622
618 658
618 663
619 429
619 430
619 571
619 617
619 618
619 620
619 621
619 622
619 623
620 567
620 570
620 571
620 574
620 611
620 612
620 615
620 616
620 617
620 618
620 619
620 621
620 622
620 623
620 624
621 611
621 612
621 613
621 615
621 616
621 617
621 618
621 619
621 620
621 622
621 623
621 624
621 625
621 654
622 429
622 612
622 618
622 619
622 620
622 621
622 623
622 624
622 625
622 626
622 663
622 666
622 667
623 423
623 429
623 571
623 574
623 575
623 619
623 620
623 621
623 622
623 624
623 625
623 626
623 627
624 574
624 608
624 609
624 611
624 612
624 620
624 621
624 622
624 623
624 625
624 626
624 627
624 628
625 612
625 621
625 622
625 623
625 624
625 626
625 627
625 628
625 629
625 651
625 663
625 666
625 667
625 670
626 423
626 622
626 623
626 624
626 625
626 627
626 628
626 629
626 630
626 666
626 667
626 670
627 423
627 575
627 578
627 579
627 582
627 623
627 624
627 625
627 626
627 628
627 629
627 630
627 631
628 624
628 625
628 626
628 627
628 629
628 630
628 631
628 632
628 642
628 670
629 625
629 626
629 627
629 628
629 630
629 631
629 632
629 633
629 666
629 667
629 669
629 670
629 671
629 673
630 420
630 421
630 582
630 626
630 627
630 628
630 629
630 631
630 632
630 633
630 634
630 670
631 581
631 582
631 585
631 586
631 627
631 628
631 629
631 630
631 632
631 633
631 634
631 638
631 639
632 628
632 629
632 630
632 631
632 633
632 634
632 635
632 636
632 638
632 639
632 670
632 673
632 674
632 677
633 418
633 420
633 629
633 630
633 631
633 632
633 634
633 635
633 639
633 673
634 585
634 586
634 589
634 630
634 631
634 632
634 633
634 635
634 636
634 639
635 585
635 589
635 632
635 633
635 634
635 636
635 637
635 639
635 677
636 585
636 586
636 588
636 589
636 632
636 634
636 635
636 637
636 638
636 639
636 640
637 585
637 588
637 595
637 635
637 636
637 638
637 639
637 640
637 641
638 581
638 584
638 585
638 600
638 631
638 632
638 636
638 637
638 639
638 640
638 641
639 585
639 631
639 632
639 633
639 634
639 635
639 636
639 637
639 638
639 640
639 641
639 642
639 643
640 636
640 637
640 638
640 639
640 641
640 642
640 643
641 602
641 605
641 637
641 638
641 639
641 640
641 642
641 643
641 644
642 605
642 609
642 628
642 639
642 640
642 641
642 643
642 644
642 647
643 639
643 640
643 641
643 642
643 644
643 645
643 647
643 674
643 678
643 681
644 641
644 642
644 643
644 645
644 646
644 647
644 681
645 643
645 644
645 646
645 647
645 648
645 681
645 684
646 644
646 645
646 647
646 648
646 649
646 650
646 681
646 684
647 642
647 643
647 644
647 645
647 646
647 648
647 649
647 650
647 651
647 681
648 645
648 646
648 647
648 649
648 650
648 651
648 652
648 671
648 681
648 682
648 684
648 685
649 646
649 647
649 648
649 650
649 651
649 652
649 653
649 681
649 684
649 685
649 688
650 612
650 613
650 646
650 647
650 648
650 649
650 651
650 652
650 653
650 654
651 625
651 647
651 648
651 649
651 650
651 652
651 653
651 654
651 655
651 667
651 668
651 670
651 671
652 648
652 649
652 650
652 651
652 653
652 654
652 655
652 656
652 667
652 668
652 671
652 685
653 649
653 650
653 651
653 652
653 654
653 655
653 656
653 657
654 621
654 650
654 651
654 652
654 653
654 655
654 656
654 657
654 658
654 663
654 664
654 667
655 651
655 652
655 653
655 654
655 656
655 657
655 658
655 663
655 664
655 665
655 667
655 668
656 652
656 653
656 654
656 655
656 657
656 658
656 664
657 653
657 654
657 655
657 656
657 658
657 659
658 618
658 654
658 655
658 656
658 657
658 659
658 660
658 661
658 663
658 664
659 657
659 658
659 660
659 661
659 664
660 658
660 659
660 661
660 662
660 663
660 664
661 658
661 659
661 660
661 662
661 663
661 664
661 665
662 428
662 429
662 660
662 661
662 663
662 664
662 665
662 666
663 429
663 618
663 622
663 625
663 654
663 655
663 658
663 660
663 661
663 662
663 664
663 665
663 666
663 667
664 654
664 655
664 656
664 658
664 659
664 660
664 661
664 662
664 663
664 665
664 666
664 667
664 668
664 705
665 655
665 661
665 662
665 663
665 664
665 666
665 667
665 668
665 669
665 704
665 705
666 622
666 625
666 626
666 629
666 662
666 663
666 664
666 665
666 667
666 668
666 669
666 670
667 622
667 625
667 626
667 629
667 651
667 652
667 654
667 655
667 663
667 664
667 665
667 666
667 668
667 669
667 670
667 671
668 651
668 652
668 655
668 664
668 665
668 666
668 667
668 669
668 670
668 671
668 672
668 705
668 708
668 709
669 417
669 629
669 665
669 666
669 667
669 668
669 670
669 671
669 672
669 673
669 705
669 708
670 625
670 626
670 628
670 629
670 630
670 632
670 651
670 666
670 667
670 668
670 669
670 671
670 672
670 673
670 674
671 629
671 648
671 651
671 652
671 667
671 668
671 669
671 670
671 672
671 673
671 674
671 675
671 681
671 682
672 668
672 669
672 670
672 671
672 673
672 674
672 675
672 676
672 708
672 709
672 711
672 712
673 418
673 629
673 632
673 633
673 669
673 670
673 671
673 672
673 674
673 675
673 676
673 677
674 632
674 643
674 670
674 671
674 672
674 673
674 675
674 676
674 677
674 678
674 679
674 681
675 671
675 672
675 673
675 674
675 676
675 677
675 678
675 679
675 680
675 681
675 682
675 712
675 715
676 672
676 673
676 674
676 675
676 677
676 678
676 679
676 715
677 632
677 635
677 673
677 674
677 675
677 676
677 678
677 679
678 643
678 674
678 675
678 676
678 677
678 679
678 680
678 681
679 674
679 675
679 676
679 677
679 678
679 680
679 681
679 682
679 683
679 715
679 716
679 719
680 675
680 678
680 679
680 681
680 682
680 683
680 684
681 643
681 644
681 645
681 646
681 647
681 648
681 649
681 671
681 674
681 675
681 678
681 679
681 680
681 682
681 683
681 684
681 685
682 648
682 671
682 675
682 679
682 680
682 681
682 683
682 684
682 685
682 686
682 712
682 716
683 679
683 680
683 681
683 682
683 684
683 685
683 686
683 687
683 716
683 721
684 645
684 646
684 648
684 649
684 680
684 681
684 682
684 683
684 685
684 686
684 687
684 688
685 648
685 649
685 652
685 681
685 682
685 683
685 684
685 686
685 687
685 688
685 689
685 690
686 682
686 683
686 684
686 685
686 687
686 688
686 689
686 690
686 691
686 694
687 683
687 684
687 685
687 686
687 688
687 689
687 690
687 691
688 649
688 684
688 685
688 686
688 687
688 689
688 690
689 685
689 686
689 687
689 688
689 690
689 691
689 693
689 694
690 685
690 686
690 687
690 688
690 689
690 691
690 692
690 693
690 694
691 686
691 687
691 689
691 690
691 692
691 693
691 694
691 695
692 690
692 691
692 693
692 694
692 695
692 696
693 689
693 690
693 691
693 692
693 694
693 695
693 696
693 697
694 686
694 689
694 690
694 691
694 692
694 693
694 695
694 696
694 697
694 698
695 691
695 692
695 693
695 694
695 696
695 697
695 698
695 699
695 732
696 692
696 693
696 694
696 695
696 697
696 698
696 699
696 700
697 693
697 694
697 695
697 696
697 698
697 699
697 700
697 706
697 709
698 694
698 695
698 696
698 697
698 699
698 700
698 705
698 706
698 709
698 710
698 735
699 695
699 696
699 697
699 698
699 700
699 701
699 706
699 735
700 696
700 697
700 698
700 699
700 701
700 702
700 703
700 705
700 706
701 699
701 700
701 702
701 703
701 706
702 700
702 701
702 703
702 704
702 705
702 706
703 700
703 701
703 702
703 704
703 705
703 706
703 707
703 744
703 747
704 665
704 702
704 703
704 705
704 706
704 707
704 708
705 664
705 665
705 668
705 669
705 698
705 700
705 702
705 703
705 704
705 706
705 707
705 708
705 709
706 697
706 698
706 699
706 700
706 701
706 702
706 703
706 704
706 705
706 707
706 708
706 709
706 710
706 747
707 417
707 703
707 704
707 705
707 706
707 708
707 709
707 710
707 711
707 746
707 747
707 750
708 417
708 668
708 669
708 672
708 704
708 705
708 706
708 707
708 709
708 710
708 711
708 712
709 668
709 672
709 697
709 698
709 705
709 706
709 707
709 708
709 710
709 711
709 712
709 713
710 698
710 706
710 707
710 708
710 709
710 711
710 712
710 713
710 714
710 747
710 750
710 751
710 754
711 412
711 413
711 672
711 707
711 708
711 709
711 710
711 712
711 713
711 714
711 715
711 750
712 672
712 675
712 682
712 708
712 709
712 710
712 711
712 713
712 714
712 715
712 716
713 709
713 710
713 711
713 712
713 714
713 715
713 716
713 717
713 754
714 412
714 710
714 711
714 712
714 713
714 715
714 716
714 717
714 718
714 750
714 753
714 754
714 757
715 409
715 412
715 675
715 676
715 679
715 711
715 712
715 713
715 714
715 716
715 717
715 718
715 719
716 679
716 682
716 683
716 712
716 713
716 714
716 715
716 717
716 718
716 719
716 720
716 721
716 722
717 713
717 714
717 715
717 716
717 718
717 719
717 720
717 721
717 722
717 723
717 754
717 757
718 405
718 409
718 714
718 715
718 716
718 717
718 719
718 720
718 721
718 757
719 679
719 715
719 716
719 717
719 718
719 720
719 721
720 716
720 717
720 718
720 719
720 721
720 722
720 723
721 683
721 716
721 717
721 718
721 719
721 720
721 722
721 723
722 716
722 717
722 720
722 721
722 723
722 724
722 725
722 726
723 717
723 720
723 721
723 722
723 724
723 725
723 726
723 727
724 722
724 723
724 725
724 726
724 727
724 728
725 722
725 723
725 724
725 726
725 727
725 728
725 729
726 722
726 723
726 724
726 725
726 727
726 728
726 729
726 732
726 758
727 723
727 724
727 725
727 726
727 728
727 729
727 730
727 758
727 759
727 761
727 762
727 765
728 724
728 725
728 726
728 727
728 729
728 730
728 762
728 765
729 725
729 726
729 727
729 728
729 730
729 731
729 732
729 733
730 727
730 728
730 729
730 731
730 732
730 733
730 734
730 765
730 768
731 729
731 730
731 732
731 733
731 734
731 735
732 695
732 726
732 729
732 730
732 731
732 733
732 734
732 735
732 736
733 729
733 730
733 731
733 732
733 734
733 735
733 736
733 737
733 755
733 765
733 769
734 730
734 731
734 732
734 733
734 735
734 736
734 737
734 738
734 769
734 772
735 698
735 699
735 731
735 732
735 733
735 734
735 736
735 737
735 738
735 739
736 732
736 733
736 734
736 735
736 737
736 738
736 739
736 740
736 751
736 752
736 754
736 755
737 733
737 734
737 735
737 736
737 738
737 739
737 740
737 741
737 751
737 755
737 769
737 772
737 774
738 734
738 735
738 736
738 737
738 739
738 740
738 741
738 742
739 735
739 736
739 737
739 738
739 740
739 741
739 742
739 747
739 748
739 751
740 736
740 737
740 738
740 739
740 741
740 742
740 747
740 748
740 751
740 752
740 777
741 737
741 738
741 739
741 740
741 742
741 743
741 748
742 738
742 739
742 740
742 741
742 743
742 744
742 745
742 747
742 748
743 741
743 742
743 744
743 745
743 748
744 703
744 742
744 743
744 745
744 746
744 747
744 748
745 742
745 743
745 744
745 746
745 747
745 748
745 749
745 794
745 795
745 798
746 707
746 744
746 745
746 747
746 748
746 749
746 750
746 794
746 797
746 798
747 703
747 706
747 707
747 710
747 739
747 740
747 742
747 744
747 745
747 746
747 748
747 749
747 750
747 751
748 739
748 740
748 741
748 742
748 743
748 744
748 745
748 746
748 747
748 749
748 750
748 751
748 752
748 798
749 745
749 746
749 747
749 748
749 750
749 751
749 752
749 753
749 797
749 798
749 799
749 801
749 802
750 412
750 707
750 710
750 711
750 714
750 746
750 747
750 748
750 749
750 751
750 752
750 753
750 754
750 801
751 710
751 736
751 737
751 739
751 740
751 747
751 748
751 749
751 750
751 752
751 753
751 754
751 755
752 736
752 740
752 748
752 749
752 750
752 751
752 753
752 754
752 755
752 756
752 801
752 802
752 805
753 408
753 411
753 412
753 714
753 749
753 750
753 751
753 752
753 754
753 755
753 756
753 757
753 801
753 802
753 805
754 710
754 713
754 714
754 717
754 736
754 750
754 751
754 752
754 753
754 755
754 756
754 757
754 758
755 733
755 736
755 737
755 751
755 752
755 753
755 754
755 756
755 757
755 758
755 759
756 752
756 753
756 754
756 755
756 757
756 758
756 759
756 760
756 804
756 805
756 808
757 714
757 717
757 718
757 753
757 754
757 755
757 756
757 758
757 759
757 760
757 761
758 726
758 727
758 754
758 755
758 756
758 757
758 759
758 760
758 761
758 762
758 763
758 765
759 727
759 755
759 756
759 757
759 758
759 760
759 761
759 762
759 763
759 764
759 765
759 766
760 756
760 757
760 758
760 759
760 761
760 762
760 763
760 808
761 727
761 757
761 758
761 759
761 760
761 762
761 763
762 727
762 728
762 758
762 759
762 760
762 761
762 763
762 764
762 765
762 766
763 758
763 759
763 760
763 761
763 762
763 764
763 765
763 766
763 767
763 812
764 759
764 762
764 763
764 765
764 766
764 767
764 768
764 847
765 727
765 728
765 730
765 733
765 758
765 759
765 762
765 763
765 764
765 766
765 767
765 768
765 769
766 759
766 762
766 763
766 764
766 765
766 767
766 768
766 769
766 770
766 850
767 763
767 764
767 765
767 766
767 768
767 769
767 770
767 771
767 847
767 849
767 850
768 730
768 764
768 765
768 766
768 767
768 769
768 770
768 771
768 772
769 733
769 734
769 737
769 765
769 766
769 767
769 768
769 770
769 771
769 772
769 773
769 774
770 766
770 767
770 768
770 769
770 771
770 772
770 773
770 774
770 775
770 850
770 853
771 767
771 768
771 769
771 770
771 772
771 773
771 774
772 734
772 737
772 768
772 769
772 770
772 771
772 773
772 774
773 769
773 770
773 771
773 772
773 774
773 775
773 776
773 777
774 737
774 769
774 770
774 771
774 772
774 773
774 775
774 776
774 777
774 778
775 770
775 773
775 774
775 776
775 777
775 778
775 779
775 853
775 854
775 857
776 368
776 369
776 370
776 773
776 774
776 775
776 777
776 778
776 779
776 780
776 857
777 740
777 773
777 774
777 775
777 776
777 778
777 779
777 780
777 781
778 774
778 775
778 776
778 777
778 779
778 780
778 781
778 782
778 802
779 370
779 775
779 776
779 777
779 778
779 780
779 781
779 782
779 783
779 857
779 858
779 859
780 26
780 370
780 776
780 777
780 778
780 779
780 781
780 782
780 783
780 784
781 777
781 778
781 779
781 780
781 782
781 783
781 784
781 785
781 798
782 778
782 779
782 780
782 781
782 783
782 784
782 785
782 786
782 799
782 802
783 779
783 780
783 781
783 782
783 784
783 785
783 786
784 780
784 781
784 782
784 783
784 785
784 786
784 795
785 781
785 782
785 783
785 784
785 786
785 787
785 795
785 796
785 798
785 799
786 782
786 783
786 784
786 785
786 787
786 788
787 785
787 786
787 788
787 789
788 786
788 787
788 789
788 790
789 787
789 788
789 790
789 791
790 788
790 789
790 791
790 792
791 789
791 790
791 792
791 793
791 795
792 790
792 791
792 793
792 794
792 795
792 796
793 791
793 792
793 794
793 795
793 796
793 797
794 745
794 746
794 792
794 793
794 795
794 796
794 797
794 798
795 745
795 784
795 785
795 791
795 792
795 793
795 794
795 796
795 797
795 798
795 799
796 785
796 792
796 793
796 794
796 795
796 797
796 798
796 799
796 800
797 411
797 746
797 749
797 793
797 794
797 795
797 796
797 798
797 799
797 800
797 801
798 745
798 746
798 748
798 749
798 781
798 785
798 794
798 795
798 796
798 797
798 799
798 800
798 801
798 802
799 749
799 782
799 785
799 795
799 796
799 797
799 798
799 800
799 801
799 802
799 803
800 796
800 797
800 798
800 799
800 801
800 802
800 803
800 804
801 408
801 411
801 749
801 750
801 752
801 753
801 797
801 798
801 799
801 800
801 802
801 803
801 804
801 805
802 749
802 752
802 753
802 778
802 782
802 798
802 799
802 800
802 801
802 803
802 804
802 805
802 806
803 799
803 800
803 801
803 802
803 804
803 805
803 806
803 807
804 404
804 756
804 800
804 801
804 802
804 803
804 805
804 806
804 807
804 808
805 752
805 753
805 756
805 801
805 802
805 803
805 804
805 806
805 807
805 808
805 809
806 802
806 803
806 804
806 805
806 807
806 808
806 809
806 810
806 860
807 803
807 804
807 805
807 806
807 808
807 809
807 810
807 811
808 756
808 760
808 804
808 805
808 806
808 807
808 809
808 810
808 811
808 812
809 805
809 806
809 807
809 808
809 810
809 811
809 812
809 813
810 806
810 807
810 808
810 809
810 811
810 812
810 813
810 814
810 860
810 863
810 864
811 807
811 808
811 809
811 810
811 812
811 813
811 814
811 815
812 763
812 808
812 809
812 810
812 811
812 813
812 814
812 815
812 816
813 809
813 810
813 811
813 812
813 814
813 815
813 816
813 817
813 851
813 864
814 810
814 811
814 812
814 813
814 815
814 816
814 817
814 818
814 869
815 811
815 812
815 813
815 814
815 816
815 817
815 818
815 819
816 812
816 813
816 814
816 815
816 817
816 818
816 819
816 820
816 844
816 847
817 813
817 814
817 815
817 816
817 818
817 819
817 820
817 821
817 872
817 873
818 814
818 815
818 816
818 817
818 819
818 820
818 821
818 822
818 872
819 815
819 816
819 817
819 818
819 820
819 821
819 822
819 823
819 844
820 816
820 817
820 818
820 819
820 821
820 822
820 823
820 824
820 841
820 844
820 845
820 847
820 848
821 817
821 818
821 819
821 820
821 822
821 823
821 824
821 825
821 872
821 875
821 876
822 818
822 819
822 820
822 821
822 823
822 824
822 825
822 826
823 819
823 820
823 821
823 822
823 824
823 825
823 826
823 827
823 837
823 840
823 841
823 844
823 845
824 820
824 821
824 822
824 823
824 825
824 826
824 827
824 828
824 841
824 876
824 879
825 821
825 822
825 823
825 824
825 826
825 827
825 828
825 879
826 822
826 823
826 824
826 825
826 827
826 828
826 837
827 823
827 824
827 825
827 826
827 828
827 829
827 830
827 832
827 833
827 837
827 888
827 889
827 890
828 824
828 825
828 826
828 827
828 829
828 830
828 879
828 882
828 887
828 888
829 827
829 828
829 830
829 831
829 882
829 887
829 888
830 827
830 828
830 829
830 831
830 832
830 833
830 887
830 888
830 889
831 829
831 830
831 832
831 833
831 886
831 887
831 888
831 889
831 890
832 827
832 830
832 831
832 833
832 834
832 889
832 892
832 893
833 827
833 830
833 831
833 832
833 834
833 835
833 837
833 838
833 889
833 890
833 892
833 893
834 832
834 833
834 835
834 836
834 837
834 838
835 833
835 834
835 836
835 837
835 838
835 839
836 834
836 835
836 837
836 838
836 839
836 840
837 823
837 826
837 827
837 833
837 834
837 835
837 836
837 838
837 839
837 840
837 841
838 833
838 834
838 835
838 836
838 837
838 839
838 840
838 841
838 842
838 893
838 894
839 835
839 836
839 837
839 838
839 840
839 841
839 842
839 843
840 823
840 836
840 837
840 838
840 839
840 841
840 842
840 843
840 844
841 820
841 823
841 824
841 837
841 838
841 839
841 840
841 842
841 843
841 844
841 845
841 893
841 894
842 838
842 839
842 840
842 841
842 843
842 844
842 845
842 846
842 893
842 894
843 839
843 840
843 841
843 842
843 844
843 845
843 846
843 847
844 816
844 819
844 820
844 823
844 840
844 841
844 842
844 843
844 845
844 846
844 847
844 848
845 820
845 823
845 841
845 842
845 843
845 844
845 846
845 847
845 848
845 902
846 842
846 843
846 844
846 845
846 847
846 848
846 849
846 902
847 764
847 767
847 816
847 820
847 843
847 844
847 845
847 846
847 848
847 849
847 850
847 851
848 820
848 844
848 845
848 846
848 847
848 849
848 850
848 851
848 852
848 902
848 905
848 906
849 767
849 846
849 847
849 848
849 850
849 851
849 852
849 853
849 905
850 766
850 767
850 770
850 847
850 848
850 849
850 851
850 852
850 853
850 854
851 813
851 847
851 848
851 849
851 850
851 852
851 853
851 854
851 855
851 909
852 848
852 849
852 850
852 851
852 853
852 854
852 855
852 856
852 905
852 906
852 908
852 909
852 912
853 770
853 775
853 849
853 850
853 851
853 852
853 854
853 855
853 856
853 857
854 775
854 850
854 851
854 852
854 853
854 855
854 856
854 857
854 860
854 861
854 864
855 851
855 852
855 853
855 854
855 856
855 857
855 858
855 860
855 861
855 864
855 865
855 909
855 912
855 913
856 852
856 853
856 854
856 855
856 857
856 858
856 861
856 909
856 912
856 913
857 370
857 775
857 776
857 779
857 853
857 854
857 855
857 856
857 858
857 859
857 860
857 861
858 370
858 371
858 779
858 855
858 856
858 857
858 859
858 860
858 861
858 862
859 779
859 857
859 858
859 860
859 861
859 862
859 863
860 806
860 810
860 854
860 855
860 857
860 858
860 859
860 861
860 862
860 863
860 864
861 854
861 855
861 856
861 857
861 858
861 859
861 860
861 862
861 863
861 864
861 865
861 913
862 858
862 859
862 860
862 861
862 863
862 864
862 865
862 919
863 810
863 859
863 860
863 861
863 862
863 864
863 865
863 866
864 810
864 813
864 854
864 855
864 860
864 861
864 862
864 863
864 865
864 866
864 869
865 855
865 861
865 862
865 863
865 864
865 866
865 867
865 869
865 870
865 913
865 919
866 863
866 864
866 865
866 867
866 868
866 869
866 870
867 865
867 866
867 868
867 869
867 870
867 871
867 923
867 926
868 866
868 867
868 869
868 870
868 871
868 872
869 814
869 864
869 865
869 866
869 867
869 868
869 870
869 871
869 872
869 873
870 865
870 866
870 867
870 868
870 869
870 871
870 872
870 873
870 874
870 926
870 927
870 930
870 931
871 867
871 868
871 869
871 870
871 872
871 873
871 874
871 875
871 926
871 930
871 931
872 817
872 818
872 821
872 868
872 869
872 870
872 871
872 873
872 874
872 875
872 876
873 817
873 869
873 870
873 871
873 872
873 874
873 875
873 876
873 877
873 931
874 870
874 871
874 872
874 873
874 875
874 876
874 877
874 878
874 927
874 930
874 931
874 934
875 821
875 871
875 872
875 873
875 874
875 876
875 877
875 878
875 879
875 930
876 821
876 824
876 872
876 873
876 874
876 875
876 877
876 878
876 879
876 880
877 873
877 874
877 875
877 876
877 878
877 879
877 880
877 881
877 906
877 931
877 934
877 935
878 874
878 875
878 876
878 877
878 879
878 880
878 881
878 882
878 934
879 824
879 825
879 828
879 875
879 876
879 877
879 878
879 880
879 881
879 882
879 883
879 888
880 876
880 877
880 878
880 879
880 881
880 882
880 883
880 884
880 903
880 934
881 877
881 878
881 879
881 880
881 882
881 883
881 884
881 885
881 934
881 937
881 938
882 828
882 829
882 878
882 879
882 880
882 881
882 883
882 884
882 885
882 886
882 887
882 888
883 879
883 880
883 881
883 882
883 884
883 885
883 886
883 887
883 888
883 889
883 890
884 880
884 881
884 882
884 883
884 885
884 886
884 887
884 938
884 941
884 942
885 881
885 882
885 883
885 884
885 886
885 887
885 888
885 941
886 831
886 882
886 883
886 884
886 885
886 887
886 888
886 889
887 828
887 829
887 830
887 831
887 882
887 883
887 884
887 885
887 886
887 888
887 889
888 827
888 828
888 829
888 830
888 831
888 879
888 882
888 883
888 885
888 886
888 887
888 889
888 890
889 827
889 830
889 831
889 832
889 833
889 883
889 886
889 887
889 888
889 890
889 891
889 892
889 893
890 827
890 831
890 833
890 883
890 888
890 889
890 891
890 892
890 893
890 894
890 895
890 896
890 899
891 889
891 890
891 892
891 893
891 894
891 895
891 896
891 897
891 898
891 899
892 832
892 833
892 889
892 890
892 891
892 893
892 894
892 895
892 896
893 832
893 833
893 838
893 841
893 842
893 889
893 890
893 891
893 892
893 894
893 895
894 838
894 841
894 842
894 890
894 891
894 892
894 893
894 895
894 896
894 898
894 899
895 890
895 891
895 892
895 893
895 894
895 896
895 897
895 898
895 899
896 890
896 891
896 892
896 894
896 895
896 897
896 898
896 899
896 900
897 891
897 895
897 896
897 898
897 899
897 900
897 901
898 891
898 894
898 895
898 896
898 897
898 899
898 900
898 901
898 902
899 890
899 891
899 894
899 895
899 896
899 897
899 898
899 900
899 901
899 902
899 903
900 896
900 897
900 898
900 899
900 901
900 902
900 903
900 904
901 897
901 898
901 899
901 900
901 902
901 903
901 904
901 905
902 845
902 846
902 848
902 898
902 899
902 900
902 901
902 903
902 904
902 905
902 906
903 880
903 899
903 900
903 901
903 902
903 904
903 905
903 906
903 907
904 900
904 901
904 902
904 903
904 905
904 906
904 907
904 908
904 946
905 848
905 849
905 852
905 901
905 902
905 903
905 904
905 906
905 907
905 908
905 909
906 848
906 852
906 877
906 902
906 903
906 904
906 905
906 907
906 908
906 909
906 910
907 903
907 904
907 905
907 906
907 908
907 909
907 910
907 911
907 949
907 950
908 852
908 904
908 905
908 906
908 907
908 909
908 910
908 911
908 912
909 851
909 852
909 855
909 856
909 905
909 906
909 907
909 908
909 910
909 911
909 912
909 913
910 906
910 907
910 908
910 909
910 911
910 912
910 913
910 914
910 953
911 907
911 908
911 909
911 910
911 912
911 913
911 914
911 915
911 953
912 852
912 855
912 856
912 908
912 909
912 910
912 911
912 913
912 914
912 915
912 916
913 855
913 856
913 861
913 865
913 909
913 910
913 911
913 912
913 914
913 915
913 916
913 917
913 919
914 910
914 911
914 912
914 913
914 915
914 916
914 917
914 920
914 953
914 956
914 957
915 911
915 912
915 913
915 914
915 916
915 917
916 912
916 913
916 914
916 915
916 917
916 918
916 919
916 920
917 913
917 914
917 915
917 916
917 918
917 919
917 920
917 921
917 960
918 916
918 917
918 919
918 920
918 921
918 922
919 862
919 865
919 913
919 916
919 917
919 918
919 920
919 921
919 922
919 923
920 914
920 916
920 917
920 918
920 919
920 921
920 922
920 923
920 924
920 927
921 917
921 918
921 919
921 920
921 922
921 923
921 924
921 961
922 918
922 919
922 920
922 921
922 923
922 924
923 867
923 919
923 920
923 921
923 922
923 924
923 925
923 926
923 927
924 920
924 921
924 922
924 923
924 925
924 926
924 927
924 928
924 961
924 977
925 923
925 924
925 926
925 927
925 928
925 929
925 977
926 867
926 870
926 871
926 923
926 924
926 925
926 927
926 928
926 929
926 930
926 931
927 870
927 874
927 920
927 923
927 924
927 925
927 926
927 928
927 929
927 930
927 931
927 932
928 924
928 925
928 926
928 927
928 929
928 930
928 931
928 932
928 933
928 977
928 980
928 981
929 925
929 926
929 927
929 928
929 930
929 931
929 932
929 933
929 977
929 980
930 870
930 871
930 874
930 875
930 926
930 927
930 928
930 929
930 931
930 932
930 933
930 934
931 870
931 871
931 873
931 874
931 877
931 926
931 927
931 928
931 929
931 930
931 932
931 933
931 934
931 935
932 927
932 928
932 929
932 930
932 931
932 933
932 934
932 935
932 936
932 954
933 928
933 929
933 930
933 931
933 932
933 934
933 935
933 936
933 937
933 984
934 874
934 877
934 878
934 880
934 881
934 930
934 931
934 932
934 933
934 935
934 936
934 937
934 938
935 877
935 931
935 932
935 933
935 934
935 936
935 937
935 938
935 939
935 950
935 951
935 953
935 954
936 932
936 933
936 934
936 935
936 937
936 938
936 939
936 940
936 950
936 951
936 954
936 984
936 988
936 989
937 881
937 933
937 934
937 935
937 936
937 938
937 939
937 940
937 941
937 988
938 881
938 884
938 934
938 935
938 936
938 937
938 939
938 940
938 941
938 946
938 947
938 950
939 935
939 936
939 937
939 938
939 940
939 941
939 946
939 947
939 948
939 950
939 951
940 936
940 937
940 938
940 939
940 941
940 942
940 947
940 992
941 884
941 885
941 937
941 938
941 939
941 940
941 942
941 943
941 944
941 946
941 947
942 884
942 940
942 941
942 943
942 944
942 947
943 941
943 942
943 944
943 945
943 946
943 947
944 941
944 942
944 943
944 945
944 946
944 947
944 948
945 943
945 944
945 946
945 947
945 948
945 949
946 904
946 938
946 939
946 941
946 943
946 944
946 945
946 947
946 948
946 949
946 950
947 938
947 939
947 940
947 941
947 942
947 943
947 944
947 945
947 946
947 948
947 949
947 950
947 951
948 939
948 944
948 945
948 946
948 947
948 949
948 950
948 951
948 952
948 1003
948 1006
949 907
949 945
949 946
949 947
949 948
949 950
949 951
949 952
949 953
950 907
950 935
950 936
950 938
950 939
950 946
950 947
950 948
950 949
950 951
950 952
950 953
950 954
951 935
951 936
951 939
951 947
951 948
951 949
951 950
951 952
951 953
951 954
951 955
951 1006
951 1007
951 1010
952 948
952 949
952 950
952 951
952 953
952 954
952 955
952 956
952 1006
952 1007
953 910
953 911
953 914
953 935
953 949
953 950
953 951
953 952
953 954
953 955
953 956
953 957
954 932
954 935
954 936
954 950
954 951
954 952
954 953
954 955
954 956
954 957
954 958
954 1010
955 951
955 952
955 953
955 954
955 956
955 957
955 958
955 959
955 1006
955 1007
955 1009
955 1010
955 1013
956 914
956 952
956 953
956 954
956 955
956 957
956 958
956 959
956 960
956 1010
957 914
957 953
957 954
957 955
957 956
957 958
957 959
957 960
957 961
958 954
958 955
958 956
958 957
958 959
958 960
958 961
958 962
958 1010
958 1013
958 1014
959 955
959 956
959 957
959 958
959 960
959 961
959 962
959 963
959 1010
959 1013
959 1014
960 917
960 956
960 957
960 958
960 959
960 961
960 962
960 963
960 964
961 921
961 924
961 957
961 958
961 959
961 960
961 962
961 963
961 964
962 958
962 959
962 960
962 961
962 963
962 964
962 1013
962 1014
962 1017
962 1018
963 959
963 960
963 961
963 962
963 964
963 965
963 1017
964 960
964 961
964 962
964 963
964 965
964 966
965 963
965 964
965 966
965 967
966 964
966 965
966 967
966 968
967 965
967 966
967 968
967 969
967 970
968 966
968 967
968 969
968 970
968 971
969 967
969 968
969 970
969 971
970 967
970 968
970 969
970 971
970 972
970 973
970 974
971 968
971 969
971 970
971 972
971 973
971 974
971 975
972 970
972 971
972 973
972 974
972 975
972 976
973 970
973 971
973 972
973 974
973 975
973 976
973 977
974 970
974 971
974 972
974 973
974 975
974 976
974 977
974 978
975 971
975 972
975 973
975 974
975 976
975 977
975 978
975 979
976 972
976 973
976 974
976 975
976 977
976 978
976 979
976 980
977 924
977 925
977 928
977 929
977 973
977 974
977 975
977 976
977 978
977 979
977 980
977 981
978 974
978 975
978 976
978 977
978 979
978 980
978 981
978 982
979 975
979 976
979 977
979 978
979 980
979 981
979 982
979 983
980 928
980 929
980 976
980 977
980 978
980 979
980 981
980 982
980 983
980 984
981 928
981 977
981 978
981 979
981 980
981 982
981 983
981 984
981 985
982 978
982 979
982 980
982 981
982 983
982 984
982 985
982 986
983 979
983 980
983 981
983 982
983 984
983 985
983 986
983 987
983 988
984 933
984 936
984 980
984 981
984 982
984 983
984 985
984 986
984 987
984 988
984 989
985 981
985 982
985 983
985 984
985 986
985 987
985 988
985 989
985 990
986 982
986 983
986 984
986 985
986 987
986 988
986 989
986 990
986 991
986 1024
987 983
987 984
987 985
987 986
987 988
987 989
987 990
987 991
988 936
988 937
988 983
988 984
988 985
988 986
988 987
988 989
988 990
988 991
988 992
989 936
989 984
989 985
989 986
989 987
989 988
989 990
989 991
989 992
989 993
990 985
990 986
990 987
990 988
990 989
990 991
990 992
990 993
990 1028
991 986
991 987
991 988
991 989
991 990
991 992
991 993
991 994
991 1028
992 940
992 988
992 989
992 990
992 991
992 993
992 994
992 995
992 996
993 989
993 990
993 991
993 992
993 994
993 995
993 996
993 997
993 1007
993 1030
994 991
994 992
994 993
994 995
994 996
994 997
994 998
994 1030
994 1033
995 992
995 993
995 994
995 996
995 997
995 998
995 999
996 992
996 993
996 994
996 995
996 997
996 998
996 999
996 1003
996 1004
996 1007
997 993
997 994
997 995
997 996
997 998
997 999
997 1003
997 1004
997 1007
997 1008
997 1033
997 1037
998 994
998 995
998 996
998 997
998 999
998 1000
998 1004
998 1037
999 995
999 996
999 997
999 998
999 1000
999 1001
999 1003
999 1004
1000 998
1000 999
1000 1001
1000 1002
1000 1003
1000 1004
1001 999
1001 1000
1001 1002
1001 1003
1001 1004
1001 1005
1001 1049
1002 1000
1002 1001
1002 1003
1002 1004
1002 1005
1002 1006
1002 1048
1002 1049
1003 948
1003 996
1003 997
1003 999
1003 1000
1003 1001
1003 1002
1003 1004
1003 1005
1003 1006
1003 1007
1004 996
1004 997
1004 998
1004 999
1004 1000
1004 1001
1004 1002
1004 1003
1004 1005
1004 1006
1004 1007
1004 1008
1004 1049
1005 1001
1005 1002
1005 1003
1005 1004
1005 1006
1005 1007
1005 1008
1005 1009
1005 1048
1005 1049
1005 1050
1005 1052
1006 948
1006 951
1006 952
1006 955
1006 1002
1006 1003
1006 1004
1006 1005
1006 1007
1006 1008
1006 1009
1006 1010
1006 1049
1007 951
1007 952
1007 955
1007 993
1007 996
1007 997
1007 1003
1007 1004
1007 1005
1007 1006
1007 1008
1007 1009
1007 1010
1007 1011
1008 997
1008 1004
1008 1005
1008 1006
1008 1007
1008 1009
1008 1010
1008 1011
1008 1012
1008 1049
1008 1052
1008 1053
1008 1056
1009 955
1009 1005
1009 1006
1009 1007
1009 1008
1009 1010
1009 1011
1009 1012
1009 1013
1009 1052
1010 951
1010 954
1010 955
1010 956
1010 958
1010 959
1010 1006
1010 1007
1010 1008
1010 1009
1010 1011
1010 1012
1010 1013
1010 1014
1011 1007
1011 1008
1011 1009
1011 1010
1011 1012
1011 1013
1011 1014
1011 1015
1011 1056
1012 1008
1012 1009
1012 1010
1012 1011
1012 1013
1012 1014
1012 1015
1012 1016
1012 1052
1012 1055
1012 1056
1012 1059
1013 955
1013 958
1013 959
1013 962
1013 1009
1013 1010
1013 1011
1013 1012
1013 1014
1013 1015
1013 1016
1013 1017
1014 958
1014 959
1014 962
1014 1010
1014 1011
1014 1012
1014 1013
1014 1015
1014 1016
1014 1017
1014 1018
1014 1021
1014 1022
1015 1011
1015 1012
1015 1013
1015 1014
1015 1016
1015 1017
1015 1018
1015 1019
1015 1020
1015 1021
1015 1022
1015 1056
1015 1059
1015 1060
1016 1012
1016 1013
1016 1014
1016 1015
1016 1017
1016 1018
1016 1019
1016 1059
1017 962
1017 963
1017 1013
1017 1014
1017 1015
1017 1016
1017 1018
1017 1019
1018 962
1018 1014
1018 1015
1018 1016
1018 1017
1018 1019
1018 1020
1018 1021
1018 1022
1019 1015
1019 1016
1019 1017
1019 1018
1019 1020
1019 1021
1019 1022
1019 1023
1019 1063
1019 1065
1020 1015
1020 1018
1020 1019
1020 1021
1020 1022
1020 1023
1020 1024
1021 1014
1021 1015
1021 1018
1021 1019
1021 1020
1021 1022
1021 1023
1021 1024
1021 1025
1022 1014
1022 1015
1022 1018
1022 1019
1022 1020
1022 1021
1022 1023
1022 1024
1022 1025
1022 1026
1022 1059
1022 1060
1022 1063
1022 1066
1023 1019
1023 1020
1023 1021
1023 1022
1023 1024
1023 1025
1023 1026
1023 1027
1023 1065
1023 1066
1024 986
1024 1020
1024 1021
1024 1022
1024 1023
1024 1025
1024 1026
1024 1027
1024 1028
1025 1021
1025 1022
1025 1023
1025 1024
1025 1026
1025 1027
1025 1028
1025 1029
1025 1030
1025 1031
1026 1022
1026 1023
1026 1024
1026 1025
1026 1027
1026 1028
1026 1029
1026 1030
1026 1031
1026 1067
1027 1023
1027 1024
1027 1025
1027 1026
1027 1028
1027 1029
1027 1030
1028 990
1028 991
1028 1024
1028 1025
1028 1026
1028 1027
1028 1029
1028 1030
1029 1025
1029 1026
1029 1027
1029 1028
1029 1030
1029 1031
1029 1032
1029 1033
1030 993
1030 994
1030 1025
1030 1026
1030 1027
1030 1028
1030 1029
1030 1031
1030 1032
1030 1033
1030 1034
1031 1025
1031 1026
1031 1029
1031 1030
1031 1032
1031 1033
1031 1034
1031 1035
1031 1071
1031 1074
1032 1029
1032 1030
1032 1031
1032 1033
1032 1034
1032 1035
1032 1036
1032 1074
1033 994
1033 997
1033 1029
1033 1030
1033 1031
1033 1032
1033 1034
1033 1035
1033 1036
1033 1037
1034 1030
1034 1031
1034 1032
1034 1033
1034 1035
1034 1036
1034 1037
1034 1038
1034 1053
1035 1031
1035 1032
1035 1033
1035 1034
1035 1036
1035 1037
1035 1038
1035 1039
1035 1074
1036 1032
1036 1033
1036 1034
1036 1035
1036 1037
1036 1038
1036 1039
1036 1040
1037 997
1037 998
1037 1033
1037 1034
1037 1035
1037 1036
1037 1038
1037 1039
1037 1040
1037 1041
1038 1034
1038 1035
1038 1036
1038 1037
1038 1039
1038 1040
1038 1041
1038 1042
1038 1050
1038 1053
1039 1035
1039 1036
1039 1037
1039 1038
1039 1040
1039 1041
1039 1042
1040 1036
1040 1037
1040 1038
1040 1039
1040 1041
1040 1042
1040 1043
1041 1037
1041 1038
1041 1039
1041 1040
1041 1042
1041 1043
1041 1044
1041 1045
1041 1047
1041 1049
1041 1050
1042 1038
1042 1039
1042 1040
1042 1041
1042 1043
1042 1044
1042 1045
1042 1050
1043 1040
1043 1041
1043 1042
1043 1044
1043 1045
1044 1041
1044 1042
1044 1043
1044 1045
1044 1046
1044 1047
1044 1050
1045 1041
1045 1042
1045 1043
1045 1044
1045 1046
1045 1047
1045 1050
1045 1051
1045 1083
1045 1087
1046 1044
1046 1045
1046 1047
1046 1048
1046 1050
1046 1051
1046 1102
1046 1103
1046 1106
1047 1041
1047 1044
1047 1045
1047 1046
1047 1048
1047 1049
1047 1050
1047 1051
1048 1002
1048 1005
1048 1046
1048 1047
1048 1049
1048 1050
1048 1051
1048 1052
1049 1001
1049 1002
1049 1004
1049 1005
1049 1006
1049 1008
1049 1041
1049 1047
1049 1048
1049 1050
1049 1051
1049 1052
1049 1053
1050 1005
1050 1038
1050 1041
1050 1042
1050 1044
1050 1045
1050 1046
1050 1047
1050 1048
1050 1049
1050 1051
1050 1052
1050 1053
1050 1054
1051 1045
1051 1046
1051 1047
1051 1048
1051 1049
1051 1050
1051 1052
1051 1053
1051 1054
1051 1055
1051 1106
1052 1005
1052 1008
1052 1009
1052 1012
1052 1048
1052 1049
1052 1050
1052 1051
1052 1053
1052 1054
1052 1055
1052 1056
1053 1008
1053 1034
1053 1038
1053 1049
1053 1050
1053 1051
1053 1052
1053 1054
1053 1055
1053 1056
1053 1057
1054 1050
1054 1051
1054 1052
1054 1053
1054 1055
1054 1056
1054 1057
1054 1058
1054 1106
1054 1109
1054 1110
1055 1012
1055 1051
1055 1052
1055 1053
1055 1054
1055 1056
1055 1057
1055 1058
1055 1059
1055 1109
1056 1008
1056 1011
1056 1012
1056 1015
1056 1052
1056 1053
1056 1054
1056 1055
1056 1057
1056 1058
1056 1059
1056 1060
1057 1053
1057 1054
1057 1055
1057 1056
1057 1058
1057 1059
1057 1060
1057 1061
1057 1113
1058 1054
1058 1055
1058 1056
1058 1057
1058 1059
1058 1060
1058 1061
1058 1062
1058 1109
1058 1110
1058 1112
1058 1113
1059 1012
1059 1015
1059 1016
1059 1022
1059 1055
1059 1056
1059 1057
1059 1058
1059 1060
1059 1061
1059 1062
1059 1063
1060 1015
1060 1022
1060 1056
1060 1057
1060 1058
1060 1059
1060 1061
1060 1062
1060 1063
1060 1066
1061 1057
1061 1058
1061 1059
1061 1060
1061 1062
1061 1063
1061 1064
1061 1066
1061 1068
1061 1113
1061 1116
1061 1117
1062 1058
1062 1059
1062 1060
1062 1061
1062 1063
1062 1064
1062 1113
1062 1116
1063 1019
1063 1022
1063 1059
1063 1060
1063 1061
1063 1062
1063 1064
1063 1065
1063 1066
1064 1061
1064 1062
1064 1063
1064 1065
1064 1066
1065 1019
1065 1023
1065 1063
1065 1064
1065 1066
1065 1067
1066 1022
1066 1023
1066 1060
1066 1061
1066 1063
1066 1064
1066 1065
1066 1067
1066 1068
1067 1026
1067 1065
1067 1066
1067 1068
1067 1069
1067 1070
1067 1071
1068 1061
1068 1066
1068 1067
1068 1069
1068 1070
1068 1071
1068 1072
1069 1067
1069 1068
1069 1070
1069 1071
1069 1072
1069 1073
1070 1067
1070 1068
1070 1069
1070 1071
1070 1072
1070 1073
1070 1074
1071 1031
1071 1067
1071 1068
1071 1069
1071 1070
1071 1072
1071 1073
1071 1074
1071 1075
1071 1076
1072 1068
1072 1069
1072 1070
1072 1071
1072 1073
1072 1074
1072 1075
1072 1076
1072 1077
1073 1069
1073 1070
1073 1071
1073 1072
1073 1074
1073 1075
1073 1076
1074 1031
1074 1032
1074 1035
1074 1070
1074 1071
1074 1072
1074 1073
1074 1075
1074 1076
1075 1071
1075 1072
1075 1073
1075 1074
1075 1076
1075 1077
1075 1078
1075 1079
1076 1071
1076 1072
1076 1073
1076 1074
1076 1075
1076 1077
1076 1078
1076 1079
1076 1080
1077 1072
1077 1075
1077 1076
1077 1078
1077 1079
1077 1080
1077 1081
1077 1149
1077 1150
1077 1152
1077 1153
1078 1075
1078 1076
1078 1077
1078 1079
1078 1080
1078 1081
1078 1082
1078 1152
1079 1075
1079 1076
1079 1077
1079 1078
1079 1080
1079 1081
1079 1082
1079 1083
1080 1076
1080 1077
1080 1078
1080 1079
1080 1081
1080 1082
1080 1083
1080 1084
1080 1110
1080 1113
1080 1114
1081 1077
1081 1078
1081 1079
1081 1080
1081 1082
1081 1083
1081 1084
1081 1085
1081 1152
1081 1153
1081 1156
1082 1078
1082 1079
1082 1080
1082 1081
1082 1083
1082 1084
1082 1085
1082 1086
1083 1045
1083 1079
1083 1080
1083 1081
1083 1082
1083 1084
1083 1085
1083 1086
1083 1087
1083 1110
1084 1080
1084 1081
1084 1082
1084 1083
1084 1085
1084 1086
1084 1087
1084 1088
1084 1107
1084 1110
1084 1111
1085 1081
1085 1082
1085 1083
1085 1084
1085 1086
1085 1087
1085 1088
1085 1089
1085 1156
1085 1159
1086 1082
1086 1083
1086 1084
1086 1085
1086 1087
1086 1088
1086 1089
1086 1090
1087 1045
1087 1083
1087 1084
1087 1085
1087 1086
1087 1088
1087 1089
1087 1090
1087 1091
1087 1103
1087 1106
1087 1107
1088 1084
1088 1085
1088 1086
1088 1087
1088 1089
1088 1090
1088 1091
1088 1092
1088 1107
1088 1159
1088 1163
1089 1085
1089 1086
1089 1087
1089 1088
1089 1090
1089 1091
1089 1092
1089 1093
1090 1086
1090 1087
1090 1088
1090 1089
1090 1091
1090 1092
1090 1093
1090 1096
1090 1099
1090 1100
1090 1103
1091 1087
1091 1088
1091 1089
1091 1090
1091 1092
1091 1093
1091 1094
1091 1099
1091 1100
1091 1103
1091 1104
1091 1107
1092 1088
1092 1089
1092 1090
1092 1091
1092 1093
1092 1094
1092 1162
1092 1163
1093 1089
1093 1090
1093 1091
1093 1092
1093 1094
1093 1095
1093 1096
1093 1100
1094 1091
1094 1092
1094 1093
1094 1095
1094 1096
1094 1097
1095 1093
1095 1094
1095 1096
1095 1097
1096 1090
1096 1093
1096 1094
1096 1095
1096 1097
1096 1098
1096 1099
1096 1100
1097 1094
1097 1095
1097 1096
1097 1098
1097 1099
1097 1100
1097 1101
1098 1096
1098 1097
1098 1099
1098 1100
1098 1101
1098 1102
1099 1090
1099 1091
1099 1096
1099 1097
1099 1098
1099 1100
1099 1101
1099 1102
1099 1103
1100 1090
1100 1091
1100 1093
1100 1096
1100 1097
1100 1098
1100 1099
1100 1101
1100 1102
1100 1103
1100 1104
1101 1097
1101 1098
1101 1099
1101 1100
1101 1102
1101 1103
1101 1104
1101 1105
1102 1046
1102 1098
1102 1099
1102 1100
1102 1101
1102 1103
1102 1104
1102 1105
1102 1106
1103 1046
1103 1087
1103 1090
1103 1091
1103 1099
1103 1100
1103 1101
1103 1102
1103 1104
1103 1105
1103 1106
1103 1107
1104 1091
1104 1100
1104 1101
1104 1102
1104 1103
1104 1105
1104 1106
1104 1107
1104 1108
1105 351
1105 1101
1105 1102
1105 1103
1105 1104
1105 1106
1105 1107
1105 1108
1105 1109
1106 1046
1106 1051
1106 1054
1106 1087
1106 1102
1106 1103
1106 1104
1106 1105
1106 1107
1106 1108
1106 1109
1106 1110
1107 1084
1107 1087
1107 1088
1107 1091
1107 1103
1107 1104
1107 1105
1107 1106
1107 1108
1107 1109
1107 1110
1107 1111
1107 1171
1108 1104
1108 1105
1108 1106
1108 1107
1108 1109
1108 1110
1108 1111
1108 1112
1108 1170
1108 1171
1108 1174
1109 1054
1109 1055
1109 1058
1109 1105
1109 1106
1109 1107
1109 1108
1109 1110
1109 1111
1109 1112
1109 1113
1110 1054
1110 1058
1110 1080
1110 1083
1110 1084
1110 1106
1110 1107
1110 1108
1110 1109
1110 1111
1110 1112
1110 1113
1110 1114
1111 1084
1111 1107
1111 1108
1111 1109
1111 1110
1111 1112
1111 1113
1111 1114
1111 1115
1111 1171
1111 1174
1111 1175
1111 1178
1112 1058
1112 1108
1112 1109
1112 1110
1112 1111
1112 1113
1112 1114
1112 1115
1112 1116
1112 1174
1113 1057
1113 1058
1113 1061
1113 1062
1113 1080
1113 1109
1113 1110
1113 1111
1113 1112
1113 1114
1113 1115
1113 1116
1113 1117
1114 1080
1114 1110
1114 1111
1114 1112
1114 1113
1114 1115
1114 1116
1114 1117
1114 1118
1114 1178
1115 1111
1115 1112
1115 1113
1115 1114
1115 1116
1115 1117
1115 1118
1115 1119
1115 1174
1115 1177
1115 1178
1116 1061
1116 1062
1116 1112
1116 1113
1116 1114
1116 1115
1116 1117
1116 1118
1116 1119
1116 1120
1117 1061
1117 1113
1117 1114
1117 1115
1117 1116
1117 1118
1117 1119
1117 1120
1117 1121
1118 1114
1118 1115
1118 1116
1118 1117
1118 1119
1118 1120
1118 1121
1118 1122
1118 1178
1118 1181
1118 1182
1119 1115
1119 1116
1119 1117
1119 1118
1119 1120
1119 1121
1119 1122
1119 1123
1119 1181
1120 1116
1120 1117
1120 1118
1120 1119
1120 1121
1120 1122
1120 1123
1120 1124
1121 1117
1121 1118
1121 1119
1121 1120
1121 1122
1121 1123
1121 1124
1121 1125
1121 1143
1121 1146
1121 1147
1122 1118
1122 1119
1122 1120
1122 1121
1122 1123
1122 1124
1122 1125
1122 1126
1122 1181
1122 1185
1123 1119
1123 1120
1123 1121
1123 1122
1123 1124
1123 1125
1123 1126
1123 1127
1124 1120
1124 1121
1124 1122
1124 1123
1124 1125
1124 1126
1124 1127
1124 1128
1124 1143
1125 1121
1125 1122
1125 1123
1125 1124
1125 1126
1125 1127
1125 1128
1125 1129
1125 1143
1125 1144
1126 1122
1126 1123
1126 1124
1126 1125
1126 1127
1126 1128
1126 1129
1126 1130
1127 1123
1127 1124
1127 1125
1127 1126
1127 1128
1127 1129
1127 1130
1127 1131
1128 1124
1128 1125
1128 1126
1128 1127
1128 1129
1128 1130
1128 1131
1128 1132
1128 1138
1128 1139
1128 1140
1128 1143
1129 1125
1129 1126
1129 1127
1129 1128
1129 1130
1129 1131
1129 1132
1129 1133
1129 1140
1130 1126
1130 1127
1130 1128
1130 1129
1130 1131
1130 1132
1130 1133
1130 1134
1131 1127
1131 1128
1131 1129
1131 1130
1131 1132
1131 1133
1131 1134
1131 1135
1131 1136
1131 1137
1131 1138
1132 1128
1132 1129
1132 1130
1132 1131
1132 1133
1132 1134
1132 1135
1132 1136
1132 1137
1132 1138
1132 1140
1133 1129
1133 1130
1133 1131
1133 1132
1133 1134
1133 1135
1133 1136
1134 1130
1134 1131
1134 1132
1134 1133
1134 1135
1134 1136
1135 1131
1135 1132
1135 1133
1135 1134
1135 1136
1135 1137
1136 1131
1136 1132
1136 1133
1136 1134
1136 1135
1136 1137
1136 1138
1137 1131
1137 1132
1137 1135
1137 1136
1137 1138
1137 1139
1138 1128
1138 1131
1138 1132
1138 1136
1138 1137
1138 1139
1138 1140
1139 1128
1139 1137
1139 1138
1139 1140
1139 1141
1139 1142
1139 1143
1140 1128
1140 1129
1140 1132
1140 1138
1140 1139
1140 1141
1140 1142
1140 1143
1140 1144
1141 1139
1141 1140
1141 1142
1141 1143
1141 1144
1141 1145
1142 1139
1142 1140
1142 1141
1142 1143
1142 1144
1142 1145
1142 1146
1143 1121
1143 1124
1143 1125
1143 1128
1143 1139
1143 1140
1143 1141
1143 1142
1143 1144
1143 1145
1143 1146
1143 1147
1144 1125
1144 1140
1144 1141
1144 1142
1144 1143
1144 1145
1144 1146
1144 1147
1144 1148
1145 1141
1145 1142
1145 1143
1145 1144
1145 1146
1145 1147
1145 1148
1145 1149
1146 1121
1146 1142
1146 1143
1146 1144
1146 1145
1146 1147
1146 1148
1146 1149
1146 1150
1147 1121
1147 1143
1147 1144
1147 1145
1147 1146
1147 1148
1147 1149
1147 1150
1147 1151
1148 1144
1148 1145
1148 1146
1148 1147
1148 1149
1148 1150
1148 1151
1149 1077
1149 1145
1149 1146
1149 1147
1149 1148
1149 1150
1149 1151
1149 1152
1150 1077
1150 1146
1150 1147
1150 1148
1150 1149
1150 1151
1150 1152
1150 1153
1151 1147
1151 1148
1151 1149
1151 1150
1151 1152
1151 1153
1151 1154
1151 1186
1152 1077
1152 1078
1152 1081
1152 1149
1152 1150
1152 1151
1152 1153
1152 1154
1152 1155
1152 1156
1153 1077
1153 1081
1153 1150
1153 1151
1153 1152
1153 1154
1153 1155
1153 1156
1153 1157
1153 1182
1154 1151
1154 1152
1154 1153
1154 1155
1154 1156
1154 1157
1154 1182
1154 1186
1154 1188
1154 1189
1154 1190
1155 1152
1155 1153
1155 1154
1155 1156
1155 1157
1155 1158
1155 1159
1155 1190
1156 1081
1156 1085
1156 1152
1156 1153
1156 1154
1156 1155
1156 1157
1156 1158
1156 1159
1156 1160
1157 1153
1157 1154
1157 1155
1157 1156
1157 1158
1157 1159
1157 1160
1157 1161
1157 1179
1157 1182
1157 1188
1157 1190
1157 1193
1158 1155
1158 1156
1158 1157
1158 1159
1158 1160
1158 1161
1158 1162
1158 1190
1158 1192
1158 1193
1159 1085
1159 1088
1159 1155
1159 1156
1159 1157
1159 1158
1159 1160
1159 1161
1159 1162
1159 1163
1160 1156
1160 1157
1160 1158
1160 1159
1160 1161
1160 1162
1160 1163
1160 1164
1160 1175
1160 1176
1160 1178
1160 1179
1161 1157
1161 1158
1161 1159
1161 1160
1161 1162
1161 1163
1161 1164
1161 1179
1161 1198
1161 1201
1162 1092
1162 1158
1162 1159
1162 1160
1162 1161
1162 1163
1162 1164
1162 1165
1162 1198
1162 1201
1163 1088
1163 1092
1163 1159
1163 1160
1163 1161
1163 1162
1163 1164
1163 1165
1163 1166
1163 1171
1163 1172
1163 1175
1164 1160
1164 1161
1164 1162
1164 1163
1164 1165
1164 1166
1164 1171
1164 1172
1164 1175
1164 1176
1164 1201
1164 1205
1165 1162
1165 1163
1165 1164
1165 1166
1165 1167
1165 1172
1165 1201
1165 1205
1166 1163
1166 1164
1166 1165
1166 1167
1166 1168
1166 1169
1166 1171
1166 1172
1167 1165
1167 1166
1167 1168
1167 1169
1168 1166
1168 1167
1168 1169
1168 1170
1168 1171
1168 1172
1169 1166
1169 1167
1169 1168
1169 1170
1169 1171
1169 1172
1169 1173
1170 1108
1170 1168
1170 1169
1170 1171
1170 1172
1170 1173
1170 1174
1171 1107
1171 1108
1171 1111
1171 1163
1171 1164
1171 1166
1171 1168
1171 1169
1171 1170
1171 1172
1171 1173
1171 1174
1171 1175
1172 1163
1172 1164
1172 1165
1172 1166
1172 1168
1172 1169
1172 1170
1172 1171
1172 1173
1172 1174
1172 1175
1172 1176
1173 1169
1173 1170
1173 1171
1173 1172
1173 1174
1173 1175
1173 1176
1173 1177
1174 1108
1174 1111
1174 1112
1174 1115
1174 1170
1174 1171
1174 1172
1174 1173
1174 1175
1174 1176
1174 1177
1174 1178
1175 1111
1175 1160
1175 1163
1175 1164
1175 1171
1175 1172
1175 1173
1175 1174
1175 1176
1175 1177
1175 1178
1175 1179
1176 1160
1176 1164
1176 1172
1176 1173
1176 1174
1176 1175
1176 1177
1176 1178
1176 1179
1176 1180
1176 1217
1176 1218
1177 1115
1177 1173
1177 1174
1177 1175
1177 1176
1177 1178
1177 1179
1177 1180
1177 1181
1178 1111
1178 1114
1178 1115
1178 1118
1178 1160
1178 1174
1178 1175
1178 1176
1178 1177
1178 1179
1178 1180
1178 1181
1178 1182
1179 1157
1179 1160
1179 1161
1179 1175
1179 1176
1179 1177
1179 1178
1179 1180
1179 1181
1179 1182
1179 1183
1179 1221
1180 1176
1180 1177
1180 1178
1180 1179
1180 1181
1180 1182
1180 1183
1180 1184
1180 1217
1180 1220
1180 1221
1181 1118
1181 1119
1181 1122
1181 1177
1181 1178
1181 1179
1181 1180
1181 1182
1181 1183
1181 1184
1181 1185
1182 1118
1182 1153
1182 1154
1182 1157
1182 1178
1182 1179
1182 1180
1182 1181
1182 1183
1182 1184
1182 1185
1182 1186
1182 1187
1182 1188
1183 1179
1183 1180
1183 1181
1183 1182
1183 1184
1183 1185
1183 1186
1183 1187
1183 1188
1183 1221
1183 1224
1183 1225
1184 1180
1184 1181
1184 1182
1184 1183
1184 1185
1184 1186
1184 1187
1184 1221
1184 1224
1185 1122
1185 1181
1185 1182
1185 1183
1185 1184
1185 1186
1185 1187
1186 1151
1186 1154
1186 1182
1186 1183
1186 1184
1186 1185
1186 1187
1186 1188
1186 1189
1187 1182
1187 1183
1187 1184
1187 1185
1187 1186
1187 1188
1187 1189
1187 1224
1187 1225
1187 1227
1187 1228
1187 1229
1188 1154
1188 1157
1188 1182
1188 1183
1188 1186
1188 1187
1188 1189
1188 1190
1188 1191
1188 1193
1188 1225
1188 1228
1188 1229
1189 1154
1189 1186
1189 1187
1189 1188
1189 1190
1189 1191
1189 1228
1189 1229
1190 1154
1190 1155
1190 1157
1190 1158
1190 1188
1190 1189
1190 1191
1190 1192
1190 1193
1191 1188
1191 1189
1191 1190
1191 1192
1191 1193
1191 1194
1191 1231
1191 1232
1192 1158
1192 1190
1192 1191
1192 1193
1192 1194
1192 1195
1193 1157
1193 1158
1193 1188
1193 1190
1193 1191
1193 1192
1193 1194
1193 1195
1193 1198
1193 1232
1194 1191
1194 1192
1194 1193
1194 1195
1194 1196
1194 1197
1194 1198
1194 1199
1194 1232
1194 1235
1194 1236
1195 1192
1195 1193
1195 1194
1195 1196
1195 1197
1195 1198
1195 1199
1195 1235
1196 1194
1196 1195
1196 1197
1196 1198
1196 1199
1196 1200
1196 1239
1197 1194
1197 1195
1197 1196
1197 1198
1197 1199
1197 1200
1197 1201
1198 1161
1198 1162
1198 1193
1198 1194
1198 1195
1198 1196
1198 1197
1198 1199
1198 1200
1198 1201
1198 1202
1199 1194
1199 1195
1199 1196
1199 1197
1199 1198
1199 1200
1199 1201
1199 1202
1199 1203
1199 1236
1199 1239
1199 1241
1199 1242
1200 1196
1200 1197
1200 1198
1200 1199
1200 1201
1200 1202
1200 1203
1200 1204
1200 1241
1200 1242
1201 1161
1201 1162
1201 1164
1201 1165
1201 1197
1201 1198
1201 1199
1201 1200
1201 1202
1201 1203
1201 1204
1201 1205
1202 1198
1202 1199
1202 1200
1202 1201
1202 1203
1202 1204
1202 1205
1202 1206
1202 1218
1202 1242
1203 1199
1203 1200
1203 1201
1203 1202
1203 1204
1203 1205
1203 1206
1203 1207
1203 1241
1203 1242
1203 1243
1203 1245
1204 1200
1204 1201
1204 1202
1204 1203
1204 1205
1204 1206
1204 1207
1204 1208
1204 1242
1205 1164
1205 1165
1205 1201
1205 1202
1205 1203
1205 1204
1205 1206
1205 1207
1205 1208
1205 1209
1205 1215
1206 1202
1206 1203
1206 1204
1206 1205
1206 1207
1206 1208
1206 1209
1206 1215
1206 1218
1206 1245
1206 1246
1207 1203
1207 1204
1207 1205
1207 1206
1207 1208
1207 1209
1207 1210
1207 1245
1208 1204
1208 1205
1208 1206
1208 1207
1208 1209
1208 1210
1209 1205
1209 1206
1209 1207
1209 1208
1209 1210
1209 1211
1209 1214
1209 1215
1210 1207
1210 1208
1210 1209
1210 1211
1210 1212
1210 1214
1210 1215
1211 1209
1211 1210
1211 1212
1211 1213
1211 1214
1211 1215
1212 1210
1212 1211
1212 1213
1212 1214
1212 1215
1212 1216
1212 1258
1212 1261
1213 1211
1213 1212
1213 1214
1213 1215
1213 1216
1213 1217
1214 1209
1214 1210
1214 1211
1214 1212
1214 1213
1214 1215
1214 1216
1214 1217
1214 1218
1215 1205
1215 1206
1215 1209
1215 1210
1215 1211
1215 1212
1215 1213
1215 1214
1215 1216
1215 1217
1215 1218
1215 1219
1215 1261
1216 1212
1216 1213
1216 1214
1216 1215
1216 1217
1216 1218
1216 1219
1216 1220
1216 1260
1216 1261
1216 1264
1217 1176
1217 1180
1217 1213
1217 1214
1217 1215
1217 1216
1217 1218
1217 1219
1217 1220
1217 1221
1218 1176
1218 1202
1218 1206
1218 1214
1218 1215
1218 1216
1218 1217
1218 1219
1218 1220
1218 1221
1218 1222
1219 1215
1219 1216
1219 1217
1219 1218
1219 1220
1219 1221
1219 1222
1219 1223
1219 1261
1219 1264
1219 1265
1220 1180
1220 1216
1220 1217
1220 1218
1220 1219
1220 1221
1220 1222
1220 1223
1220 1224
1220 1264
1221 1179
1221 1180
1221 1183
1221 1184
1221 1217
1221 1218
1221 1219
1221 1220
1221 1222
1221 1223
1221 1224
1221 1225
1222 1218
1222 1219
1222 1220
1222 1221
1222 1223
1222 1224
1222 1225
1222 1226
1223 1219
1223 1220
1223 1221
1223 1222
1223 1224
1223 1225
1223 1226
1223 1227
1223 1264
1223 1268
1224 1183
1224 1184
1224 1187
1224 1220
1224 1221
1224 1222
1224 1223
1224 1225
1224 1226
1224 1227
1224 1228
1225 1183
1225 1187
1225 1188
1225 1221
1225 1222
1225 1223
1225 1224
1225 1226
1225 1227
1225 1228
1225 1229
1225 1232
1226 1222
1226 1223
1226 1224
1226 1225
1226 1227
1226 1228
1226 1229
1226 1230
1226 1231
1226 1232
1226 1233
1227 1187
1227 1223
1227 1224
1227 1225
1227 1226
1227 1228
1227 1229
1227 1230
1227 1233
1228 1187
1228 1188
1228 1189
1228 1224
1228 1225
1228 1226
1228 1227
1228 1229
1228 1230
1229 1187
1229 1188
1229 1189
1229 1225
1229 1226
1229 1227
1229 1228
1229 1230
1229 1231
1229 1232
1229 1233
1230 1226
1230 1227
1230 1228
1230 1229
1230 1231
1230 1232
1230 1233
1230 1234
1231 1191
1231 1226
1231 1229
1231 1230
1231 1232
1231 1233
1231 1234
1231 1235
1232 1191
1232 1193
1232 1194
1232 1225
1232 1226
1232 1229
1232 1230
1232 1231
1232 1233
1232 1234
1232 1235
1232 1236
1233 1226
1233 1227
1233 1229
1233 1230
1233 1231
1233 1232
1233 1234
1233 1235
1233 1236
1233 1237
1233 1271
1233 1272
1234 1230
1234 1231
1234 1232
1234 1233
1234 1235
1234 1236
1234 1237
1234 1238
1234 1272
1235 1194
1235 1195
1235 1231
1235 1232
1235 1233
1235 1234
1235 1236
1235 1237
1235 1238
1235 1239
1236 1194
1236 1199
1236 1232
1236 1233
1236 1234
1236 1235
1236 1237
1236 1238
1236 1239
1236 1242
1236 1243
1236 1272
1237 1233
1237 1234
1237 1235
1237 1236
1237 1238
1237 1239
1237 1240
1237 1272
1237 1273
1238 1234
1238 1235
1238 1236
1238 1237
1238 1239
1238 1240
1239 1196
1239 1199
1239 1235
1239 1236
1239 1237
1239 1238
1239 1240
1239 1241
1239 1242
1239 1243
1240 1237
1240 1238
1240 1239
1240 1241
1240 1242
1240 1243
1240 1244
1241 1199
1241 1200
1241 1203
1241 1239
1241 1240
1241 1242
1241 1243
1241 1244
1241 1245
1242 1199
1242 1200
1242 1202
1242 1203
1242 1204
1242 1236
1242 1239
1242 1240
1242 1241
1242 1243
1242 1244
1242 1245
1242 1246
1243 1203
1243 1236
1243 1239
1243 1240
1243 1241
1243 1242
1243 1244
1243 1245
1243 1246
1243 1247
1243 1269
1244 1240
1244 1241
1244 1242
1244 1243
1244 1245
1244 1246
1244 1247
1244 1248
1245 1203
1245 1206
1245 1207
1245 1241
1245 1242
1245 1243
1245 1244
1245 1246
1245 1247
1245 1248
1245 1249
1246 1206
1246 1242
1246 1243
1246 1244
1246 1245
1246 1247
1246 1248
1246 1249
1246 1250
1246 1265
1246 1266
1246 1268
1246 1269
1247 1243
1247 1244
1247 1245
1247 1246
1247 1248
1247 1249
1247 1250
1247 1251
1247 1265
1247 1266
1247 1269
1248 1244
1248 1245
1248 1246
1248 1247
1248 1249
1248 1250
1248 1251
1249 1245
1249 1246
1249 1247
1249 1248
1249 1250
1249 1251
1249 1261
1249 1262
1249 1265
1250 1246
1250 1247
1250 1248
1250 1249
1250 1251
1250 1252
1250 1261
1250 1262
1250 1263
1250 1265
1250 1266
1251 1247
1251 1248
1251 1249
1251 1250
1251 1252
1251 1253
1251 1254
1251 1255
1251 1257
1251 1262
1252 1250
1252 1251
1252 1253
1252 1254
1252 1255
1253 1251
1253 1252
1253 1254
1253 1255
1254 1251
1254 1252
1254 1253
1254 1255
1254 1256
1255 1251
1255 1252
1255 1253
1255 1254
1255 1256
1255 1257
1256 1254
1256 1255
1256 1257
1256 1258
1257 1251
1257 1255
1257 1256
1257 1258
1257 1259
1257 1262
1258 1212
1258 1256
1258 1257
1258 1259
1258 1260
1258 1261
1258 1262
1259 1257
1259 1258
1259 1260
1259 1261
1259 1262
1259 1263
1260 1216
1260 1258
1260 1259
1260 1261
1260 1262
1260 1263
1260 1264
1261 1212
1261 1215
1261 1216
1261 1219
1261 1249
1261 1250
1261 1258
1261 1259
1261 1260
1261 1262
1261 1263
1261 1264
1261 1265
1262 1249
1262 1250
1262 1251
1262 1257
1262 1258
1262 1259
1262 1260
1262 1261
1262 1263
1262 1264
1262 1265
1262 1266
1263 1250
1263 1259
1263 1260
1263 1261
1263 1262
1263 1264
1263 1265
1263 1266
1263 1267
1264 1216
1264 1219
1264 1220
1264 1223
1264 1260
1264 1261
1264 1262
1264 1263
1264 1265
1264 1266
1264 1267
1264 1268
1265 1219
1265 1246
1265 1247
1265 1249
1265 1250
1265 1261
1265 1262
1265 1263
1265 1264
1265 1266
1265 1267
1265 1268
1265 1269
1266 1246
1266 1247
1266 1250
1266 1262
1266 1263
1266 1264
1266 1265
1266 1267
1266 1268
1266 1269
1266 1270
1267 1263
1267 1264
1267 1265
1267 1266
1267 1268
1267 1269
1267 1270
1267 1271
1268 1223
1268 1246
1268 1264
1268 1265
1268 1266
1268 1267
1268 1269
1268 1270
1268 1271
1268 1272
1269 1243
1269 1246
1269 1247
1269 1265
1269 1266
1269 1267
1269 1268
1269 1270
1269 1271
1269 1272
1269 1273
1269 1274
1270 1266
1270 1267
1270 1268
1270 1269
1270 1271
1270 1272
1270 1273
1270 1274
1271 1233
1271 1267
1271 1268
1271 1269
1271 1270
1271 1272
1271 1273
1271 1274
1272 1233
1272 1234
1272 1236
1272 1237
1272 1268
1272 1269
1272 1270
1272 1271
1272 1273
1272 1274
1273 1237
1273 1269
1273 1270
1273 1271
1273 1272
1273 1274
1274 1269
1274 1270
1274 1271
1274 1272
1274 1273
