0 1
0 2
0 4
0 5
1 0
1 2
1 3
1 4
1 5
2 0
2 1
2 3
2 4
2 5
2 6
3 1
3 2
3 4
3 5
3 6
3 7
4 0
4 1
4 2
4 3
4 5
4 6
4 7
4 8
5 0
5 1
5 2
5 3
5 4
5 6
5 7
5 8
5 9
6 2
6 3
6 4
6 5
6 7
6 8
6 9
6 10
7 3
7 4
7 5
7 6
7 8
7 9
7 10
7 11
8 4
8 5
8 6
8 7
8 9
8 10
8 11
8 12
9 5
9 6
9 7
9 8
9 10
9 11
9 12
9 13
10 6
10 7
10 8
10 9
10 11
10 12
10 13
10 14
11 7
11 8
11 9
11 10
11 12
11 13
11 14
11 15
12 8
12 9
12 10
12 11
12 13
12 14
12 15
13 9
13 10
13 11
13 12
13 14
13 15
13 16
13 313
14 10
14 11
14 12
14 13
14 15
14 16
14 53
15 11
15 12
15 13
15 14
15 16
15 17
15 18
15 53
16 13
16 14
16 15
16 17
16 18
16 53
16 116
16 317
17 15
17 16
17 18
17 19
17 116
17 317
17 320
17 321
18 15
18 16
18 17
18 19
18 20
18 51
18 115
18 116
18 117
18 118
18 320
19 17
19 18
19 20
19 21
19 116
19 117
19 118
19 320
19 321
19 324
20 18
20 19
20 21
20 22
20 117
20 118
20 119
20 120
20 324
21 19
21 20
21 22
21 23
21 117
21 118
21 119
21 120
21 328
22 20
22 21
22 23
22 24
22 119
22 120
22 121
22 122
23 21
23 22
23 24
23 25
23 33
23 119
23 120
23 121
23 122
24 22
24 23
24 25
24 26
24 121
24 122
24 123
24 124
25 23
25 24
25 26
25 27
25 29
25 31
25 121
25 122
25 123
25 124
26 24
26 25
26 27
26 28
26 29
26 94
26 95
26 96
26 123
26 124
26 125
26 126
27 25
27 26
27 28
27 29
27 93
27 94
27 95
27 96
27 123
27 124
27 125
27 126
28 26
28 27
28 29
28 30
28 92
28 93
28 94
28 95
28 126
29 25
29 26
29 27
29 28
29 30
29 31
29 92
29 93
29 94
30 28
30 29
30 31
30 32
30 90
30 91
30 92
30 93
30 94
31 25
31 29
31 30
31 32
31 33
31 90
31 91
31 92
31 94
32 30
32 31
32 33
32 34
32 88
32 89
32 90
32 91
33 23
33 31
33 32
33 34
33 35
33 88
33 89
33 90
33 119
33 121
34 32
34 33
34 35
34 36
34 87
34 88
34 89
34 119
34 331
35 33
35 34
35 36
35 37
35 86
35 87
35 88
35 89
35 104
35 117
35 327
36 34
36 35
36 37
36 38
36 85
36 86
36 87
36 88
36 327
37 35
37 36
37 38
37 39
37 85
37 86
37 87
37 106
37 115
38 36
38 37
38 39
38 40
38 85
39 37
39 38
39 40
39 41
40 38
40 39
40 41
40 42
40 108
41 39
41 40
41 42
41 43
41 65
41 66
41 83
41 85
42 40
42 41
42 43
42 44
42 64
42 65
42 106
42 107
42 108
43 41
43 42
43 44
43 45
43 62
43 63
43 64
43 65
43 106
43 107
44 42
44 43
44 45
44 46
44 62
44 63
44 64
44 65
44 104
44 105
44 106
44 107
45 43
45 44
45 46
45 47
45 56
45 59
45 60
45 61
45 62
45 63
45 104
45 105
45 106
46 44
46 45
46 47
46 48
46 56
46 59
46 60
46 61
46 62
46 89
46 102
46 103
46 104
46 105
47 45
47 46
47 48
47 49
47 51
47 56
47 57
47 58
47 59
47 60
47 61
47 102
47 103
47 104
48 46
48 47
48 49
48 50
48 58
48 59
48 60
48 100
48 101
48 102
48 103
49 47
49 48
49 50
49 51
49 100
49 101
49 102
49 103
50 48
50 49
50 51
50 52
50 101
50 102
50 103
50 118
51 18
51 47
51 49
51 50
51 52
51 53
51 56
51 102
51 103
51 104
51 105
51 116
51 117
51 118
52 50
52 51
52 53
52 54
52 55
52 56
52 57
53 14
53 15
53 16
53 51
53 52
53 54
53 55
54 52
54 53
54 55
54 56
54 112
55 52
55 53
55 54
55 56
55 57
56 45
56 46
56 47
56 51
56 52
56 54
56 55
56 57
56 58
56 59
56 105
57 47
57 52
57 55
57 56
57 58
57 59
58 47
58 48
58 56
58 57
58 59
58 60
59 45
59 46
59 47
59 48
59 56
59 57
59 58
59 60
59 61
59 62
59 72
60 45
60 46
60 47
60 48
60 58
60 59
60 61
60 62
60 70
60 71
60 72
60 73
60 76
61 45
61 46
61 47
61 59
61 60
61 62
61 63
61 68
61 69
61 70
61 71
61 72
61 76
62 43
62 44
62 45
62 46
62 59
62 60
62 61
62 63
62 64
62 68
62 69
62 70
62 71
63 43
63 44
63 45
63 61
63 62
63 64
63 65
63 66
63 67
63 68
63 69
63 70
64 42
64 43
64 44
64 62
64 63
64 65
64 66
64 67
64 68
64 69
65 41
65 42
65 43
65 44
65 63
65 64
65 66
65 67
65 68
65 82
65 83
66 41
66 63
66 64
66 65
66 67
66 68
66 82
66 83
67 63
67 64
67 65
67 66
67 68
67 69
67 82
68 61
68 62
68 63
68 64
68 65
68 66
68 67
68 69
68 70
68 71
68 78
69 61
69 62
69 63
69 64
69 67
69 68
69 70
69 71
70 60
70 61
70 62
70 63
70 68
70 69
70 71
70 72
71 60
71 61
71 62
71 68
71 69
71 70
71 72
71 73
71 74
71 76
72 59
72 60
72 61
72 70
72 71
72 73
72 74
72 76
73 60
73 71
73 72
73 74
73 75
73 76
74 71
74 72
74 73
74 75
74 76
74 77
75 73
75 74
75 76
75 77
75 90
75 91
75 92
75 93
76 60
76 61
76 71
76 72
76 73
76 74
76 75
76 77
76 78
76 89
76 90
76 91
76 92
77 74
77 75
77 76
77 78
77 79
77 89
77 90
77 91
77 92
78 68
78 76
78 77
78 79
78 80
78 87
78 88
78 89
78 90
79 77
79 78
79 80
79 81
79 87
79 88
79 89
79 90
80 78
80 79
80 81
80 82
80 85
80 86
80 87
80 88
81 79
81 80
81 82
81 83
81 84
81 85
81 86
81 87
82 65
82 66
82 67
82 80
82 81
82 83
82 84
82 85
82 86
82 87
83 41
83 65
83 66
83 81
83 82
83 84
83 85
83 86
84 81
84 82
84 83
84 85
84 86
85 36
85 37
85 38
85 41
85 80
85 81
85 82
85 83
85 84
85 86
85 87
86 35
86 36
86 37
86 80
86 81
86 82
86 83
86 84
86 85
86 87
86 88
87 34
87 35
87 36
87 37
87 78
87 79
87 80
87 81
87 82
87 85
87 86
87 88
87 89
88 32
88 33
88 34
88 35
88 36
88 78
88 79
88 80
88 86
88 87
88 89
88 90
89 32
89 33
89 34
89 35
89 46
89 76
89 77
89 78
89 79
89 87
89 88
89 90
89 91
90 30
90 31
90 32
90 33
90 75
90 76
90 77
90 78
90 79
90 88
90 89
90 91
90 92
91 30
91 31
91 32
91 75
91 76
91 77
91 89
91 90
91 92
91 93
91 94
92 28
92 29
92 30
92 31
92 75
92 76
92 77
92 90
92 91
92 93
92 94
93 27
93 28
93 29
93 30
93 75
93 91
93 92
93 94
93 95
94 26
94 27
94 28
94 29
94 30
94 31
94 91
94 92
94 93
94 95
94 96
94 98
94 123
95 26
95 27
95 28
95 93
95 94
95 96
95 97
95 98
95 99
95 123
95 125
96 26
96 27
96 94
96 95
96 97
96 98
96 99
96 122
96 123
96 124
96 125
97 95
97 96
97 98
97 99
97 123
98 94
98 95
98 96
98 97
98 99
98 100
98 121
98 122
98 123
99 95
99 96
99 97
99 98
99 100
99 101
99 120
99 121
99 122
99 123
100 48
100 49
100 98
100 99
100 101
100 102
100 120
100 121
100 122
101 48
101 49
101 50
101 99
101 100
101 102
101 103
101 118
101 119
101 120
101 121
102 46
102 47
102 48
102 49
102 50
102 51
102 100
102 101
102 103
102 104
102 118
102 119
102 120
102 121
103 46
103 47
103 48
103 49
103 50
103 51
103 101
103 102
103 104
103 105
103 116
103 117
103 118
103 119
104 35
104 44
104 45
104 46
104 47
104 51
104 102
104 103
104 105
104 106
104 115
104 116
104 117
104 118
104 119
105 44
105 45
105 46
105 51
105 56
105 103
105 104
105 106
105 107
105 114
105 115
105 116
105 117
106 37
106 42
106 43
106 44
106 45
106 104
106 105
106 107
106 108
106 114
106 115
106 116
107 42
107 43
107 44
107 105
107 106
107 108
107 109
107 113
107 114
107 115
108 40
108 42
108 106
108 107
108 109
108 110
108 113
108 114
108 115
109 107
109 108
109 110
109 111
109 113
109 114
110 108
110 109
110 111
110 112
110 113
111 109
111 110
111 112
111 113
112 54
112 110
112 111
112 113
112 114
113 107
113 108
113 109
113 110
113 111
113 112
113 114
113 115
114 105
114 106
114 107
114 108
114 109
114 112
114 113
114 115
114 116
115 18
115 37
115 104
115 105
115 106
115 107
115 108
115 113
115 114
115 116
115 117
116 16
116 17
116 18
116 19
116 51
116 103
116 104
116 105
116 106
116 114
116 115
116 117
116 118
117 18
117 19
117 20
117 21
117 35
117 51
117 103
117 104
117 105
117 115
117 116
117 118
117 119
118 18
118 19
118 20
118 21
118 50
118 51
118 101
118 102
118 103
118 104
118 116
118 117
118 119
118 120
119 20
119 21
119 22
119 23
119 33
119 34
119 101
119 102
119 103
119 104
119 117
119 118
119 120
119 121
120 20
120 21
120 22
120 23
120 99
120 100
120 101
120 102
120 118
120 119
120 121
120 122
121 22
121 23
121 24
121 25
121 33
121 98
121 99
121 100
121 101
121 102
121 119
121 120
121 122
121 123
122 22
122 23
122 24
122 25
122 96
122 98
122 99
122 100
122 120
122 121
122 123
122 124
123 24
123 25
123 26
123 27
123 94
123 95
123 96
123 97
123 98
123 99
123 121
123 122
123 124
123 125
124 24
124 25
124 26
124 27
124 96
124 122
124 123
124 125
124 126
125 26
125 27
125 95
125 96
125 123
125 124
125 126
125 127
126 26
126 27
126 28
126 124
126 125
126 127
126 128
127 125
127 126
127 128
127 129
128 126
128 127
128 129
128 130
129 127
129 128
129 130
129 131
130 128
130 129
130 131
130 132
131 129
131 130
131 132
131 133
132 130
132 131
132 133
132 134
133 131
133 132
133 134
133 135
134 132
134 133
134 135
134 136
135 133
135 134
135 136
135 137
136 134
136 135
136 137
136 138
137 135
137 136
137 138
137 139
138 136
138 137
138 139
138 140
139 137
139 138
139 140
139 141
140 138
140 139
140 141
140 142
141 139
141 140
141 142
141 143
142 140
142 141
142 143
142 144
143 141
143 142
143 144
143 145
144 142
144 143
144 145
144 146
145 143
145 144
145 146
145 147
146 144
146 145
146 147
146 148
147 145
147 146
147 148
147 149
148 146
148 147
148 149
148 150
149 147
149 148
149 150
149 151
150 148
150 149
150 151
150 152
151 149
151 150
151 152
151 153
152 150
152 151
152 153
152 154
153 151
153 152
153 154
153 155
154 152
154 153
154 155
154 156
155 153
155 154
155 156
155 157
156 154
156 155
156 157
156 158
157 155
157 156
157 158
157 159
158 156
158 157
158 159
158 160
159 157
159 158
159 160
159 161
160 158
160 159
160 161
160 162
161 159
161 160
161 162
161 163
162 160
162 161
162 163
162 164
163 161
163 162
163 164
163 165
164 162
164 163
164 165
164 166
165 163
165 164
165 166
165 167
166 164
166 165
166 167
166 168
167 165
167 166
167 168
167 169
168 166
168 167
168 169
168 170
169 167
169 168
169 170
169 171
170 168
170 169
170 171
170 172
171 169
171 170
171 172
171 173
172 170
172 171
172 173
172 174
173 171
173 172
173 174
173 175
174 172
174 173
174 175
174 176
175 173
175 174
175 176
175 177
176 174
176 175
176 177
176 178
177 175
177 176
177 178
177 179
178 176
178 177
178 179
178 180
179 177
179 178
179 180
179 181
180 178
180 179
180 181
180 182
181 179
181 180
181 182
181 183
182 180
182 181
182 183
182 184
183 181
183 182
183 184
183 185
184 182
184 183
184 185
184 186
185 183
185 184
185 186
185 187
186 184
186 185
186 187
186 188
187 185
187 186
187 188
187 189
188 186
188 187
188 189
188 190
189 187
189 188
189 190
189 191
190 188
190 189
190 191
190 192
191 189
191 190
191 192
191 193
192 190
192 191
192 193
192 194
193 191
193 192
193 194
193 195
194 192
194 193
194 195
194 196
195 193
195 194
195 196
195 197
196 194
196 195
196 197
196 198
197 195
197 196
197 198
197 199
198 196
198 197
198 199
198 200
199 197
199 198
199 200
199 201
200 198
200 199
200 201
200 202
201 199
201 200
201 202
201 203
202 200
202 201
202 203
202 204
203 201
203 202
203 204
203 205
204 202
204 203
204 205
204 206
205 203
205 204
205 206
205 207
206 204
206 205
206 207
206 208
207 205
207 206
207 208
207 209
208 206
208 207
208 209
208 210
209 207
209 208
209 210
209 211
210 208
210 209
210 211
210 212
211 209
211 210
211 212
211 213
212 210
212 211
212 213
212 214
213 211
213 212
213 214
213 215
214 212
214 213
214 215
214 216
215 213
215 214
215 216
215 217
216 214
216 215
216 217
216 218
217 215
217 216
217 218
217 219
218 216
218 217
218 219
218 220
219 217
219 218
219 220
219 221
220 218
220 219
220 221
220 222
221 219
221 220
221 222
221 223
222 220
222 221
222 223
222 224
223 221
223 222
223 224
223 225
224 222
224 223
224 225
224 226
225 223
225 224
225 226
225 227
226 224
226 225
226 227
226 228
227 225
227 226
227 228
227 229
228 226
228 227
228 229
228 230
229 227
229 228
229 230
229 231
230 228
230 229
230 231
230 232
231 229
231 230
231 232
231 233
232 230
232 231
232 233
232 234
233 231
233 232
233 234
233 235
234 232
234 233
234 235
234 236
235 233
235 234
235 236
235 237
236 234
236 235
236 237
236 238
237 235
237 236
237 238
237 239
238 236
238 237
238 239
238 240
239 237
239 238
239 240
239 241
240 238
240 239
240 241
240 242
241 239
241 240
241 242
241 243
242 240
242 241
242 243
242 244
243 241
243 242
243 244
243 245
244 242
244 243
244 245
244 246
245 243
245 244
245 246
245 247
246 244
246 245
246 247
246 248
247 245
247 246
247 248
247 249
248 246
248 247
248 249
248 250
249 247
249 248
249 250
249 251
250 248
250 249
250 251
250 252
251 249
251 250
251 252
251 253
252 250
252 251
252 253
252 254
253 251
253 252
253 254
253 255
254 252
254 253
254 255
254 256
255 253
255 254
255 256
255 257
256 254
256 255
256 257
256 258
257 255
257 256
257 258
257 259
258 256
258 257
258 259
258 260
259 257
259 258
259 260
259 261
260 258
260 259
260 261
260 262
261 259
261 260
261 262
261 263
262 260
262 261
262 263
262 264
263 261
263 262
263 264
263 265
264 262
264 263
264 265
264 266
265 263
265 264
265 266
265 267
266 264
266 265
266 267
266 268
267 265
267 266
267 268
267 269
268 266
268 267
268 269
268 270
269 267
269 268
269 270
269 271
270 268
270 269
270 271
270 272
271 269
271 270
271 272
271 273
272 270
272 271
272 273
272 274
273 271
273 272
273 274
273 275
274 272
274 273
274 275
274 276
274 277
274 278
275 273
275 274
275 276
275 277
275 278
275 279
276 274
276 275
276 277
276 278
276 279
276 280
277 274
277 275
277 276
277 278
277 279
277 280
277 281
278 274
278 275
278 276
278 277
278 279
278 280
278 281
278 282
279 275
279 276
279 277
279 278
279 280
279 281
279 282
279 283
280 276
280 277
280 278
280 279
280 281
280 282
280 283
280 284
281 277
281 278
281 279
281 280
281 282
281 283
281 284
281 285
282 278
282 279
282 280
282 281
282 283
282 284
282 285
282 286
283 279
283 280
283 281
283 282
283 284
283 285
283 286
283 287
284 280
284 281
284 282
284 283
284 285
284 286
284 287
284 288
285 281
285 282
285 283
285 284
285 286
285 287
285 288
285 289
286 282
286 283
286 284
286 285
286 287
286 288
286 289
286 290
287 283
287 284
287 285
287 286
287 288
287 289
287 290
287 291
288 284
288 285
288 286
288 287
288 289
288 290
288 291
288 292
289 285
289 286
289 287
289 288
289 290
289 291
289 292
289 293
290 286
290 287
290 288
290 289
290 291
290 292
290 293
290 294
291 287
291 288
291 289
291 290
291 292
291 293
291 294
291 295
292 288
292 289
292 290
292 291
292 293
292 294
292 295
292 296
293 289
293 290
293 291
293 292
293 294
293 295
293 296
293 297
294 290
294 291
294 292
294 293
294 295
294 296
294 297
294 298
295 291
295 292
295 293
295 294
295 296
295 297
295 298
295 299
296 292
296 293
296 294
296 295
296 297
296 298
296 299
296 300
297 293
297 294
297 295
297 296
297 298
297 299
297 300
297 301
298 294
298 295
298 296
298 297
298 299
298 300
298 301
298 302
299 295
299 296
299 297
299 298
299 300
299 301
299 302
299 303
300 296
300 297
300 298
300 299
300 301
300 302
300 303
300 304
301 297
301 298
301 299
301 300
301 302
301 303
301 304
301 305
302 298
302 299
302 300
302 301
302 303
302 304
302 305
302 306
303 299
303 300
303 301
303 302
303 304
303 305
303 306
303 307
304 300
304 301
304 302
304 303
304 305
304 306
304 307
304 308
305 301
305 302
305 303
305 304
305 306
305 307
305 308
305 309
306 302
306 303
306 304
306 305
306 307
306 308
306 309
306 310
307 303
307 304
307 305
307 306
307 308
307 309
307 310
307 311
308 304
308 305
308 306
308 307
308 309
308 310
308 311
308 312
309 305
309 306
309 307
309 308
309 310
309 311
309 312
309 313
310 306
310 307
310 308
310 309
310 311
310 312
310 313
310 314
311 307
311 308
311 309
311 310
311 312
311 313
311 314
311 315
312 308
312 309
312 310
312 311
312 313
312 314
312 315
312 316
313 13
313 309
313 310
313 311
313 312
313 314
313 315
313 316
313 317
314 310
314 311
314 312
314 313
314 315
314 316
314 317
314 318
315 311
315 312
315 313
315 314
315 316
315 317
315 318
315 319
316 312
316 313
316 314
316 315
316 317
316 318
316 319
316 320
317 16
317 17
317 313
317 314
317 315
317 316
317 318
317 319
317 320
317 321
318 314
318 315
318 316
318 317
318 319
318 320
318 321
318 322
319 315
319 316
319 317
319 318
319 320
319 321
319 322
319 323
320 17
320 18
320 19
320 316
320 317
320 318
320 319
320 321
320 322
320 323
320 324
321 17
321 19
321 317
321 318
321 319
321 320
321 322
321 323
321 324
321 325
322 318
322 319
322 320
322 321
322 323
322 324
322 325
322 326
323 319
323 320
323 321
323 322
323 324
323 325
323 326
323 327
324 19
324 20
324 320
324 321
324 322
324 323
324 325
324 326
324 327
324 328
325 321
325 322
325 323
325 324
325 326
325 327
325 328
325 329
326 322
326 323
326 324
326 325
326 327
326 328
326 329
326 330
327 35
327 36
327 323
327 324
327 325
327 326
327 328
327 329
327 330
327 331
328 21
328 324
328 325
328 326
328 327
328 329
328 330
328 331
328 332
329 325
329 326
329 327
329 328
329 330
329 331
329 332
329 333
330 326
330 327
330 328
330 329
330 331
330 332
330 333
330 334
331 34
331 327
331 328
331 329
331 330
331 332
331 333
331 334
331 335
332 328
332 329
332 330
332 331
332 333
332 334
332 335
332 336
333 329
333 330
333 331
333 332
333 334
333 335
333 336
333 337
334 330
334 331
334 332
334 333
334 335
334 336
334 337
334 338
335 331
335 332
335 333
335 334
335 336
335 337
335 338
335 339
336 332
336 333
336 334
336 335
336 337
336 338
336 339
336 340
337 333
337 334
337 335
337 336
337 338
337 339
337 340
337 341
338 334
338 335
338 336
338 337
338 339
338 340
338 341
338 342
339 335
339 336
339 337
339 338
339 340
339 341
339 342
339 343
340 336
340 337
340 338
340 339
340 341
340 342
340 343
340 344
341 337
341 338
341 339
341 340
341 342
341 343
341 344
341 345
342 338
342 339
342 340
342 341
342 343
342 344
342 345
342 346
343 339
343 340
343 341
343 342
343 344
343 345
343 346
343 347
344 340
344 341
344 342
344 343
344 345
344 346
344 347
344 348
345 341
345 342
345 343
345 344
345 346
345 347
345 348
345 349
346 342
346 343
346 344
346 345
346 347
346 348
346 349
346 350
347 343
347 344
347 345
347 346
347 348
347 349
347 350
347 351
348 344
348 345
348 346
348 347
348 349
348 350
348 351
348 352
349 345
349 346
349 347
349 348
349 350
349 351
349 352
349 353
350 346
350 347
350 348
350 349
350 351
350 352
350 353
351 347
351 348
351 349
351 350
351 352
351 353
351 354
352 348
352 349
352 350
352 351
352 353
352 354
353 349
353 350
353 351
353 352
353 354
353 355
354 351
354 352
354 353
354 355
354 356
355 353
355 354
355 356
355 357
356 354
356 355
356 357
356 358
357 355
357 356
357 358
357 359
358 356
358 357
358 359
358 360
359 357
359 358
359 360
359 361
360 358
360 359
360 361
360 362
361 359
361 360
361 362
361 363
362 360
362 361
362 363
363 361
363 362
