0 1
0 2
1 0
1 2
1 3
1 4
2 0
2 1
2 3
2 4
2 5
2 6
3 1
3 2
3 4
3 5
3 6
3 7
4 1
4 2
4 3
4 5
4 6
4 7
4 8
4 86
5 2
5 3
5 4
5 6
5 7
5 8
6 2
6 3
6 4
6 5
6 7
6 8
6 9
6 10
7 3
7 4
7 5
7 6
7 8
7 9
7 10
7 84
7 85
7 86
8 4
8 5
8 6
8 7
8 9
8 10
8 60
9 6
9 7
9 8
9 10
9 11
9 56
9 57
9 58
9 59
9 60
9 61
9 62
9 63
10 6
10 7
10 8
10 9
10 11
10 12
10 54
10 55
10 56
10 57
10 60
10 63
10 83
10 84
11 9
11 10
11 12
11 13
11 54
11 55
11 56
11 63
11 81
11 82
11 83
11 84
12 10
12 11
12 13
12 14
12 52
12 53
12 54
12 55
12 81
12 82
12 83
12 84
13 11
13 12
13 14
13 15
13 16
13 52
13 53
13 54
13 55
13 79
13 80
13 81
13 82
14 12
14 13
14 15
14 16
14 51
14 52
14 53
14 79
14 80
14 81
14 82
15 13
15 14
15 16
15 17
15 51
15 52
15 77
15 78
15 79
15 80
16 13
16 14
16 15
16 17
16 18
16 20
16 51
16 52
16 53
16 74
16 77
16 78
16 79
17 15
17 16
17 18
17 19
17 20
17 49
17 51
17 74
17 75
17 76
17 77
18 16
18 17
18 19
18 20
18 48
18 49
18 50
18 51
19 17
19 18
19 20
19 21
19 49
19 75
20 16
20 17
20 18
20 19
20 21
20 22
20 24
20 25
20 49
20 74
20 75
21 19
21 20
21 22
21 23
21 24
21 25
21 40
22 20
22 21
22 23
22 24
22 25
22 26
22 38
22 39
22 40
23 21
23 22
23 24
23 25
23 26
23 27
24 20
24 21
24 22
24 23
24 25
24 26
24 27
24 28
25 20
25 21
25 22
25 23
25 24
25 26
25 27
25 28
25 29
25 38
25 74
26 22
26 23
26 24
26 25
26 27
26 28
26 29
26 30
26 35
26 38
26 55
27 23
27 24
27 25
27 26
27 28
27 29
27 30
27 31
28 24
28 25
28 26
28 27
28 29
28 30
28 31
28 74
29 25
29 26
29 27
29 28
29 30
29 31
29 32
29 33
29 35
29 55
30 26
30 27
30 28
30 29
30 31
30 32
30 33
30 34
30 35
31 27
31 28
31 29
31 30
31 32
31 33
32 29
32 30
32 31
32 33
32 34
32 62
32 65
32 66
33 29
33 30
33 31
33 32
33 34
33 35
33 57
33 58
33 59
33 62
34 30
34 32
34 33
34 35
34 36
34 57
34 58
34 59
35 26
35 29
35 30
35 33
35 34
35 36
35 37
35 38
35 55
35 56
35 57
35 58
36 34
36 35
36 37
36 38
36 55
36 56
36 57
36 58
37 35
37 36
37 38
37 39
37 54
37 55
37 56
37 57
38 22
38 25
38 26
38 35
38 36
38 37
38 39
38 40
38 53
38 54
38 55
38 56
39 22
39 37
39 38
39 40
39 41
39 53
39 54
39 55
40 21
40 22
40 38
40 39
40 41
40 42
40 49
40 50
40 51
40 52
40 53
40 54
41 39
41 40
41 42
41 43
41 49
41 50
41 51
41 52
41 53
41 54
42 40
42 41
42 43
42 44
42 47
42 48
42 49
42 50
43 41
43 42
43 44
43 45
43 46
43 47
43 48
43 49
43 50
44 42
44 43
44 45
44 46
44 47
45 43
45 44
45 46
45 47
46 43
46 44
46 45
46 47
46 48
47 42
47 43
47 44
47 45
47 46
47 48
47 49
48 18
48 42
48 43
48 46
48 47
48 49
48 50
49 17
49 18
49 19
49 20
49 40
49 41
49 42
49 43
49 47
49 48
49 50
49 51
49 52
50 18
50 40
50 41
50 42
50 43
50 48
50 49
50 51
50 52
51 14
51 15
51 16
51 17
51 18
51 40
51 41
51 49
51 50
51 52
51 53
52 12
52 13
52 14
52 15
52 16
52 40
52 41
52 49
52 50
52 51
52 53
52 54
53 12
53 13
53 14
53 16
53 38
53 39
53 40
53 41
53 51
53 52
53 54
53 55
54 10
54 11
54 12
54 13
54 37
54 38
54 39
54 40
54 41
54 52
54 53
54 55
54 56
54 84
55 10
55 11
55 12
55 13
55 26
55 29
55 35
55 36
55 37
55 38
55 39
55 53
55 54
55 56
55 57
56 9
56 10
56 11
56 35
56 36
56 37
56 38
56 54
56 55
56 57
56 58
57 9
57 10
57 33
57 34
57 35
57 36
57 37
57 55
57 56
57 58
57 59
57 60
57 62
57 63
58 9
58 33
58 34
58 35
58 36
58 56
58 57
58 59
58 60
59 9
59 33
59 34
59 57
59 58
59 60
59 61
59 62
60 8
60 9
60 10
60 57
60 58
60 59
60 61
60 62
60 63
60 64
61 9
61 59
61 60
61 62
61 63
61 64
61 65
62 9
62 32
62 33
62 57
62 59
62 60
62 61
62 63
62 64
62 65
62 66
63 9
63 10
63 11
63 57
63 60
63 61
63 62
63 64
63 65
63 66
63 67
63 83
64 60
64 61
64 62
64 63
64 65
64 66
64 67
64 68
65 32
65 61
65 62
65 63
65 64
65 66
65 67
65 68
65 69
66 32
66 62
66 63
66 64
66 65
66 67
66 68
66 69
66 70
66 81
67 63
67 64
67 65
67 66
67 68
67 69
67 70
67 81
67 82
68 64
68 65
68 66
68 67
68 69
68 70
69 65
69 66
69 67
69 68
69 70
69 71
69 72
70 66
70 67
70 68
70 69
70 71
70 72
71 69
71 70
71 72
71 73
71 78
71 79
71 80
72 69
72 70
72 71
72 73
72 74
72 78
72 79
72 80
72 81
73 71
73 72
73 74
73 75
73 76
73 77
73 78
73 79
74 16
74 17
74 20
74 25
74 28
74 72
74 73
74 75
74 76
74 77
74 78
74 79
75 17
75 19
75 20
75 73
75 74
75 76
75 77
76 17
76 73
76 74
76 75
76 77
76 78
77 15
77 16
77 17
77 73
77 74
77 75
77 76
77 78
77 79
78 15
78 16
78 71
78 72
78 73
78 74
78 76
78 77
78 79
78 80
79 13
79 14
79 15
79 16
79 71
79 72
79 73
79 74
79 77
79 78
79 80
79 81
80 13
80 14
80 15
80 71
80 72
80 78
80 79
80 81
80 82
81 11
81 12
81 13
81 14
81 66
81 67
81 72
81 79
81 80
81 82
81 83
82 11
82 12
82 13
82 14
82 67
82 80
82 81
82 83
82 84
83 10
83 11
83 12
83 63
83 81
83 82
83 84
83 85
84 7
84 10
84 11
84 12
84 54
84 82
84 83
84 85
84 86
85 7
85 83
85 84
85 86
85 87
85 89
85 90
86 4
86 7
86 84
86 85
86 87
86 88
86 89
86 90
87 85
87 86
87 88
87 89
87 90
88 86
88 87
88 89
88 90
88 91
88 92
89 85
89 86
89 87
89 88
89 90
89 91
89 92
90 85
90 86
90 87
90 88
90 89
90 91
90 92
91 88
91 89
91 90
91 92
91 93
91 94
92 88
92 89
92 90
92 91
92 93
92 94
92 95
93 91
93 92
93 94
93 95
94 91
94 92
94 93
94 95
94 96
94 97
95 92
95 93
95 94
95 96
95 97
96 94
96 95
96 97
96 98
96 99
97 94
97 95
97 96
97 98
97 99
98 96
98 97
98 99
98 100
99 96
99 97
99 98
99 100
99 101
100 98
100 99
100 101
100 102
101 99
101 100
101 102
101 103
102 100
102 101
102 103
102 104
103 101
103 102
103 104
103 105
104 102
104 103
104 105
104 106
105 103
105 104
105 106
105 107
105 108
106 104
106 105
106 107
106 108
107 105
107 106
107 108
107 109
107 110
108 105
108 106
108 107
108 109
108 110
108 111
108 188
108 189
109 107
109 108
109 110
109 111
109 186
110 107
110 108
110 109
110 111
110 112
110 163
111 108
111 109
111 110
111 112
111 113
111 114
111 163
111 186
111 187
111 189
112 110
112 111
112 113
112 114
112 159
112 160
112 161
112 162
112 163
112 165
112 166
113 111
113 112
113 114
113 115
113 157
113 158
113 159
113 160
113 166
113 186
113 187
114 111
114 112
114 113
114 115
114 116
114 157
114 158
114 159
114 166
114 170
114 184
114 185
114 186
114 187
115 113
115 114
115 116
115 117
115 155
115 156
115 157
115 158
115 184
115 185
115 186
115 187
115 188
116 114
116 115
116 117
116 118
116 119
116 155
116 156
116 157
116 158
116 182
116 183
116 184
116 185
117 115
117 116
117 118
117 119
117 154
117 155
117 156
117 182
117 183
117 184
118 116
118 117
118 119
118 120
118 154
118 155
118 180
118 181
118 182
118 183
119 116
119 117
119 118
119 120
119 121
119 123
119 154
119 155
119 156
119 177
119 180
119 181
119 182
120 118
120 119
120 121
120 122
120 123
120 154
120 177
120 178
120 180
121 119
121 120
121 122
121 123
121 124
121 151
121 152
121 154
122 120
122 121
122 123
122 124
122 178
123 119
123 120
123 121
123 122
123 124
123 125
123 126
123 127
123 128
123 177
123 178
124 121
124 122
124 123
124 125
124 126
124 127
124 128
124 143
125 123
125 124
125 126
125 127
125 128
125 129
125 141
125 142
125 143
126 123
126 124
126 125
126 127
126 128
126 129
126 130
127 123
127 124
127 125
127 126
127 128
127 129
127 130
127 131
128 123
128 124
128 125
128 126
128 127
128 129
128 130
128 131
128 132
128 141
129 125
129 126
129 127
129 128
129 130
129 131
129 132
129 133
129 138
129 141
130 126
130 127
130 128
130 129
130 131
130 132
130 133
130 134
131 127
131 128
131 129
131 130
131 132
131 133
131 134
131 177
132 128
132 129
132 130
132 131
132 133
132 134
132 135
132 136
132 138
132 169
133 129
133 130
133 131
133 132
133 134
133 135
133 136
133 137
133 138
134 130
134 131
134 132
134 133
134 135
134 136
135 132
135 133
135 134
135 136
135 137
135 165
135 166
135 168
135 169
136 132
136 133
136 134
136 135
136 137
136 138
136 160
136 161
136 162
136 165
137 133
137 135
137 136
137 138
137 139
137 160
137 161
137 162
137 165
138 129
138 132
138 133
138 136
138 137
138 139
138 140
138 141
138 158
138 159
138 160
138 161
139 137
139 138
139 140
139 141
139 158
139 159
139 160
139 161
140 138
140 139
140 141
140 142
140 158
140 159
140 160
141 125
141 128
141 129
141 138
141 139
141 140
141 142
141 143
141 156
141 157
141 158
141 159
142 125
142 140
142 141
142 143
142 144
142 156
142 157
142 158
143 124
143 125
143 141
143 142
143 144
143 145
143 152
143 155
143 156
143 157
144 142
144 143
144 145
144 146
144 152
144 153
144 154
144 155
144 156
145 143
145 144
145 146
145 147
145 150
145 151
145 152
145 153
146 144
146 145
146 147
146 148
146 149
146 150
146 151
146 152
146 153
147 145
147 146
147 148
147 149
147 150
147 151
148 146
148 147
148 149
148 150
149 146
149 147
149 148
149 150
149 151
150 145
150 146
150 147
150 148
150 149
150 151
150 152
151 121
151 145
151 146
151 147
151 149
151 150
151 152
151 153
152 121
152 143
152 144
152 145
152 146
152 150
152 151
152 153
152 154
152 155
153 144
153 145
153 146
153 151
153 152
153 154
153 155
154 117
154 118
154 119
154 120
154 121
154 144
154 152
154 153
154 155
154 156
155 115
155 116
155 117
155 118
155 119
155 143
155 144
155 152
155 153
155 154
155 156
155 157
156 115
156 116
156 117
156 119
156 141
156 142
156 143
156 144
156 154
156 155
156 157
156 158
157 113
157 114
157 115
157 116
157 141
157 142
157 143
157 155
157 156
157 158
157 159
157 187
158 113
158 114
158 115
158 116
158 138
158 139
158 140
158 141
158 142
158 156
158 157
158 159
158 160
159 112
159 113
159 114
159 138
159 139
159 140
159 141
159 157
159 158
159 160
159 161
160 112
160 113
160 136
160 137
160 138
160 139
160 140
160 158
160 159
160 161
160 162
160 163
160 165
160 166
161 112
161 136
161 137
161 138
161 139
161 159
161 160
161 162
161 163
161 165
162 112
162 136
162 137
162 160
162 161
162 163
162 164
162 165
162 166
163 110
163 111
163 112
163 160
163 161
163 162
163 164
163 165
163 166
163 167
164 162
164 163
164 165
164 166
164 167
164 168
165 112
165 135
165 136
165 137
165 160
165 161
165 162
165 163
165 164
165 166
165 167
165 168
165 169
166 112
166 113
166 114
166 135
166 160
166 162
166 163
166 164
166 165
166 167
166 168
166 169
166 170
166 186
167 163
167 164
167 165
167 166
167 168
167 169
167 170
167 171
168 135
168 164
168 165
168 166
168 167
168 169
168 170
168 171
168 172
169 132
169 135
169 165
169 166
169 167
169 168
169 170
169 171
169 172
169 173
169 184
170 114
170 166
170 167
170 168
170 169
170 171
170 172
170 173
170 184
170 185
170 186
171 167
171 168
171 169
171 170
171 172
171 173
172 168
172 169
172 170
172 171
172 173
172 174
172 175
172 184
173 169
173 170
173 171
173 172
173 174
173 175
173 183
173 184
173 185
174 172
174 173
174 175
174 176
174 181
174 182
174 183
174 184
175 172
175 173
175 174
175 176
175 177
175 180
175 181
175 182
175 183
175 184
176 174
176 175
176 177
176 178
176 179
176 180
176 181
176 182
177 119
177 120
177 123
177 131
177 175
177 176
177 178
177 179
177 180
177 181
177 182
178 120
178 122
178 123
178 176
178 177
178 179
178 180
179 176
179 177
179 178
179 180
179 181
180 118
180 119
180 120
180 175
180 176
180 177
180 178
180 179
180 181
180 182
181 118
181 119
181 174
181 175
181 176
181 177
181 179
181 180
181 182
181 183
182 116
182 117
182 118
182 119
182 174
182 175
182 176
182 177
182 180
182 181
182 183
182 184
183 116
183 117
183 118
183 173
183 174
183 175
183 181
183 182
183 184
183 185
184 114
184 115
184 116
184 117
184 169
184 170
184 172
184 173
184 174
184 175
184 182
184 183
184 185
184 186
185 114
185 115
185 116
185 170
185 173
185 183
185 184
185 186
185 187
186 109
186 111
186 113
186 114
186 115
186 166
186 170
186 184
186 185
186 187
186 188
187 111
187 113
187 114
187 115
187 157
187 185
187 186
187 188
187 189
188 108
188 115
188 186
188 187
188 189
188 190
189 108
189 111
189 187
189 188
189 190
189 191
190 188
190 189
190 191
190 192
190 193
191 189
191 190
191 192
191 193
191 194
192 190
192 191
192 193
192 194
192 195
193 190
193 191
193 192
193 194
193 195
194 191
194 192
194 193
194 195
194 196
195 192
195 193
195 194
195 196
195 197
196 194
196 195
196 197
196 198
196 199
197 195
197 196
197 198
197 199
198 196
198 197
198 199
198 200
199 196
199 197
199 198
199 200
199 201
200 198
200 199
200 201
200 202
201 199
201 200
201 202
201 203
202 200
202 201
202 203
202 204
203 201
203 202
203 204
203 205
204 202
204 203
204 205
204 206
205 203
205 204
205 206
205 207
206 204
206 205
206 207
206 208
207 205
207 206
207 208
207 209
208 206
208 207
208 209
208 210
209 207
209 208
209 210
209 211
210 208
210 209
210 211
210 212
211 209
211 210
211 212
211 213
212 210
212 211
212 213
212 214
213 211
213 212
213 214
213 215
214 212
214 213
214 215
214 216
215 213
215 214
215 216
215 217
216 214
216 215
216 217
216 218
217 215
217 216
217 218
217 219
218 216
218 217
218 219
218 220
219 217
219 218
219 220
219 221
220 218
220 219
220 221
220 222
221 219
221 220
221 222
221 223
222 220
222 221
222 223
222 224
223 221
223 222
223 224
223 225
224 222
224 223
224 225
224 226
225 223
225 224
225 226
225 227
226 224
226 225
226 227
226 228
227 225
227 226
227 228
227 229
228 226
228 227
228 229
228 230
229 227
229 228
229 230
229 231
230 228
230 229
230 231
230 232
231 229
231 230
231 232
231 233
232 230
232 231
232 233
232 234
233 231
233 232
233 234
233 235
234 232
234 233
234 235
234 236
235 233
235 234
235 236
235 237
236 234
236 235
236 237
236 238
237 235
237 236
237 238
237 239
238 236
238 237
238 239
238 240
239 237
239 238
239 240
239 241
240 238
240 239
240 241
240 242
241 239
241 240
241 242
241 243
242 240
242 241
242 243
242 244
243 241
243 242
243 244
243 245
244 242
244 243
244 245
244 246
245 243
245 244
245 246
245 247
246 244
246 245
246 247
246 248
247 245
247 246
247 248
247 249
248 246
248 247
248 249
248 250
249 247
249 248
249 250
249 251
250 248
250 249
250 251
250 252
251 249
251 250
251 252
251 253
252 250
252 251
252 253
252 254
253 251
253 252
253 254
253 255
254 252
254 253
254 255
254 256
255 253
255 254
255 256
255 257
256 254
256 255
256 257
256 258
257 255
257 256
257 258
257 259
258 256
258 257
258 259
258 260
259 257
259 258
259 260
259 261
260 258
260 259
260 261
260 262
261 259
261 260
261 262
261 263
262 260
262 261
262 263
262 264
263 261
263 262
263 264
263 265
264 262
264 263
264 265
264 266
265 263
265 264
265 266
265 267
266 264
266 265
266 267
266 268
267 265
267 266
267 268
267 269
268 266
268 267
268 269
268 270
269 267
269 268
269 270
269 271
270 268
270 269
270 271
270 272
271 269
271 270
271 272
271 273
272 270
272 271
272 273
272 274
273 271
273 272
273 274
273 275
274 272
274 273
274 275
274 276
275 273
275 274
275 276
275 277
276 274
276 275
276 277
276 278
277 275
277 276
277 278
277 279
278 276
278 277
278 279
278 280
279 277
279 278
279 280
279 281
280 278
280 279
280 281
280 282
281 279
281 280
281 282
281 283
282 280
282 281
282 283
282 284
283 281
283 282
283 284
283 285
284 282
284 283
284 285
284 286
285 283
285 284
285 286
285 287
286 284
286 285
286 287
286 288
287 285
287 286
287 288
287 289
288 286
288 287
288 289
288 290
289 287
289 288
289 290
289 291
290 288
290 289
290 291
290 292
291 289
291 290
291 292
291 293
292 290
292 291
292 293
292 294
293 291
293 292
293 294
293 295
294 292
294 293
294 295
294 296
295 293
295 294
295 296
295 297
296 294
296 295
296 297
296 298
297 295
297 296
297 298
297 299
298 296
298 297
298 299
298 300
299 297
299 298
299 300
299 301
300 298
300 299
300 301
300 302
301 299
301 300
301 302
301 303
302 300
302 301
302 303
302 304
303 301
303 302
303 304
303 305
304 302
304 303
304 305
304 306
305 303
305 304
305 306
305 307
306 304
306 305
306 307
306 308
307 305
307 306
307 308
307 309
308 306
308 307
308 309
308 310
309 307
309 308
309 310
309 311
310 308
310 309
310 311
310 312
311 309
311 310
311 312
311 313
312 310
312 311
312 313
312 314
313 311
313 312
313 314
313 315
314 312
314 313
314 315
314 316
315 313
315 314
315 316
315 317
316 314
316 315
316 317
316 318
317 315
317 316
317 318
317 319
318 316
318 317
318 319
318 320
319 317
319 318
319 320
319 321
320 318
320 319
320 321
320 322
321 319
321 320
321 322
321 323
322 320
322 321
322 323
322 324
323 321
323 322
323 324
323 325
324 322
324 323
324 325
324 326
325 323
325 324
325 326
325 327
326 324
326 325
326 327
326 328
327 325
327 326
327 328
327 329
328 326
328 327
328 329
328 330
329 327
329 328
329 330
329 331
330 328
330 329
330 331
330 332
331 329
331 330
331 332
331 333
332 330
332 331
332 333
332 334
333 331
333 332
333 334
333 335
334 332
334 333
334 335
334 336
335 333
335 334
335 336
335 337
336 334
336 335
336 337
336 338
337 335
337 336
337 338
337 339
338 336
338 337
338 339
338 340
339 337
339 338
339 340
339 341
340 338
340 339
340 341
340 342
341 339
341 340
341 342
341 343
342 340
342 341
342 343
342 344
343 341
343 342
343 344
343 345
344 342
344 343
344 345
344 346
345 343
345 344
345 346
345 347
346 344
346 345
346 347
346 348
347 345
347 346
347 348
347 349
348 346
348 347
348 349
348 350
349 347
349 348
349 350
349 351
350 348
350 349
350 351
350 352
351 349
351 350
351 352
351 353
352 350
352 351
352 353
352 354
353 351
353 352
353 354
353 355
354 352
354 353
354 355
354 356
355 353
355 354
355 356
355 357
356 354
356 355
356 357
356 358
357 355
357 356
357 358
357 359
358 356
358 357
358 359
358 360
359 357
359 358
359 360
359 361
360 358
360 359
360 361
360 362
361 359
361 360
361 362
361 363
362 360
362 361
362 363
362 364
363 361
363 362
363 364
363 365
364 362
364 363
364 365
364 366
365 363
365 364
365 366
365 367
366 364
366 365
366 367
366 368
367 365
367 366
367 368
367 369
368 366
368 367
368 369
368 370
369 367
369 368
369 370
369 371
370 368
370 369
370 371
370 372
371 369
371 370
371 372
371 373
372 370
372 371
372 373
372 374
373 371
373 372
373 374
373 375
374 372
374 373
374 375
374 376
375 373
375 374
375 376
375 377
376 374
376 375
376 377
376 378
377 375
377 376
377 378
377 379
378 376
378 377
378 379
378 380
379 377
379 378
379 380
379 381
380 378
380 379
380 381
380 382
381 379
381 380
381 382
381 383
382 380
382 381
382 383
382 384
383 381
383 382
383 384
383 385
384 382
384 383
384 385
384 386
385 383
385 384
385 386
385 387
386 384
386 385
386 387
386 388
387 385
387 386
387 388
387 389
388 386
388 387
388 389
388 390
389 387
389 388
389 390
389 391
390 388
390 389
390 391
390 392
391 389
391 390
391 392
391 393
392 390
392 391
392 393
392 394
393 391
393 392
393 394
393 395
394 392
394 393
394 395
394 396
395 393
395 394
395 396
395 397
396 394
396 395
396 397
396 398
397 395
397 396
397 398
397 399
398 396
398 397
398 399
398 400
399 397
399 398
399 400
399 401
400 398
400 399
400 401
400 402
401 399
401 400
401 402
401 403
402 400
402 401
402 403
402 404
403 401
403 402
403 404
403 405
404 402
404 403
404 405
404 406
405 403
405 404
405 406
406 404
406 405
