0 1
0 2
1 0
1 2
1 3
2 0
2 1
2 3
2 4
3 1
3 2
3 4
3 5
4 2
4 3
4 5
4 6
5 3
5 4
5 6
5 7
6 4
6 5
6 7
6 8
7 5
7 6
7 8
7 9
8 6
8 7
8 9
8 10
8 12
8 13
9 7
9 8
9 10
9 11
9 12
9 13
10 8
10 9
10 11
10 12
10 13
10 14
11 9
11 10
11 12
11 13
11 14
11 15
12 8
12 9
12 10
12 11
12 13
12 14
12 15
12 16
13 8
13 9
13 10
13 11
13 12
13 14
13 15
13 16
13 17
14 10
14 11
14 12
14 13
14 15
14 16
14 17
14 18
15 11
15 12
15 13
15 14
15 16
15 17
15 18
16 12
16 13
16 14
16 15
16 17
16 18
17 13
17 14
17 15
17 16
17 18
17 19
18 14
18 15
18 16
18 17
18 19
18 20
19 17
19 18
19 20
19 21
20 18
20 19
20 21
20 22
21 19
21 20
21 22
21 23
22 20
22 21
22 23
22 24
23 21
23 22
23 24
23 25
24 22
24 23
24 25
24 26
25 23
25 24
25 26
25 27
26 24
26 25
26 27
26 28
27 25
27 26
27 28
27 29
28 26
28 27
28 29
28 30
29 27
29 28
29 30
29 31
30 28
30 29
30 31
30 32
31 29
31 30
31 32
31 33
32 30
32 31
32 33
32 34
33 31
33 32
33 34
33 35
34 32
34 33
34 35
34 36
35 33
35 34
35 36
35 37
36 34
36 35
36 37
36 38
37 35
37 36
37 38
37 39
38 36
38 37
38 39
38 40
39 37
39 38
39 40
39 41
40 38
40 39
40 41
40 42
41 39
41 40
41 42
41 43
42 40
42 41
42 43
42 44
43 41
43 42
43 44
43 45
44 42
44 43
44 45
44 46
45 43
45 44
45 46
45 47
46 44
46 45
46 47
46 48
47 45
47 46
47 48
47 49
48 46
48 47
48 49
48 50
49 47
49 48
49 50
49 51
50 48
50 49
50 51
50 52
51 49
51 50
51 52
51 53
52 50
52 51
52 53
52 54
53 51
53 52
53 54
53 55
54 52
54 53
54 55
54 56
55 53
55 54
55 56
55 57
56 54
56 55
56 57
56 58
57 55
57 56
57 58
57 59
58 56
58 57
58 59
58 60
59 57
59 58
59 60
59 61
60 58
60 59
60 61
60 62
60 64
61 59
61 60
61 62
61 63
61 64
62 60
62 61
62 63
62 64
62 65
63 61
63 62
63 64
63 65
64 60
64 61
64 62
64 63
64 65
64 66
64 68
64 69
65 62
65 63
65 64
65 66
65 67
65 68
65 69
66 64
66 65
66 67
66 68
66 69
66 70
67 65
67 66
67 68
67 69
67 70
67 71
68 64
68 65
68 66
68 67
68 69
68 70
68 71
68 72
69 64
69 65
69 66
69 67
69 68
69 70
69 71
69 72
69 73
70 66
70 67
70 68
70 69
70 71
70 72
70 73
70 74
71 67
71 68
71 69
71 70
71 72
71 73
71 74
71 75
72 68
72 69
72 70
72 71
72 73
72 74
72 75
73 69
73 70
73 71
73 72
73 74
73 75
74 70
74 71
74 72
74 73
74 75
74 76
75 71
75 72
75 73
75 74
75 76
75 77
76 74
76 75
76 77
76 78
77 75
77 76
77 78
77 79
78 76
78 77
78 79
78 80
78 81
79 77
79 78
79 80
79 81
80 78
80 79
80 81
80 82
81 78
81 79
81 80
81 82
81 83
82 80
82 81
82 83
82 84
83 81
83 82
83 84
83 85
84 82
84 83
84 85
84 86
85 83
85 84
85 86
85 87
86 84
86 85
86 87
86 88
86 89
86 90
86 91
87 85
87 86
87 88
87 89
87 90
87 91
88 86
88 87
88 89
88 90
88 91
88 92
89 86
89 87
89 88
89 90
89 91
89 92
89 93
90 86
90 87
90 88
90 89
90 91
90 92
90 93
91 86
91 87
91 88
91 89
91 90
91 92
91 93
92 88
92 89
92 90
92 91
92 93
92 94
92 95
93 89
93 90
93 91
93 92
93 94
93 95
94 92
94 93
94 95
94 96
95 92
95 93
95 94
95 96
95 97
96 94
96 95
96 97
96 98
97 95
97 96
97 98
97 99
98 96
98 97
98 99
98 100
99 97
99 98
99 100
99 101
100 98
100 99
100 101
100 102
101 99
101 100
101 102
101 103
102 100
102 101
102 103
102 104
103 101
103 102
103 104
103 105
104 102
104 103
104 105
104 106
105 103
105 104
105 106
105 107
106 104
106 105
106 107
106 108
107 105
107 106
107 108
107 109
108 106
108 107
108 109
108 110
109 107
109 108
109 110
109 111
110 108
110 109
110 111
110 112
111 109
111 110
111 112
111 113
112 110
112 111
112 113
112 114
113 111
113 112
113 114
113 115
114 112
114 113
114 115
114 116
115 113
115 114
115 116
115 117
116 114
116 115
116 117
116 118
117 115
117 116
117 118
117 119
118 116
118 117
118 119
118 120
119 117
119 118
119 120
119 121
120 118
120 119
120 121
120 122
121 119
121 120
121 122
121 123
122 120
122 121
122 123
122 124
123 121
123 122
123 124
123 125
124 122
124 123
124 125
124 126
125 123
125 124
125 126
125 127
126 124
126 125
126 127
126 128
127 125
127 126
127 128
127 129
128 126
128 127
128 129
128 130
129 127
129 128
129 130
129 131
130 128
130 129
130 131
130 132
131 129
131 130
131 132
131 133
132 130
132 131
132 133
132 134
133 131
133 132
133 134
133 135
134 132
134 133
134 135
134 136
135 133
135 134
135 136
135 137
136 134
136 135
136 137
136 138
137 135
137 136
137 138
137 139
138 136
138 137
138 139
138 140
139 137
139 138
139 140
139 141
140 138
140 139
140 141
140 142
140 419
140 420
141 139
141 140
141 142
141 143
141 419
142 140
142 141
142 143
142 144
142 419
143 141
143 142
143 144
143 145
144 142
144 143
144 145
144 146
145 143
145 144
145 146
145 147
146 144
146 145
146 147
146 148
147 145
147 146
147 148
147 149
148 146
148 147
148 149
148 150
149 147
149 148
149 150
149 151
150 148
150 149
150 151
150 152
151 149
151 150
151 152
151 153
152 150
152 151
152 153
152 154
153 151
153 152
153 154
153 155
154 152
154 153
154 155
154 156
155 153
155 154
155 156
155 157
156 154
156 155
156 157
156 158
157 155
157 156
157 158
157 159
158 156
158 157
158 159
158 160
159 157
159 158
159 160
159 161
160 158
160 159
160 161
160 162
161 159
161 160
161 162
161 163
162 160
162 161
162 163
162 164
163 161
163 162
163 164
163 165
164 162
164 163
164 165
164 166
165 163
165 164
165 166
165 167
166 164
166 165
166 167
166 168
167 165
167 166
167 168
167 169
168 166
168 167
168 169
168 170
169 167
169 168
169 170
169 171
170 168
170 169
170 171
170 172
171 169
171 170
171 172
171 173
172 170
172 171
172 173
172 174
173 171
173 172
173 174
173 175
174 172
174 173
174 175
174 176
175 173
175 174
175 176
175 177
176 174
176 175
176 177
176 178
177 175
177 176
177 178
177 179
178 176
178 177
178 179
178 180
179 177
179 178
179 180
179 181
180 178
180 179
180 181
180 182
181 179
181 180
181 182
181 183
182 180
182 181
182 183
182 184
183 181
183 182
183 184
183 185
184 182
184 183
184 185
184 186
185 183
185 184
185 186
185 187
186 184
186 185
186 187
186 188
187 185
187 186
187 188
187 189
188 186
188 187
188 189
188 190
189 187
189 188
189 190
189 191
190 188
190 189
190 191
190 192
191 189
191 190
191 192
191 193
192 190
192 191
192 193
192 194
193 191
193 192
193 194
193 195
194 192
194 193
194 195
194 196
195 193
195 194
195 196
195 197
196 194
196 195
196 197
196 198
197 195
197 196
197 198
197 199
198 196
198 197
198 199
198 200
199 197
199 198
199 200
199 201
200 198
200 199
200 201
200 202
200 203
201 199
201 200
201 202
201 203
201 204
202 200
202 201
202 203
202 204
202 205
203 200
203 201
203 202
203 204
203 205
203 206
203 207
204 201
204 202
204 203
204 205
204 206
204 207
204 208
205 202
205 203
205 204
205 206
205 207
205 208
205 209
206 203
206 204
206 205
206 207
206 208
206 209
206 210
207 203
207 204
207 205
207 206
207 208
207 209
207 210
207 211
208 204
208 205
208 206
208 207
208 209
208 210
208 211
208 212
209 205
209 206
209 207
209 208
209 210
209 211
209 212
209 213
210 206
210 207
210 208
210 209
210 211
210 212
210 213
210 214
211 207
211 208
211 209
211 210
211 212
211 213
211 214
211 215
212 208
212 209
212 210
212 211
212 213
212 214
212 215
212 216
213 209
213 210
213 211
213 212
213 214
213 215
213 216
213 217
214 210
214 211
214 212
214 213
214 215
214 216
214 217
214 218
215 211
215 212
215 213
215 214
215 216
215 217
215 218
215 219
216 212
216 213
216 214
216 215
216 217
216 218
216 219
216 220
217 213
217 214
217 215
217 216
217 218
217 219
217 220
217 221
218 214
218 215
218 216
218 217
218 219
218 220
218 221
218 222
219 215
219 216
219 217
219 218
219 220
219 221
219 222
219 223
220 216
220 217
220 218
220 219
220 221
220 222
220 223
220 224
221 217
221 218
221 219
221 220
221 222
221 223
221 224
221 225
222 218
222 219
222 220
222 221
222 223
222 224
222 225
222 226
223 219
223 220
223 221
223 222
223 224
223 225
223 226
223 227
224 220
224 221
224 222
224 223
224 225
224 226
224 227
224 228
225 221
225 222
225 223
225 224
225 226
225 227
225 228
225 229
226 222
226 223
226 224
226 225
226 227
226 228
226 229
226 230
227 223
227 224
227 225
227 226
227 228
227 229
227 230
227 231
228 224
228 225
228 226
228 227
228 229
228 230
228 231
228 232
229 225
229 226
229 227
229 228
229 230
229 231
229 232
229 233
230 226
230 227
230 228
230 229
230 231
230 232
230 233
230 234
231 227
231 228
231 229
231 230
231 232
231 233
231 234
231 235
232 228
232 229
232 230
232 231
232 233
232 234
232 235
232 236
233 229
233 230
233 231
233 232
233 234
233 235
233 236
233 237
234 230
234 231
234 232
234 233
234 235
234 236
234 237
235 231
235 232
235 233
235 234
235 236
235 237
235 238
236 232
236 233
236 234
236 235
236 237
236 238
237 233
237 234
237 235
237 236
237 238
237 239
237 240
238 235
238 236
238 237
238 239
238 240
238 241
239 237
239 238
239 240
239 241
239 242
240 237
240 238
240 239
240 241
240 242
241 238
241 239
241 240
241 242
241 243
242 239
242 240
242 241
242 243
242 244
243 241
243 242
243 244
243 245
244 242
244 243
244 245
244 246
245 243
245 244
245 246
245 247
246 244
246 245
246 247
246 248
247 245
247 246
247 248
247 249
248 246
248 247
248 249
248 250
248 251
249 247
249 248
249 250
249 251
250 248
250 249
250 251
250 252
251 248
251 249
251 250
251 252
251 253
252 250
252 251
252 253
252 254
253 251
253 252
253 254
253 255
253 256
254 252
254 253
254 255
254 256
255 253
255 254
255 256
255 257
255 258
256 253
256 254
256 255
256 257
256 258
257 255
257 256
257 258
257 259
258 255
258 256
258 257
258 259
258 260
259 257
259 258
259 260
259 261
259 262
260 258
260 259
260 261
260 262
261 259
261 260
261 262
261 263
262 259
262 260
262 261
262 263
262 264
263 261
263 262
263 264
263 265
264 262
264 263
264 265
264 266
265 263
265 264
265 266
265 267
266 264
266 265
266 267
266 268
267 265
267 266
267 268
267 269
268 266
268 267
268 269
268 270
269 267
269 268
269 270
269 271
270 268
270 269
270 271
270 272
270 273
270 274
271 269
271 270
271 272
271 273
271 274
272 270
272 271
272 273
272 274
272 275
273 270
273 271
273 272
273 274
273 275
273 276
274 270
274 271
274 272
274 273
274 275
274 276
275 272
275 273
275 274
275 276
275 277
276 273
276 274
276 275
276 277
276 278
276 279
276 280
277 275
277 276
277 278
277 279
277 280
278 276
278 277
278 279
278 280
279 276
279 277
279 278
279 280
279 281
279 282
280 276
280 277
280 278
280 279
280 281
280 282
281 279
281 280
281 282
281 283
282 279
282 280
282 281
282 283
282 284
283 281
283 282
283 284
283 285
284 282
284 283
284 285
284 286
285 283
285 284
285 286
285 287
285 288
285 289
286 284
286 285
286 287
286 288
287 285
287 286
287 288
287 289
287 290
287 291
287 292
288 285
288 286
288 287
288 289
288 290
288 291
288 292
289 285
289 287
289 288
289 290
289 291
289 292
289 293
290 287
290 288
290 289
290 291
290 292
290 293
290 294
291 287
291 288
291 289
291 290
291 292
291 293
291 294
291 295
292 287
292 288
292 289
292 290
292 291
292 293
292 294
292 295
292 296
293 289
293 290
293 291
293 292
293 294
293 295
293 296
293 297
294 290
294 291
294 292
294 293
294 295
294 296
294 297
294 298
295 291
295 292
295 293
295 294
295 296
295 297
295 298
295 299
296 292
296 293
296 294
296 295
296 297
296 298
296 299
296 300
297 293
297 294
297 295
297 296
297 298
297 299
297 300
297 301
298 294
298 295
298 296
298 297
298 299
298 300
298 301
298 302
299 295
299 296
299 297
299 298
299 300
299 301
299 302
299 303
300 296
300 297
300 298
300 299
300 301
300 302
300 303
300 304
301 297
301 298
301 299
301 300
301 302
301 303
301 304
301 305
302 298
302 299
302 300
302 301
302 303
302 304
302 305
303 299
303 300
303 301
303 302
303 304
303 305
303 306
304 300
304 301
304 302
304 303
304 305
304 306
305 301
305 302
305 303
305 304
305 306
305 307
306 303
306 304
306 305
306 307
306 308
306 309
307 305
307 306
307 308
307 309
308 306
308 307
308 309
308 310
309 306
309 307
309 308
309 310
309 311
309 312
310 308
310 309
310 311
310 312
311 309
311 310
311 312
311 313
312 309
312 310
312 311
312 313
312 314
313 311
313 312
313 314
313 315
313 316
314 312
314 313
314 315
314 316
315 313
315 314
315 316
315 317
315 318
316 313
316 314
316 315
316 317
316 318
316 319
316 372
317 315
317 316
317 318
317 319
317 320
317 372
317 373
318 315
318 316
318 317
318 319
318 320
318 321
318 372
318 373
319 316
319 317
319 318
319 320
319 321
319 366
319 369
319 371
319 372
319 373
320 317
320 318
320 319
320 321
320 322
320 365
320 373
321 318
321 319
321 320
321 322
321 323
321 365
321 366
321 367
322 320
322 321
322 323
322 324
322 326
322 327
322 365
323 321
323 322
323 324
323 325
323 326
323 327
323 398
324 322
324 323
324 325
324 326
324 327
324 395
324 396
324 397
324 398
325 323
325 324
325 326
325 327
325 328
326 322
326 323
326 324
326 325
326 327
326 328
327 322
327 323
327 324
327 325
327 326
327 328
327 329
327 331
327 332
327 395
327 396
328 325
328 326
328 327
328 329
328 330
328 331
328 332
329 327
329 328
329 330
329 331
329 332
329 333
330 328
330 329
330 331
330 332
330 333
330 334
331 327
331 328
331 329
331 330
331 332
331 333
331 334
331 335
331 362
332 327
332 328
332 329
332 330
332 331
332 333
332 334
332 335
332 362
332 392
333 329
333 330
333 331
333 332
333 334
333 335
334 330
334 331
334 332
334 333
334 335
334 336
334 361
334 362
335 331
335 332
335 333
335 334
335 336
335 337
335 361
335 362
335 363
335 379
335 380
335 391
335 392
336 334
336 335
336 337
336 338
336 339
336 341
336 342
336 361
336 362
336 379
336 380
336 381
337 335
337 336
337 338
337 339
337 341
337 380
337 381
338 336
338 337
338 339
338 340
338 341
338 342
338 380
338 381
339 336
339 337
339 338
339 340
339 341
339 342
339 381
340 338
340 339
340 341
340 342
341 336
341 337
341 338
341 339
341 340
341 342
341 343
342 336
342 338
342 339
342 340
342 341
342 343
342 344
342 359
342 360
342 361
343 341
343 342
343 344
343 345
343 359
343 360
343 361
344 342
344 343
344 345
344 346
344 349
344 357
344 358
344 359
344 360
345 343
345 344
345 346
345 347
345 348
345 349
345 358
345 359
345 360
346 344
346 345
346 347
346 348
346 349
346 358
346 359
347 345
347 346
347 348
347 349
348 345
348 346
348 347
348 349
348 350
348 359
348 360
349 344
349 345
349 346
349 347
349 348
349 350
349 351
349 358
349 359
349 360
349 361
350 348
350 349
350 351
350 352
350 357
350 358
350 359
350 360
351 349
351 350
351 352
351 353
351 356
351 357
351 358
351 359
351 374
351 377
352 350
352 351
352 353
352 354
352 355
352 356
352 357
352 358
352 359
352 363
352 374
352 377
352 378
352 379
353 351
353 352
353 354
353 355
353 356
353 374
353 375
353 376
353 377
353 378
354 352
354 353
354 355
354 356
354 378
354 382
354 411
355 352
355 353
355 354
355 356
355 357
355 382
356 351
356 352
356 353
356 354
356 355
356 357
356 358
357 344
357 350
357 351
357 352
357 355
357 356
357 358
357 359
358 344
358 345
358 346
358 349
358 350
358 351
358 352
358 356
358 357
358 359
358 360
359 342
359 343
359 344
359 345
359 346
359 348
359 349
359 350
359 351
359 352
359 357
359 358
359 360
359 361
360 342
360 343
360 344
360 345
360 348
360 349
360 350
360 358
360 359
360 361
360 362
361 334
361 335
361 336
361 342
361 343
361 349
361 359
361 360
361 362
361 363
361 379
362 331
362 332
362 334
362 335
362 336
362 360
362 361
362 363
362 364
362 379
363 335
363 352
363 361
363 362
363 364
363 365
363 377
363 378
363 379
363 380
363 391
364 362
364 363
364 365
364 366
364 376
364 377
364 378
364 379
364 391
364 394
364 395
365 320
365 321
365 322
365 363
365 364
365 366
365 367
365 376
365 377
365 395
365 402
366 319
366 321
366 364
366 365
366 367
366 368
366 371
366 375
366 376
366 377
366 400
366 401
366 402
367 321
367 365
367 366
367 368
367 369
367 371
367 398
367 399
367 400
367 401
368 366
368 367
368 369
368 370
368 371
368 400
368 401
368 405
369 319
369 367
369 368
369 370
369 371
370 368
370 369
370 371
370 372
371 319
371 366
371 367
371 368
371 369
371 370
371 372
371 373
371 375
371 376
371 405
372 316
372 317
372 318
372 319
372 370
372 371
372 373
372 374
372 375
372 376
373 317
373 318
373 319
373 320
373 371
373 372
373 374
373 375
373 376
373 377
374 351
374 352
374 353
374 372
374 373
374 375
374 376
374 377
375 353
375 366
375 371
375 372
375 373
375 374
375 376
375 377
375 402
375 404
376 353
376 364
376 365
376 366
376 371
376 372
376 373
376 374
376 375
376 377
376 378
376 401
376 402
376 403
376 404
377 351
377 352
377 353
377 363
377 364
377 365
377 366
377 373
377 374
377 375
377 376
377 378
377 379
377 402
378 352
378 353
378 354
378 363
378 364
378 376
378 377
378 379
378 380
378 382
378 383
378 391
379 335
379 336
379 352
379 361
379 362
379 363
379 364
379 377
379 378
379 380
379 381
379 382
379 383
379 391
380 335
380 336
380 337
380 338
380 363
380 378
380 379
380 381
380 382
380 383
380 384
380 390
380 391
381 336
381 337
381 338
381 339
381 379
381 380
381 382
381 383
381 384
381 385
382 354
382 355
382 378
382 379
382 380
382 381
382 383
382 384
382 385
382 386
382 387
383 378
383 379
383 380
383 381
383 382
383 384
383 385
383 386
383 387
383 388
383 389
383 390
383 391
384 380
384 381
384 382
384 383
384 385
384 386
384 387
384 388
384 389
384 390
384 391
384 437
385 381
385 382
385 383
385 384
385 386
385 387
385 388
385 389
385 427
385 436
385 437
385 438
386 382
386 383
386 384
386 385
386 387
386 388
386 410
386 427
386 437
386 438
386 439
387 382
387 383
387 384
387 385
387 386
387 388
387 389
387 403
387 437
387 438
387 439
387 440
388 383
388 384
388 385
388 386
388 387
388 389
388 390
388 436
388 437
388 438
388 439
388 440
389 383
389 384
389 385
389 387
389 388
389 390
389 391
389 393
389 394
390 380
390 383
390 384
390 388
390 389
390 391
390 392
390 393
390 394
391 335
391 363
391 364
391 378
391 379
391 380
391 383
391 384
391 389
391 390
391 392
391 393
391 394
391 395
392 332
392 335
392 390
392 391
392 393
392 394
392 395
392 396
393 389
393 390
393 391
393 392
393 394
393 395
393 396
393 397
394 364
394 389
394 390
394 391
394 392
394 393
394 395
394 396
394 397
394 400
395 324
395 327
395 364
395 365
395 391
395 392
395 393
395 394
395 396
395 397
395 398
395 400
396 324
396 327
396 392
396 393
396 394
396 395
396 397
396 398
397 324
397 393
397 394
397 395
397 396
397 398
397 399
397 400
398 323
398 324
398 367
398 395
398 396
398 397
398 399
398 400
399 367
399 397
399 398
399 400
399 401
400 366
400 367
400 368
400 394
400 395
400 397
400 398
400 399
400 401
400 402
401 366
401 367
401 368
401 376
401 399
401 400
401 402
401 403
401 405
401 406
402 365
402 366
402 375
402 376
402 377
402 400
402 401
402 403
402 404
402 405
402 406
403 376
403 387
403 401
403 402
403 404
403 405
403 406
403 407
403 408
403 409
404 375
404 376
404 402
404 403
404 405
404 406
404 407
404 408
404 409
404 414
405 368
405 371
405 401
405 402
405 403
405 404
405 406
405 407
405 408
406 401
406 402
406 403
406 404
406 405
406 407
406 408
406 409
407 403
407 404
407 405
407 406
407 408
407 409
408 403
408 404
408 405
408 406
408 407
408 409
408 410
409 403
409 404
409 406
409 407
409 408
409 410
409 411
409 414
409 415
410 386
410 408
410 409
410 411
410 412
410 414
410 415
410 422
410 423
410 439
411 354
411 409
411 410
411 412
411 413
411 414
411 415
411 422
411 423
412 410
412 411
412 413
412 414
412 415
412 416
412 421
412 422
412 423
412 424
413 411
413 412
413 414
413 415
413 416
413 417
413 422
414 404
414 409
414 410
414 411
414 412
414 413
414 415
414 416
414 417
414 418
415 409
415 410
415 411
415 412
415 413
415 414
415 416
415 417
415 418
415 419
415 420
415 421
415 422
415 423
416 412
416 413
416 414
416 415
416 417
416 418
416 419
416 420
416 421
416 422
417 413
417 414
417 415
417 416
417 418
417 419
417 420
418 414
418 415
418 416
418 417
418 419
418 420
419 140
419 141
419 142
419 415
419 416
419 417
419 418
419 420
419 421
420 140
420 415
420 416
420 417
420 418
420 419
420 421
420 422
421 412
421 415
421 416
421 419
421 420
421 422
421 423
422 410
422 411
422 412
422 413
422 415
422 416
422 420
422 421
422 423
422 424
423 410
423 411
423 412
423 415
423 421
423 422
423 424
423 425
423 426
424 412
424 422
424 423
424 425
424 426
425 423
425 424
425 426
425 427
425 428
426 423
426 424
426 425
426 427
426 428
426 429
426 430
426 438
427 385
427 386
427 425
427 426
427 428
427 429
427 430
427 431
427 437
427 438
428 425
428 426
428 427
428 429
428 430
428 431
428 432
429 426
429 427
429 428
429 430
429 431
429 432
429 433
430 426
430 427
430 428
430 429
430 431
430 432
430 433
430 434
430 435
430 436
430 437
430 438
430 441
431 427
431 428
431 429
431 430
431 432
431 433
431 434
431 435
431 436
431 437
432 428
432 429
432 430
432 431
432 433
432 434
432 435
433 429
433 430
433 431
433 432
433 434
433 435
434 430
434 431
434 432
434 433
434 435
434 436
435 430
435 431
435 432
435 433
435 434
435 436
435 437
435 438
435 440
435 441
436 385
436 388
436 430
436 431
436 434
436 435
436 437
436 438
436 440
437 384
437 385
437 386
437 387
437 388
437 427
437 430
437 431
437 435
437 436
437 438
437 439
437 440
437 441
438 385
438 386
438 387
438 388
438 426
438 427
438 430
438 435
438 436
438 437
438 439
438 440
438 441
438 442
439 386
439 387
439 388
439 410
439 437
439 438
439 440
439 441
439 442
439 443
440 387
440 388
440 435
440 436
440 437
440 438
440 439
440 441
440 442
440 443
440 444
441 430
441 435
441 437
441 438
441 439
441 440
441 442
441 443
441 444
441 445
442 438
442 439
442 440
442 441
442 443
442 444
442 445
442 446
443 439
443 440
443 441
443 442
443 444
443 445
443 446
443 447
444 440
444 441
444 442
444 443
444 445
444 446
444 447
444 448
445 441
445 442
445 443
445 444
445 446
445 447
445 448
445 449
446 442
446 443
446 444
446 445
446 447
446 448
446 449
446 450
447 443
447 444
447 445
447 446
447 448
447 449
447 450
447 451
448 444
448 445
448 446
448 447
448 449
448 450
448 451
448 452
449 445
449 446
449 447
449 448
449 450
449 451
449 452
449 453
450 446
450 447
450 448
450 449
450 451
450 452
450 453
451 447
451 448
451 449
451 450
451 452
451 453
452 448
452 449
452 450
452 451
452 453
453 449
453 450
453 451
453 452
