0 1
0 2
1 0
1 2
1 3
2 0
2 1
2 3
2 4
3 1
3 2
3 4
3 5
4 2
4 3
4 5
4 6
5 3
5 4
5 6
5 7
6 4
6 5
6 7
6 8
7 5
7 6
7 8
7 9
8 6
8 7
8 9
8 10
9 7
9 8
9 10
9 11
10 8
10 9
10 11
10 12
11 9
11 10
11 12
11 13
12 10
12 11
12 13
12 14
13 11
13 12
13 14
13 15
14 12
14 13
14 15
14 16
15 13
15 14
15 16
15 17
16 14
16 15
16 17
16 18
17 15
17 16
17 18
17 19
18 16
18 17
18 19
18 20
19 17
19 18
19 20
19 21
20 18
20 19
20 21
20 22
21 19
21 20
21 22
21 23
22 20
22 21
22 23
22 24
23 21
23 22
23 24
23 25
24 22
24 23
24 25
24 26
25 23
25 24
25 26
25 27
26 24
26 25
26 27
26 28
27 25
27 26
27 28
27 29
28 26
28 27
28 29
28 30
29 27
29 28
29 30
29 31
30 28
30 29
30 31
30 32
31 29
31 30
31 32
31 33
32 30
32 31
32 33
32 34
32 35
33 31
33 32
33 34
33 35
34 32
34 33
34 35
34 36
35 32
35 33
35 34
35 36
35 37
36 34
36 35
36 37
36 38
37 35
37 36
37 38
37 39
37 40
38 36
38 37
38 39
38 40
38 41
39 37
39 38
39 40
39 41
40 37
40 38
40 39
40 41
40 42
41 38
41 39
41 40
41 42
41 43
42 40
42 41
42 43
42 44
42 46
42 47
43 41
43 42
43 44
43 45
43 46
43 47
44 42
44 43
44 45
44 46
44 47
44 48
44 140
44 141
45 43
45 44
45 46
45 47
45 48
45 49
45 134
45 140
45 141
45 173
45 174
46 42
46 43
46 44
46 45
46 47
46 48
46 49
46 50
47 42
47 43
47 44
47 45
47 46
47 48
47 49
47 50
47 51
47 103
47 104
47 107
48 44
48 45
48 46
48 47
48 49
48 50
48 51
48 52
48 104
48 107
48 130
48 134
48 140
48 141
49 45
49 46
49 47
49 48
49 50
49 51
49 52
49 53
49 130
49 134
50 46
50 47
50 48
50 49
50 51
50 52
50 53
50 54
50 104
51 47
51 48
51 49
51 50
51 52
51 53
51 54
51 55
51 96
51 97
51 104
51 108
52 48
52 49
52 50
52 51
52 53
52 54
52 55
52 56
52 96
52 129
52 130
53 49
53 50
53 51
53 52
53 54
53 55
53 56
53 57
54 50
54 51
54 52
54 53
54 55
54 56
54 57
54 58
54 95
54 96
54 97
55 51
55 52
55 53
55 54
55 56
55 57
55 58
55 59
55 92
55 93
55 95
55 96
56 52
56 53
56 54
56 55
56 57
56 58
56 59
56 60
57 53
57 54
57 55
57 56
57 58
57 59
57 60
57 61
58 54
58 55
58 56
58 57
58 59
58 60
58 61
58 62
58 92
58 93
58 95
58 96
59 55
59 56
59 57
59 58
59 60
59 61
59 62
59 63
59 92
60 56
60 57
60 58
60 59
60 61
60 62
60 63
61 57
61 58
61 59
61 60
61 62
61 63
61 64
62 58
62 59
62 60
62 61
62 63
62 64
62 65
62 88
62 92
63 59
63 60
63 61
63 62
63 64
63 65
63 83
64 61
64 62
64 63
64 65
64 66
64 79
65 62
65 63
65 64
65 66
65 67
65 68
65 79
65 82
66 64
66 65
66 67
66 68
66 75
66 78
66 79
66 82
67 65
67 66
67 68
67 69
67 82
67 87
68 65
68 66
68 67
68 69
68 70
69 67
69 68
69 70
69 71
70 68
70 69
70 71
70 72
70 73
70 74
70 75
71 69
71 70
71 72
71 73
71 74
71 75
72 70
72 71
72 73
72 74
72 75
72 76
73 70
73 71
73 72
73 74
73 75
73 76
73 77
74 70
74 71
74 72
74 73
74 75
74 76
74 77
74 78
75 66
75 70
75 71
75 72
75 73
75 74
75 76
75 77
75 78
75 79
76 72
76 73
76 74
76 75
76 77
76 78
76 79
76 80
77 73
77 74
77 75
77 76
77 78
77 79
77 80
77 81
78 66
78 74
78 75
78 76
78 77
78 79
78 80
78 81
78 82
79 64
79 65
79 66
79 75
79 76
79 77
79 78
79 80
79 81
79 82
79 83
80 76
80 77
80 78
80 79
80 81
80 82
80 83
80 84
81 77
81 78
81 79
81 80
81 82
81 83
81 84
81 85
82 65
82 66
82 67
82 78
82 79
82 80
82 81
82 83
82 84
82 85
82 87
82 88
83 63
83 79
83 80
83 81
83 82
83 84
83 85
83 88
84 80
84 81
84 82
84 83
84 85
84 86
84 88
84 89
84 119
84 120
85 81
85 82
85 83
85 84
85 86
85 87
85 88
85 89
86 84
86 85
86 87
86 88
86 89
86 90
87 67
87 82
87 85
87 86
87 88
87 89
87 90
87 91
88 62
88 82
88 83
88 84
88 85
88 86
88 87
88 89
88 90
88 91
88 92
89 84
89 85
89 86
89 87
89 88
89 90
89 91
89 92
89 93
89 116
89 119
90 86
90 87
90 88
90 89
90 91
90 92
90 93
90 94
91 87
91 88
91 89
91 90
91 92
91 93
91 94
91 95
92 55
92 58
92 59
92 62
92 88
92 89
92 90
92 91
92 93
92 94
92 95
92 96
93 55
93 58
93 89
93 90
93 91
93 92
93 94
93 95
93 96
93 97
94 90
94 91
94 92
94 93
94 95
94 96
94 97
95 54
95 55
95 58
95 91
95 92
95 93
95 94
95 96
95 97
95 98
96 51
96 52
96 54
96 55
96 58
96 92
96 93
96 94
96 95
96 97
96 98
97 51
97 54
97 93
97 94
97 95
97 96
97 98
97 99
97 101
97 104
97 105
97 108
98 95
98 96
98 97
98 99
98 100
98 101
98 104
99 97
99 98
99 100
99 101
99 102
100 98
100 99
100 101
100 102
101 97
101 98
101 99
101 100
101 102
101 103
101 104
101 105
102 99
102 100
102 101
102 103
102 104
102 105
102 106
103 47
103 101
103 102
103 104
103 105
103 106
103 107
104 47
104 48
104 50
104 51
104 97
104 98
104 101
104 102
104 103
104 105
104 106
104 107
104 108
105 97
105 101
105 102
105 103
105 104
105 106
105 107
105 108
105 109
106 102
106 103
106 104
106 105
106 107
106 108
106 109
106 110
107 47
107 48
107 103
107 104
107 105
107 106
107 108
107 109
107 110
107 111
108 51
108 97
108 104
108 105
108 106
108 107
108 109
108 110
108 111
108 112
109 105
109 106
109 107
109 108
109 110
109 111
109 112
110 106
110 107
110 108
110 109
110 111
110 112
110 113
111 107
111 108
111 109
111 110
111 112
111 113
111 114
111 115
112 108
112 109
112 110
112 111
112 113
112 114
112 115
112 116
113 110
113 111
113 112
113 114
113 115
113 116
113 117
114 111
114 112
114 113
114 115
114 116
114 117
114 118
114 133
114 137
115 111
115 112
115 113
115 114
115 116
115 117
115 118
115 119
115 133
116 89
116 112
116 113
116 114
116 115
116 117
116 118
116 119
116 120
117 113
117 114
117 115
117 116
117 118
117 119
117 120
117 121
117 122
118 114
118 115
118 116
118 117
118 119
118 120
118 121
118 122
118 123
118 129
119 84
119 89
119 115
119 116
119 117
119 118
119 120
119 121
119 122
119 123
120 84
120 116
120 117
120 118
120 119
120 121
120 122
120 123
121 117
121 118
121 119
121 120
121 122
121 123
121 124
122 117
122 118
122 119
122 120
122 121
122 123
122 124
122 125
122 126
122 127
123 118
123 119
123 120
123 121
123 122
123 124
123 125
123 126
123 127
123 128
124 121
124 122
124 123
124 125
124 126
124 127
125 122
125 123
125 124
125 126
125 127
126 122
126 123
126 124
126 125
126 127
126 128
126 129
126 132
127 122
127 123
127 124
127 125
127 126
127 128
127 129
128 123
128 126
128 127
128 129
128 130
128 131
128 132
129 52
129 118
129 126
129 127
129 128
129 130
129 131
129 132
129 133
129 134
130 48
130 49
130 52
130 128
130 129
130 131
130 132
130 133
130 134
130 135
131 128
131 129
131 130
131 132
131 133
131 134
131 135
131 136
131 143
132 126
132 128
132 129
132 130
132 131
132 133
132 134
132 135
132 136
132 137
133 114
133 115
133 129
133 130
133 131
133 132
133 134
133 135
133 136
133 137
133 138
133 139
134 45
134 48
134 49
134 129
134 130
134 131
134 132
134 133
134 135
134 136
134 137
134 138
134 139
134 140
134 141
134 142
135 130
135 131
135 132
135 133
135 134
135 136
135 137
135 138
135 139
135 140
135 141
135 142
135 143
136 131
136 132
136 133
136 134
136 135
136 137
136 138
136 139
137 114
137 132
137 133
137 134
137 135
137 136
137 138
137 139
138 133
138 134
138 135
138 136
138 137
138 139
138 140
139 133
139 134
139 135
139 136
139 137
139 138
139 140
139 141
139 142
140 44
140 45
140 48
140 134
140 135
140 138
140 139
140 141
140 142
140 173
140 174
141 44
141 45
141 48
141 134
141 135
141 139
141 140
141 142
141 143
141 172
141 173
141 174
142 134
142 135
142 139
142 140
142 141
142 143
142 144
142 146
142 147
142 148
142 151
142 171
142 172
142 173
142 174
143 131
143 135
143 141
143 142
143 144
143 145
143 146
143 151
143 172
143 173
144 142
144 143
144 145
144 146
144 158
144 171
144 172
145 143
145 144
145 146
145 147
145 153
145 154
145 157
145 158
145 159
145 160
145 161
145 168
145 171
145 172
146 142
146 143
146 144
146 145
146 147
146 148
146 151
146 152
146 153
146 154
146 158
146 171
146 172
146 173
147 142
147 145
147 146
147 148
147 149
147 150
147 151
147 152
147 153
147 154
147 169
147 170
147 171
147 172
147 173
147 174
147 175
147 176
147 177
147 178
148 142
148 146
148 147
148 149
148 150
148 151
148 152
148 170
148 173
148 174
148 175
148 176
148 177
148 178
149 147
149 148
149 150
149 151
149 152
149 173
149 174
149 175
150 147
150 148
150 149
150 151
150 152
150 174
151 142
151 143
151 146
151 147
151 148
151 149
151 150
151 152
151 153
151 172
151 173
151 174
152 146
152 147
152 148
152 149
152 150
152 151
152 153
152 154
153 145
153 146
153 147
153 151
153 152
153 154
153 155
153 156
153 157
153 158
153 161
154 145
154 146
154 147
154 152
154 153
154 155
154 156
154 157
154 158
154 161
154 162
154 168
154 171
154 178
154 179
155 153
155 154
155 156
155 157
155 161
155 162
155 163
155 168
155 178
155 179
155 180
155 189
155 190
156 153
156 154
156 155
156 157
156 158
156 160
156 161
156 162
156 163
156 190
156 191
156 192
157 145
157 153
157 154
157 155
157 156
157 158
157 159
157 160
157 161
157 162
157 163
158 144
158 145
158 146
158 153
158 154
158 156
158 157
158 159
158 160
158 161
159 145
159 157
159 158
159 160
159 161
160 145
160 156
160 157
160 158
160 159
160 161
160 162
160 163
160 164
161 145
161 153
161 154
161 155
161 156
161 157
161 158
161 159
161 160
161 162
161 163
161 164
161 166
161 167
161 168
161 190
162 154
162 155
162 156
162 157
162 160
162 161
162 163
162 164
162 165
162 166
162 167
162 168
162 180
162 181
162 182
162 189
162 190
162 191
162 192
163 155
163 156
163 157
163 160
163 161
163 162
163 164
163 165
163 166
163 190
163 191
163 192
164 160
164 161
164 162
164 163
164 165
164 166
164 167
164 191
165 162
165 163
165 164
165 166
165 167
165 182
165 183
165 186
165 191
165 192
166 161
166 162
166 163
166 164
166 165
166 167
166 168
166 180
166 181
166 182
166 183
166 190
166 191
167 161
167 162
167 164
167 165
167 166
167 168
167 169
167 180
167 181
167 182
168 145
168 154
168 155
168 161
168 162
168 166
168 167
168 169
168 170
168 171
168 178
168 179
168 180
168 181
169 147
169 167
169 168
169 170
169 171
169 176
169 177
169 178
169 179
169 180
169 181
170 147
170 148
170 168
170 169
170 171
170 172
170 173
170 174
170 175
170 176
170 177
170 178
171 142
171 144
171 145
171 146
171 147
171 154
171 168
171 169
171 170
171 172
171 173
171 176
171 178
172 141
172 142
172 143
172 144
172 145
172 146
172 147
172 151
172 170
172 171
172 173
172 174
173 45
173 140
173 141
173 142
173 143
173 146
173 147
173 148
173 149
173 151
173 170
173 171
173 172
173 174
173 175
173 176
174 45
174 140
174 141
174 142
174 147
174 148
174 149
174 150
174 151
174 170
174 172
174 173
174 175
174 176
175 147
175 148
175 149
175 170
175 173
175 174
175 176
175 177
176 147
176 148
176 169
176 170
176 171
176 173
176 174
176 175
176 177
176 178
176 179
177 147
177 148
177 169
177 170
177 175
177 176
177 178
177 179
178 147
178 148
178 154
178 155
178 168
178 169
178 170
178 171
178 176
178 177
178 179
178 180
179 154
179 155
179 168
179 169
179 176
179 177
179 178
179 180
179 181
179 189
180 155
180 162
180 166
180 167
180 168
180 169
180 178
180 179
180 181
180 182
180 189
180 190
180 191
181 162
181 166
181 167
181 168
181 169
181 179
181 180
181 182
181 183
182 162
182 165
182 166
182 167
182 180
182 181
182 183
182 184
182 185
182 186
182 187
182 190
182 191
183 165
183 166
183 181
183 182
183 184
183 185
183 186
183 187
183 191
184 182
184 183
184 185
184 186
184 195
185 182
185 183
185 184
185 186
185 187
185 194
185 195
185 196
185 197
185 198
185 210
185 211
185 212
186 165
186 182
186 183
186 184
186 185
186 187
186 188
186 191
186 192
186 193
186 194
186 195
186 198
186 210
187 182
187 183
187 185
187 186
187 188
187 189
187 190
187 191
187 192
187 193
187 194
187 195
187 196
188 186
188 187
188 189
188 190
188 191
188 192
188 193
188 194
188 195
189 155
189 162
189 179
189 180
189 187
189 188
189 190
189 191
189 192
190 155
190 156
190 161
190 162
190 163
190 166
190 180
190 182
190 187
190 188
190 189
190 191
190 192
191 156
191 162
191 163
191 164
191 165
191 166
191 180
191 182
191 183
191 186
191 187
191 188
191 189
191 190
191 192
191 193
191 194
192 156
192 162
192 163
192 165
192 186
192 187
192 188
192 189
192 190
192 191
192 193
192 194
192 208
193 186
193 187
193 188
193 191
193 192
193 194
193 195
193 200
193 208
194 185
194 186
194 187
194 188
194 191
194 192
194 193
194 195
194 196
194 198
194 199
194 200
194 210
195 184
195 185
195 186
195 187
195 188
195 193
195 194
195 196
195 197
195 198
195 199
196 185
196 187
196 194
196 195
196 197
196 198
196 218
196 219
197 185
197 195
197 196
197 198
197 199
197 212
197 213
197 217
197 218
197 219
197 220
198 185
198 186
198 194
198 195
198 196
198 197
198 199
198 200
198 210
198 211
198 212
198 213
198 218
198 219
198 220
199 194
199 195
199 197
199 198
199 200
199 201
199 210
199 211
199 212
199 213
199 219
199 220
199 221
199 222
199 223
200 193
200 194
200 198
200 199
200 201
200 202
200 203
200 208
200 209
200 210
200 211
200 221
200 222
201 199
201 200
201 202
201 203
201 208
201 209
201 210
201 211
201 222
202 200
202 201
202 203
202 204
202 207
202 208
202 209
202 210
203 200
203 201
203 202
203 204
203 205
203 207
203 208
203 209
204 202
204 203
204 205
204 206
204 207
204 208
205 203
205 204
205 206
205 207
206 204
206 205
206 207
206 208
207 202
207 203
207 204
207 205
207 206
207 208
207 209
208 192
208 193
208 200
208 201
208 202
208 203
208 204
208 206
208 207
208 209
208 210
209 200
209 201
209 202
209 203
209 207
209 208
209 210
209 211
210 185
210 186
210 194
210 198
210 199
210 200
210 201
210 202
210 208
210 209
210 211
210 212
211 185
211 198
211 199
211 200
211 201
211 209
211 210
211 212
211 213
211 223
212 185
212 197
212 198
212 199
212 210
212 211
212 213
212 214
212 223
213 197
213 198
213 199
213 211
213 212
213 214
213 215
213 217
213 218
213 219
213 220
213 222
213 223
213 224
213 228
214 212
214 213
214 215
214 216
214 217
214 220
214 223
214 224
214 225
214 228
215 213
215 214
215 216
215 217
216 214
216 215
216 217
216 218
216 231
216 232
216 235
216 242
216 266
217 197
217 213
217 214
217 215
217 216
217 218
217 219
217 220
217 225
217 228
217 229
217 230
217 231
217 232
217 242
218 196
218 197
218 198
218 213
218 216
218 217
218 219
218 220
218 228
218 229
218 230
218 231
218 232
219 196
219 197
219 198
219 199
219 213
219 217
219 218
219 220
219 221
219 228
219 229
219 230
219 231
220 197
220 198
220 199
220 213
220 214
220 217
220 218
220 219
220 221
220 222
220 223
220 227
220 228
220 229
220 230
221 199
221 200
221 219
221 220
221 222
221 223
221 227
221 228
221 229
222 199
222 200
222 201
222 213
222 220
222 221
222 223
222 224
222 227
222 228
223 199
223 211
223 212
223 213
223 214
223 220
223 221
223 222
223 224
223 225
223 227
224 213
224 214
224 222
224 223
224 225
224 226
224 227
224 228
225 214
225 217
225 223
225 224
225 226
225 227
225 228
225 240
225 241
225 242
226 224
226 225
226 227
226 228
226 239
226 240
226 241
227 220
227 221
227 222
227 223
227 224
227 225
227 226
227 228
227 229
227 240
227 241
228 213
228 214
228 217
228 218
228 219
228 220
228 221
228 222
228 224
228 225
228 226
228 227
228 229
228 230
228 231
228 237
228 240
228 241
228 242
229 217
229 218
229 219
229 220
229 221
229 227
229 228
229 230
229 231
229 237
229 240
230 217
230 218
230 219
230 220
230 228
230 229
230 231
230 232
230 237
231 216
231 217
231 218
231 219
231 228
231 229
231 230
231 232
231 233
231 235
231 236
231 237
231 242
232 216
232 217
232 218
232 230
232 231
232 233
232 234
232 235
232 266
233 231
233 232
233 234
233 235
233 266
234 232
234 233
234 235
234 236
234 244
234 245
234 265
234 266
234 267
235 216
235 231
235 232
235 233
235 234
235 236
235 237
235 242
235 243
235 244
235 245
235 266
236 231
236 234
236 235
236 237
236 238
236 242
236 243
236 244
236 245
237 228
237 229
237 230
237 231
237 235
237 236
237 238
237 239
237 240
237 241
237 242
237 243
238 236
238 237
238 239
238 240
238 241
238 242
238 243
239 226
239 237
239 238
239 240
239 241
240 225
240 226
240 227
240 228
240 229
240 237
240 238
240 239
240 241
240 242
241 225
241 226
241 227
241 228
241 237
241 238
241 239
241 240
241 242
241 243
242 216
242 217
242 225
242 228
242 231
242 235
242 236
242 237
242 238
242 240
242 241
242 243
242 244
243 235
243 236
243 237
243 238
243 241
243 242
243 244
243 245
244 234
244 235
244 236
244 242
244 243
244 245
244 246
244 265
244 266
245 234
245 235
245 236
245 243
245 244
245 246
245 247
245 266
245 267
246 244
246 245
246 247
246 248
246 249
246 250
246 263
246 268
247 245
247 246
247 248
247 249
247 250
247 251
247 252
247 253
247 263
247 267
247 268
248 246
248 247
248 249
248 250
248 251
248 252
248 253
248 261
248 262
248 263
248 268
249 246
249 247
249 248
249 250
249 251
249 252
250 246
250 247
250 248
250 249
250 251
250 252
250 253
251 247
251 248
251 249
251 250
251 252
251 253
252 247
252 248
252 249
252 250
252 251
252 253
252 254
253 247
253 248
253 250
253 251
253 252
253 254
253 255
253 261
253 268
254 252
254 253
254 255
254 256
255 253
255 254
255 256
255 257
255 259
255 260
255 261
255 270
256 254
256 255
256 257
256 258
256 259
256 260
256 270
257 255
257 256
257 258
257 259
257 260
257 279
258 256
258 257
258 259
258 260
258 272
258 273
258 277
258 278
258 279
258 280
259 255
259 256
259 257
259 258
259 260
259 261
259 270
259 271
259 272
259 273
259 279
259 280
259 281
260 255
260 256
260 257
260 258
260 259
260 261
260 262
260 270
260 271
260 272
260 273
260 280
260 281
260 282
260 283
261 248
261 253
261 255
261 259
261 260
261 262
261 263
261 268
261 269
261 270
261 271
261 281
261 282
262 248
262 260
262 261
262 263
262 264
262 268
262 269
262 270
262 271
263 246
263 247
263 248
263 261
263 262
263 264
263 265
263 267
263 268
263 269
264 262
264 263
264 265
264 266
264 267
264 268
264 269
265 234
265 244
265 263
265 264
265 266
265 267
265 268
266 216
266 232
266 233
266 234
266 235
266 244
266 245
266 264
266 265
266 267
266 268
267 234
267 245
267 247
267 263
267 264
267 265
267 266
267 268
267 269
268 246
268 247
268 248
268 253
268 261
268 262
268 263
268 264
268 265
268 266
268 267
268 269
268 270
269 261
269 262
269 263
269 264
269 267
269 268
269 270
269 271
270 255
270 256
270 259
270 260
270 261
270 262
270 268
270 269
270 271
270 272
271 259
271 260
271 261
271 262
271 269
271 270
271 272
271 273
271 283
272 258
272 259
272 260
272 270
272 271
272 273
272 274
273 258
273 259
273 260
273 271
273 272
273 274
273 275
273 277
273 278
273 279
273 280
273 282
273 283
273 284
273 285
273 288
274 272
274 273
274 275
274 276
274 277
274 280
274 283
274 284
274 285
274 288
275 273
275 274
275 276
275 277
275 278
275 285
275 292
276 274
276 275
276 277
276 278
276 285
276 288
276 291
276 292
276 293
276 295
276 302
276 303
276 304
276 325
277 258
277 273
277 274
277 275
277 276
277 278
277 279
277 280
277 285
277 288
277 289
277 290
277 291
277 292
277 302
278 258
278 273
278 275
278 276
278 277
278 279
278 280
278 288
278 289
278 290
278 291
278 292
279 257
279 258
279 259
279 273
279 277
279 278
279 280
279 281
279 288
279 289
279 290
280 258
280 259
280 260
280 273
280 274
280 277
280 278
280 279
280 281
280 282
280 283
280 287
280 288
280 289
280 290
281 259
281 260
281 261
281 279
281 280
281 282
281 283
281 287
281 288
281 289
282 260
282 261
282 273
282 280
282 281
282 283
282 284
282 287
282 288
283 260
283 271
283 273
283 274
283 280
283 281
283 282
283 284
283 285
283 286
283 287
284 273
284 274
284 282
284 283
284 285
284 286
284 287
284 288
285 273
285 274
285 275
285 276
285 277
285 283
285 284
285 286
285 287
285 288
285 301
285 302
285 303
286 283
286 284
286 285
286 287
286 288
286 300
286 301
286 302
287 280
287 281
287 282
287 283
287 284
287 285
287 286
287 288
287 289
287 300
287 301
288 273
288 274
288 276
288 277
288 278
288 279
288 280
288 281
288 282
288 284
288 285
288 286
288 287
288 289
288 290
288 291
288 301
288 302
289 277
289 278
289 279
289 280
289 281
289 287
289 288
289 290
289 291
290 277
290 278
290 279
290 280
290 288
290 289
290 291
290 292
291 276
291 277
291 278
291 288
291 289
291 290
291 292
291 293
291 295
291 296
291 297
291 302
292 275
292 276
292 277
292 278
292 290
292 291
292 293
292 294
292 295
292 325
293 276
293 291
293 292
293 294
293 295
293 325
294 292
294 293
294 295
294 296
294 304
294 305
294 324
294 325
294 326
295 276
295 291
295 292
295 293
295 294
295 296
295 297
295 302
295 303
295 304
295 305
295 325
296 291
296 294
296 295
296 297
296 298
296 302
296 303
296 304
296 305
297 291
297 295
297 296
297 298
297 299
297 300
297 301
297 302
297 303
298 296
298 297
298 299
298 300
298 301
298 302
298 303
299 297
299 298
299 300
299 301
300 286
300 287
300 297
300 298
300 299
300 301
300 302
301 285
301 286
301 287
301 288
301 297
301 298
301 299
301 300
301 302
301 303
302 276
302 277
302 285
302 286
302 288
302 291
302 295
302 296
302 297
302 298
302 300
302 301
302 303
302 304
303 276
303 285
303 295
303 296
303 297
303 298
303 301
303 302
303 304
303 305
304 276
304 294
304 295
304 296
304 302
304 303
304 305
304 306
304 324
304 325
304 326
305 294
305 295
305 296
305 303
305 304
305 306
305 307
305 325
305 326
306 304
306 305
306 307
306 308
306 309
306 322
306 323
306 326
306 327
307 305
307 306
307 308
307 309
307 310
307 312
307 322
307 326
307 327
308 306
308 307
308 309
308 310
308 311
308 312
308 320
308 321
308 322
308 327
309 306
309 307
309 308
309 310
309 311
310 307
310 308
310 309
310 311
310 312
311 308
311 309
311 310
311 312
311 313
311 314
312 307
312 308
312 310
312 311
312 313
312 314
312 320
313 311
313 312
313 314
313 315
313 318
313 319
313 320
313 329
314 311
314 312
314 313
314 315
314 316
314 318
315 313
315 314
315 316
315 317
315 318
315 341
316 314
316 315
316 317
316 318
316 342
317 315
317 316
317 318
317 319
317 331
317 332
317 335
317 342
317 343
318 313
318 314
318 315
318 316
318 317
318 319
318 320
318 329
318 330
318 331
318 332
318 342
319 313
319 317
319 318
319 320
319 321
319 329
319 330
319 331
319 332
320 308
320 312
320 313
320 318
320 319
320 321
320 322
320 327
320 328
320 329
320 330
321 308
321 319
321 320
321 322
321 323
321 327
321 328
321 329
321 330
322 306
322 307
322 308
322 320
322 321
322 323
322 324
322 326
322 327
322 328
323 306
323 321
323 322
323 324
323 325
323 326
323 327
323 328
324 294
324 304
324 322
324 323
324 325
324 326
324 327
325 276
325 292
325 293
325 294
325 295
325 304
325 305
325 323
325 324
325 326
325 327
326 294
326 304
326 305
326 306
326 307
326 322
326 323
326 324
326 325
326 327
326 328
327 306
327 307
327 308
327 320
327 321
327 322
327 323
327 324
327 325
327 326
327 328
327 329
328 320
328 321
328 322
328 323
328 326
328 327
328 329
328 330
329 313
329 318
329 319
329 320
329 321
329 327
329 328
329 330
329 331
330 318
330 319
330 320
330 321
330 328
330 329
330 331
330 332
331 317
331 318
331 319
331 329
331 330
331 332
331 333
331 335
331 336
331 337
331 342
332 317
332 318
332 319
332 330
332 331
332 333
332 334
332 335
332 342
333 331
333 332
333 334
333 335
334 332
334 333
334 335
334 336
334 344
334 345
335 317
335 331
335 332
335 333
335 334
335 336
335 337
335 342
335 343
335 344
335 345
336 331
336 334
336 335
336 337
336 338
336 342
336 343
336 344
336 345
337 331
337 335
337 336
337 338
337 339
337 340
337 341
337 342
337 343
338 336
338 337
338 339
338 340
338 341
338 342
338 343
339 337
339 338
339 340
339 341
340 337
340 338
340 339
340 341
340 342
341 315
341 337
341 338
341 339
341 340
341 342
341 343
342 316
342 317
342 318
342 331
342 332
342 335
342 336
342 337
342 338
342 340
342 341
342 343
342 344
343 317
343 335
343 336
343 337
343 338
343 341
343 342
343 344
343 345
344 334
344 335
344 336
344 342
344 343
344 345
344 346
345 334
345 335
345 336
345 343
345 344
345 346
345 347
346 344
346 345
346 347
346 348
347 345
347 346
347 348
347 349
348 346
348 347
348 349
348 350
348 351
349 347
349 348
349 350
349 351
350 348
350 349
350 351
350 352
351 348
351 349
351 350
351 352
351 353
351 355
352 350
352 351
352 353
352 354
352 355
353 351
353 352
353 354
353 355
353 356
354 352
354 353
354 355
354 356
354 357
355 351
355 352
355 353
355 354
355 356
355 357
355 358
356 353
356 354
356 355
356 357
356 358
357 354
357 355
357 356
357 358
357 359
357 361
357 362
358 355
358 356
358 357
358 359
358 360
358 361
358 362
359 357
359 358
359 360
359 361
359 362
359 363
360 358
360 359
360 361
360 362
360 363
360 364
361 357
361 358
361 359
361 360
361 362
361 363
361 364
361 365
362 357
362 358
362 359
362 360
362 361
362 363
362 364
362 365
362 366
363 359
363 360
363 361
363 362
363 364
363 365
363 366
363 367
364 360
364 361
364 362
364 363
364 365
364 366
364 367
364 368
365 361
365 362
365 363
365 364
365 366
365 367
365 368
365 369
366 362
366 363
366 364
366 365
366 367
366 368
366 369
366 370
367 363
367 364
367 365
367 366
367 368
367 369
367 370
367 371
368 364
368 365
368 366
368 367
368 369
368 370
368 371
368 372
369 365
369 366
369 367
369 368
369 370
369 371
369 372
369 373
370 366
370 367
370 368
370 369
370 371
370 372
370 373
370 374
371 367
371 368
371 369
371 370
371 372
371 373
371 374
371 375
372 368
372 369
372 370
372 371
372 373
372 374
372 375
372 376
373 369
373 370
373 371
373 372
373 374
373 375
373 376
373 377
374 370
374 371
374 372
374 373
374 375
374 376
374 377
374 378
375 371
375 372
375 373
375 374
375 376
375 377
375 378
375 379
376 372
376 373
376 374
376 375
376 377
376 378
376 379
376 380
377 373
377 374
377 375
377 376
377 378
377 379
377 380
377 381
377 389
377 392
378 374
378 375
378 376
378 377
378 379
378 380
378 381
378 382
379 375
379 376
379 377
379 378
379 380
379 381
379 382
379 383
380 376
380 377
380 378
380 379
380 381
380 382
380 383
380 384
380 385
380 388
380 389
381 377
381 378
381 379
381 380
381 382
381 383
381 384
381 385
381 386
381 389
382 378
382 379
382 380
382 381
382 383
382 384
383 379
383 380
383 381
383 382
383 384
383 385
384 380
384 381
384 382
384 383
384 385
384 386
385 380
385 381
385 383
385 384
385 386
385 387
385 388
385 389
386 381
386 384
386 385
386 387
386 388
386 389
386 390
387 385
387 386
387 388
387 389
387 390
387 391
388 380
388 385
388 386
388 387
388 389
388 390
388 391
388 392
389 377
389 380
389 381
389 385
389 386
389 387
389 388
389 390
389 391
389 392
389 393
390 386
390 387
390 388
390 389
390 391
390 392
390 393
390 394
391 387
391 388
391 389
391 390
391 392
391 393
391 394
391 395
392 377
392 388
392 389
392 390
392 391
392 393
392 394
392 395
392 396
393 389
393 390
393 391
393 392
393 394
393 395
393 396
393 397
394 390
394 391
394 392
394 393
394 395
394 396
394 397
394 398
395 391
395 392
395 393
395 394
395 396
395 397
395 398
395 399
396 392
396 393
396 394
396 395
396 397
396 398
396 399
396 400
397 393
397 394
397 395
397 396
397 398
397 399
397 400
397 401
398 394
398 395
398 396
398 397
398 399
398 400
398 401
398 402
399 395
399 396
399 397
399 398
399 400
399 401
399 402
399 403
400 396
400 397
400 398
400 399
400 401
400 402
400 403
400 404
401 397
401 398
401 399
401 400
401 402
401 403
401 404
401 405
402 398
402 399
402 400
402 401
402 403
402 404
402 405
402 406
403 399
403 400
403 401
403 402
403 404
403 405
403 406
403 407
404 400
404 401
404 402
404 403
404 405
404 406
404 407
404 408
405 401
405 402
405 403
405 404
405 406
405 407
405 408
405 409
406 402
406 403
406 404
406 405
406 407
406 408
406 409
406 410
407 403
407 404
407 405
407 406
407 408
407 409
407 410
407 411
408 404
408 405
408 406
408 407
408 409
408 410
408 411
408 412
409 405
409 406
409 407
409 408
409 410
409 411
409 412
409 413
410 406
410 407
410 408
410 409
410 411
410 412
410 413
410 414
411 407
411 408
411 409
411 410
411 412
411 413
411 414
411 415
412 408
412 409
412 410
412 411
412 413
412 414
412 415
412 416
413 409
413 410
413 411
413 412
413 414
413 415
413 416
413 417
414 410
414 411
414 412
414 413
414 415
414 416
414 417
414 418
415 411
415 412
415 413
415 414
415 416
415 417
415 418
415 419
416 412
416 413
416 414
416 415
416 417
416 418
416 419
417 413
417 414
417 415
417 416
417 418
417 419
418 414
418 415
418 416
418 417
418 419
419 415
419 416
419 417
419 418
