0 1
0 2
1 0
1 2
1 3
2 0
2 1
2 3
2 4
3 1
3 2
3 4
3 5
4 2
4 3
4 5
4 6
5 3
5 4
5 6
5 7
6 4
6 5
6 7
6 8
7 5
7 6
7 8
7 9
8 6
8 7
8 9
8 10
9 7
9 8
9 10
9 11
10 8
10 9
10 11
10 12
11 9
11 10
11 12
11 13
12 10
12 11
12 13
12 14
13 11
13 12
13 14
13 15
14 12
14 13
14 15
14 16
15 13
15 14
15 16
15 17
16 14
16 15
16 17
16 18
17 15
17 16
17 18
17 19
18 16
18 17
18 19
18 20
19 17
19 18
19 20
19 21
20 18
20 19
20 21
20 22
21 19
21 20
21 22
21 23
22 20
22 21
22 23
22 24
23 21
23 22
23 24
23 25
24 22
24 23
24 25
24 26
25 23
25 24
25 26
25 27
26 24
26 25
26 27
26 28
27 25
27 26
27 28
27 29
28 26
28 27
28 29
28 30
29 27
29 28
29 30
29 31
30 28
30 29
30 31
30 32
31 29
31 30
31 32
31 33
32 30
32 31
32 33
32 34
33 31
33 32
33 34
33 35
34 32
34 33
34 35
34 36
35 33
35 34
35 36
35 37
36 34
36 35
36 37
36 38
37 35
37 36
37 38
37 39
38 36
38 37
38 39
38 40
39 37
39 38
39 40
39 41
40 38
40 39
40 41
40 42
41 39
41 40
41 42
41 43
42 40
42 41
42 43
42 44
43 41
43 42
43 44
43 45
44 42
44 43
44 45
44 46
45 43
45 44
45 46
45 47
46 44
46 45
46 47
46 48
47 45
47 46
47 48
47 49
48 46
48 47
48 49
48 50
49 47
49 48
49 50
49 51
50 48
50 49
50 51
50 52
51 49
51 50
51 52
51 53
52 50
52 51
52 53
52 54
53 51
53 52
53 54
53 55
54 52
54 53
54 55
54 56
55 53
55 54
55 56
55 57
56 54
56 55
56 57
56 58
57 55
57 56
57 58
57 59
58 56
58 57
58 59
58 60
59 57
59 58
59 60
59 61
60 58
60 59
60 61
60 62
61 59
61 60
61 62
61 63
62 60
62 61
62 63
62 64
63 61
63 62
63 64
63 65
64 62
64 63
64 65
64 66
65 63
65 64
65 66
65 67
66 64
66 65
66 67
66 68
67 65
67 66
67 68
67 69
68 66
68 67
68 69
68 70
69 67
69 68
69 70
69 71
70 68
70 69
70 71
70 72
71 69
71 70
71 72
71 73
72 70
72 71
72 73
72 74
72 75
73 71
73 72
73 74
73 75
74 72
74 73
74 75
74 76
75 72
75 73
75 74
75 76
75 77
76 74
76 75
76 77
76 78
76 79
77 75
77 76
77 78
77 79
78 76
78 77
78 79
78 80
79 76
79 77
79 78
79 80
79 81
79 83
79 84
80 78
80 79
80 81
80 82
80 83
80 84
81 79
81 80
81 82
81 83
81 84
81 85
82 80
82 81
82 83
82 84
82 85
82 86
83 79
83 80
83 81
83 82
83 84
83 85
83 86
83 87
84 79
84 80
84 81
84 82
84 83
84 85
84 86
84 87
84 88
84 125
85 81
85 82
85 83
85 84
85 86
85 87
85 88
85 89
86 82
86 83
86 84
86 85
86 87
86 88
86 89
86 90
87 83
87 84
87 85
87 86
87 88
87 89
87 90
87 91
87 114
87 115
87 125
88 84
88 85
88 86
88 87
88 89
88 90
88 91
88 92
88 125
88 126
88 128
88 129
89 85
89 86
89 87
89 88
89 90
89 91
89 92
89 93
89 129
90 86
90 87
90 88
90 89
90 91
90 92
90 93
90 94
90 114
91 87
91 88
91 89
91 90
91 92
91 93
91 94
91 95
91 110
91 114
91 115
91 126
91 129
92 88
92 89
92 90
92 91
92 93
92 94
92 95
92 96
92 129
92 130
92 132
92 133
93 89
93 90
93 91
93 92
93 94
93 95
93 96
93 97
94 90
94 91
94 92
94 93
94 95
94 96
94 97
94 98
94 114
95 91
95 92
95 93
95 94
95 96
95 97
95 98
95 99
95 105
95 153
96 92
96 93
96 94
96 95
96 97
96 98
96 99
96 100
96 153
97 93
97 94
97 95
97 96
97 98
97 99
97 100
97 101
98 94
98 95
98 96
98 97
98 99
98 100
98 101
98 102
98 103
98 105
99 95
99 96
99 97
99 98
99 100
99 101
99 102
99 103
99 104
99 105
99 152
99 153
100 96
100 97
100 98
100 99
100 101
100 102
100 103
101 97
101 98
101 99
101 100
101 102
101 103
102 98
102 99
102 100
102 101
102 103
102 104
102 152
102 229
103 98
103 99
103 100
103 101
103 102
103 104
103 105
103 152
103 228
103 229
103 230
104 99
104 102
104 103
104 105
104 106
104 144
104 150
104 151
104 152
104 229
104 230
105 95
105 98
105 99
105 103
105 104
105 106
105 107
105 109
105 110
105 150
105 151
105 152
106 104
106 105
106 107
106 108
106 109
106 110
106 149
106 150
106 151
107 105
107 106
107 108
107 109
107 110
107 111
107 149
107 150
107 151
108 106
108 107
108 109
108 110
108 111
108 112
109 105
109 106
109 107
109 108
109 110
109 111
109 112
109 113
109 114
110 91
110 105
110 106
110 107
110 108
110 109
110 111
110 112
110 113
110 114
110 115
111 107
111 108
111 109
111 110
111 112
111 113
111 114
111 115
111 116
111 119
112 108
112 109
112 110
112 111
112 113
112 114
112 115
112 116
113 109
113 110
113 111
113 112
113 114
113 115
113 116
114 87
114 90
114 91
114 94
114 109
114 110
114 111
114 112
114 113
114 115
114 116
115 87
115 91
115 110
115 111
115 112
115 113
115 114
115 116
115 117
115 118
115 119
115 122
116 111
116 112
116 113
116 114
116 115
116 117
116 118
116 119
117 115
117 116
117 118
117 119
117 120
118 115
118 116
118 117
118 119
118 120
118 121
118 122
119 111
119 115
119 116
119 117
119 118
119 120
119 121
119 122
120 117
120 118
120 119
120 121
120 122
120 123
121 118
121 119
121 120
121 122
121 123
121 124
121 125
122 115
122 118
122 119
122 120
122 121
122 123
122 124
122 125
122 126
123 120
123 121
123 122
123 124
123 125
123 126
123 127
124 121
124 122
124 123
124 125
124 126
124 127
124 128
125 84
125 87
125 88
125 121
125 122
125 123
125 124
125 126
125 127
125 128
125 129
126 88
126 91
126 122
126 123
126 124
126 125
126 127
126 128
126 129
126 130
127 123
127 124
127 125
127 126
127 128
127 129
127 130
127 131
128 88
128 124
128 125
128 126
128 127
128 129
128 130
128 131
128 132
129 88
129 89
129 91
129 92
129 125
129 126
129 127
129 128
129 130
129 131
129 132
129 133
130 92
130 126
130 127
130 128
130 129
130 131
130 132
130 133
130 134
130 140
130 141
131 127
131 128
131 129
131 130
131 132
131 133
131 134
131 135
132 92
132 128
132 129
132 130
132 131
132 133
132 134
132 135
132 136
132 137
133 92
133 129
133 130
133 131
133 132
133 134
133 135
133 136
133 137
133 138
133 139
133 140
133 141
134 130
134 131
134 132
134 133
134 135
134 136
134 137
134 138
134 139
134 140
134 141
134 156
135 131
135 132
135 133
135 134
135 136
135 137
135 138
135 139
136 132
136 133
136 134
136 135
136 137
136 138
137 132
137 133
137 134
137 135
137 136
137 138
137 139
138 133
138 134
138 135
138 136
138 137
138 139
138 140
138 155
138 156
138 157
139 133
139 134
139 135
139 137
139 138
139 140
139 141
139 153
139 154
139 155
139 156
139 157
140 130
140 133
140 134
140 138
140 139
140 141
140 142
140 153
140 154
140 155
140 156
141 130
141 133
141 134
141 139
141 140
141 142
141 143
141 151
141 152
141 153
141 154
142 140
142 141
142 143
142 144
142 151
142 152
142 153
142 154
143 141
143 142
143 144
143 145
143 146
143 148
143 149
143 150
143 151
143 152
144 104
144 142
144 143
144 145
144 146
144 148
144 150
144 151
144 152
144 251
144 252
144 255
145 143
145 144
145 146
145 147
145 148
145 149
145 150
145 251
146 143
146 144
146 145
146 147
146 148
146 149
147 145
147 146
147 148
147 149
148 143
148 144
148 145
148 146
148 147
148 149
148 150
149 106
149 107
149 143
149 145
149 146
149 147
149 148
149 150
149 151
150 104
150 105
150 106
150 107
150 143
150 144
150 145
150 148
150 149
150 151
150 152
151 104
151 105
151 106
151 107
151 141
151 142
151 143
151 144
151 149
151 150
151 152
151 153
152 99
152 102
152 103
152 104
152 105
152 141
152 142
152 143
152 144
152 150
152 151
152 153
152 154
152 252
153 95
153 96
153 99
153 139
153 140
153 141
153 142
153 151
153 152
153 154
153 155
154 139
154 140
154 141
154 142
154 152
154 153
154 155
154 156
154 255
154 256
155 138
155 139
155 140
155 153
155 154
155 156
155 157
155 158
155 169
156 134
156 138
156 139
156 140
156 154
156 155
156 157
156 158
157 138
157 139
157 155
157 156
157 158
157 159
158 155
158 156
158 157
158 159
158 160
158 161
159 157
159 158
159 160
159 161
159 162
159 163
159 164
159 167
159 169
160 158
160 159
160 161
160 162
160 163
160 164
161 158
161 159
161 160
161 162
161 163
161 164
161 165
162 159
162 160
162 161
162 163
162 164
162 165
162 166
163 159
163 160
163 161
163 162
163 164
163 165
163 166
163 167
164 159
164 160
164 161
164 162
164 163
164 165
164 166
164 167
164 168
164 169
165 161
165 162
165 163
165 164
165 166
165 167
165 168
166 162
166 163
166 164
166 165
166 167
166 168
166 171
167 159
167 163
167 164
167 165
167 166
167 168
167 169
167 170
167 171
168 164
168 165
168 166
168 167
168 169
168 170
168 171
168 172
168 175
168 176
169 155
169 159
169 164
169 167
169 168
169 170
169 171
170 167
170 168
170 169
170 171
170 172
170 175
171 166
171 167
171 168
171 169
171 170
171 172
171 173
171 175
172 168
172 170
172 171
172 173
172 174
172 175
172 176
173 171
173 172
173 174
173 175
173 176
173 177
173 214
173 215
174 172
174 173
174 175
174 176
174 177
174 178
174 215
175 168
175 170
175 171
175 172
175 173
175 174
175 176
175 177
175 178
175 179
176 168
176 172
176 173
176 174
176 175
176 177
176 178
176 179
176 180
177 173
177 174
177 175
177 176
177 178
177 179
177 180
177 181
178 174
178 175
178 176
178 177
178 179
178 180
178 181
178 182
178 222
178 226
179 175
179 176
179 177
179 178
179 180
179 181
179 182
179 183
179 262
179 265
180 176
180 177
180 178
180 179
180 181
180 182
180 183
180 184
180 266
181 177
181 178
181 179
181 180
181 182
181 183
181 184
181 185
181 197
182 178
182 179
182 180
182 181
182 183
182 184
182 185
182 186
182 249
182 262
183 179
183 180
183 181
183 182
183 184
183 185
183 186
183 187
183 262
183 263
183 265
183 266
184 180
184 181
184 182
184 183
184 185
184 186
184 187
184 188
184 192
184 197
185 181
185 182
185 183
185 184
185 186
185 187
185 188
185 189
185 190
185 191
185 192
185 197
185 247
185 248
185 249
186 182
186 183
186 184
186 185
186 187
186 188
186 189
186 190
186 191
186 259
186 262
186 280
187 183
187 184
187 185
187 186
187 188
187 189
187 190
187 280
188 184
188 185
188 186
188 187
188 189
188 190
188 191
188 192
189 185
189 186
189 187
189 188
189 190
189 191
189 192
190 185
190 186
190 187
190 188
190 189
190 191
190 192
190 248
190 249
191 185
191 186
191 188
191 189
191 190
191 192
191 193
191 246
191 247
191 248
191 249
192 184
192 185
192 188
192 189
192 190
192 191
192 193
192 194
192 196
192 197
192 246
192 247
192 248
193 191
193 192
193 194
193 195
193 196
193 197
193 244
193 245
193 246
193 247
194 192
194 193
194 195
194 196
194 197
194 198
194 244
194 245
194 246
194 247
195 193
195 194
195 196
195 197
195 198
195 199
196 192
196 193
196 194
196 195
196 197
196 198
196 199
196 200
197 181
197 184
197 185
197 192
197 193
197 194
197 195
197 196
197 198
197 199
197 200
197 201
198 194
198 195
198 196
198 197
198 199
198 200
198 201
198 202
198 207
198 208
199 195
199 196
199 197
199 198
199 200
199 201
199 202
199 203
200 196
200 197
200 198
200 199
200 201
200 202
200 203
200 204
201 197
201 198
201 199
201 200
201 202
201 203
201 204
201 205
201 206
201 207
202 198
202 199
202 200
202 201
202 203
202 204
202 205
202 206
202 207
203 199
203 200
203 201
203 202
203 204
203 205
203 206
204 200
204 201
204 202
204 203
204 205
204 206
205 201
205 202
205 203
205 204
205 206
205 207
206 201
206 202
206 203
206 204
206 205
206 207
206 208
206 212
206 218
207 198
207 201
207 202
207 205
207 206
207 208
207 209
207 210
207 212
207 218
207 219
208 198
208 206
208 207
208 209
208 210
208 217
208 218
208 219
209 207
209 208
209 210
209 211
209 217
209 219
210 207
210 208
210 209
210 211
210 212
210 217
210 218
211 209
211 210
211 212
211 213
211 215
211 216
211 217
211 218
212 206
212 207
212 210
212 211
212 213
212 214
212 215
212 216
212 217
212 218
213 211
213 212
213 214
213 215
213 216
214 173
214 212
214 213
214 215
214 216
215 173
215 174
215 211
215 212
215 213
215 214
215 216
215 217
215 218
215 221
216 211
216 212
216 213
216 214
216 215
216 217
216 218
216 221
217 208
217 209
217 210
217 211
217 212
217 215
217 216
217 218
217 219
217 220
217 221
218 206
218 207
218 208
218 210
218 211
218 212
218 215
218 216
218 217
218 219
218 220
218 221
218 222
219 207
219 208
219 209
219 217
219 218
219 220
219 221
219 222
219 223
219 224
220 217
220 218
220 219
220 221
220 222
220 223
220 224
220 225
221 215
221 216
221 217
221 218
221 219
221 220
221 222
221 223
221 224
221 225
221 226
222 178
222 218
222 219
222 220
222 221
222 223
222 224
222 225
222 226
222 227
222 232
223 219
223 220
223 221
223 222
223 224
223 225
223 226
223 227
223 234
224 219
224 220
224 221
224 222
224 223
224 225
224 226
224 227
224 228
225 220
225 221
225 222
225 223
225 224
225 226
225 227
225 228
225 229
226 178
226 221
226 222
226 223
226 224
226 225
226 227
226 228
226 229
226 230
226 231
226 232
227 222
227 223
227 224
227 225
227 226
227 228
227 229
227 230
227 231
227 232
227 233
227 234
227 250
228 103
228 224
228 225
228 226
228 227
228 229
228 230
228 231
229 102
229 103
229 104
229 225
229 226
229 227
229 228
229 230
229 231
229 232
229 252
230 103
230 104
230 226
230 227
230 228
230 229
230 231
230 232
230 233
230 250
230 251
230 252
230 253
231 226
231 227
231 228
231 229
231 230
231 232
231 233
231 249
231 250
231 251
231 252
231 253
232 222
232 226
232 227
232 229
232 230
232 231
232 233
232 234
232 247
232 248
232 249
232 250
232 251
232 253
233 227
233 230
233 231
233 232
233 234
233 235
233 247
233 248
233 249
233 250
234 223
234 227
234 232
234 233
234 235
234 236
234 245
234 246
234 247
234 248
235 233
235 234
235 236
235 237
235 245
235 246
235 247
236 234
236 235
236 237
236 238
236 243
236 244
236 245
236 246
237 235
237 236
237 238
237 239
237 240
237 243
237 244
237 245
237 246
238 236
238 237
238 239
238 240
239 237
239 238
239 240
239 241
239 243
240 237
240 238
240 239
240 241
240 242
240 243
240 244
241 239
241 240
241 242
241 243
241 244
242 240
242 241
242 243
242 244
243 236
243 237
243 239
243 240
243 241
243 242
243 244
243 245
244 193
244 194
244 236
244 237
244 240
244 241
244 242
244 243
244 245
244 246
245 193
245 194
245 234
245 235
245 236
245 237
245 243
245 244
245 246
245 247
246 191
246 192
246 193
246 194
246 234
246 235
246 236
246 237
246 244
246 245
246 247
246 248
247 185
247 191
247 192
247 193
247 194
247 232
247 233
247 234
247 235
247 245
247 246
247 248
247 249
248 185
248 190
248 191
248 192
248 232
248 233
248 234
248 246
248 247
248 249
248 250
249 182
249 185
249 190
249 191
249 231
249 232
249 233
249 247
249 248
249 250
249 251
249 253
249 254
250 227
250 230
250 231
250 232
250 233
250 248
250 249
250 251
250 252
250 253
250 254
251 144
251 145
251 230
251 231
251 232
251 249
251 250
251 252
251 253
251 254
251 255
252 144
252 152
252 229
252 230
252 231
252 250
252 251
252 253
252 254
252 255
252 256
253 230
253 231
253 232
253 249
253 250
253 251
253 252
253 254
253 255
253 256
253 257
253 258
254 249
254 250
254 251
254 252
254 253
254 255
254 256
254 257
254 258
255 144
255 154
255 251
255 252
255 253
255 254
255 256
255 257
255 258
256 154
256 252
256 253
256 254
256 255
256 257
256 258
257 253
257 254
257 255
257 256
257 258
257 259
257 261
257 262
258 253
258 254
258 255
258 256
258 257
258 259
258 260
258 261
258 262
258 284
258 287
258 288
259 186
259 257
259 258
259 260
259 261
259 262
259 263
259 283
259 284
259 287
259 288
260 258
260 259
260 261
260 262
260 263
260 264
260 281
260 284
260 285
260 287
260 288
261 257
261 258
261 259
261 260
261 262
261 263
261 264
261 265
262 179
262 182
262 183
262 186
262 257
262 258
262 259
262 260
262 261
262 263
262 264
262 265
262 266
263 183
263 259
263 260
263 261
263 262
263 264
263 265
263 266
263 267
263 274
263 280
263 281
263 284
264 260
264 261
264 262
264 263
264 265
264 266
264 267
264 268
264 273
264 274
265 179
265 183
265 261
265 262
265 263
265 264
265 266
265 267
265 268
265 269
266 180
266 183
266 262
266 263
266 264
266 265
266 267
266 268
266 269
266 270
266 274
267 263
267 264
267 265
267 266
267 268
267 269
267 270
267 271
267 272
267 273
267 274
268 264
268 265
268 266
268 267
268 269
268 270
268 271
268 272
268 273
269 265
269 266
269 267
269 268
269 270
269 271
269 272
270 266
270 267
270 268
270 269
270 271
270 272
271 267
271 268
271 269
271 270
271 272
271 273
272 267
272 268
272 269
272 270
272 271
272 273
272 274
272 276
273 264
273 267
273 268
273 271
273 272
273 274
273 275
273 276
274 263
274 264
274 266
274 267
274 272
274 273
274 275
274 276
274 277
274 278
274 281
275 273
275 274
275 276
275 277
275 278
275 281
276 272
276 273
276 274
276 275
276 277
276 278
277 274
277 275
277 276
277 278
277 279
277 280
277 281
278 274
278 275
278 276
278 277
278 279
278 280
278 281
278 282
279 277
279 278
279 280
279 281
279 282
279 283
280 186
280 187
280 263
280 277
280 278
280 279
280 281
280 282
280 283
280 284
281 260
281 263
281 274
281 275
281 277
281 278
281 279
281 280
281 282
281 283
281 284
281 285
282 278
282 279
282 280
282 281
282 283
282 284
282 285
282 286
283 259
283 279
283 280
283 281
283 282
283 284
283 285
283 286
283 287
284 258
284 259
284 260
284 263
284 280
284 281
284 282
284 283
284 285
284 286
284 287
284 288
285 260
285 281
285 282
285 283
285 284
285 286
285 287
285 288
285 289
286 282
286 283
286 284
286 285
286 287
286 288
286 289
286 290
287 258
287 259
287 260
287 283
287 284
287 285
287 286
287 288
287 289
287 290
287 291
288 258
288 259
288 260
288 284
288 285
288 286
288 287
288 289
288 290
288 291
288 292
289 285
289 286
289 287
289 288
289 290
289 291
289 292
289 293
290 286
290 287
290 288
290 289
290 291
290 292
290 293
291 287
291 288
291 289
291 290
291 292
291 293
291 294
292 288
292 289
292 290
292 291
292 293
292 294
293 289
293 290
293 291
293 292
293 294
293 295
294 291
294 292
294 293
294 295
294 296
295 293
295 294
295 296
295 297
296 294
296 295
296 297
296 298
297 295
297 296
297 298
297 299
298 296
298 297
298 299
298 300
299 297
299 298
299 300
299 301
300 298
300 299
300 301
300 302
301 299
301 300
301 302
301 303
302 300
302 301
302 303
303 301
303 302
