0 1
0 2
1 0
1 2
1 3
2 0
2 1
2 3
2 4
2 6
2 7
3 1
3 2
3 4
3 5
3 6
3 7
4 2
4 3
4 5
4 6
4 7
4 8
5 3
5 4
5 6
5 7
5 8
5 9
5 31
5 33
5 36
6 2
6 3
6 4
6 5
6 7
6 8
6 9
6 10
6 38
7 2
7 3
7 4
7 5
7 6
7 8
7 9
7 10
7 11
8 4
8 5
8 6
8 7
8 9
8 10
8 11
8 12
8 31
8 33
9 5
9 6
9 7
9 8
9 10
9 11
9 12
9 13
9 33
9 36
9 38
10 6
10 7
10 8
10 9
10 11
10 12
10 13
10 14
10 47
10 48
11 7
11 8
11 9
11 10
11 12
11 13
11 14
11 15
11 48
12 8
12 9
12 10
12 11
12 13
12 14
12 15
12 16
12 24
12 27
12 28
12 33
13 9
13 10
13 11
13 12
13 14
13 15
13 16
13 17
13 24
13 46
14 10
14 11
14 12
14 13
14 15
14 16
14 17
14 18
14 46
14 47
14 48
15 11
15 12
15 13
15 14
15 16
15 17
15 18
15 19
15 20
15 21
15 23
15 24
16 12
16 13
16 14
16 15
16 17
16 18
16 19
16 20
16 21
16 24
17 13
17 14
17 15
17 16
17 18
17 19
17 20
17 45
17 46
18 14
18 15
18 16
18 17
18 19
18 20
19 15
19 16
19 17
19 18
19 20
19 21
20 15
20 16
20 17
20 18
20 19
20 21
20 22
20 23
20 24
21 15
21 16
21 19
21 20
21 22
21 23
21 24
21 25
22 20
22 21
22 23
22 24
22 25
22 26
23 15
23 20
23 21
23 22
23 24
23 25
23 26
23 27
24 12
24 13
24 15
24 16
24 20
24 21
24 22
24 23
24 25
24 26
24 27
24 28
25 21
25 22
25 23
25 24
25 26
25 27
25 28
25 29
26 22
26 23
26 24
26 25
26 27
26 28
26 29
26 30
27 12
27 23
27 24
27 25
27 26
27 28
27 29
27 30
27 31
28 12
28 24
28 25
28 26
28 27
28 29
28 30
28 31
28 32
28 33
28 34
29 25
29 26
29 27
29 28
29 30
29 31
29 32
29 33
29 34
30 26
30 27
30 28
30 29
30 31
30 32
30 33
31 5
31 8
31 27
31 28
31 29
31 30
31 32
31 33
32 28
32 29
32 30
32 31
32 33
32 34
32 35
32 36
33 5
33 8
33 9
33 12
33 28
33 29
33 30
33 31
33 32
33 34
33 35
33 36
34 28
34 29
34 32
34 33
34 35
34 36
35 32
35 33
35 34
35 36
35 37
36 5
36 9
36 32
36 33
36 34
36 35
36 37
36 38
37 35
37 36
37 38
37 39
38 6
38 9
38 36
38 37
38 39
38 40
39 37
39 38
39 40
39 41
39 42
39 43
40 38
40 39
40 41
40 42
40 43
41 39
41 40
41 42
41 43
41 44
42 39
42 40
42 41
42 43
42 44
43 39
43 40
43 41
43 42
43 44
43 45
43 47
44 41
44 42
44 43
44 45
44 46
44 47
45 17
45 43
45 44
45 46
45 47
46 13
46 14
46 17
46 44
46 45
46 47
46 48
46 49
46 50
47 10
47 14
47 43
47 44
47 45
47 46
47 48
47 49
47 50
47 51
48 10
48 11
48 14
48 46
48 47
48 49
48 50
48 51
48 52
49 46
49 47
49 48
49 50
49 51
49 52
49 53
50 46
50 47
50 48
50 49
50 51
50 52
50 53
50 54
51 47
51 48
51 49
51 50
51 52
51 53
51 54
51 55
52 48
52 49
52 50
52 51
52 53
52 54
52 55
52 56
52 82
53 49
53 50
53 51
53 52
53 54
53 55
53 56
53 57
54 50
54 51
54 52
54 53
54 55
54 56
54 57
54 58
55 51
55 52
55 53
55 54
55 56
55 57
55 58
55 59
56 52
56 53
56 54
56 55
56 57
56 58
56 59
56 60
56 80
56 81
56 82
56 85
57 53
57 54
57 55
57 56
57 58
57 59
57 60
57 61
58 54
58 55
58 56
58 57
58 59
58 60
58 61
58 62
59 55
59 56
59 57
59 58
59 60
59 61
59 62
59 63
59 85
59 91
60 56
60 57
60 58
60 59
60 61
60 62
60 63
60 64
60 77
60 79
60 80
61 57
61 58
61 59
61 60
61 62
61 63
61 64
61 65
62 58
62 59
62 60
62 61
62 63
62 64
62 65
62 91
63 59
63 60
63 61
63 62
63 64
63 65
63 66
63 91
63 92
63 94
63 95
64 60
64 61
64 62
64 63
64 65
64 66
64 71
64 72
64 77
64 95
65 61
65 62
65 63
65 64
65 66
65 67
65 68
65 69
65 70
65 71
65 72
66 63
66 64
66 65
66 67
66 68
66 69
66 70
66 71
66 72
66 95
67 65
67 66
67 68
67 69
67 70
68 65
68 66
68 67
68 69
68 70
69 65
69 66
69 67
69 68
69 70
69 71
70 65
70 66
70 67
70 68
70 69
70 71
70 72
71 64
71 65
71 66
71 69
71 70
71 72
71 73
72 64
72 65
72 66
72 70
72 71
72 73
72 74
72 75
73 71
73 72
73 74
73 75
74 72
74 73
74 75
74 76
75 72
75 73
75 74
75 76
75 77
76 74
76 75
76 77
76 78
77 60
77 64
77 75
77 76
77 78
77 79
78 76
78 77
78 79
78 80
79 60
79 77
79 78
79 80
79 81
80 56
80 60
80 78
80 79
80 81
80 82
80 84
80 85
81 56
81 79
81 80
81 82
81 83
81 84
81 85
82 52
82 56
82 80
82 81
82 83
82 84
82 85
82 86
83 81
83 82
83 84
83 85
83 86
83 87
84 80
84 81
84 82
84 83
84 85
84 86
84 87
84 90
85 56
85 59
85 80
85 81
85 82
85 83
85 84
85 86
85 87
85 90
86 82
86 83
86 84
86 85
86 87
86 88
86 90
87 83
87 84
87 85
87 86
87 88
87 89
87 90
88 86
88 87
88 89
88 90
89 87
89 88
89 90
89 91
89 92
89 93
90 84
90 85
90 86
90 87
90 88
90 89
90 91
90 92
90 93
90 94
91 59
91 62
91 63
91 89
91 90
91 92
91 93
91 94
91 95
92 63
92 89
92 90
92 91
92 93
92 94
92 95
92 96
93 89
93 90
93 91
93 92
93 94
93 95
93 96
93 97
94 63
94 90
94 91
94 92
94 93
94 95
94 96
94 97
94 98
95 63
95 64
95 66
95 91
95 92
95 93
95 94
95 96
95 97
95 98
95 99
96 92
96 93
96 94
96 95
96 97
96 98
96 99
96 100
97 93
97 94
97 95
97 96
97 98
97 99
97 100
97 101
98 94
98 95
98 96
98 97
98 99
98 100
98 101
98 102
99 95
99 96
99 97
99 98
99 100
99 101
99 102
99 103
100 96
100 97
100 98
100 99
100 101
100 102
100 103
100 104
101 97
101 98
101 99
101 100
101 102
101 103
101 104
101 105
102 98
102 99
102 100
102 101
102 103
102 104
102 105
102 106
103 99
103 100
103 101
103 102
103 104
103 105
103 106
103 107
104 100
104 101
104 102
104 103
104 105
104 106
104 107
104 108
105 101
105 102
105 103
105 104
105 106
105 107
105 108
105 109
106 102
106 103
106 104
106 105
106 107
106 108
106 109
106 110
107 103
107 104
107 105
107 106
107 108
107 109
107 110
107 111
108 104
108 105
108 106
108 107
108 109
108 110
108 111
108 112
109 105
109 106
109 107
109 108
109 110
109 111
109 112
109 113
110 106
110 107
110 108
110 109
110 111
110 112
110 113
110 114
111 107
111 108
111 109
111 110
111 112
111 113
111 114
111 115
112 108
112 109
112 110
112 111
112 113
112 114
112 115
112 116
113 109
113 110
113 111
113 112
113 114
113 115
113 116
113 117
114 110
114 111
114 112
114 113
114 115
114 116
114 117
114 118
115 111
115 112
115 113
115 114
115 116
115 117
115 118
115 119
116 112
116 113
116 114
116 115
116 117
116 118
116 119
116 120
117 113
117 114
117 115
117 116
117 118
117 119
117 120
117 121
118 114
118 115
118 116
118 117
118 119
118 120
118 121
118 122
119 115
119 116
119 117
119 118
119 120
119 121
119 122
119 123
120 116
120 117
120 118
120 119
120 121
120 122
120 123
121 117
121 118
121 119
121 120
121 122
121 123
121 124
122 118
122 119
122 120
122 121
122 123
122 124
123 119
123 120
123 121
123 122
123 124
123 125
124 121
124 122
124 123
124 125
124 126
125 123
125 124
125 126
125 127
126 124
126 125
126 127
126 128
127 125
127 126
127 128
127 129
128 126
128 127
128 129
128 130
129 127
129 128
129 130
129 131
130 128
130 129
130 131
130 132
131 129
131 130
131 132
131 133
132 130
132 131
132 133
132 134
133 131
133 132
133 134
133 135
134 132
134 133
134 135
134 136
135 133
135 134
135 136
135 137
136 134
136 135
136 137
136 138
137 135
137 136
137 138
137 139
138 136
138 137
138 139
138 140
139 137
139 138
139 140
139 141
140 138
140 139
140 141
140 142
141 139
141 140
141 142
141 143
142 140
142 141
142 143
142 144
143 141
143 142
143 144
143 145
144 142
144 143
144 145
144 146
145 143
145 144
145 146
145 147
146 144
146 145
146 147
146 148
147 145
147 146
147 148
147 149
148 146
148 147
148 149
148 150
149 147
149 148
149 150
149 151
150 148
150 149
150 151
150 152
151 149
151 150
151 152
151 153
152 150
152 151
152 153
152 154
153 151
153 152
153 154
153 155
154 152
154 153
154 155
154 156
155 153
155 154
155 156
155 157
156 154
156 155
156 157
156 158
157 155
157 156
157 158
157 159
158 156
158 157
158 159
158 160
158 161
159 157
159 158
159 160
159 161
160 158
160 159
160 161
160 162
161 158
161 159
161 160
161 162
161 163
161 164
162 160
162 161
162 163
162 164
163 161
163 162
163 164
163 165
163 166
164 161
164 162
164 163
164 165
164 166
164 485
164 486
164 487
164 488
165 163
165 164
165 166
165 167
165 487
165 488
165 489
166 163
166 164
166 165
166 167
166 168
166 170
166 171
166 487
166 488
166 489
166 519
166 521
167 165
167 166
167 168
167 169
167 170
167 171
168 166
168 167
168 169
168 170
168 171
168 172
169 167
169 168
169 170
169 171
169 172
170 166
170 167
170 168
170 169
170 171
170 172
170 519
170 520
170 521
171 166
171 167
171 168
171 169
171 170
171 172
171 173
171 517
171 518
171 519
171 520
172 168
172 169
172 170
172 171
172 173
172 174
172 517
172 518
172 519
173 171
173 172
173 174
173 175
173 515
173 516
173 517
173 518
174 172
174 173
174 175
174 176
174 215
174 515
174 516
174 517
174 518
175 173
175 174
175 176
175 177
175 514
175 515
175 516
176 174
176 175
176 177
176 178
176 514
176 515
177 175
177 176
177 178
177 179
177 180
177 181
177 197
177 199
177 201
177 514
177 515
178 176
178 177
178 179
178 180
178 198
178 199
178 514
179 177
179 178
179 180
179 181
179 197
179 198
179 199
179 512
179 513
179 514
180 177
180 178
180 179
180 181
180 182
180 197
180 198
180 199
180 511
180 512
180 513
180 514
180 515
181 177
181 179
181 180
181 182
181 183
181 184
181 195
181 196
181 197
181 198
181 496
181 510
181 511
181 512
181 513
181 514
181 515
181 516
182 180
182 181
182 183
182 184
182 195
182 196
182 197
182 198
182 237
182 238
182 496
182 497
182 510
182 511
182 512
183 181
183 182
183 184
183 185
183 195
183 196
183 197
183 238
183 239
183 240
183 496
183 497
183 510
184 181
184 182
184 183
184 185
184 186
184 193
184 194
184 195
184 196
184 240
184 497
184 498
184 499
184 508
184 509
184 510
184 516
185 183
185 184
185 186
185 187
185 193
185 194
185 195
185 240
185 241
185 242
185 499
185 508
186 184
186 185
186 187
186 188
186 190
186 191
186 192
186 193
186 194
186 242
186 499
186 500
186 501
186 502
186 508
187 185
187 186
187 188
187 189
187 190
187 191
187 192
187 193
187 194
187 242
187 246
187 501
187 502
188 186
188 187
188 189
188 190
188 242
188 243
188 244
188 245
188 246
188 501
188 502
189 187
189 188
189 190
189 191
189 245
189 246
189 502
190 186
190 187
190 188
190 189
190 191
190 192
190 208
190 246
190 502
191 186
191 187
191 189
191 190
191 192
191 193
191 206
191 207
191 208
191 501
192 186
192 187
192 190
192 191
192 193
192 194
192 204
192 205
192 206
192 207
192 208
193 184
193 185
193 186
193 187
193 191
193 192
193 194
193 195
193 204
193 205
193 206
193 207
193 508
194 184
194 185
194 186
194 187
194 192
194 193
194 195
194 196
194 202
194 203
194 204
194 205
194 240
195 181
195 182
195 183
195 184
195 185
195 193
195 194
195 196
195 197
195 202
195 203
195 204
195 240
195 510
195 516
196 181
196 182
196 183
196 184
196 194
196 195
196 197
196 198
196 200
196 201
196 202
196 203
196 236
196 237
196 238
196 239
196 240
197 177
197 179
197 180
197 181
197 182
197 183
197 195
197 196
197 198
197 199
197 200
197 201
197 202
197 236
197 237
197 238
197 514
198 178
198 179
198 180
198 181
198 182
198 196
198 197
198 199
198 200
198 201
198 235
198 236
198 237
199 177
199 178
199 179
199 180
199 197
199 198
199 200
199 201
199 234
199 235
199 236
199 237
200 196
200 197
200 198
200 199
200 201
200 202
200 221
200 222
200 233
200 234
200 235
200 236
200 237
201 177
201 196
201 197
201 198
201 199
201 200
201 202
201 203
201 219
201 220
201 221
201 222
201 236
201 237
202 194
202 195
202 196
202 197
202 200
202 201
202 203
202 204
202 219
202 220
202 221
202 237
203 194
203 195
203 196
203 201
203 202
203 204
203 205
203 217
203 218
203 219
203 220
204 192
204 193
204 194
204 195
204 202
204 203
204 205
204 206
204 217
204 218
204 219
204 220
204 263
204 265
205 192
205 193
205 194
205 203
205 204
205 206
205 207
205 215
205 216
205 217
205 218
206 191
206 192
206 193
206 204
206 205
206 207
206 208
206 215
206 216
206 217
207 191
207 192
207 193
207 205
207 206
207 208
207 209
207 211
207 215
207 216
208 190
208 191
208 192
208 206
208 207
208 209
208 210
208 211
209 207
209 208
209 210
209 211
210 208
210 209
210 211
210 212
211 207
211 208
211 209
211 210
211 212
211 213
211 214
211 215
211 216
212 210
212 211
212 213
212 214
213 211
213 212
213 214
213 215
214 211
214 212
214 213
214 215
214 216
215 174
215 205
215 206
215 207
215 211
215 213
215 214
215 216
215 217
216 205
216 206
216 207
216 211
216 214
216 215
216 217
216 218
217 203
217 204
217 205
217 206
217 215
217 216
217 218
217 219
218 203
218 204
218 205
218 216
218 217
218 219
218 220
218 264
218 265
219 201
219 202
219 203
219 204
219 217
219 218
219 220
219 221
219 265
220 201
220 202
220 203
220 204
220 218
220 219
220 221
220 222
220 265
221 200
221 201
221 202
221 219
221 220
221 222
221 223
221 232
221 233
222 200
222 201
222 220
222 221
222 223
222 224
222 232
222 233
223 221
223 222
223 224
223 225
223 230
223 231
223 232
223 233
224 222
224 223
224 225
224 226
224 230
224 231
224 232
224 233
225 223
225 224
225 226
225 227
225 228
225 229
225 230
225 231
226 224
226 225
226 227
226 228
226 229
226 230
226 231
227 225
227 226
227 228
227 229
228 225
228 226
228 227
228 229
228 230
229 225
229 226
229 227
229 228
229 230
229 231
230 223
230 224
230 225
230 226
230 228
230 229
230 231
230 232
231 223
231 224
231 225
231 226
231 229
231 230
231 232
231 233
232 221
232 222
232 223
232 224
232 230
232 231
232 233
232 234
233 200
233 221
233 222
233 223
233 224
233 231
233 232
233 234
233 235
233 255
234 199
234 200
234 232
234 233
234 235
234 236
235 198
235 199
235 200
235 233
235 234
235 236
235 237
235 253
235 254
235 255
236 196
236 197
236 198
236 199
236 200
236 201
236 234
236 235
236 237
236 238
236 253
236 254
236 255
237 182
237 196
237 197
237 198
237 199
237 200
237 201
237 202
237 235
237 236
237 238
237 239
237 240
237 251
237 252
237 253
237 254
238 182
238 183
238 196
238 197
238 236
238 237
238 239
238 240
238 251
238 252
238 253
238 254
238 278
238 279
238 280
239 183
239 196
239 237
239 238
239 240
239 241
239 251
239 252
239 253
239 278
239 279
239 280
239 281
240 183
240 184
240 185
240 194
240 195
240 196
240 237
240 238
240 239
240 241
240 242
240 249
240 250
240 251
240 252
240 281
240 282
241 185
241 239
241 240
241 242
241 243
241 249
241 250
241 251
241 281
241 282
241 283
242 185
242 186
242 187
242 188
242 240
242 241
242 243
242 244
242 245
242 246
242 247
242 248
242 249
242 250
242 283
243 188
243 241
243 242
243 244
243 245
243 246
243 247
243 248
243 249
243 250
243 283
243 284
243 285
243 287
244 188
244 242
244 243
244 245
244 246
244 283
244 285
244 286
244 287
245 188
245 189
245 242
245 243
245 244
245 246
245 247
245 248
245 287
246 187
246 188
246 189
246 190
246 242
246 243
246 244
246 245
246 247
246 248
246 249
246 263
247 242
247 243
247 245
247 246
247 248
247 249
247 262
247 263
248 242
248 243
248 245
248 246
248 247
248 249
248 250
248 260
248 261
248 262
248 263
249 240
249 241
249 242
249 243
249 246
249 247
249 248
249 250
249 251
249 260
249 261
249 262
249 263
250 240
250 241
250 242
250 243
250 248
250 249
250 251
250 252
250 258
250 259
250 260
250 261
250 281
250 282
250 283
250 290
251 237
251 238
251 239
251 240
251 241
251 249
251 250
251 252
251 253
251 258
251 259
251 260
251 261
251 281
252 237
252 238
252 239
252 240
252 250
252 251
252 253
252 254
252 256
252 257
252 258
252 259
252 278
252 279
252 280
252 281
252 292
253 235
253 236
253 237
253 238
253 239
253 251
253 252
253 254
253 255
253 256
253 257
253 258
253 277
253 278
253 279
254 235
254 236
254 237
254 238
254 252
254 253
254 255
254 256
254 257
254 276
254 277
254 278
254 279
255 233
255 235
255 236
255 253
255 254
255 256
255 257
255 276
255 277
255 278
256 252
256 253
256 254
256 255
256 257
256 258
256 272
256 273
256 274
256 275
256 276
256 277
256 278
256 294
257 252
257 253
257 254
257 255
257 256
257 258
257 259
257 270
257 271
257 272
257 273
257 274
257 277
257 278
258 250
258 251
258 252
258 253
258 256
258 257
258 259
258 260
258 270
258 271
258 272
258 278
259 250
259 251
259 252
259 257
259 258
259 260
259 261
259 267
259 268
259 269
259 270
259 271
260 248
260 249
260 250
260 251
260 258
260 259
260 261
260 262
260 267
260 268
260 269
260 270
260 271
260 304
261 248
261 249
261 250
261 251
261 259
261 260
261 262
261 263
261 264
261 265
261 266
261 267
261 268
261 269
262 247
262 248
262 249
262 260
262 261
262 263
262 264
262 265
262 266
262 267
262 268
263 204
263 246
263 247
263 248
263 249
263 261
263 262
263 264
263 265
263 266
264 218
264 261
264 262
264 263
264 265
264 266
265 204
265 218
265 219
265 220
265 261
265 262
265 263
265 264
265 266
265 267
266 261
266 262
266 263
266 264
266 265
266 267
266 268
267 259
267 260
267 261
267 262
267 265
267 266
267 268
267 269
267 270
268 259
268 260
268 261
268 262
268 266
268 267
268 269
268 270
269 259
269 260
269 261
269 267
269 268
269 270
269 271
269 304
269 305
269 306
269 307
270 257
270 258
270 259
270 260
270 267
270 268
270 269
270 271
270 272
270 307
271 257
271 258
271 259
271 260
271 269
271 270
271 272
271 273
271 302
271 307
271 308
271 309
272 256
272 257
272 258
272 270
272 271
272 273
272 274
273 256
273 257
273 271
273 272
273 274
273 275
273 309
274 256
274 257
274 272
274 273
274 275
274 276
274 277
274 278
274 294
274 296
274 298
275 256
275 273
275 274
275 276
275 277
275 294
275 295
275 296
276 254
276 255
276 256
276 274
276 275
276 277
276 278
276 294
276 295
276 296
277 253
277 254
277 255
277 256
277 257
277 274
277 275
277 276
277 278
277 279
277 294
277 295
277 296
278 238
278 239
278 252
278 253
278 254
278 255
278 256
278 257
278 258
278 274
278 276
278 277
278 279
278 280
278 281
278 292
278 293
278 294
278 295
279 238
279 239
279 252
279 253
279 254
279 277
279 278
279 280
279 281
279 292
279 293
279 294
279 295
279 320
279 321
279 322
280 238
280 239
280 252
280 278
280 279
280 281
280 282
280 292
280 293
280 294
280 321
280 322
280 323
281 239
281 240
281 241
281 250
281 251
281 252
281 278
281 279
281 280
281 282
281 283
281 290
281 291
281 292
281 293
281 322
281 323
282 240
282 241
282 250
282 280
282 281
282 283
282 284
282 290
282 291
282 292
282 323
282 324
282 325
283 241
283 242
283 243
283 244
283 250
283 281
283 282
283 284
283 285
283 287
283 288
283 289
283 290
283 291
283 325
284 243
284 282
284 283
284 285
284 286
284 287
284 288
284 289
284 290
284 291
284 325
284 327
284 328
284 329
285 243
285 244
285 283
285 284
285 286
285 287
285 325
285 327
285 328
286 244
286 284
286 285
286 287
286 288
286 289
286 328
287 243
287 244
287 245
287 283
287 284
287 285
287 286
287 288
287 289
287 290
287 304
288 283
288 284
288 286
288 287
288 289
288 290
288 303
288 304
288 305
289 283
289 284
289 286
289 287
289 288
289 290
289 291
289 301
289 302
289 303
289 304
289 328
290 250
290 281
290 282
290 283
290 284
290 287
290 288
290 289
290 291
290 292
290 301
290 302
290 303
290 304
291 281
291 282
291 283
291 284
291 289
291 290
291 292
291 293
291 299
291 300
291 301
291 302
291 323
292 252
292 278
292 279
292 280
292 281
292 282
292 290
292 291
292 293
292 294
292 299
292 300
292 301
292 323
293 278
293 279
293 280
293 281
293 291
293 292
293 294
293 295
293 297
293 298
293 299
293 300
293 320
293 321
293 322
293 323
293 333
294 256
294 274
294 275
294 276
294 277
294 278
294 279
294 280
294 292
294 293
294 295
294 296
294 297
294 298
294 299
294 319
294 320
294 321
295 275
295 276
295 277
295 278
295 279
295 293
295 294
295 296
295 297
295 298
295 318
295 319
295 320
295 321
296 274
296 275
296 276
296 277
296 294
296 295
296 297
296 298
296 318
296 319
296 320
297 293
297 294
297 295
297 296
297 298
297 299
297 314
297 315
297 316
297 317
297 318
297 319
297 320
297 335
298 274
298 293
298 294
298 295
298 296
298 297
298 299
298 300
298 312
298 313
298 314
298 315
298 316
298 319
298 320
299 291
299 292
299 293
299 294
299 297
299 298
299 300
299 301
299 312
299 313
299 314
299 320
299 333
300 291
300 292
300 293
300 298
300 299
300 301
300 302
300 309
300 310
300 311
300 312
300 313
301 289
301 290
301 291
301 292
301 299
301 300
301 302
301 303
301 309
301 310
301 311
301 312
301 345
302 271
302 289
302 290
302 291
302 300
302 301
302 303
302 304
302 307
302 308
302 309
302 310
302 311
303 288
303 289
303 290
303 301
303 302
303 304
303 305
303 306
303 307
303 308
303 309
303 310
304 260
304 269
304 287
304 288
304 289
304 290
304 302
304 303
304 305
304 306
304 307
304 308
305 269
305 288
305 303
305 304
305 306
305 307
306 269
306 303
306 304
306 305
306 307
306 308
307 269
307 270
307 271
307 302
307 303
307 304
307 305
307 306
307 308
307 309
308 271
308 302
308 303
308 304
308 306
308 307
308 309
308 310
309 271
309 273
309 300
309 301
309 302
309 303
309 307
309 308
309 310
309 311
309 312
310 300
310 301
310 302
310 303
310 308
310 309
310 311
310 312
311 300
311 301
311 302
311 309
311 310
311 312
311 313
311 345
311 346
312 298
312 299
312 300
312 301
312 309
312 310
312 311
312 313
312 314
313 298
313 299
313 300
313 311
313 312
313 314
313 315
313 348
314 297
314 298
314 299
314 312
314 313
314 315
314 316
314 317
315 297
315 298
315 313
315 314
315 316
315 317
315 341
315 349
315 350
316 297
316 298
316 314
316 315
316 317
316 318
316 319
316 320
316 335
316 337
316 339
316 341
317 297
317 314
317 315
317 316
317 318
317 319
317 337
318 295
318 296
318 297
318 316
318 317
318 319
318 320
318 335
318 336
318 337
319 294
319 295
319 296
319 297
319 298
319 316
319 317
319 318
319 320
319 321
319 335
319 336
319 337
320 279
320 293
320 294
320 295
320 296
320 297
320 298
320 299
320 316
320 318
320 319
320 321
320 322
320 333
320 334
320 335
320 336
321 279
321 280
321 293
321 294
321 295
321 319
321 320
321 322
321 323
321 333
321 334
321 335
321 336
321 361
321 362
321 363
322 279
322 280
322 281
322 293
322 320
322 321
322 323
322 324
322 333
322 334
322 335
322 362
322 363
322 364
323 280
323 281
323 282
323 291
323 292
323 293
323 321
323 322
323 324
323 325
323 331
323 332
323 333
323 334
323 363
323 364
323 365
324 282
324 322
324 323
324 325
324 326
324 331
324 332
324 333
324 364
324 365
324 366
325 282
325 283
325 284
325 285
325 323
325 324
325 326
325 327
325 328
325 329
325 330
325 331
325 332
325 366
326 324
326 325
326 327
326 328
326 329
326 330
326 331
326 332
326 366
326 370
327 284
327 285
327 325
327 326
327 328
327 329
327 330
327 331
327 370
328 284
328 285
328 286
328 289
328 325
328 326
328 327
328 329
328 330
329 284
329 325
329 326
329 327
329 328
329 330
329 331
329 344
329 345
330 325
330 326
330 327
330 328
330 329
330 331
330 332
330 342
330 343
330 344
330 345
331 323
331 324
331 325
331 326
331 327
331 329
331 330
331 332
331 333
331 342
331 343
331 344
332 323
332 324
332 325
332 326
332 330
332 331
332 333
332 334
332 340
332 341
332 342
332 343
332 364
333 293
333 299
333 320
333 321
333 322
333 323
333 324
333 331
333 332
333 334
333 335
333 340
333 341
333 342
333 343
333 364
334 320
334 321
334 322
334 323
334 332
334 333
334 335
334 336
334 338
334 339
334 340
334 341
334 361
334 362
334 363
334 364
335 297
335 316
335 318
335 319
335 320
335 321
335 322
335 333
335 334
335 336
335 337
335 338
335 339
335 340
335 360
335 361
335 362
336 318
336 319
336 320
336 321
336 334
336 335
336 337
336 338
336 339
336 359
336 360
336 361
336 362
337 316
337 317
337 318
337 319
337 335
337 336
337 338
337 339
337 359
337 360
337 361
338 334
338 335
338 336
338 337
338 339
338 340
338 355
338 356
338 357
338 358
338 359
338 360
338 361
339 316
339 334
339 335
339 336
339 337
339 338
339 340
339 341
339 353
339 354
339 355
339 356
339 357
339 361
340 332
340 333
340 334
340 335
340 338
340 339
340 341
340 342
340 353
340 354
340 355
340 361
341 315
341 316
341 332
341 333
341 334
341 339
341 340
341 342
341 343
341 350
341 351
341 352
341 353
341 354
342 330
342 331
342 332
342 333
342 340
342 341
342 343
342 344
342 350
342 351
342 352
342 353
343 330
343 331
343 332
343 333
343 341
343 342
343 344
343 345
343 347
343 349
343 350
343 351
343 352
344 329
344 330
344 331
344 342
344 343
344 345
344 346
344 347
344 350
344 351
345 301
345 311
345 329
345 330
345 343
345 344
345 346
345 347
346 311
346 344
346 345
346 347
346 348
347 343
347 344
347 345
347 346
347 348
347 349
347 350
347 351
348 313
348 346
348 347
348 349
348 350
349 315
349 343
349 347
349 348
349 350
349 351
350 315
350 341
350 342
350 343
350 344
350 347
350 348
350 349
350 351
350 352
350 353
351 341
351 342
351 343
351 344
351 347
351 349
351 350
351 352
351 353
352 341
352 342
352 343
352 350
352 351
352 353
352 354
352 387
353 339
353 340
353 341
353 342
353 350
353 351
353 352
353 354
353 355
354 339
354 340
354 341
354 352
354 353
354 355
354 356
354 385
354 390
354 391
355 338
355 339
355 340
355 353
355 354
355 356
355 357
356 338
356 339
356 354
356 355
356 357
356 358
356 392
357 338
357 339
357 355
357 356
357 358
357 359
357 360
357 361
357 377
357 379
357 381
358 338
358 356
358 357
358 359
358 360
358 379
359 336
359 337
359 338
359 357
359 358
359 360
359 361
359 377
359 378
359 379
360 335
360 336
360 337
360 338
360 357
360 358
360 359
360 361
360 362
360 377
360 378
360 379
361 321
361 334
361 335
361 336
361 337
361 338
361 339
361 340
361 357
361 359
361 360
361 362
361 363
361 364
361 375
361 376
361 377
361 378
362 321
362 322
362 334
362 335
362 336
362 360
362 361
362 363
362 364
362 375
362 376
362 377
362 378
362 403
362 404
362 405
363 321
363 322
363 323
363 334
363 361
363 362
363 364
363 365
363 375
363 376
363 377
363 404
363 405
363 406
364 322
364 323
364 324
364 332
364 333
364 334
364 361
364 362
364 363
364 365
364 366
364 373
364 374
364 375
364 376
364 406
365 323
365 324
365 363
365 364
365 366
365 367
365 373
365 374
365 375
365 406
365 407
365 408
366 324
366 325
366 326
366 364
366 365
366 367
366 368
366 369
366 370
366 371
366 372
366 373
366 374
366 408
367 365
367 366
367 368
367 369
367 370
367 371
367 372
367 373
367 374
367 408
368 366
368 367
368 369
368 370
368 408
368 410
368 411
368 412
368 414
368 415
369 366
369 367
369 368
369 370
369 371
369 372
369 413
369 414
370 326
370 327
370 366
370 367
370 368
370 369
370 371
370 372
370 373
371 366
371 367
371 369
371 370
371 372
371 373
371 386
371 387
372 366
372 367
372 369
372 370
372 371
372 373
372 374
372 384
372 385
372 386
372 387
373 364
373 365
373 366
373 367
373 370
373 371
373 372
373 374
373 375
373 384
373 385
373 386
374 364
374 365
374 366
374 367
374 372
374 373
374 375
374 376
374 382
374 383
374 384
374 385
374 406
375 361
375 362
375 363
375 364
375 365
375 373
375 374
375 376
375 377
375 382
375 383
375 384
375 406
376 361
376 362
376 363
376 364
376 374
376 375
376 377
376 378
376 380
376 381
376 382
376 383
376 403
376 404
376 405
376 406
376 426
377 357
377 359
377 360
377 361
377 362
377 363
377 375
377 376
377 378
377 379
377 380
377 381
377 382
377 402
377 403
377 404
378 359
378 360
378 361
378 362
378 376
378 377
378 379
378 380
378 381
378 401
378 402
378 403
378 404
379 357
379 358
379 359
379 360
379 377
379 378
379 380
379 381
379 401
379 402
379 403
380 376
380 377
380 378
380 379
380 381
380 382
380 397
380 398
380 399
380 400
380 401
380 402
380 403
381 357
381 376
381 377
381 378
381 379
381 380
381 382
381 383
381 395
381 396
381 397
381 398
381 399
381 402
381 403
382 374
382 375
382 376
382 377
382 380
382 381
382 383
382 384
382 395
382 396
382 397
382 403
382 426
383 374
383 375
383 376
383 381
383 382
383 384
383 385
383 392
383 393
383 394
383 395
383 396
384 372
384 373
384 374
384 375
384 382
384 383
384 385
384 386
384 392
384 393
384 394
384 395
384 438
385 354
385 372
385 373
385 374
385 383
385 384
385 386
385 387
385 389
385 390
385 391
385 392
385 393
385 394
386 371
386 372
386 373
386 384
386 385
386 387
386 388
386 389
386 390
386 392
386 393
387 352
387 371
387 372
387 385
387 386
387 388
387 389
387 390
388 386
388 387
388 389
388 390
389 385
389 386
389 387
389 388
389 390
389 391
389 392
389 393
390 354
390 385
390 386
390 387
390 388
390 389
390 391
390 392
391 354
391 385
391 389
391 390
391 392
391 393
392 356
392 383
392 384
392 385
392 386
392 389
392 390
392 391
392 393
392 394
392 395
393 383
393 384
393 385
393 386
393 389
393 391
393 392
393 394
393 395
394 383
394 384
394 385
394 392
394 393
394 395
394 396
394 438
394 441
395 381
395 382
395 383
395 384
395 392
395 393
395 394
395 396
395 397
395 441
396 381
396 382
396 383
396 394
396 395
396 397
396 398
396 441
396 442
397 380
397 381
397 382
397 395
397 396
397 398
397 399
398 380
398 381
398 396
398 397
398 399
398 400
398 443
399 380
399 381
399 397
399 398
399 400
399 401
399 402
399 403
399 428
399 430
399 432
400 380
400 398
400 399
400 401
400 402
400 430
401 378
401 379
401 380
401 399
401 400
401 402
401 403
401 428
401 429
401 430
402 377
402 378
402 379
402 380
402 381
402 399
402 400
402 401
402 403
402 404
402 428
402 429
402 430
403 362
403 376
403 377
403 378
403 379
403 380
403 381
403 382
403 399
403 401
403 402
403 404
403 405
403 426
403 427
403 428
403 429
404 362
404 363
404 376
404 377
404 378
404 402
404 403
404 405
404 406
404 426
404 427
404 428
404 429
404 454
404 455
405 362
405 363
405 376
405 403
405 404
405 406
405 407
405 426
405 427
405 428
405 455
405 456
405 457
406 363
406 364
406 365
406 374
406 375
406 376
406 404
406 405
406 407
406 408
406 424
406 425
406 426
406 427
406 457
407 365
407 405
407 406
407 408
407 409
407 424
407 425
407 426
407 457
407 458
407 459
408 365
408 366
408 367
408 368
408 406
408 407
408 409
408 410
408 422
408 423
408 424
408 425
408 459
409 407
409 408
409 410
409 411
409 422
409 423
409 424
409 425
409 459
409 463
410 368
410 408
410 409
410 411
410 412
410 415
410 416
410 417
410 422
410 459
410 460
410 461
410 462
410 463
411 368
411 409
411 410
411 412
411 413
411 414
411 415
411 416
411 417
411 418
411 419
411 420
411 421
411 422
411 423
411 462
411 463
412 368
412 410
412 411
412 413
412 414
412 415
412 417
412 418
412 419
412 420
412 421
412 422
413 369
413 411
413 412
413 414
413 415
413 417
413 418
413 419
414 368
414 369
414 411
414 412
414 413
414 415
414 416
414 418
415 368
415 410
415 411
415 412
415 413
415 414
415 416
415 417
415 418
416 410
416 411
416 414
416 415
416 417
416 418
416 462
417 410
417 411
417 412
417 413
417 415
417 416
417 418
417 419
417 420
417 462
417 463
418 411
418 412
418 413
418 414
418 415
418 416
418 417
418 419
418 420
418 421
419 411
419 412
419 413
419 417
419 418
419 420
419 421
420 411
420 412
420 417
420 418
420 419
420 421
420 422
421 411
421 412
421 418
421 419
421 420
421 422
421 423
422 408
422 409
422 410
422 411
422 412
422 420
422 421
422 423
422 424
422 437
422 438
423 408
423 409
423 411
423 421
423 422
423 424
423 425
423 435
423 436
423 437
423 438
424 406
424 407
424 408
424 409
424 422
424 423
424 425
424 426
424 435
424 436
424 437
424 438
425 406
425 407
425 408
425 409
425 423
425 424
425 426
425 427
425 433
425 434
425 435
425 436
425 457
426 376
426 382
426 403
426 404
426 405
426 406
426 407
426 424
426 425
426 427
426 428
426 433
426 434
426 435
426 457
427 403
427 404
427 405
427 406
427 425
427 426
427 428
427 429
427 431
427 432
427 433
427 434
427 454
427 455
427 456
427 457
428 399
428 401
428 402
428 403
428 404
428 405
428 426
428 427
428 429
428 430
428 431
428 432
428 433
428 453
428 454
428 455
429 401
429 402
429 403
429 404
429 427
429 428
429 430
429 431
429 432
429 452
429 453
429 454
429 455
430 399
430 400
430 401
430 402
430 428
430 429
430 431
430 432
430 452
430 453
430 454
431 427
431 428
431 429
431 430
431 432
431 433
431 448
431 450
431 451
431 452
431 453
431 454
431 470
432 399
432 427
432 428
432 429
432 430
432 431
432 433
432 434
432 446
432 447
432 448
432 449
432 450
432 453
432 454
433 425
433 426
433 427
433 428
433 431
433 432
433 434
433 435
433 446
433 447
433 448
433 454
433 468
434 425
434 426
434 427
434 432
434 433
434 435
434 436
434 443
434 444
434 445
434 446
434 447
435 423
435 424
435 425
435 426
435 433
435 434
435 436
435 437
435 443
435 444
435 445
435 446
435 480
436 423
436 424
436 425
436 434
436 435
436 437
436 438
436 441
436 442
436 443
436 444
436 445
437 422
437 423
437 424
437 435
437 436
437 438
437 439
437 440
437 441
437 442
437 443
437 444
438 384
438 394
438 422
438 423
438 424
438 436
438 437
438 439
438 440
438 441
438 442
439 437
439 438
439 440
439 441
440 437
440 438
440 439
440 441
440 442
441 394
441 395
441 396
441 436
441 437
441 438
441 439
441 440
441 442
441 443
442 396
442 436
442 437
442 438
442 440
442 441
442 443
442 444
443 398
443 434
443 435
443 436
443 437
443 441
443 442
443 444
443 445
443 446
444 434
444 435
444 436
444 437
444 442
444 443
444 445
444 446
445 434
445 435
445 436
445 443
445 444
445 446
445 447
445 482
445 483
446 432
446 433
446 434
446 435
446 443
446 444
446 445
446 447
446 448
446 483
447 432
447 433
447 434
447 445
447 446
447 448
447 449
447 450
447 483
447 484
448 431
448 432
448 433
448 446
448 447
448 449
448 450
448 451
449 432
449 447
449 448
449 450
449 451
450 431
450 432
450 447
450 448
450 449
450 451
450 452
450 453
450 454
450 470
450 472
450 474
451 431
451 448
451 449
451 450
451 452
451 453
451 472
452 429
452 430
452 431
452 450
452 451
452 453
452 454
452 470
452 471
452 472
453 428
453 429
453 430
453 431
453 432
453 450
453 451
453 452
453 454
453 455
453 470
453 471
453 472
454 404
454 427
454 428
454 429
454 430
454 431
454 432
454 433
454 450
454 452
454 453
454 455
454 456
454 468
454 469
454 470
454 471
455 404
455 405
455 427
455 428
455 429
455 453
455 454
455 456
455 457
455 468
455 469
455 470
455 471
455 495
455 496
455 497
456 405
456 427
456 454
456 455
456 457
456 458
456 468
456 469
456 470
456 495
456 496
456 497
456 498
457 405
457 406
457 407
457 425
457 426
457 427
457 455
457 456
457 458
457 459
457 466
457 467
457 468
457 469
457 497
457 498
457 499
458 407
458 456
458 457
458 459
458 460
458 466
458 467
458 468
458 498
458 499
458 500
459 407
459 408
459 409
459 410
459 457
459 458
459 460
459 461
459 462
459 463
459 464
459 465
459 466
459 467
459 499
459 500
460 410
460 458
460 459
460 461
460 462
460 463
460 464
460 465
460 466
460 467
460 500
460 501
460 504
461 410
461 459
461 460
461 462
461 463
461 500
461 501
461 502
461 503
461 504
462 410
462 411
462 416
462 417
462 459
462 460
462 461
462 463
462 464
462 465
462 504
463 409
463 410
463 411
463 417
463 459
463 460
463 461
463 462
463 464
463 465
463 466
463 480
464 459
464 460
464 462
464 463
464 465
464 466
464 479
464 480
464 481
465 459
465 460
465 462
465 463
465 464
465 466
465 467
465 477
465 478
465 479
465 480
466 457
466 458
466 459
466 460
466 463
466 464
466 465
466 467
466 468
466 477
466 478
466 479
466 480
467 457
467 458
467 459
467 460
467 465
467 466
467 468
467 469
467 475
467 476
467 477
467 478
467 498
467 499
467 500
467 507
468 433
468 454
468 455
468 456
468 457
468 458
468 466
468 467
468 469
468 470
468 475
468 476
468 477
468 498
469 454
469 455
469 456
469 457
469 467
469 468
469 470
469 471
469 473
469 474
469 475
469 476
469 495
469 496
469 497
469 498
469 509
470 431
470 450
470 452
470 453
470 454
470 455
470 456
470 468
470 469
470 471
470 472
470 473
470 474
470 475
470 494
470 495
470 496
471 452
471 453
471 454
471 455
471 469
471 470
471 472
471 473
471 474
471 493
471 494
471 495
471 496
472 450
472 451
472 452
472 453
472 470
472 471
472 473
472 474
472 494
472 495
473 469
473 470
473 471
473 472
473 474
473 475
473 490
473 491
473 492
473 493
473 494
473 495
474 450
474 469
474 470
474 471
474 472
474 473
474 475
474 476
474 488
474 489
474 490
474 491
474 494
474 495
475 467
475 468
475 469
475 470
475 473
475 474
475 476
475 477
475 488
475 489
475 490
475 491
475 495
475 498
475 509
476 467
476 468
476 469
476 474
476 475
476 477
476 478
476 485
476 486
476 487
476 488
476 489
477 465
477 466
477 467
477 468
477 475
477 476
477 478
477 479
477 485
477 486
477 487
477 488
478 465
478 466
478 467
478 476
478 477
478 479
478 480
478 483
478 484
478 485
478 486
478 487
479 464
479 465
479 466
479 477
479 478
479 480
479 481
479 482
479 483
479 484
479 485
479 486
480 435
480 463
480 464
480 465
480 466
480 478
480 479
480 481
480 482
480 483
480 484
481 464
481 479
481 480
481 482
481 483
482 445
482 479
482 480
482 481
482 483
482 484
483 445
483 446
483 447
483 478
483 479
483 480
483 481
483 482
483 484
483 485
484 447
484 478
484 479
484 480
484 482
484 483
484 485
484 486
485 164
485 476
485 477
485 478
485 479
485 483
485 484
485 486
485 487
485 488
486 164
486 476
486 477
486 478
486 479
486 484
486 485
486 487
486 488
487 164
487 165
487 166
487 476
487 477
487 478
487 485
487 486
487 488
487 489
488 164
488 165
488 166
488 474
488 475
488 476
488 477
488 485
488 486
488 487
488 489
488 490
489 165
489 166
489 474
489 475
489 476
489 487
489 488
489 490
489 491
490 473
490 474
490 475
490 488
490 489
490 491
490 492
491 473
491 474
491 475
491 489
491 490
491 492
491 493
491 494
491 495
491 511
491 517
492 473
492 490
492 491
492 493
492 494
492 511
492 513
493 471
493 473
493 491
493 492
493 494
493 495
493 511
493 512
493 513
493 515
494 470
494 471
494 472
494 473
494 474
494 491
494 492
494 493
494 495
494 496
494 511
494 512
494 513
495 455
495 456
495 469
495 470
495 471
495 472
495 473
495 474
495 475
495 491
495 493
495 494
495 496
495 497
495 498
495 509
495 510
495 511
495 512
496 181
496 182
496 183
496 455
496 456
496 469
496 470
496 471
496 494
496 495
496 497
496 498
496 509
496 510
496 511
496 512
497 182
497 183
497 184
497 455
497 456
497 457
497 469
497 495
497 496
497 498
497 499
497 509
497 510
497 511
498 184
498 456
498 457
498 458
498 467
498 468
498 469
498 475
498 495
498 496
498 497
498 499
498 500
498 507
498 508
498 509
498 510
499 184
499 185
499 186
499 457
499 458
499 459
499 467
499 497
499 498
499 500
499 501
499 507
499 508
499 509
500 186
500 458
500 459
500 460
500 461
500 467
500 498
500 499
500 501
500 502
500 503
500 504
500 505
500 506
500 507
500 508
501 186
501 187
501 188
501 191
501 460
501 461
501 499
501 500
501 502
501 503
501 504
501 505
501 506
501 507
501 508
502 186
502 187
502 188
502 189
502 190
502 461
502 500
502 501
502 503
502 504
503 461
503 500
503 501
503 502
503 504
503 505
503 506
504 460
504 461
504 462
504 500
504 501
504 502
504 503
504 505
504 506
504 507
505 500
505 501
505 503
505 504
505 506
505 507
505 520
505 521
506 500
506 501
506 503
506 504
506 505
506 507
506 508
506 518
506 519
506 520
506 521
507 467
507 498
507 499
507 500
507 501
507 504
507 505
507 506
507 508
507 509
507 518
507 519
507 520
507 521
508 184
508 185
508 186
508 193
508 498
508 499
508 500
508 501
508 506
508 507
508 509
508 510
508 516
508 517
508 518
508 519
509 184
509 469
509 475
509 495
509 496
509 497
509 498
509 499
509 507
509 508
509 510
509 511
509 516
509 517
509 518
510 181
510 182
510 183
510 184
510 195
510 495
510 496
510 497
510 498
510 508
510 509
510 511
510 512
510 514
510 515
510 516
510 517
511 180
511 181
511 182
511 491
511 492
511 493
511 494
511 495
511 496
511 497
511 509
511 510
511 512
511 513
511 514
511 515
511 516
511 517
512 179
512 180
512 181
512 182
512 493
512 494
512 495
512 496
512 510
512 511
512 513
512 514
512 515
513 179
513 180
513 181
513 492
513 493
513 494
513 511
513 512
513 514
513 515
514 175
514 176
514 177
514 178
514 179
514 180
514 181
514 197
514 510
514 511
514 512
514 513
514 515
514 516
515 173
515 174
515 175
515 176
515 177
515 180
515 181
515 493
515 510
515 511
515 512
515 513
515 514
515 516
515 517
516 173
516 174
516 175
516 181
516 184
516 195
516 508
516 509
516 510
516 511
516 514
516 515
516 517
516 518
517 171
517 172
517 173
517 174
517 491
517 508
517 509
517 510
517 511
517 515
517 516
517 518
517 519
518 171
518 172
518 173
518 174
518 506
518 507
518 508
518 509
518 516
518 517
518 519
518 520
519 166
519 170
519 171
519 172
519 506
519 507
519 508
519 517
519 518
519 520
519 521
520 170
520 171
520 505
520 506
520 507
520 518
520 519
520 521
521 166
521 170
521 505
521 506
521 507
521 519
521 520
