0 1
0 2
1 0
1 2
1 3
2 0
2 1
2 3
2 4
3 1
3 2
3 4
3 5
4 2
4 3
4 5
4 6
4 7
5 3
5 4
5 6
5 7
5 8
6 4
6 5
6 7
6 8
7 4
7 5
7 6
7 8
7 9
7 10
8 5
8 6
8 7
8 9
8 10
8 11
8 60
8 63
8 64
9 7
9 8
9 10
9 11
9 60
9 61
9 64
10 7
10 8
10 9
10 11
10 12
10 51
10 64
11 8
11 9
11 10
11 12
11 13
11 49
11 50
11 51
11 61
11 64
11 65
12 10
12 11
12 13
12 14
12 49
12 50
12 51
12 68
13 11
13 12
13 14
13 15
13 47
13 48
13 49
13 50
13 65
13 68
13 70
13 71
14 12
14 13
14 15
14 16
14 47
14 48
14 49
14 70
14 71
15 13
15 14
15 16
15 17
15 46
15 47
15 48
15 70
15 71
15 74
16 14
16 15
16 17
16 18
16 19
16 45
16 46
16 47
16 48
17 15
17 16
17 18
17 19
17 20
17 45
17 46
18 16
18 17
18 19
18 20
19 16
19 17
19 18
19 20
19 21
19 45
19 46
20 17
20 18
20 19
20 21
20 22
21 19
21 20
21 22
21 23
21 24
21 25
21 44
21 199
21 200
22 20
22 21
22 23
22 24
22 25
22 26
22 199
23 21
23 22
23 24
23 25
23 26
23 29
23 192
23 195
23 196
23 199
24 21
24 22
24 23
24 25
24 26
24 29
24 30
24 43
24 44
24 196
25 21
25 22
25 23
25 24
25 26
25 27
25 29
25 30
26 22
26 23
26 24
26 25
26 27
26 28
26 29
26 30
27 25
27 26
27 28
27 29
27 30
27 31
28 26
28 27
28 29
28 30
28 31
28 32
29 23
29 24
29 25
29 26
29 27
29 28
29 30
29 31
29 32
29 33
29 192
30 24
30 25
30 26
30 27
30 28
30 29
30 31
30 32
30 33
30 34
30 39
31 27
31 28
31 29
31 30
31 32
31 33
31 34
31 35
32 28
32 29
32 30
32 31
32 33
32 34
32 35
32 36
32 188
33 29
33 30
33 31
33 32
33 34
33 35
33 36
33 37
33 38
33 39
33 176
34 30
34 31
34 32
34 33
34 35
34 36
34 37
34 38
34 39
34 263
34 264
34 265
35 31
35 32
35 33
35 34
35 36
35 37
35 38
35 180
35 181
35 182
35 265
36 32
36 33
36 34
36 35
36 37
36 38
36 39
36 173
36 174
36 175
36 176
36 177
36 179
36 180
36 181
36 182
37 33
37 34
37 35
37 36
37 38
37 39
37 176
37 177
37 178
37 179
37 180
37 181
37 261
37 262
37 263
37 264
37 265
38 33
38 34
38 35
38 36
38 37
38 39
38 40
38 41
38 42
38 176
38 177
38 180
38 258
38 260
38 262
38 263
38 264
39 30
39 33
39 34
39 36
39 37
39 38
39 40
39 41
39 42
39 263
39 264
39 265
40 38
40 39
40 41
40 42
40 43
40 263
40 264
41 38
41 39
41 40
41 42
41 43
41 78
41 257
41 258
41 259
41 260
41 261
41 263
41 264
42 38
42 39
42 40
42 41
42 43
42 44
42 256
42 257
42 258
42 259
43 24
43 40
43 41
43 42
43 44
43 45
43 255
43 256
43 257
43 258
44 21
44 24
44 42
44 43
44 45
44 46
44 254
44 255
44 256
44 257
45 16
45 17
45 19
45 43
45 44
45 46
45 47
45 75
45 254
45 255
45 256
46 15
46 16
46 17
46 19
46 44
46 45
46 47
46 48
46 252
46 253
46 254
46 255
47 13
47 14
47 15
47 16
47 45
47 46
47 48
47 49
47 252
47 253
47 254
48 13
48 14
48 15
48 16
48 46
48 47
48 49
48 50
48 251
48 252
48 253
49 11
49 12
49 13
49 14
49 47
49 48
49 50
49 51
49 251
49 252
49 253
50 11
50 12
50 13
50 48
50 49
50 51
50 52
50 251
51 10
51 11
51 12
51 49
51 50
51 52
51 53
51 251
52 50
52 51
52 53
52 54
52 248
52 251
53 51
53 52
53 54
53 55
53 57
53 61
53 248
53 251
54 52
54 53
54 55
54 56
54 57
54 58
54 248
55 53
55 54
55 56
55 57
55 58
55 217
56 54
56 55
56 57
56 58
56 59
57 53
57 54
57 55
57 56
57 58
57 59
57 60
57 61
58 54
58 55
58 56
58 57
58 59
58 60
58 61
58 62
58 97
59 56
59 57
59 58
59 60
59 61
59 62
59 63
59 95
59 96
59 97
60 8
60 9
60 57
60 58
60 59
60 61
60 62
60 63
60 64
61 9
61 11
61 53
61 57
61 58
61 59
61 60
61 62
61 63
61 64
61 65
62 58
62 59
62 60
62 61
62 63
62 64
62 65
62 66
62 95
62 97
63 8
63 59
63 60
63 61
63 62
63 64
63 65
63 66
63 67
63 92
63 94
63 95
64 8
64 9
64 10
64 11
64 60
64 61
64 62
64 63
64 65
64 66
64 67
64 68
65 11
65 13
65 61
65 62
65 63
65 64
65 66
65 67
65 68
65 71
66 62
66 63
66 64
66 65
66 67
66 68
66 71
66 72
66 92
67 63
67 64
67 65
67 66
67 68
67 69
67 71
67 72
67 91
67 92
68 12
68 13
68 64
68 65
68 66
68 67
68 69
68 70
68 71
68 72
69 67
69 68
69 70
69 71
69 72
69 73
70 13
70 14
70 15
70 68
70 69
70 71
70 72
70 73
70 74
71 13
71 14
71 15
71 65
71 66
71 67
71 68
71 69
71 70
71 72
71 73
71 74
71 75
72 66
72 67
72 68
72 69
72 70
72 71
72 73
72 74
72 75
72 87
72 88
72 89
73 69
73 70
73 71
73 72
73 74
73 75
73 87
73 88
74 15
74 70
74 71
74 72
74 73
74 75
74 76
74 87
75 45
75 71
75 72
75 73
75 74
75 76
75 77
75 87
75 88
76 74
76 75
76 77
76 78
76 85
76 86
76 87
76 88
77 75
77 76
77 78
77 79
77 85
77 86
77 87
77 88
77 231
77 232
77 233
77 257
77 259
78 41
78 76
78 77
78 79
78 80
78 83
78 84
78 85
78 86
78 233
78 259
79 77
79 78
79 80
79 81
79 82
79 83
79 84
79 85
79 86
79 233
80 78
80 79
80 81
80 82
80 83
80 233
80 234
80 235
81 79
81 80
81 82
81 83
82 79
82 80
82 81
82 83
82 84
83 78
83 79
83 80
83 81
83 82
83 84
83 85
84 78
84 79
84 82
84 83
84 85
84 86
85 76
85 77
85 78
85 79
85 83
85 84
85 86
85 87
86 76
86 77
86 78
86 79
86 84
86 85
86 87
86 88
86 89
87 72
87 73
87 74
87 75
87 76
87 77
87 85
87 86
87 88
87 89
88 72
88 73
88 75
88 76
88 77
88 86
88 87
88 89
88 90
88 91
88 230
88 231
89 72
89 86
89 87
89 88
89 90
89 91
90 88
90 89
90 91
90 92
90 225
90 230
91 67
91 88
91 89
91 90
91 92
91 93
91 225
92 63
92 66
92 67
92 90
92 91
92 93
92 94
92 95
92 223
92 224
92 225
92 230
93 91
93 92
93 94
93 95
93 223
93 224
93 225
93 226
94 63
94 92
94 93
94 95
94 96
94 223
94 224
94 225
95 59
95 62
95 63
95 92
95 93
95 94
95 96
95 97
95 221
95 222
95 223
95 224
96 59
96 94
96 95
96 97
96 98
96 220
96 221
96 222
96 223
97 58
97 59
97 62
97 95
97 96
97 98
97 99
97 219
97 220
97 221
97 222
98 96
98 97
98 99
98 100
98 219
98 220
98 221
99 97
99 98
99 100
99 101
99 217
99 218
99 219
99 220
100 98
100 99
100 101
100 102
100 163
100 164
100 165
100 217
100 218
100 219
100 220
101 99
101 100
101 102
101 103
101 163
101 164
101 165
101 217
101 218
102 100
102 101
102 103
102 104
102 164
102 165
102 166
102 214
102 216
102 217
102 218
103 101
103 102
103 104
103 105
103 164
103 214
104 102
104 103
104 105
104 106
104 107
104 109
104 164
104 166
105 103
105 104
105 106
105 107
105 213
105 214
106 104
106 105
106 107
106 108
106 109
107 104
107 105
107 106
107 108
107 109
107 110
107 111
107 190
107 194
108 106
108 107
108 109
108 110
108 111
109 104
109 106
109 107
109 108
109 110
109 111
109 112
110 107
110 108
110 109
110 111
110 112
110 113
110 114
111 107
111 108
111 109
111 110
111 112
111 113
111 114
111 115
112 109
112 110
112 111
112 113
112 114
112 115
112 116
112 156
113 110
113 111
113 112
113 114
113 115
113 116
113 117
113 118
113 119
113 142
114 110
114 111
114 112
114 113
114 115
114 116
114 117
114 118
114 119
114 120
114 121
115 111
115 112
115 113
115 114
115 116
115 117
115 118
116 112
116 113
116 114
116 115
116 117
116 118
116 119
116 153
116 156
117 113
117 114
117 115
117 116
117 118
117 119
117 120
117 126
118 113
118 114
118 115
118 116
118 117
118 119
118 120
118 125
118 126
118 141
118 142
119 113
119 114
119 116
119 117
119 118
119 120
119 121
119 122
119 123
119 124
119 125
119 126
119 141
119 142
119 185
119 186
120 114
120 117
120 118
120 119
120 121
120 122
120 123
120 124
120 125
120 126
121 114
121 119
121 120
121 122
121 123
121 124
122 119
122 120
122 121
122 123
122 124
123 119
123 120
123 121
123 122
123 124
123 125
123 185
123 186
123 187
124 119
124 120
124 121
124 122
124 123
124 125
124 126
124 184
124 185
124 186
125 118
125 119
125 120
125 123
125 124
125 126
125 127
125 140
125 141
125 142
125 184
125 185
125 186
126 117
126 118
126 119
126 120
126 124
126 125
126 127
126 128
126 140
126 141
126 142
127 125
127 126
127 128
127 129
127 139
127 140
127 141
128 126
128 127
128 129
128 130
128 138
128 139
128 140
128 141
129 127
129 128
129 130
129 131
129 138
129 139
129 140
130 128
130 129
130 131
130 132
130 137
130 138
130 139
130 140
131 129
131 130
131 132
131 133
131 137
131 138
131 139
132 130
132 131
132 133
132 134
132 135
132 136
132 137
132 138
133 131
133 132
133 134
133 135
133 136
133 137
133 138
133 147
133 148
134 132
134 133
134 135
134 136
134 137
135 132
135 133
135 134
135 136
135 137
136 132
136 133
136 134
136 135
136 137
136 138
136 175
137 130
137 131
137 132
137 133
137 134
137 135
137 136
137 138
137 139
138 128
138 129
138 130
138 131
138 132
138 133
138 136
138 137
138 139
138 140
138 141
138 143
138 144
139 127
139 128
139 129
139 130
139 131
139 137
139 138
139 140
139 141
139 143
139 144
140 125
140 126
140 127
140 128
140 129
140 130
140 138
140 139
140 141
140 142
140 143
140 144
141 118
141 119
141 125
141 126
141 127
141 128
141 138
141 139
141 140
141 142
141 143
141 144
141 145
142 113
142 118
142 119
142 125
142 126
142 140
142 141
142 143
142 144
142 145
142 146
143 138
143 139
143 140
143 141
143 142
143 144
143 145
143 146
143 147
143 148
143 174
143 175
144 138
144 139
144 140
144 141
144 142
144 143
144 145
144 146
144 147
144 148
144 151
144 154
145 141
145 142
145 143
145 144
145 146
145 147
145 148
145 149
145 151
145 153
145 154
146 142
146 143
146 144
146 145
146 147
146 148
146 154
146 171
147 133
147 143
147 144
147 145
147 146
147 148
147 149
148 133
148 143
148 144
148 145
148 146
148 147
148 149
148 150
148 151
148 154
149 145
149 147
149 148
149 150
149 151
149 154
150 148
150 149
150 151
150 152
150 154
151 144
151 145
151 148
151 149
151 150
151 152
151 153
151 154
152 150
152 151
152 153
152 154
152 155
153 116
153 145
153 151
153 152
153 154
153 155
153 156
154 144
154 145
154 146
154 148
154 149
154 150
154 151
154 152
154 153
154 155
154 156
154 157
155 152
155 153
155 154
155 156
155 157
155 158
155 159
156 112
156 116
156 153
156 154
156 155
156 157
156 158
157 154
157 155
157 156
157 158
157 159
157 160
157 161
157 162
158 155
158 156
158 157
158 159
158 160
158 161
158 162
159 155
159 157
159 158
159 160
159 161
159 162
159 163
160 157
160 158
160 159
160 161
160 162
160 163
160 164
161 157
161 158
161 159
161 160
161 162
161 163
161 164
161 167
162 157
162 158
162 159
162 160
162 161
162 163
162 164
162 167
162 168
163 100
163 101
163 159
163 160
163 161
163 162
163 164
163 165
163 167
163 168
164 100
164 101
164 102
164 103
164 104
164 160
164 161
164 162
164 163
164 165
164 166
164 167
164 168
165 100
165 101
165 102
165 163
165 164
165 166
165 167
165 168
165 169
165 218
166 102
166 104
166 164
166 165
166 167
166 168
166 169
166 170
166 193
166 197
167 161
167 162
167 163
167 164
167 165
167 166
167 168
167 169
167 170
167 171
168 162
168 163
168 164
168 165
168 166
168 167
168 169
168 170
168 171
168 172
169 165
169 166
169 167
169 168
169 170
169 171
169 172
169 173
169 193
169 197
170 166
170 167
170 168
170 169
170 171
170 172
170 173
170 174
170 189
170 190
170 193
171 146
171 167
171 168
171 169
171 170
171 172
171 173
171 174
171 175
172 168
172 169
172 170
172 171
172 173
172 174
172 175
172 176
172 239
173 36
173 169
173 170
173 171
173 172
173 174
173 175
173 176
173 189
173 193
174 36
174 143
174 170
174 171
174 172
174 173
174 175
174 176
174 182
174 189
175 36
175 136
175 143
175 171
175 172
175 173
175 174
175 176
175 177
175 180
175 239
176 33
176 36
176 37
176 38
176 172
176 173
176 174
176 175
176 177
176 178
176 179
176 180
176 239
177 36
177 37
177 38
177 175
177 176
177 178
177 179
177 180
177 239
177 260
177 261
177 262
177 263
178 37
178 176
178 177
178 179
178 180
178 260
178 261
178 262
178 263
179 36
179 37
179 176
179 177
179 178
179 180
179 181
179 261
179 262
179 263
180 35
180 36
180 37
180 38
180 175
180 176
180 177
180 178
180 179
180 181
180 182
181 35
181 36
181 37
181 179
181 180
181 182
181 183
182 35
182 36
182 174
182 180
182 181
182 183
182 184
183 181
183 182
183 184
183 185
183 186
183 188
184 124
184 125
184 182
184 183
184 185
184 186
185 119
185 123
185 124
185 125
185 183
185 184
185 186
185 187
185 188
186 119
186 123
186 124
186 125
186 183
186 184
186 185
186 187
186 188
186 189
186 190
187 123
187 185
187 186
187 188
187 189
187 190
187 191
188 32
188 183
188 185
188 186
188 187
188 189
188 190
188 191
188 192
189 170
189 173
189 174
189 186
189 187
189 188
189 190
189 191
189 192
189 193
190 107
190 170
190 186
190 187
190 188
190 189
190 191
190 192
190 193
190 194
191 187
191 188
191 189
191 190
191 192
191 193
191 194
191 195
192 23
192 29
192 188
192 189
192 190
192 191
192 193
192 194
192 195
192 196
193 166
193 169
193 170
193 173
193 189
193 190
193 191
193 192
193 194
193 195
193 196
193 197
194 107
194 190
194 191
194 192
194 193
194 195
194 196
194 197
194 198
195 23
195 191
195 192
195 193
195 194
195 196
195 197
195 198
195 199
196 23
196 24
196 192
196 193
196 194
196 195
196 197
196 198
196 199
196 200
197 166
197 169
197 193
197 194
197 195
197 196
197 198
197 199
197 200
197 201
198 194
198 195
198 196
198 197
198 199
198 200
198 201
198 202
199 21
199 22
199 23
199 195
199 196
199 197
199 198
199 200
199 201
199 202
200 21
200 196
200 197
200 198
200 199
200 201
200 202
200 245
200 254
201 197
201 198
201 199
201 200
201 202
201 203
201 214
201 215
201 216
201 245
201 247
202 198
202 199
202 200
202 201
202 203
202 204
202 214
202 215
202 216
202 247
203 201
203 202
203 204
203 205
203 212
203 213
203 214
203 215
203 216
204 202
204 203
204 205
204 206
204 212
204 213
204 214
204 215
205 203
205 204
205 206
205 207
205 210
205 211
205 212
205 213
206 204
206 205
206 207
206 208
206 209
206 210
206 211
206 212
206 213
207 205
207 206
207 208
207 209
207 210
208 206
208 207
208 209
208 210
209 206
209 207
209 208
209 210
209 211
210 205
210 206
210 207
210 208
210 209
210 211
210 212
211 205
211 206
211 209
211 210
211 212
211 213
212 203
212 204
212 205
212 206
212 210
212 211
212 213
212 214
213 105
213 203
213 204
213 205
213 206
213 211
213 212
213 214
213 215
214 102
214 103
214 105
214 201
214 202
214 203
214 204
214 212
214 213
214 215
214 216
215 201
215 202
215 203
215 204
215 213
215 214
215 216
215 217
215 247
215 248
215 249
216 102
216 201
216 202
216 203
216 214
216 215
216 217
216 218
216 245
216 246
216 247
216 248
217 55
217 99
217 100
217 101
217 102
217 215
217 216
217 218
217 219
217 245
217 246
217 247
218 99
218 100
218 101
218 102
218 165
218 216
218 217
218 219
218 220
218 243
218 244
218 245
218 246
219 97
219 98
219 99
219 100
219 217
219 218
219 220
219 221
219 243
219 244
219 245
220 96
220 97
220 98
220 99
220 100
220 218
220 219
220 221
220 222
220 241
220 242
220 243
220 244
221 95
221 96
221 97
221 98
221 219
221 220
221 222
221 223
221 231
221 232
221 241
221 242
221 243
221 244
222 95
222 96
222 97
222 220
222 221
222 223
222 224
222 229
222 230
222 231
222 232
222 242
223 92
223 93
223 94
223 95
223 96
223 221
223 222
223 224
223 225
223 229
223 230
223 231
223 232
224 92
224 93
224 94
224 95
224 222
224 223
224 225
224 226
224 227
224 228
224 229
224 230
224 231
225 90
225 91
225 92
225 93
225 94
225 223
225 224
225 226
225 227
225 228
225 229
225 230
226 93
226 224
226 225
226 227
226 228
227 224
227 225
227 226
227 228
227 229
227 230
228 224
228 225
228 226
228 227
228 229
228 230
228 234
229 222
229 223
229 224
229 225
229 227
229 228
229 230
229 231
229 232
229 233
229 234
229 235
230 88
230 90
230 92
230 222
230 223
230 224
230 225
230 227
230 228
230 229
230 231
230 232
230 233
230 234
231 77
231 88
231 221
231 222
231 223
231 224
231 229
231 230
231 232
231 233
231 234
232 77
232 221
232 222
232 223
232 229
232 230
232 231
232 233
232 234
232 240
232 241
232 242
232 257
232 258
232 259
233 77
233 78
233 79
233 80
233 229
233 230
233 231
233 232
233 234
233 235
233 236
233 240
233 259
234 80
234 228
234 229
234 230
234 231
234 232
234 233
234 235
234 236
235 80
235 229
235 233
235 234
235 236
235 237
236 233
236 234
236 235
236 237
236 238
236 240
237 235
237 236
237 238
237 239
237 240
237 260
238 236
238 237
238 239
238 240
238 241
239 172
239 175
239 176
239 177
239 237
239 238
239 240
239 241
239 258
239 259
239 260
240 232
240 233
240 236
240 237
240 238
240 239
240 241
240 242
240 258
240 259
240 260
241 220
241 221
241 232
241 238
241 239
241 240
241 242
241 243
241 257
241 258
241 259
242 220
242 221
242 222
242 232
242 240
242 241
242 243
242 244
242 255
242 256
242 257
242 258
243 218
243 219
243 220
243 221
243 241
243 242
243 244
243 245
243 255
243 256
243 257
244 218
244 219
244 220
244 221
244 242
244 243
244 245
244 246
244 253
244 254
244 255
244 256
245 200
245 201
245 216
245 217
245 218
245 219
245 243
245 244
245 246
245 247
245 253
245 254
245 255
245 256
246 216
246 217
246 218
246 244
246 245
246 247
246 248
246 251
246 252
246 253
246 254
247 201
247 202
247 215
247 216
247 217
247 245
247 246
247 248
247 249
247 250
247 251
247 252
247 253
248 52
248 53
248 54
248 215
248 216
248 246
248 247
248 249
248 250
248 251
248 252
249 215
249 247
249 248
249 250
249 251
249 252
250 247
250 248
250 249
250 251
250 252
251 48
251 49
251 50
251 51
251 52
251 53
251 246
251 247
251 248
251 249
251 250
251 252
251 253
252 46
252 47
252 48
252 49
252 246
252 247
252 248
252 249
252 250
252 251
252 253
252 254
253 46
253 47
253 48
253 49
253 244
253 245
253 246
253 247
253 251
253 252
253 254
253 255
254 44
254 45
254 46
254 47
254 200
254 244
254 245
254 246
254 252
254 253
254 255
254 256
255 43
255 44
255 45
255 46
255 242
255 243
255 244
255 245
255 253
255 254
255 256
255 257
256 42
256 43
256 44
256 45
256 242
256 243
256 244
256 245
256 254
256 255
256 257
256 258
257 41
257 42
257 43
257 44
257 77
257 232
257 241
257 242
257 243
257 255
257 256
257 258
257 259
258 38
258 41
258 42
258 43
258 232
258 239
258 240
258 241
258 242
258 256
258 257
258 259
258 260
259 41
259 42
259 77
259 78
259 232
259 233
259 239
259 240
259 241
259 257
259 258
259 260
259 261
260 38
260 41
260 177
260 178
260 237
260 239
260 240
260 258
260 259
260 261
260 262
261 37
261 41
261 177
261 178
261 179
261 259
261 260
261 262
261 263
262 37
262 38
262 177
262 178
262 179
262 260
262 261
262 263
262 264
263 34
263 37
263 38
263 39
263 40
263 41
263 177
263 178
263 179
263 261
263 262
263 264
263 265
264 34
264 37
264 38
264 39
264 40
264 41
264 262
264 263
264 265
264 266
265 34
265 35
265 37
265 39
265 263
265 264
265 266
266 264
266 265
