0 1
0 2
1 0
1 2
1 3
2 0
2 1
2 3
2 4
2 131
2 132
2 311
3 1
3 2
3 4
3 5
3 268
3 311
4 2
4 3
4 5
4 6
4 7
4 131
4 132
4 268
4 311
4 312
5 3
5 4
5 6
5 7
5 8
5 129
5 131
6 4
6 5
6 7
6 8
6 266
6 267
7 4
7 5
7 6
7 8
7 9
7 264
7 265
7 266
7 267
7 268
8 5
8 6
8 7
8 9
8 10
8 264
8 265
9 7
9 8
9 10
9 11
10 8
10 9
10 11
10 12
11 9
11 10
11 12
11 13
12 10
12 11
12 13
12 14
13 11
13 12
13 14
13 15
14 12
14 13
14 15
14 16
15 13
15 14
15 16
15 17
16 14
16 15
16 17
16 18
17 15
17 16
17 18
17 19
18 16
18 17
18 19
18 20
19 17
19 18
19 20
19 21
20 18
20 19
20 21
20 22
21 19
21 20
21 22
21 23
22 20
22 21
22 23
22 24
23 21
23 22
23 24
23 25
24 22
24 23
24 25
24 26
25 23
25 24
25 26
25 27
26 24
26 25
26 27
26 28
27 25
27 26
27 28
27 29
28 26
28 27
28 29
28 30
29 27
29 28
29 30
29 31
30 28
30 29
30 31
30 32
31 29
31 30
31 32
31 33
32 30
32 31
32 33
32 34
33 31
33 32
33 34
33 35
34 32
34 33
34 35
34 36
35 33
35 34
35 36
35 37
36 34
36 35
36 37
36 38
37 35
37 36
37 38
37 39
38 36
38 37
38 39
38 40
39 37
39 38
39 40
39 41
40 38
40 39
40 41
40 42
41 39
41 40
41 42
41 43
42 40
42 41
42 43
42 44
43 41
43 42
43 44
43 45
44 42
44 43
44 45
44 46
45 43
45 44
45 46
45 47
46 44
46 45
46 47
46 48
47 45
47 46
47 48
47 49
48 46
48 47
48 49
48 50
49 47
49 48
49 50
49 51
50 48
50 49
50 51
50 52
51 49
51 50
51 52
51 53
52 50
52 51
52 53
52 54
53 51
53 52
53 54
53 55
54 52
54 53
54 55
54 56
55 53
55 54
55 56
55 57
56 54
56 55
56 57
56 58
57 55
57 56
57 58
57 59
58 56
58 57
58 59
58 60
59 57
59 58
59 60
59 61
60 58
60 59
60 61
60 62
61 59
61 60
61 62
61 63
62 60
62 61
62 63
62 64
62 65
62 66
63 61
63 62
63 64
63 65
63 66
63 67
64 62
64 63
64 65
64 66
64 67
64 68
65 62
65 63
65 64
65 66
65 67
65 68
65 69
66 62
66 63
66 64
66 65
66 67
66 68
66 69
66 70
67 63
67 64
67 65
67 66
67 68
67 69
67 70
67 71
68 64
68 65
68 66
68 67
68 69
68 70
68 71
68 72
69 65
69 66
69 67
69 68
69 70
69 71
69 72
69 73
70 66
70 67
70 68
70 69
70 71
70 72
70 73
70 74
71 67
71 68
71 69
71 70
71 72
71 73
71 74
71 75
72 68
72 69
72 70
72 71
72 73
72 74
72 75
72 76
73 69
73 70
73 71
73 72
73 74
73 75
73 76
73 77
74 70
74 71
74 72
74 73
74 75
74 76
74 77
74 78
75 71
75 72
75 73
75 74
75 76
75 77
75 78
75 79
76 72
76 73
76 74
76 75
76 77
76 78
76 79
76 80
77 73
77 74
77 75
77 76
77 78
77 79
77 80
77 81
78 74
78 75
78 76
78 77
78 79
78 80
78 81
78 82
79 75
79 76
79 77
79 78
79 80
79 81
79 82
79 83
80 76
80 77
80 78
80 79
80 81
80 82
80 83
80 84
81 77
81 78
81 79
81 80
81 82
81 83
81 84
81 85
82 78
82 79
82 80
82 81
82 83
82 84
82 85
82 86
83 79
83 80
83 81
83 82
83 84
83 85
83 86
83 87
84 80
84 81
84 82
84 83
84 85
84 86
84 87
84 88
85 81
85 82
85 83
85 84
85 86
85 87
85 88
85 89
86 82
86 83
86 84
86 85
86 87
86 88
86 89
86 90
87 83
87 84
87 85
87 86
87 88
87 89
87 90
87 91
88 84
88 85
88 86
88 87
88 89
88 90
88 91
88 92
89 85
89 86
89 87
89 88
89 90
89 91
89 92
89 93
90 86
90 87
90 88
90 89
90 91
90 92
90 93
90 94
91 87
91 88
91 89
91 90
91 92
91 93
91 94
91 95
92 88
92 89
92 90
92 91
92 93
92 94
92 95
92 96
93 89
93 90
93 91
93 92
93 94
93 95
93 96
93 97
94 90
94 91
94 92
94 93
94 95
94 96
94 97
94 98
95 91
95 92
95 93
95 94
95 96
95 97
95 98
95 99
96 92
96 93
96 94
96 95
96 97
96 98
96 99
96 100
97 93
97 94
97 95
97 96
97 98
97 99
97 100
97 101
98 94
98 95
98 96
98 97
98 99
98 100
98 101
98 102
98 214
99 95
99 96
99 97
99 98
99 100
99 101
99 213
99 214
99 215
99 254
100 96
100 97
100 98
100 99
100 101
100 102
100 214
101 97
101 98
101 99
101 100
101 102
101 103
101 110
101 113
101 213
101 214
102 98
102 100
102 101
102 103
102 104
102 110
103 101
103 102
103 104
103 105
103 106
103 107
103 109
103 110
104 102
104 103
104 105
104 106
104 107
104 110
105 103
105 104
105 106
105 107
106 103
106 104
106 105
106 107
106 108
106 109
106 110
107 103
107 104
107 105
107 106
107 108
107 109
107 110
107 111
108 106
108 107
108 109
108 110
108 111
108 112
109 103
109 106
109 107
109 108
109 110
109 111
109 112
109 113
109 209
110 101
110 102
110 103
110 104
110 106
110 107
110 108
110 109
110 111
110 112
110 113
110 114
111 107
111 108
111 109
111 110
111 112
111 113
111 114
111 115
112 108
112 109
112 110
112 111
112 113
112 114
112 115
112 116
112 147
113 101
113 109
113 110
113 111
113 112
113 114
113 115
113 116
113 117
114 110
114 111
114 112
114 113
114 115
114 116
114 117
114 118
115 111
115 112
115 113
115 114
115 116
115 117
115 118
115 119
115 140
115 141
115 142
116 112
116 113
116 114
116 115
116 117
116 118
116 119
116 120
116 139
116 140
116 141
116 142
116 147
117 113
117 114
117 115
117 116
117 118
117 119
117 120
117 121
117 215
118 114
118 115
118 116
118 117
118 119
118 120
118 121
118 122
118 141
118 142
119 115
119 116
119 117
119 118
119 120
119 121
119 122
119 123
119 124
119 125
119 140
119 141
119 142
119 143
119 144
120 116
120 117
120 118
120 119
120 121
120 122
120 123
120 124
120 125
120 126
120 217
121 117
121 118
121 119
121 120
121 122
121 123
121 124
122 118
122 119
122 120
122 121
122 123
122 124
122 142
123 119
123 120
123 121
123 122
123 124
123 125
124 119
124 120
124 121
124 122
124 123
124 125
124 126
124 140
124 141
124 142
124 144
125 119
125 120
125 123
125 124
125 126
125 127
125 139
125 140
125 217
125 218
125 219
126 120
126 124
126 125
126 127
126 128
126 137
126 138
126 139
126 140
126 217
126 219
127 125
127 126
127 128
127 129
127 137
127 138
127 139
127 219
128 126
128 127
128 129
128 130
128 135
128 136
128 137
128 138
128 219
129 5
129 127
129 128
129 130
129 131
129 132
129 135
129 136
129 137
129 138
130 128
130 129
130 131
130 132
130 136
131 2
131 4
131 5
131 129
131 130
131 132
131 133
132 2
132 4
132 129
132 130
132 131
132 133
132 134
133 131
133 132
133 134
133 135
133 157
133 164
134 132
134 133
134 135
134 136
134 151
134 155
134 156
134 157
134 162
134 164
135 128
135 129
135 133
135 134
135 136
135 137
135 151
135 152
135 155
135 156
135 162
135 163
135 164
136 128
136 129
136 130
136 134
136 135
136 137
136 138
136 149
136 150
136 151
136 152
136 155
137 126
137 127
137 128
137 129
137 135
137 136
137 138
137 139
137 149
137 150
137 151
138 126
138 127
138 128
138 129
138 136
138 137
138 139
138 140
138 146
138 147
138 148
138 149
138 150
139 116
139 125
139 126
139 127
139 137
139 138
139 140
139 141
139 146
139 147
139 148
139 149
139 150
140 115
140 116
140 119
140 124
140 125
140 126
140 138
140 139
140 141
140 142
140 143
140 144
140 145
140 146
140 147
140 148
141 115
141 116
141 118
141 119
141 124
141 139
141 140
141 142
141 143
141 144
141 145
141 146
141 147
142 115
142 116
142 118
142 119
142 122
142 124
142 140
142 141
142 143
142 144
142 145
143 119
143 140
143 141
143 142
143 144
143 145
144 119
144 124
144 140
144 141
144 142
144 143
144 145
144 146
145 140
145 141
145 142
145 143
145 144
145 146
145 147
146 138
146 139
146 140
146 141
146 144
146 145
146 147
146 148
146 262
147 112
147 116
147 138
147 139
147 140
147 141
147 145
147 146
147 148
147 149
147 261
147 262
147 263
148 138
148 139
148 140
148 146
148 147
148 149
148 150
148 259
148 260
148 261
148 262
149 136
149 137
149 138
149 139
149 147
149 148
149 150
149 151
149 258
149 259
149 260
149 261
149 262
150 136
150 137
150 138
150 139
150 148
150 149
150 151
150 152
150 257
150 258
150 259
150 260
151 134
151 135
151 136
151 137
151 149
151 150
151 152
151 153
151 155
151 156
151 189
151 257
151 258
151 259
152 135
152 136
152 150
152 151
152 153
152 154
152 155
152 156
152 189
152 255
152 256
152 257
152 258
153 151
153 152
153 154
153 155
153 156
153 159
153 186
153 187
153 188
153 189
153 255
153 256
153 257
153 258
154 152
154 153
154 155
154 156
154 158
154 159
154 160
154 161
154 162
154 186
154 255
154 256
155 134
155 135
155 136
155 151
155 152
155 153
155 154
155 156
155 157
155 158
155 159
155 160
155 161
155 162
155 163
155 221
156 134
156 135
156 151
156 152
156 153
156 154
156 155
156 157
156 158
156 159
156 161
156 162
156 186
156 188
157 133
157 134
157 155
157 156
157 158
157 159
157 162
157 167
157 186
158 154
158 155
158 156
158 157
158 159
158 160
158 162
158 185
158 186
159 153
159 154
159 155
159 156
159 157
159 158
159 160
159 161
159 162
159 186
160 154
160 155
160 158
160 159
160 161
160 162
161 154
161 155
161 156
161 159
161 160
161 162
161 163
161 221
161 222
161 223
162 134
162 135
162 154
162 155
162 156
162 157
162 158
162 159
162 160
162 161
162 163
162 164
162 165
162 167
162 168
162 221
163 135
163 155
163 161
163 162
163 164
163 165
163 221
164 133
164 134
164 135
164 162
164 163
164 165
164 166
164 167
164 168
165 162
165 163
165 164
165 166
165 167
165 168
165 169
166 164
166 165
166 167
166 168
166 169
166 170
167 157
167 162
167 164
167 165
167 166
167 168
167 169
167 170
167 171
168 162
168 164
168 165
168 166
168 167
168 169
168 170
168 171
168 172
169 165
169 166
169 167
169 168
169 170
169 171
169 172
169 173
170 166
170 167
170 168
170 169
170 171
170 172
170 173
170 174
170 175
170 178
171 167
171 168
171 169
171 170
171 172
171 173
171 174
171 175
171 178
172 168
172 169
172 170
172 171
172 173
172 174
172 175
173 169
173 170
173 171
173 172
173 174
173 175
174 170
174 171
174 172
174 173
174 175
174 176
174 177
174 178
175 170
175 171
175 172
175 173
175 174
175 176
175 177
175 178
176 174
176 175
176 177
176 178
177 174
177 175
177 176
177 178
177 179
178 170
178 171
178 174
178 175
178 176
178 177
178 179
178 180
179 177
179 178
179 180
179 181
180 178
180 179
180 181
180 182
180 183
181 179
181 180
181 182
181 183
181 184
182 180
182 181
182 183
182 184
182 351
182 352
182 353
182 354
182 355
183 180
183 181
183 182
183 184
183 185
183 348
183 349
183 350
183 351
183 352
183 353
184 181
184 182
184 183
184 185
184 186
184 187
184 351
184 352
184 414
185 158
185 183
185 184
185 186
185 187
185 188
186 153
186 154
186 156
186 157
186 158
186 159
186 184
186 185
186 187
186 188
187 153
187 184
187 185
187 186
187 188
187 189
187 190
187 191
187 347
187 407
188 153
188 156
188 185
188 186
188 187
188 189
188 190
188 191
188 192
188 346
188 347
188 348
188 349
189 151
189 152
189 153
189 187
189 188
189 190
189 191
189 192
189 193
189 212
189 257
189 258
189 347
190 187
190 188
190 189
190 191
190 192
190 193
190 194
190 212
190 258
190 347
190 403
190 404
191 187
191 188
191 189
191 190
191 192
191 193
191 194
191 195
191 346
191 347
191 348
191 349
191 350
192 188
192 189
192 190
192 191
192 193
192 194
192 195
192 196
192 210
192 211
192 258
192 345
192 346
192 347
192 348
193 189
193 190
193 191
193 192
193 194
193 195
193 196
193 197
193 210
193 211
193 212
193 258
194 190
194 191
194 192
194 193
194 195
194 196
194 197
194 198
194 400
194 403
195 191
195 192
195 193
195 194
195 196
195 197
195 198
195 199
195 207
195 299
195 303
195 346
195 349
196 192
196 193
196 194
196 195
196 197
196 198
196 199
196 200
196 207
196 208
196 209
196 210
196 211
197 193
197 194
197 195
197 196
197 198
197 199
197 200
197 201
197 210
197 400
198 194
198 195
198 196
198 197
198 199
198 200
198 201
198 202
198 299
198 303
198 396
199 195
199 196
199 197
199 198
199 200
199 201
199 202
199 203
199 204
199 205
199 206
199 207
199 299
200 196
200 197
200 198
200 199
200 201
200 202
200 203
200 204
200 205
201 197
201 198
201 199
201 200
201 202
201 203
201 204
201 396
202 198
202 199
202 200
202 201
202 203
202 204
202 382
202 383
202 386
203 199
203 200
203 201
203 202
203 204
203 205
204 199
204 200
204 201
204 202
204 203
204 205
204 206
204 207
204 295
204 296
204 299
205 199
205 200
205 203
205 204
205 206
205 207
205 208
206 199
206 204
206 205
206 207
206 208
206 292
206 295
206 296
206 340
206 341
206 342
206 343
207 195
207 196
207 199
207 204
207 205
207 206
207 208
207 209
207 210
207 342
207 343
207 344
208 196
208 205
208 206
208 207
208 209
208 210
208 260
208 261
208 262
208 263
208 342
208 343
208 344
209 109
209 196
209 207
209 208
209 210
209 211
209 260
209 261
210 192
210 193
210 196
210 197
210 207
210 208
210 209
210 211
210 212
210 258
210 259
210 260
210 261
211 192
211 193
211 196
211 209
211 210
211 212
211 213
211 258
211 259
211 260
212 189
212 190
212 193
212 210
212 211
212 213
212 214
212 256
212 257
212 258
212 259
213 99
213 101
213 211
213 212
213 214
213 215
213 256
213 257
213 258
213 259
214 98
214 99
214 100
214 101
214 212
214 213
214 215
214 216
214 254
214 255
214 256
214 257
215 99
215 117
215 213
215 214
215 216
215 217
215 254
215 255
215 256
215 257
216 214
216 215
216 217
216 218
216 220
216 252
216 253
216 254
216 255
217 120
217 125
217 126
217 215
217 216
217 218
217 219
217 220
217 252
217 254
218 125
218 216
218 217
218 219
218 220
218 252
219 125
219 126
219 127
219 128
219 217
219 218
219 220
219 221
220 216
220 217
220 218
220 219
220 221
220 222
221 155
221 161
221 162
221 163
221 219
221 220
221 222
221 223
222 161
222 220
222 221
222 223
222 224
222 226
222 227
223 161
223 221
223 222
223 224
223 225
223 226
223 227
224 222
224 223
224 225
224 226
224 227
224 228
225 223
225 224
225 226
225 227
225 228
225 229
226 222
226 223
226 224
226 225
226 227
226 228
226 229
226 230
226 252
226 253
227 222
227 223
227 224
227 225
227 226
227 228
227 229
227 230
227 231
227 252
228 224
228 225
228 226
228 227
228 229
228 230
228 231
228 232
229 225
229 226
229 227
229 228
229 230
229 231
229 232
229 233
230 226
230 227
230 228
230 229
230 231
230 232
230 233
230 234
230 250
230 251
230 252
231 227
231 228
231 229
231 230
231 232
231 233
231 234
231 235
231 251
232 228
232 229
232 230
232 231
232 233
232 234
232 235
232 236
233 229
233 230
233 231
233 232
233 234
233 235
233 236
233 237
233 244
233 247
233 250
233 251
234 230
234 231
234 232
234 233
234 235
234 236
234 237
234 238
234 244
234 250
234 251
235 231
235 232
235 233
235 234
235 236
235 237
235 238
235 239
236 232
236 233
236 234
236 235
236 237
236 238
236 239
236 240
236 241
236 243
236 244
237 233
237 234
237 235
237 236
237 238
237 239
237 240
237 241
237 242
237 243
237 244
237 245
238 234
238 235
238 236
238 237
238 239
238 240
238 241
238 244
239 235
239 236
239 237
239 238
239 240
239 241
240 236
240 237
240 238
240 239
240 241
240 242
240 243
240 244
241 236
241 237
241 238
241 239
241 240
241 242
241 243
241 244
241 245
242 237
242 240
242 241
242 243
242 244
242 245
242 246
243 236
243 237
243 240
243 241
243 242
243 244
243 245
243 246
243 247
244 233
244 234
244 236
244 237
244 238
244 240
244 241
244 242
244 243
244 245
244 246
244 247
245 237
245 241
245 242
245 243
245 244
245 246
245 247
245 248
246 242
246 243
246 244
246 245
246 247
246 248
247 233
247 243
247 244
247 245
247 246
247 248
247 249
247 250
248 245
248 246
248 247
248 249
248 250
249 247
249 248
249 250
249 251
249 253
250 230
250 233
250 234
250 247
250 248
250 249
250 251
250 252
251 230
251 231
251 233
251 234
251 249
251 250
251 252
251 253
252 216
252 217
252 218
252 226
252 227
252 230
252 250
252 251
252 253
252 254
253 216
253 226
253 249
253 251
253 252
253 254
253 255
254 99
254 214
254 215
254 216
254 217
254 252
254 253
254 255
254 256
255 152
255 153
255 154
255 214
255 215
255 216
255 253
255 254
255 256
255 257
256 152
256 153
256 154
256 212
256 213
256 214
256 215
256 254
256 255
256 257
256 258
257 150
257 151
257 152
257 153
257 189
257 212
257 213
257 214
257 215
257 255
257 256
257 258
257 259
258 149
258 150
258 151
258 152
258 153
258 189
258 190
258 192
258 193
258 210
258 211
258 212
258 213
258 256
258 257
258 259
258 260
259 148
259 149
259 150
259 151
259 210
259 211
259 212
259 213
259 257
259 258
259 260
259 261
260 148
260 149
260 150
260 208
260 209
260 210
260 211
260 258
260 259
260 261
260 262
261 147
261 148
261 149
261 208
261 209
261 210
261 259
261 260
261 262
261 263
262 146
262 147
262 148
262 149
262 208
262 260
262 261
262 263
262 264
263 147
263 208
263 261
263 262
263 264
263 265
263 266
263 342
264 7
264 8
264 262
264 263
264 265
264 266
265 7
265 8
265 263
265 264
265 266
265 267
265 316
266 6
266 7
266 263
266 264
266 265
266 267
266 268
266 314
266 315
266 316
266 317
266 342
267 6
267 7
267 265
267 266
267 268
267 269
267 271
267 272
267 314
267 315
267 316
268 3
268 4
268 7
268 266
268 267
268 269
268 270
268 271
268 272
268 310
268 311
268 312
268 313
268 314
268 315
269 267
269 268
269 270
269 271
269 272
269 273
269 310
269 311
269 312
269 313
269 314
269 315
270 268
270 269
270 271
270 272
270 273
270 274
270 310
270 311
271 267
271 268
271 269
271 270
271 272
271 273
271 274
271 275
272 267
272 268
272 269
272 270
272 271
272 273
272 274
272 275
272 276
272 315
273 269
273 270
273 271
273 272
273 274
273 275
273 276
273 277
274 270
274 271
274 272
274 273
274 275
274 276
274 277
274 278
275 271
275 272
275 273
275 274
275 276
275 277
275 278
275 279
275 280
276 272
276 273
276 274
276 275
276 277
276 278
276 279
276 280
276 281
277 273
277 274
277 275
277 276
277 278
277 279
277 280
278 274
278 275
278 276
278 277
278 279
278 280
279 275
279 276
279 277
279 278
279 280
279 281
280 275
280 276
280 277
280 278
280 279
280 281
280 282
281 276
281 279
281 280
281 282
281 283
281 285
281 286
282 280
282 281
282 283
282 284
282 285
282 286
283 281
283 282
283 284
283 285
283 286
283 287
284 282
284 283
284 285
284 286
284 287
284 288
285 281
285 282
285 283
285 284
285 286
285 287
285 288
285 289
285 337
285 338
285 339
286 281
286 282
286 283
286 284
286 285
286 287
286 288
286 289
286 290
287 283
287 284
287 285
287 286
287 288
287 289
287 290
287 291
288 284
288 285
288 286
288 287
288 289
288 290
288 291
288 292
288 338
288 339
288 340
289 285
289 286
289 287
289 288
289 290
289 291
289 292
289 293
289 339
289 340
289 341
290 286
290 287
290 288
290 289
290 291
290 292
290 293
290 294
290 370
291 287
291 288
291 289
291 290
291 292
291 293
291 294
291 295
291 376
291 378
291 379
292 206
292 288
292 289
292 290
292 291
292 293
292 294
292 295
292 296
292 340
292 341
293 289
293 290
293 291
293 292
293 294
293 295
293 296
293 297
293 341
293 370
294 290
294 291
294 292
294 293
294 295
294 296
294 297
294 298
294 375
294 379
294 439
295 204
295 206
295 291
295 292
295 293
295 294
295 296
295 297
295 298
295 299
295 379
296 204
296 206
296 292
296 293
296 294
296 295
296 297
296 298
296 299
296 300
296 341
296 343
297 293
297 294
297 295
297 296
297 298
297 299
297 300
297 301
297 439
298 294
298 295
298 296
298 297
298 299
298 300
298 301
298 302
298 429
299 195
299 198
299 199
299 204
299 295
299 296
299 297
299 298
299 300
299 301
299 302
299 303
300 296
300 297
300 298
300 299
300 301
300 302
300 303
300 304
300 305
300 308
300 363
301 297
301 298
301 299
301 300
301 302
301 303
301 304
301 305
301 425
301 429
302 298
302 299
302 300
302 301
302 303
302 304
302 422
302 423
302 425
302 426
302 429
303 195
303 198
303 299
303 300
303 301
303 302
303 304
303 305
303 349
303 350
303 351
303 422
303 425
304 300
304 301
304 302
304 303
304 305
304 306
304 349
304 350
304 351
304 422
304 425
305 300
305 301
305 303
305 304
305 306
305 307
305 308
305 346
305 348
305 349
305 350
305 363
306 304
306 305
306 307
306 308
306 348
306 349
306 361
306 362
306 363
307 305
307 306
307 308
307 309
307 312
307 346
307 348
307 349
307 361
307 362
307 363
308 300
308 305
308 306
308 307
308 309
308 310
308 311
308 312
308 313
308 346
308 362
308 363
308 364
308 365
309 307
309 308
309 310
309 311
309 312
309 313
309 363
309 364
309 365
310 268
310 269
310 270
310 308
310 309
310 311
310 312
310 313
310 364
310 365
311 2
311 3
311 4
311 268
311 269
311 270
311 308
311 309
311 310
311 312
311 313
311 314
312 4
312 268
312 269
312 307
312 308
312 309
312 310
312 311
312 313
312 314
312 343
312 344
312 345
313 268
313 269
313 308
313 309
313 310
313 311
313 312
313 314
313 315
313 341
313 342
313 343
313 344
313 345
314 266
314 267
314 268
314 269
314 311
314 312
314 313
314 315
314 316
314 341
314 342
314 343
314 344
315 266
315 267
315 268
315 269
315 272
315 313
315 314
315 316
315 317
315 339
315 340
315 341
315 342
316 265
316 266
316 267
316 314
316 315
316 317
316 318
316 338
316 339
316 340
316 341
317 266
317 315
317 316
317 318
317 319
317 337
317 338
317 339
317 340
318 316
318 317
318 319
318 320
318 337
318 338
318 339
319 317
319 318
319 320
319 321
319 322
319 337
319 338
320 318
320 319
320 321
320 322
320 323
320 334
320 335
320 336
320 337
321 319
321 320
321 322
321 323
321 324
322 319
322 320
322 321
322 323
322 324
323 320
323 321
323 322
323 324
323 325
323 326
324 321
324 322
324 323
324 325
324 326
325 323
325 324
325 326
325 327
326 323
326 324
326 325
326 327
326 328
327 325
327 326
327 328
327 329
328 326
328 327
328 329
328 330
329 327
329 328
329 330
329 331
329 332
330 328
330 329
330 331
330 332
331 329
331 330
331 332
331 333
332 329
332 330
332 331
332 333
332 334
333 331
333 332
333 334
333 335
334 320
334 332
334 333
334 335
334 336
335 320
335 333
335 334
335 336
335 337
336 320
336 334
336 335
336 337
336 338
337 285
337 317
337 318
337 319
337 320
337 335
337 336
337 338
337 339
338 285
338 288
338 316
338 317
338 318
338 319
338 336
338 337
338 339
338 340
339 285
339 288
339 289
339 315
339 316
339 317
339 318
339 337
339 338
339 340
339 341
340 206
340 288
340 289
340 292
340 315
340 316
340 317
340 338
340 339
340 341
340 342
341 206
341 289
341 292
341 293
341 296
341 313
341 314
341 315
341 316
341 339
341 340
341 342
341 343
342 206
342 207
342 208
342 263
342 266
342 313
342 314
342 315
342 340
342 341
342 343
342 344
343 206
343 207
343 208
343 296
343 312
343 313
343 314
343 341
343 342
343 344
343 345
343 346
344 207
344 208
344 312
344 313
344 314
344 342
344 343
344 345
344 346
345 192
345 312
345 313
345 343
345 344
345 346
345 347
345 348
346 188
346 191
346 192
346 195
346 305
346 307
346 308
346 343
346 344
346 345
346 347
346 348
346 349
347 187
347 188
347 189
347 190
347 191
347 192
347 345
347 346
347 348
347 349
348 183
348 188
348 191
348 192
348 305
348 306
348 307
348 345
348 346
348 347
348 349
348 350
349 183
349 188
349 191
349 195
349 303
349 304
349 305
349 306
349 307
349 346
349 347
349 348
349 350
349 351
350 183
350 191
350 303
350 304
350 305
350 348
350 349
350 351
350 352
350 418
350 422
351 182
351 183
351 184
351 303
351 304
351 349
351 350
351 352
351 353
351 354
351 418
351 421
352 182
352 183
352 184
352 350
352 351
352 353
352 354
352 414
352 415
352 417
352 418
352 421
353 182
353 183
353 351
353 352
353 354
353 355
353 417
353 418
353 421
354 182
354 351
354 352
354 353
354 355
354 356
354 421
354 447
354 469
355 182
355 353
355 354
355 356
355 357
355 358
355 360
355 361
356 354
356 355
356 357
356 358
356 360
356 471
357 355
357 356
357 358
357 359
357 360
357 473
358 355
358 356
358 357
358 359
358 360
358 361
358 362
359 357
359 358
359 360
359 361
359 362
360 355
360 356
360 357
360 358
360 359
360 361
360 362
361 306
361 307
361 355
361 358
361 359
361 360
361 362
361 363
362 306
362 307
362 308
362 358
362 359
362 360
362 361
362 363
362 364
362 366
363 300
363 305
363 306
363 307
363 308
363 309
363 361
363 362
363 364
363 365
363 366
364 308
364 309
364 310
364 362
364 363
364 365
364 366
364 367
364 368
365 308
365 309
365 310
365 363
365 364
365 366
365 367
365 368
365 371
366 362
366 363
366 364
366 365
366 367
366 368
366 371
366 439
366 440
366 443
367 364
367 365
367 366
367 368
367 369
367 371
367 440
368 364
368 365
368 366
368 367
368 369
368 370
368 371
368 372
369 367
369 368
369 370
369 371
369 372
369 373
370 290
370 293
370 368
370 369
370 371
370 372
370 373
371 365
371 366
371 367
371 368
371 369
371 370
371 372
371 373
371 374
371 438
371 439
371 440
372 368
372 369
372 370
372 371
372 373
372 374
372 438
372 439
372 440
372 441
373 369
373 370
373 371
373 372
373 374
373 375
373 438
373 439
374 371
374 372
374 373
374 375
374 376
374 436
374 437
374 438
374 439
375 294
375 373
375 374
375 376
375 377
375 379
375 380
375 433
375 436
375 437
375 438
375 439
376 291
376 374
376 375
376 377
376 378
376 379
376 380
376 436
377 375
377 376
377 378
377 379
377 380
377 381
378 291
378 376
378 377
378 379
378 380
378 381
378 382
379 291
379 294
379 295
379 375
379 376
379 377
379 378
379 380
379 381
379 382
379 383
380 375
380 376
380 377
380 378
380 379
380 381
380 382
380 383
380 384
380 433
380 434
381 377
381 378
381 379
381 380
381 382
381 383
381 384
381 385
382 202
382 378
382 379
382 380
382 381
382 383
382 384
382 385
382 386
383 202
383 379
383 380
383 381
383 382
383 384
383 385
383 386
383 387
384 380
384 381
384 382
384 383
384 385
384 386
384 387
384 388
384 430
384 433
385 381
385 382
385 383
385 384
385 386
385 387
385 388
385 389
386 202
386 382
386 383
386 384
386 385
386 387
386 388
386 389
386 392
386 393
387 383
387 384
387 385
387 386
387 388
387 389
387 390
387 392
387 393
387 426
387 430
388 384
388 385
388 386
388 387
388 389
388 390
388 393
388 430
389 385
389 386
389 387
389 388
389 390
389 391
389 392
389 393
390 387
390 388
390 389
390 391
390 392
390 393
390 394
391 389
391 390
391 392
391 393
391 394
391 395
392 386
392 387
392 389
392 390
392 391
392 393
392 394
392 395
392 396
393 386
393 387
393 388
393 389
393 390
393 391
393 392
393 394
393 395
393 396
393 397
394 390
394 391
394 392
394 393
394 395
394 396
394 397
394 398
395 391
395 392
395 393
395 394
395 396
395 397
395 398
395 399
396 198
396 201
396 392
396 393
396 394
396 395
396 397
396 398
396 399
396 400
397 393
397 394
397 395
397 396
397 398
397 399
397 400
397 401
397 419
398 394
398 395
398 396
398 397
398 399
398 400
398 401
398 402
399 395
399 396
399 397
399 398
399 400
399 401
399 402
399 403
400 194
400 197
400 396
400 397
400 398
400 399
400 401
400 402
400 403
400 404
401 397
401 398
401 399
401 400
401 402
401 403
401 404
401 405
401 415
402 398
402 399
402 400
402 401
402 403
402 404
402 405
402 406
403 190
403 194
403 399
403 400
403 401
403 402
403 404
403 405
403 406
404 190
404 400
404 401
404 402
404 403
404 405
404 406
404 407
404 410
404 415
405 401
405 402
405 403
405 404
405 406
405 407
405 408
405 410
406 402
406 403
406 404
406 405
406 407
406 408
406 410
407 187
407 404
407 405
407 406
407 408
407 409
407 410
408 405
408 406
408 407
408 409
408 410
409 407
409 408
409 410
409 411
410 404
410 405
410 406
410 407
410 408
410 409
410 411
410 412
410 415
411 409
411 410
411 412
411 413
411 414
411 415
412 410
412 411
412 413
412 414
412 415
412 416
413 411
413 412
413 414
413 415
413 416
413 417
414 184
414 352
414 411
414 412
414 413
414 415
414 416
414 417
414 418
415 352
415 401
415 404
415 410
415 411
415 412
415 413
415 414
415 416
415 417
415 418
415 419
416 412
416 413
416 414
416 415
416 417
416 418
416 419
416 420
417 352
417 353
417 413
417 414
417 415
417 416
417 418
417 419
417 420
417 421
417 451
418 350
418 351
418 352
418 353
418 414
418 415
418 416
418 417
418 419
418 420
418 421
418 422
419 397
419 415
419 416
419 417
419 418
419 420
419 421
419 422
419 423
420 416
420 417
420 418
420 419
420 421
420 422
420 423
420 424
420 449
420 450
420 451
420 452
421 351
421 352
421 353
421 354
421 417
421 418
421 419
421 420
421 422
421 423
421 424
421 425
421 448
421 449
421 450
422 302
422 303
422 304
422 350
422 418
422 419
422 420
422 421
422 423
422 424
422 425
422 426
422 449
423 302
423 419
423 420
423 421
423 422
423 424
423 425
423 426
423 427
423 449
423 450
424 420
424 421
424 422
424 423
424 425
424 426
424 427
424 428
424 447
424 448
424 449
424 450
424 466
425 301
425 302
425 303
425 304
425 421
425 422
425 423
425 424
425 426
425 427
425 428
425 429
425 447
425 448
425 449
426 302
426 387
426 422
426 423
426 424
426 425
426 427
426 428
426 429
426 430
427 423
427 424
427 425
427 426
427 428
427 429
427 430
427 431
427 448
428 424
428 425
428 426
428 427
428 429
428 430
428 431
428 432
428 442
428 445
428 448
429 298
429 301
429 302
429 425
429 426
429 427
429 428
429 430
429 431
429 432
429 433
429 442
430 384
430 387
430 388
430 426
430 427
430 428
430 429
430 431
430 432
430 433
430 434
431 427
431 428
431 429
431 430
431 432
431 433
431 434
431 435
432 428
432 429
432 430
432 431
432 433
432 434
432 435
432 436
432 437
432 438
432 441
432 442
433 375
433 380
433 384
433 429
433 430
433 431
433 432
433 434
433 435
433 436
433 437
434 380
434 430
434 431
434 432
434 433
434 435
434 436
434 437
435 431
435 432
435 433
435 434
435 436
435 437
436 374
436 375
436 376
436 432
436 433
436 434
436 435
436 437
436 438
437 374
437 375
437 432
437 433
437 434
437 435
437 436
437 438
437 439
437 441
437 442
438 371
438 372
438 373
438 374
438 375
438 432
438 436
438 437
438 439
438 440
438 441
438 442
439 294
439 297
439 366
439 371
439 372
439 373
439 374
439 375
439 437
439 438
439 440
439 441
439 442
439 443
440 366
440 367
440 371
440 372
440 438
440 439
440 441
440 442
440 443
440 444
441 372
441 432
441 437
441 438
441 439
441 440
441 442
441 443
441 444
441 445
442 428
442 429
442 432
442 437
442 438
442 439
442 440
442 441
442 443
442 444
442 445
443 366
443 439
443 440
443 441
443 442
443 444
443 445
444 440
444 441
444 442
444 443
444 445
444 446
445 428
445 441
445 442
445 443
445 444
445 446
445 447
446 444
446 445
446 447
446 448
446 468
446 469
447 354
447 424
447 425
447 445
447 446
447 448
447 449
447 468
447 469
448 421
448 424
448 425
448 427
448 428
448 446
448 447
448 449
448 450
448 466
448 467
448 468
448 469
449 420
449 421
449 422
449 423
449 424
449 425
449 447
449 448
449 450
449 451
449 466
449 467
449 468
449 469
450 420
450 421
450 423
450 424
450 448
450 449
450 451
450 452
450 464
450 465
450 466
450 467
451 417
451 420
451 449
451 450
451 452
451 453
451 464
451 465
451 466
451 467
452 420
452 450
452 451
452 453
452 454
452 462
452 463
452 464
452 465
453 451
453 452
453 454
453 455
453 462
453 463
453 464
453 465
454 452
454 453
454 455
454 456
454 462
454 463
455 453
455 454
455 456
455 457
455 458
455 459
455 461
455 462
455 463
456 454
456 455
456 457
456 458
457 455
457 456
457 458
457 459
458 455
458 456
458 457
458 459
458 460
459 455
459 457
459 458
459 460
459 461
460 458
460 459
460 461
460 462
461 455
461 459
461 460
461 462
461 463
462 452
462 453
462 454
462 455
462 460
462 461
462 463
462 464
463 452
463 453
463 454
463 455
463 461
463 462
463 464
463 465
464 450
464 451
464 452
464 453
464 462
464 463
464 465
464 466
465 450
465 451
465 452
465 453
465 463
465 464
465 466
465 467
466 424
466 448
466 449
466 450
466 451
466 464
466 465
466 467
466 468
467 448
467 449
467 450
467 451
467 465
467 466
467 468
467 469
468 446
468 447
468 448
468 449
468 466
468 467
468 469
468 470
469 354
469 446
469 447
469 448
469 449
469 467
469 468
469 470
469 471
470 468
470 469
470 471
470 472
471 356
471 469
471 470
471 472
471 473
471 474
472 470
472 471
472 473
472 474
473 357
473 471
473 472
473 474
473 475
473 476
474 471
474 472
474 473
474 475
474 476
475 473
475 474
475 476
475 477
476 473
476 474
476 475
476 477
476 478
477 475
477 476
477 478
478 476
478 477
