0 1
0 2
1 0
1 2
1 3
2 0
2 1
2 3
2 4
3 1
3 2
3 4
3 5
4 2
4 3
4 5
4 6
5 3
5 4
5 6
5 7
6 4
6 5
6 7
6 8
7 5
7 6
7 8
7 9
8 6
8 7
8 9
8 10
9 7
9 8
9 10
9 11
10 8
10 9
10 11
10 12
11 9
11 10
11 12
11 13
12 10
12 11
12 13
12 14
13 11
13 12
13 14
13 15
14 12
14 13
14 15
14 16
15 13
15 14
15 16
15 17
16 14
16 15
16 17
16 18
17 15
17 16
17 18
17 19
18 16
18 17
18 19
18 20
19 17
19 18
19 20
19 21
20 18
20 19
20 21
20 22
21 19
21 20
21 22
21 23
22 20
22 21
22 23
22 24
23 21
23 22
23 24
23 25
24 22
24 23
24 25
24 26
25 23
25 24
25 26
25 27
26 24
26 25
26 27
26 28
27 25
27 26
27 28
27 29
28 26
28 27
28 29
28 30
29 27
29 28
29 30
29 31
29 33
29 34
30 28
30 29
30 31
30 32
30 33
30 34
31 29
31 30
31 32
31 33
31 34
31 35
32 30
32 31
32 33
32 34
32 35
32 36
33 29
33 30
33 31
33 32
33 34
33 35
33 36
33 37
34 29
34 30
34 31
34 32
34 33
34 35
34 36
34 37
34 38
35 31
35 32
35 33
35 34
35 36
35 37
35 38
35 39
36 32
36 33
36 34
36 35
36 37
36 38
36 39
36 40
37 33
37 34
37 35
37 36
37 38
37 39
37 40
37 41
38 34
38 35
38 36
38 37
38 39
38 40
38 41
38 42
39 35
39 36
39 37
39 38
39 40
39 41
39 42
39 43
40 36
40 37
40 38
40 39
40 41
40 42
40 43
40 44
41 37
41 38
41 39
41 40
41 42
41 43
41 44
41 45
42 38
42 39
42 40
42 41
42 43
42 44
42 45
42 46
43 39
43 40
43 41
43 42
43 44
43 45
43 46
43 47
44 40
44 41
44 42
44 43
44 45
44 46
44 47
44 48
45 41
45 42
45 43
45 44
45 46
45 47
45 48
45 49
46 42
46 43
46 44
46 45
46 47
46 48
46 49
46 50
47 43
47 44
47 45
47 46
47 48
47 49
47 50
47 51
48 44
48 45
48 46
48 47
48 49
48 50
48 51
49 45
49 46
49 47
49 48
49 50
49 51
49 103
50 46
50 47
50 48
50 49
50 51
50 52
51 47
51 48
51 49
51 50
51 52
51 53
52 50
52 51
52 53
52 54
52 55
53 51
53 52
53 54
53 55
53 56
54 52
54 53
54 55
54 56
54 57
55 52
55 53
55 54
55 56
55 57
56 53
56 54
56 55
56 57
56 58
56 59
57 54
57 55
57 56
57 58
57 59
58 56
58 57
58 59
58 60
58 61
59 56
59 57
59 58
59 60
59 61
59 62
59 63
59 111
59 112
59 113
60 58
60 59
60 61
60 62
60 63
60 111
60 113
61 58
61 59
61 60
61 62
61 63
61 64
62 59
62 60
62 61
62 63
62 64
62 112
62 113
62 116
62 117
63 59
63 60
63 61
63 62
63 64
63 65
63 67
63 113
63 116
64 61
64 62
64 63
64 65
64 66
64 67
64 116
65 63
65 64
65 66
65 67
65 68
66 64
66 65
66 67
66 68
67 63
67 64
67 65
67 66
67 68
67 69
67 85
67 88
67 116
67 119
67 120
68 65
68 66
68 67
68 69
68 70
68 85
68 86
69 67
69 68
69 70
69 71
69 83
69 84
69 85
69 110
69 115
70 68
70 69
70 71
70 72
70 83
70 84
70 85
71 69
71 70
71 72
71 73
71 81
71 82
71 83
71 84
72 70
72 71
72 73
72 74
72 81
72 82
72 83
73 71
73 72
73 74
73 75
73 79
73 80
73 81
73 82
74 72
74 73
74 75
74 76
74 79
74 80
74 81
74 82
74 155
74 158
74 159
75 73
75 74
75 76
75 77
75 79
75 80
75 158
76 74
76 75
76 77
76 78
76 79
77 75
77 76
77 78
77 79
78 76
78 77
78 79
78 80
78 131
78 137
78 138
78 139
79 73
79 74
79 75
79 76
79 77
79 78
79 80
79 81
79 136
79 137
80 73
80 74
80 75
80 78
80 79
80 81
80 82
80 128
80 129
80 130
80 131
80 136
80 137
80 155
81 71
81 72
81 73
81 74
81 79
81 80
81 82
81 83
81 128
81 129
81 130
81 134
81 135
81 136
82 71
82 72
82 73
82 74
82 80
82 81
82 83
82 84
82 106
82 126
82 127
82 128
82 129
83 69
83 70
83 71
83 72
83 81
83 82
83 84
83 85
83 106
83 107
83 126
83 127
83 128
84 69
84 70
84 71
84 82
84 83
84 85
84 86
84 115
84 124
84 125
84 126
84 127
85 67
85 68
85 69
85 70
85 83
85 84
85 86
85 87
85 115
85 116
85 119
85 124
85 125
85 126
86 68
86 84
86 85
86 87
86 88
86 119
86 122
86 123
86 124
86 125
87 85
87 86
87 88
87 89
87 90
87 91
87 92
87 118
87 119
87 120
87 121
87 122
87 123
87 124
88 67
88 86
88 87
88 89
88 90
88 91
88 119
88 120
88 121
88 122
89 87
89 88
89 90
89 91
89 120
89 121
89 122
90 87
90 88
90 89
90 91
90 92
90 122
91 87
91 88
91 89
91 90
91 92
91 93
91 122
91 123
91 124
92 87
92 90
92 91
92 93
92 94
92 95
92 122
92 123
92 124
93 91
93 92
93 94
93 95
93 123
93 163
94 92
94 93
94 95
94 96
94 123
94 124
94 163
94 164
94 165
94 188
95 92
95 93
95 94
95 96
95 97
95 123
95 124
95 125
95 126
95 161
95 162
95 163
95 164
95 165
96 94
96 95
96 97
96 98
96 118
96 123
96 124
96 125
96 126
96 164
96 165
96 166
96 167
97 95
97 96
97 98
97 99
97 125
97 126
97 127
97 128
97 164
97 165
97 166
97 167
98 96
98 97
98 99
98 100
98 106
98 109
98 125
98 126
98 127
98 128
98 166
98 167
98 168
99 97
99 98
99 100
99 101
99 105
99 106
99 127
99 128
99 129
99 130
99 166
99 167
99 168
99 169
99 172
100 98
100 99
100 101
100 102
100 104
100 105
100 106
100 128
100 129
100 130
100 168
100 169
100 170
100 171
100 172
101 99
101 100
101 102
101 103
101 104
101 105
101 168
101 169
101 170
101 171
101 172
102 100
102 101
102 103
102 104
102 105
102 170
102 171
102 172
103 49
103 101
103 102
103 104
103 105
104 100
104 101
104 102
104 103
104 105
104 106
104 107
104 108
104 133
104 134
105 99
105 100
105 101
105 102
105 103
105 104
105 106
105 107
105 108
105 109
105 128
105 129
105 130
105 133
105 134
106 82
106 83
106 98
106 99
106 100
106 104
106 105
106 107
106 108
106 109
106 110
106 127
106 128
106 129
106 134
107 83
107 104
107 105
107 106
107 108
107 109
107 110
107 111
107 127
108 104
108 105
108 106
108 107
108 109
108 110
108 111
108 112
109 98
109 105
109 106
109 107
109 108
109 110
109 111
109 112
109 113
109 114
109 115
109 127
110 69
110 106
110 107
110 108
110 109
110 111
110 112
110 113
110 114
110 115
110 116
111 59
111 60
111 107
111 108
111 109
111 110
111 112
111 113
111 114
112 59
112 62
112 108
112 109
112 110
112 111
112 113
112 114
112 115
112 252
112 255
113 59
113 60
113 62
113 63
113 109
113 110
113 111
113 112
113 114
113 115
113 116
113 117
114 109
114 110
114 111
114 112
114 113
114 115
114 116
114 117
114 118
114 259
115 69
115 84
115 85
115 109
115 110
115 112
115 113
115 114
115 116
115 117
115 118
115 119
115 125
115 126
115 127
116 62
116 63
116 64
116 67
116 85
116 110
116 113
116 114
116 115
116 117
116 118
116 119
116 120
117 62
117 113
117 114
117 115
117 116
117 118
117 119
117 120
117 121
118 87
118 96
118 114
118 115
118 116
118 117
118 119
118 120
118 121
118 122
118 123
118 124
118 125
119 67
119 85
119 86
119 87
119 88
119 115
119 116
119 117
119 118
119 120
119 121
119 122
119 123
119 124
119 125
120 67
120 87
120 88
120 89
120 116
120 117
120 118
120 119
120 121
120 122
120 123
121 87
121 88
121 89
121 117
121 118
121 119
121 120
121 122
121 123
122 86
122 87
122 88
122 89
122 90
122 91
122 92
122 118
122 119
122 120
122 121
122 123
122 124
123 86
123 87
123 91
123 92
123 93
123 94
123 95
123 96
123 118
123 119
123 120
123 121
123 122
123 124
123 125
124 84
124 85
124 86
124 87
124 91
124 92
124 94
124 95
124 96
124 118
124 119
124 122
124 123
124 125
124 126
125 84
125 85
125 86
125 95
125 96
125 97
125 98
125 115
125 118
125 119
125 123
125 124
125 126
125 127
126 82
126 83
126 84
126 85
126 95
126 96
126 97
126 98
126 115
126 124
126 125
126 127
126 128
127 82
127 83
127 84
127 97
127 98
127 99
127 106
127 107
127 109
127 115
127 125
127 126
127 128
127 129
128 80
128 81
128 82
128 83
128 97
128 98
128 99
128 100
128 105
128 106
128 126
128 127
128 129
128 130
129 80
129 81
129 82
129 99
129 100
129 105
129 106
129 127
129 128
129 130
129 131
129 133
129 134
129 135
129 136
130 80
130 81
130 99
130 100
130 105
130 128
130 129
130 131
130 132
130 133
130 134
130 136
130 172
131 78
131 80
131 129
131 130
131 132
131 133
131 136
131 137
131 138
131 139
131 142
132 130
132 131
132 133
132 134
132 135
132 136
132 137
132 138
132 139
133 104
133 105
133 129
133 130
133 131
133 132
133 134
133 135
133 136
133 137
133 138
134 81
134 104
134 105
134 106
134 129
134 130
134 132
134 133
134 135
134 136
135 81
135 129
135 132
135 133
135 134
135 136
135 137
136 79
136 80
136 81
136 129
136 130
136 131
136 132
136 133
136 134
136 135
136 137
136 138
137 78
137 79
137 80
137 131
137 132
137 133
137 135
137 136
137 138
137 139
138 78
138 131
138 132
138 133
138 136
138 137
138 139
138 140
138 142
139 78
139 131
139 132
139 137
139 138
139 140
139 141
139 142
139 143
140 138
140 139
140 141
140 142
140 143
141 139
141 140
141 142
141 143
141 144
141 147
141 148
141 151
142 131
142 138
142 139
142 140
142 141
142 143
142 144
142 145
142 147
142 148
142 151
143 139
143 140
143 141
143 142
143 144
143 145
143 147
143 148
144 141
144 142
144 143
144 145
144 146
144 147
144 148
145 142
145 143
145 144
145 146
145 147
145 148
145 149
145 174
145 175
145 178
146 144
146 145
146 147
146 148
146 149
146 150
146 178
147 141
147 142
147 143
147 144
147 145
147 146
147 148
147 149
147 150
147 151
148 141
148 142
148 143
148 144
148 145
148 146
148 147
148 149
148 150
148 151
148 152
148 174
148 175
148 178
148 179
149 145
149 146
149 147
149 148
149 150
149 151
149 152
149 153
149 175
149 176
149 178
149 179
150 146
150 147
150 148
150 149
150 151
150 152
150 153
150 154
150 179
151 141
151 142
151 147
151 148
151 149
151 150
151 152
151 153
151 154
151 155
152 148
152 149
152 150
152 151
152 153
152 154
152 155
152 156
152 175
152 176
152 179
153 149
153 150
153 151
153 152
153 154
153 155
153 156
153 157
153 179
154 150
154 151
154 152
154 153
154 155
154 156
154 157
154 158
155 74
155 80
155 151
155 152
155 153
155 154
155 156
155 157
155 158
155 159
156 152
156 153
156 154
156 155
156 157
156 158
156 159
156 160
156 161
156 162
157 153
157 154
157 155
157 156
157 158
157 159
157 160
157 161
157 162
158 74
158 75
158 154
158 155
158 156
158 157
158 159
158 160
158 161
159 74
159 155
159 156
159 157
159 158
159 160
159 161
160 156
160 157
160 158
160 159
160 161
160 162
161 95
161 156
161 157
161 158
161 159
161 160
161 162
161 163
161 164
162 95
162 156
162 157
162 160
162 161
162 163
162 164
163 93
163 94
163 95
163 161
163 162
163 164
163 165
163 187
163 188
164 94
164 95
164 96
164 97
164 161
164 162
164 163
164 165
164 166
164 187
164 188
164 189
165 94
165 95
165 96
165 97
165 163
165 164
165 166
165 167
165 187
165 188
165 189
165 190
165 191
166 96
166 97
166 98
166 99
166 164
166 165
166 167
166 168
166 176
166 187
166 189
166 190
166 191
166 192
167 96
167 97
167 98
167 99
167 165
167 166
167 168
167 169
167 190
167 191
167 192
167 193
168 98
168 99
168 100
168 101
168 166
168 167
168 169
168 170
168 172
168 173
168 176
168 190
168 191
168 192
168 193
168 195
169 99
169 100
169 101
169 167
169 168
169 170
169 171
169 172
169 173
169 192
169 193
169 194
169 195
169 249
170 100
170 101
170 102
170 168
170 169
170 171
170 172
170 173
170 192
170 193
170 194
170 195
170 196
171 100
171 101
171 102
171 169
171 170
171 172
171 173
171 174
171 195
171 196
172 99
172 100
172 101
172 102
172 130
172 168
172 169
172 170
172 171
172 173
172 174
172 175
172 176
172 195
172 196
173 168
173 169
173 170
173 171
173 172
173 174
173 175
173 176
173 177
173 192
173 195
173 196
173 197
173 198
174 145
174 148
174 171
174 172
174 173
174 175
174 176
174 177
174 178
174 195
174 196
174 197
175 145
175 148
175 149
175 152
175 172
175 173
175 174
175 176
175 177
175 178
175 179
176 149
176 152
176 166
176 168
176 172
176 173
176 174
176 175
176 177
176 178
176 179
176 180
177 173
177 174
177 175
177 176
177 178
177 179
177 180
177 181
177 197
177 198
178 145
178 146
178 148
178 149
178 174
178 175
178 176
178 177
178 179
178 180
178 181
178 182
179 148
179 149
179 150
179 152
179 153
179 175
179 176
179 177
179 178
179 180
179 181
179 182
179 183
180 176
180 177
180 178
180 179
180 181
180 182
180 183
180 186
180 187
180 209
181 177
181 178
181 179
181 180
181 182
181 183
181 205
181 206
181 209
182 178
182 179
182 180
182 181
182 183
182 184
182 185
183 179
183 180
183 181
183 182
183 184
183 185
183 186
183 209
184 182
184 183
184 185
184 186
185 182
185 183
185 184
185 186
185 187
186 180
186 183
186 184
186 185
186 187
186 188
186 210
186 211
187 163
187 164
187 165
187 166
187 180
187 185
187 186
187 188
187 189
187 190
187 211
188 94
188 163
188 164
188 165
188 186
188 187
188 189
188 190
188 211
188 212
188 269
189 164
189 165
189 166
189 187
189 188
189 190
189 191
189 211
189 212
189 213
189 214
189 269
190 165
190 166
190 167
190 168
190 187
190 188
190 189
190 191
190 192
190 211
190 212
190 213
190 214
191 165
191 166
191 167
191 168
191 189
191 190
191 192
191 193
191 213
191 214
191 215
191 216
192 166
192 167
192 168
192 169
192 170
192 173
192 190
192 191
192 193
192 194
192 195
192 213
192 214
192 215
192 216
193 167
193 168
193 169
193 170
193 191
193 192
193 194
193 195
193 215
193 216
193 217
193 225
194 169
194 170
194 192
194 193
194 195
194 196
194 215
194 216
194 217
194 224
194 225
194 228
194 229
194 248
195 168
195 169
195 170
195 171
195 172
195 173
195 174
195 192
195 193
195 194
195 196
195 197
195 198
195 224
195 225
195 228
196 170
196 171
196 172
196 173
196 174
196 194
196 195
196 197
196 198
196 224
196 228
197 173
197 174
197 177
197 195
197 196
197 198
197 199
197 200
197 201
198 173
198 177
198 195
198 196
198 197
198 199
198 200
198 201
198 227
198 228
198 231
198 232
199 197
199 198
199 200
199 201
199 202
199 227
199 228
199 231
200 197
200 198
200 199
200 201
200 202
201 197
201 198
201 199
201 200
201 202
201 203
201 205
201 206
202 199
202 200
202 201
202 203
202 204
202 205
202 206
203 201
203 202
203 204
203 205
203 206
203 207
203 231
203 234
204 202
204 203
204 205
204 206
204 207
204 208
205 181
205 201
205 202
205 203
205 204
205 206
205 207
205 208
205 209
206 181
206 201
206 202
206 203
206 204
206 205
206 207
206 208
206 209
206 231
206 232
206 234
206 235
206 236
207 203
207 204
207 205
207 206
207 208
207 209
207 210
207 234
207 235
207 236
208 204
208 205
208 206
208 207
208 209
208 210
208 235
209 180
209 181
209 183
209 205
209 206
209 207
209 208
209 210
209 211
209 235
209 236
210 186
210 207
210 208
210 209
210 211
210 212
210 235
210 236
210 237
211 186
211 187
211 188
211 189
211 190
211 209
211 210
211 212
211 213
211 237
212 188
212 189
212 190
212 210
212 211
212 213
212 214
212 237
212 238
212 269
213 189
213 190
213 191
213 192
213 211
213 212
213 214
213 215
213 235
213 237
213 238
213 239
214 189
214 190
214 191
214 192
214 212
214 213
214 215
214 216
214 238
214 239
214 240
214 241
214 265
215 191
215 192
215 193
215 194
215 213
215 214
215 216
215 217
215 229
215 232
215 238
215 239
215 240
215 241
216 191
216 192
216 193
216 194
216 214
216 215
216 217
216 218
216 240
216 241
216 242
216 243
217 193
217 194
217 215
217 216
217 218
217 219
217 221
217 225
217 241
217 242
217 243
217 247
217 248
217 250
218 216
218 217
218 219
218 220
218 221
218 225
218 242
218 243
218 244
218 245
218 246
218 247
218 248
218 249
218 250
219 217
219 218
219 220
219 221
219 222
219 242
219 243
219 244
219 245
219 246
219 247
220 218
220 219
220 221
220 222
220 244
220 245
220 246
220 247
220 248
221 217
221 218
221 219
221 220
221 222
221 223
221 224
221 225
221 226
221 246
221 247
221 248
222 219
222 220
222 221
222 223
222 224
222 225
222 226
223 221
223 222
223 224
223 225
223 226
223 227
224 194
224 195
224 196
224 221
224 222
224 223
224 225
224 226
224 227
224 228
224 248
225 193
225 194
225 195
225 217
225 218
225 221
225 222
225 223
225 224
225 226
225 227
225 228
225 229
225 248
226 221
226 222
226 223
226 224
226 225
226 227
226 228
226 229
226 230
227 198
227 199
227 223
227 224
227 225
227 226
227 228
227 229
227 230
227 231
228 194
228 195
228 196
228 198
228 199
228 224
228 225
228 226
228 227
228 229
228 230
228 231
228 232
229 194
229 215
229 225
229 226
229 227
229 228
229 230
229 231
229 232
229 233
230 226
230 227
230 228
230 229
230 231
230 232
230 233
230 234
231 198
231 199
231 203
231 206
231 227
231 228
231 229
231 230
231 232
231 233
231 234
232 198
232 206
232 215
232 228
232 229
232 230
232 231
232 233
232 234
232 235
232 238
233 229
233 230
233 231
233 232
233 234
233 235
233 236
233 238
234 203
234 206
234 207
234 230
234 231
234 232
234 233
234 235
234 236
235 206
235 207
235 208
235 209
235 210
235 213
235 232
235 233
235 234
235 236
235 237
235 238
236 206
236 207
236 209
236 210
236 233
236 234
236 235
236 237
236 238
237 210
237 211
237 212
237 213
237 235
237 236
237 238
237 239
238 212
238 213
238 214
238 215
238 232
238 233
238 235
238 236
238 237
238 239
238 240
239 213
239 214
239 215
239 237
239 238
239 240
239 241
240 214
240 215
240 216
240 238
240 239
240 241
240 242
241 214
241 215
241 216
241 217
241 239
241 240
241 242
241 243
241 261
242 216
242 217
242 218
242 219
242 240
242 241
242 243
242 244
243 216
243 217
243 218
243 219
243 241
243 242
243 244
243 245
243 246
243 250
243 254
243 257
243 258
244 218
244 219
244 220
244 242
244 243
244 245
244 246
245 218
245 219
245 220
245 243
245 244
245 246
245 247
246 218
246 219
246 220
246 221
246 243
246 244
246 245
246 247
246 248
246 249
246 250
246 253
246 254
247 217
247 218
247 219
247 220
247 221
247 245
247 246
247 248
247 249
247 250
247 253
248 194
248 217
248 218
248 220
248 221
248 224
248 225
248 246
248 247
248 249
248 250
249 169
249 218
249 246
249 247
249 248
249 250
249 251
249 252
249 253
250 217
250 218
250 243
250 246
250 247
250 248
250 249
250 251
250 252
250 253
250 254
250 255
250 258
251 249
251 250
251 252
251 253
251 254
251 255
251 257
251 258
252 112
252 249
252 250
252 251
252 253
252 254
252 255
253 246
253 247
253 249
253 250
253 251
253 252
253 254
253 255
254 243
254 246
254 250
254 251
254 252
254 253
254 255
254 256
254 257
254 258
255 112
255 250
255 251
255 252
255 253
255 254
255 256
255 257
255 258
255 259
256 254
256 255
256 257
256 258
256 259
256 260
257 243
257 251
257 254
257 255
257 256
257 258
257 259
257 260
257 261
258 243
258 250
258 251
258 254
258 255
258 256
258 257
258 259
258 260
258 261
258 262
259 114
259 255
259 256
259 257
259 258
259 260
259 261
259 262
259 263
260 256
260 257
260 258
260 259
260 261
260 262
260 263
260 264
261 241
261 257
261 258
261 259
261 260
261 262
261 263
261 264
261 265
262 258
262 259
262 260
262 261
262 263
262 264
262 265
262 266
263 259
263 260
263 261
263 262
263 264
263 265
263 266
263 267
264 260
264 261
264 262
264 263
264 265
264 266
264 267
264 268
265 214
265 261
265 262
265 263
265 264
265 266
265 267
265 268
265 269
266 262
266 263
266 264
266 265
266 267
266 268
266 269
267 263
267 264
267 265
267 266
267 268
267 269
268 264
268 265
268 266
268 267
268 269
268 270
269 188
269 189
269 212
269 265
269 266
269 267
269 268
269 270
270 268
270 269
