0 1
0 2
1 0
1 2
1 3
2 0
2 1
2 3
2 4
3 1
3 2
3 4
3 5
4 2
4 3
4 5
4 6
5 3
5 4
5 6
5 7
6 4
6 5
6 7
6 8
7 5
7 6
7 8
7 9
8 6
8 7
8 9
8 10
9 7
9 8
9 10
9 11
10 8
10 9
10 11
10 12
11 9
11 10
11 12
11 13
12 10
12 11
12 13
12 14
13 11
13 12
13 14
13 15
13 16
13 17
14 12
14 13
14 15
14 16
15 13
15 14
15 16
15 17
16 13
16 14
16 15
16 17
16 18
17 13
17 15
17 16
17 18
17 19
18 16
18 17
18 19
18 20
18 21
18 22
19 17
19 18
19 20
19 21
19 22
19 23
20 18
20 19
20 21
20 22
20 23
20 24
21 18
21 19
21 20
21 22
21 23
21 24
21 25
21 26
21 27
22 18
22 19
22 20
22 21
22 23
22 24
22 25
22 26
22 27
23 19
23 20
23 21
23 22
23 24
23 25
24 20
24 21
24 22
24 23
24 25
24 26
25 21
25 22
25 23
25 24
25 26
25 27
26 21
26 22
26 24
26 25
26 27
26 28
27 21
27 22
27 25
27 26
27 28
27 29
28 26
28 27
28 29
28 30
29 27
29 28
29 30
29 31
29 153
30 28
30 29
30 31
30 32
30 153
31 29
31 30
31 32
31 33
31 34
31 151
31 152
31 153
31 154
32 30
32 31
32 33
32 34
32 61
32 62
32 65
32 151
32 152
32 153
32 154
33 31
33 32
33 34
33 35
33 59
33 60
33 61
33 62
33 151
33 152
33 153
34 31
34 32
34 33
34 35
34 36
34 59
34 60
34 61
34 148
34 149
34 150
34 151
34 152
35 33
35 34
35 36
35 37
35 57
35 58
35 59
35 60
35 146
35 147
35 148
35 149
35 150
35 151
35 152
36 34
36 35
36 37
36 38
36 57
36 58
36 59
36 147
36 148
36 149
36 150
37 35
37 36
37 38
37 39
37 40
37 56
37 57
37 58
37 146
37 147
37 148
37 149
37 401
38 36
38 37
38 39
38 40
38 55
38 56
38 57
38 147
38 148
38 362
38 363
38 400
38 401
38 402
39 37
39 38
39 40
39 41
39 42
39 44
39 45
39 146
39 147
39 148
39 399
39 400
39 401
40 37
40 38
40 39
40 41
40 42
40 147
40 148
40 399
40 400
40 401
41 39
41 40
41 42
41 43
41 44
41 45
41 147
41 148
41 398
41 399
42 39
42 40
42 41
42 43
42 44
42 45
42 147
43 41
43 42
43 44
43 45
43 382
43 383
43 397
43 398
43 399
44 39
44 41
44 42
44 43
44 45
44 46
44 377
44 378
44 382
44 383
44 397
44 398
44 399
44 400
45 39
45 41
45 42
45 43
45 44
45 46
45 47
45 145
45 146
45 147
45 377
45 382
46 44
46 45
46 47
46 48
46 49
46 51
46 52
46 144
46 145
46 377
46 382
47 45
47 46
47 48
47 49
47 51
47 145
47 382
48 46
48 47
48 49
48 50
48 51
48 127
48 144
48 145
49 46
49 47
49 48
49 50
49 51
49 52
49 53
49 127
49 128
49 129
49 143
49 144
49 145
50 48
50 49
50 51
50 52
50 53
50 143
50 144
51 46
51 47
51 48
51 49
51 50
51 52
51 53
51 143
51 376
51 377
51 380
52 46
52 49
52 50
52 51
52 53
52 54
52 55
52 143
52 144
52 373
52 376
52 377
53 49
53 50
53 51
53 52
53 54
53 55
53 142
53 143
53 144
53 373
54 52
54 53
54 55
54 56
54 142
54 143
54 364
54 369
54 370
54 372
54 373
55 38
55 52
55 53
55 54
55 56
55 57
55 142
55 143
55 144
55 145
55 363
55 373
56 37
56 38
56 54
56 55
56 57
56 58
56 140
56 141
56 142
56 143
56 144
56 363
57 35
57 36
57 37
57 38
57 55
57 56
57 58
57 59
57 140
57 141
57 142
57 144
57 363
58 35
58 36
58 37
58 56
58 57
58 59
58 60
58 138
58 139
58 140
58 141
59 33
59 34
59 35
59 36
59 57
59 58
59 60
59 61
59 138
59 139
59 140
59 141
60 33
60 34
60 35
60 58
60 59
60 61
60 62
60 137
60 138
60 139
61 32
61 33
61 34
61 59
61 60
61 62
61 63
61 65
61 66
61 69
61 137
61 138
62 32
62 33
62 60
62 61
62 63
62 64
62 65
62 66
62 69
62 137
63 61
63 62
63 64
63 65
63 66
63 67
63 68
63 69
64 62
64 63
64 65
64 66
64 67
65 32
65 61
65 62
65 63
65 64
65 66
65 67
65 69
66 61
66 62
66 63
66 64
66 65
66 67
66 68
66 69
66 72
67 63
67 64
67 65
67 66
67 68
67 69
68 63
68 66
68 67
68 69
68 70
68 71
68 72
68 137
69 61
69 62
69 63
69 65
69 66
69 67
69 68
69 70
69 71
69 72
69 73
69 136
69 137
70 68
70 69
70 71
70 72
70 73
70 74
70 135
70 136
70 137
70 138
71 68
71 69
71 70
71 72
71 73
71 74
71 137
72 66
72 68
72 69
72 70
72 71
72 73
72 74
72 137
73 69
73 70
73 71
73 72
73 74
73 75
73 76
73 134
73 137
74 70
74 71
74 72
74 73
74 75
74 76
74 77
75 73
75 74
75 76
75 77
75 78
75 79
76 73
76 74
76 75
76 77
76 78
76 79
76 134
76 157
77 74
77 75
77 76
77 78
77 79
77 80
77 131
77 133
77 134
78 75
78 76
78 77
78 79
78 80
79 75
79 76
79 77
79 78
79 80
79 81
79 82
79 131
79 157
79 158
80 77
80 78
80 79
80 81
80 82
80 130
80 131
80 132
80 158
81 79
81 80
81 82
81 83
81 128
81 129
81 130
81 131
81 157
81 158
82 79
82 80
82 81
82 83
82 84
82 128
82 129
82 130
82 131
82 155
82 156
82 157
82 158
83 81
83 82
83 84
83 85
83 126
83 127
83 128
83 129
83 155
83 156
83 157
83 158
84 82
84 83
84 85
84 86
84 125
84 126
84 127
84 128
84 129
84 152
84 153
84 154
84 155
84 156
85 83
85 84
85 86
85 87
85 124
85 125
85 126
85 127
85 152
85 153
85 154
85 155
86 84
86 85
86 87
86 88
86 124
86 125
86 126
86 150
86 151
86 152
86 153
86 154
87 85
87 86
87 88
87 89
87 123
87 124
87 125
87 150
87 151
87 152
87 153
88 86
88 87
88 89
88 90
88 91
88 118
88 123
88 124
88 125
88 150
88 151
89 87
89 88
89 90
89 91
89 92
89 123
89 150
89 151
90 88
90 89
90 91
90 92
91 88
91 89
91 90
91 92
91 93
91 118
91 119
91 123
92 89
92 90
92 91
92 93
92 94
93 91
93 92
93 94
93 95
94 92
94 93
94 95
94 96
94 119
94 121
95 93
95 94
95 96
95 97
95 119
96 94
96 95
96 97
96 98
96 119
96 120
96 121
97 95
97 96
97 98
97 99
97 100
97 112
97 119
97 120
98 96
98 97
98 99
98 100
98 111
98 112
99 97
99 98
99 100
99 101
99 109
99 110
99 111
99 112
100 97
100 98
100 99
100 101
100 102
100 109
100 110
100 111
100 112
100 117
101 99
101 100
101 102
101 103
101 105
101 106
101 107
101 108
101 109
101 110
102 100
102 101
102 103
102 104
102 105
102 106
102 107
102 108
102 109
102 110
102 115
102 117
103 101
103 102
103 104
103 105
103 106
103 107
103 384
103 385
104 102
104 103
104 105
104 106
104 327
104 328
104 331
104 332
104 333
105 101
105 102
105 103
105 104
105 106
105 107
105 108
105 109
105 327
105 328
105 331
106 101
106 102
106 103
106 104
106 105
106 107
106 108
106 332
106 385
107 101
107 102
107 103
107 105
107 106
107 108
107 109
107 385
108 101
108 102
108 105
108 106
108 107
108 109
108 110
109 99
109 100
109 101
109 102
109 105
109 107
109 108
109 110
109 111
110 99
110 100
110 101
110 102
110 108
110 109
110 111
110 112
110 114
110 115
111 98
111 99
111 100
111 109
111 110
111 112
111 113
111 114
111 115
112 97
112 98
112 99
112 100
112 110
112 111
112 113
112 114
112 115
112 116
112 117
112 119
112 120
113 111
113 112
113 114
113 115
113 116
114 110
114 111
114 112
114 113
114 115
114 116
115 102
115 110
115 111
115 112
115 113
115 114
115 116
115 117
116 112
116 113
116 114
116 115
116 117
116 118
116 125
117 100
117 102
117 112
117 115
117 116
117 118
117 119
117 120
118 88
118 91
118 116
118 117
118 119
118 120
118 123
118 124
118 125
119 91
119 94
119 95
119 96
119 97
119 112
119 117
119 118
119 120
119 121
119 123
120 96
120 97
120 112
120 117
120 118
120 119
120 121
120 122
120 123
120 124
121 94
121 96
121 119
121 120
121 122
121 123
122 120
122 121
122 123
122 124
123 87
123 88
123 89
123 91
123 118
123 119
123 120
123 121
123 122
123 124
123 125
124 85
124 86
124 87
124 88
124 118
124 120
124 122
124 123
124 125
124 126
125 84
125 85
125 86
125 87
125 88
125 116
125 118
125 123
125 124
125 126
125 127
126 83
126 84
126 85
126 86
126 124
126 125
126 127
126 128
127 48
127 49
127 83
127 84
127 85
127 125
127 126
127 128
127 129
127 144
127 145
128 49
128 81
128 82
128 83
128 84
128 126
128 127
128 129
128 130
128 143
128 144
128 158
129 49
129 81
129 82
129 83
129 84
129 127
129 128
129 130
129 131
129 141
129 142
129 143
129 144
130 80
130 81
130 82
130 128
130 129
130 131
130 132
130 141
130 142
130 143
131 77
131 79
131 80
131 81
131 82
131 129
131 130
131 132
131 133
131 134
131 139
131 140
131 141
131 142
132 80
132 130
132 131
132 133
132 134
132 139
132 140
132 141
132 142
133 77
133 131
133 132
133 134
133 135
133 139
133 140
133 141
134 73
134 76
134 77
134 131
134 132
134 133
134 135
134 136
134 137
134 138
134 139
134 140
135 70
135 133
135 134
135 136
135 137
135 138
135 139
136 69
136 70
136 134
136 135
136 137
136 138
137 60
137 61
137 62
137 68
137 69
137 70
137 71
137 72
137 73
137 134
137 135
137 136
137 138
137 139
138 58
138 59
138 60
138 61
138 70
138 134
138 135
138 136
138 137
138 139
138 140
139 58
139 59
139 60
139 131
139 132
139 133
139 134
139 135
139 137
139 138
139 140
139 141
140 56
140 57
140 58
140 59
140 131
140 132
140 133
140 134
140 138
140 139
140 141
140 142
141 56
141 57
141 58
141 59
141 129
141 130
141 131
141 132
141 133
141 139
141 140
141 142
141 143
141 144
142 53
142 54
142 55
142 56
142 57
142 129
142 130
142 131
142 132
142 140
142 141
142 143
142 144
143 49
143 50
143 51
143 52
143 53
143 54
143 55
143 56
143 128
143 129
143 130
143 141
143 142
143 144
143 145
144 46
144 48
144 49
144 50
144 52
144 53
144 55
144 56
144 57
144 127
144 128
144 129
144 141
144 142
144 143
144 145
144 146
145 45
145 46
145 47
145 48
145 49
145 55
145 127
145 143
145 144
145 146
145 147
146 35
146 37
146 39
146 45
146 144
146 145
146 147
146 148
146 150
147 35
147 36
147 37
147 38
147 39
147 40
147 41
147 42
147 45
147 145
147 146
147 148
147 149
147 150
148 34
148 35
148 36
148 37
148 38
148 39
148 40
148 41
148 146
148 147
148 149
148 150
149 34
149 35
149 36
149 37
149 147
149 148
149 150
149 151
150 34
150 35
150 36
150 86
150 87
150 88
150 89
150 146
150 147
150 148
150 149
150 151
150 152
151 31
151 32
151 33
151 34
151 35
151 86
151 87
151 88
151 89
151 149
151 150
151 152
151 153
152 31
152 32
152 33
152 34
152 35
152 84
152 85
152 86
152 87
152 150
152 151
152 153
152 154
152 155
153 29
153 30
153 31
153 32
153 33
153 84
153 85
153 86
153 87
153 151
153 152
153 154
153 155
154 31
154 32
154 84
154 85
154 86
154 152
154 153
154 155
154 156
155 82
155 83
155 84
155 85
155 152
155 153
155 154
155 156
155 157
156 82
156 83
156 84
156 154
156 155
156 157
156 158
157 76
157 79
157 81
157 82
157 83
157 155
157 156
157 158
157 159
158 79
158 80
158 81
158 82
158 83
158 128
158 156
158 157
158 159
158 160
158 163
159 157
159 158
159 160
159 161
159 162
159 163
159 164
160 158
160 159
160 161
160 162
160 163
160 164
160 167
161 159
161 160
161 162
161 163
161 164
161 165
161 167
161 168
161 169
162 159
162 160
162 161
162 163
162 164
162 165
162 167
162 168
163 158
163 159
163 160
163 161
163 162
163 164
163 165
164 159
164 160
164 161
164 162
164 163
164 165
164 166
164 167
164 168
165 161
165 162
165 163
165 164
165 166
165 167
165 168
165 320
165 321
165 322
166 164
166 165
166 167
166 168
166 320
166 321
166 322
167 160
167 161
167 162
167 164
167 165
167 166
167 168
167 169
168 161
168 162
168 164
168 165
168 166
168 167
168 169
168 170
169 161
169 167
169 168
169 170
169 171
169 172
170 168
170 169
170 171
170 172
171 169
171 170
171 172
171 173
172 169
172 170
172 171
172 173
172 174
172 175
173 171
173 172
173 174
173 175
174 172
174 173
174 175
174 176
175 172
175 173
175 174
175 176
175 177
176 174
176 175
176 177
176 178
177 175
177 176
177 178
177 179
178 176
178 177
178 179
178 180
179 177
179 178
179 180
179 181
180 178
180 179
180 181
180 182
181 179
181 180
181 182
181 183
182 180
182 181
182 183
182 184
183 181
183 182
183 184
183 185
184 182
184 183
184 185
184 186
185 183
185 184
185 186
185 187
186 184
186 185
186 187
186 188
187 185
187 186
187 188
187 189
188 186
188 187
188 189
188 190
189 187
189 188
189 190
189 191
190 188
190 189
190 191
190 192
191 189
191 190
191 192
191 193
192 190
192 191
192 193
192 194
193 191
193 192
193 194
193 195
194 192
194 193
194 195
194 196
195 193
195 194
195 196
195 197
196 194
196 195
196 197
196 198
197 195
197 196
197 198
197 199
198 196
198 197
198 199
198 200
199 197
199 198
199 200
199 201
200 198
200 199
200 201
200 202
201 199
201 200
201 202
201 203
202 200
202 201
202 203
202 204
203 201
203 202
203 204
203 205
204 202
204 203
204 205
204 206
205 203
205 204
205 206
205 207
206 204
206 205
206 207
206 208
207 205
207 206
207 208
207 209
208 206
208 207
208 209
208 210
209 207
209 208
209 210
209 211
210 208
210 209
210 211
210 212
211 209
211 210
211 212
211 213
212 210
212 211
212 213
212 214
213 211
213 212
213 214
213 215
214 212
214 213
214 215
214 216
215 213
215 214
215 216
215 217
216 214
216 215
216 217
216 218
217 215
217 216
217 218
217 219
218 216
218 217
218 219
218 220
219 217
219 218
219 220
219 221
220 218
220 219
220 221
220 222
221 219
221 220
221 222
221 223
222 220
222 221
222 223
222 224
223 221
223 222
223 224
223 225
224 222
224 223
224 225
224 226
225 223
225 224
225 226
225 227
226 224
226 225
226 227
226 228
227 225
227 226
227 228
227 229
228 226
228 227
228 229
228 230
229 227
229 228
229 230
229 231
230 228
230 229
230 231
230 232
231 229
231 230
231 232
231 233
232 230
232 231
232 233
232 234
233 231
233 232
233 234
233 235
234 232
234 233
234 235
234 236
235 233
235 234
235 236
235 237
236 234
236 235
236 237
236 238
237 235
237 236
237 238
237 239
238 236
238 237
238 239
238 240
239 237
239 238
239 240
239 241
240 238
240 239
240 241
240 242
241 239
241 240
241 242
241 243
242 240
242 241
242 243
242 244
243 241
243 242
243 244
243 245
244 242
244 243
244 245
244 246
245 243
245 244
245 246
245 247
246 244
246 245
246 247
246 248
247 245
247 246
247 248
247 249
248 246
248 247
248 249
248 250
249 247
249 248
249 250
249 251
250 248
250 249
250 251
250 252
251 249
251 250
251 252
251 253
252 250
252 251
252 253
252 254
253 251
253 252
253 254
253 255
254 252
254 253
254 255
254 256
255 253
255 254
255 256
255 257
256 254
256 255
256 257
256 258
257 255
257 256
257 258
257 259
258 256
258 257
258 259
258 260
259 257
259 258
259 260
259 261
260 258
260 259
260 261
260 262
261 259
261 260
261 262
261 263
262 260
262 261
262 263
262 264
263 261
263 262
263 264
263 265
264 262
264 263
264 265
264 266
265 263
265 264
265 266
265 267
266 264
266 265
266 267
266 268
267 265
267 266
267 268
267 269
268 266
268 267
268 269
268 270
269 267
269 268
269 270
269 271
270 268
270 269
270 271
270 272
271 269
271 270
271 272
271 273
272 270
272 271
272 273
272 274
273 271
273 272
273 274
273 275
274 272
274 273
274 275
274 276
275 273
275 274
275 276
275 277
276 274
276 275
276 277
276 278
277 275
277 276
277 278
277 279
278 276
278 277
278 279
278 280
279 277
279 278
279 280
279 281
280 278
280 279
280 281
280 282
281 279
281 280
281 282
281 283
282 280
282 281
282 283
282 284
283 281
283 282
283 284
283 285
284 282
284 283
284 285
284 286
285 283
285 284
285 286
285 287
286 284
286 285
286 287
286 288
287 285
287 286
287 288
287 289
288 286
288 287
288 289
288 290
289 287
289 288
289 290
289 291
290 288
290 289
290 291
290 292
291 289
291 290
291 292
291 293
292 290
292 291
292 293
292 294
293 291
293 292
293 294
293 295
294 292
294 293
294 295
294 296
295 293
295 294
295 296
295 297
296 294
296 295
296 297
296 298
297 295
297 296
297 298
297 299
298 296
298 297
298 299
298 300
299 297
299 298
299 300
299 301
300 298
300 299
300 301
300 302
301 299
301 300
301 302
301 303
302 300
302 301
302 303
302 304
303 301
303 302
303 304
303 305
304 302
304 303
304 305
304 306
305 303
305 304
305 306
305 307
306 304
306 305
306 307
306 308
307 305
307 306
307 308
307 309
308 306
308 307
308 309
308 310
309 307
309 308
309 310
309 311
310 308
310 309
310 311
310 312
311 309
311 310
311 312
311 313
312 310
312 311
312 313
312 314
313 311
313 312
313 314
313 315
314 312
314 313
314 315
314 316
315 313
315 314
315 316
315 317
316 314
316 315
316 317
316 318
317 315
317 316
317 318
317 319
318 316
318 317
318 319
318 320
319 317
319 318
319 320
319 321
320 165
320 166
320 318
320 319
320 321
320 322
321 165
321 166
321 319
321 320
321 322
321 323
322 165
322 166
322 320
322 321
322 323
322 324
323 321
323 322
323 324
323 325
324 322
324 323
324 325
324 326
324 328
324 329
325 323
325 324
325 326
325 327
325 328
325 329
326 324
326 325
326 327
326 328
326 329
326 330
326 331
327 104
327 105
327 325
327 326
327 328
327 329
327 330
327 331
327 332
328 104
328 105
328 324
328 325
328 326
328 327
328 329
328 330
328 331
329 324
329 325
329 326
329 327
329 328
329 330
329 331
330 326
330 327
330 328
330 329
330 331
330 332
331 104
331 105
331 326
331 327
331 328
331 329
331 330
331 332
331 333
332 104
332 106
332 327
332 330
332 331
332 333
332 334
333 104
333 331
333 332
333 334
333 335
333 380
333 381
334 332
334 333
334 335
334 336
334 412
335 333
335 334
335 336
335 337
335 379
335 380
335 381
335 412
336 334
336 335
336 337
336 338
336 378
336 379
336 380
336 381
336 412
336 413
336 414
337 335
337 336
337 338
337 339
337 379
337 412
337 413
337 414
338 336
338 337
338 339
338 340
338 375
338 378
338 379
338 413
338 414
338 415
338 416
339 337
339 338
339 340
339 341
339 413
339 414
339 415
339 416
340 338
340 339
340 341
340 342
340 343
340 344
340 345
340 415
340 416
340 417
341 339
341 340
341 342
341 343
341 344
341 345
341 415
341 416
341 417
341 418
342 340
342 341
342 343
342 344
342 345
342 346
343 340
343 341
343 342
343 344
343 345
343 346
343 347
343 417
343 418
344 340
344 341
344 342
344 343
344 345
344 346
344 347
344 348
344 416
344 417
344 418
344 419
345 340
345 341
345 342
345 343
345 344
345 346
345 347
345 348
345 349
346 342
346 343
346 344
346 345
346 347
346 348
346 349
346 350
347 343
347 344
347 345
347 346
347 348
347 349
347 350
347 351
347 418
347 419
347 420
348 344
348 345
348 346
348 347
348 349
348 350
348 351
348 352
348 367
348 370
348 371
348 419
349 345
349 346
349 347
349 348
349 350
349 351
349 352
349 353
349 367
350 346
350 347
350 348
350 349
350 351
350 352
350 353
351 347
351 348
351 349
351 350
351 352
351 353
351 358
351 359
351 360
351 361
351 367
351 403
351 421
352 348
352 349
352 350
352 351
352 353
352 354
352 360
352 361
352 366
352 367
353 349
353 350
353 351
353 352
353 354
353 355
353 358
353 360
354 352
354 353
354 355
354 356
354 358
354 360
355 353
355 354
355 356
355 357
355 358
356 354
356 355
356 357
356 358
357 355
357 356
357 358
357 359
358 351
358 353
358 354
358 355
358 356
358 357
358 359
358 360
359 351
359 357
359 358
359 360
359 361
359 402
359 421
360 351
360 352
360 353
360 354
360 358
360 359
360 361
360 362
360 402
361 351
361 352
361 359
361 360
361 362
361 363
361 364
361 365
361 366
361 401
361 402
361 403
362 38
362 360
362 361
362 363
362 364
362 401
362 402
363 38
363 55
363 56
363 57
363 361
363 362
363 364
363 365
363 401
364 54
364 361
364 362
364 363
364 365
364 366
364 367
364 369
364 370
364 401
365 361
365 363
365 364
365 366
365 367
365 369
365 370
366 352
366 361
366 364
366 365
366 367
366 368
366 369
366 370
367 348
367 349
367 351
367 352
367 364
367 365
367 366
367 368
367 369
367 370
367 371
368 366
368 367
368 369
368 370
368 371
368 372
369 54
369 364
369 365
369 366
369 367
369 368
369 370
369 371
369 372
369 373
370 54
370 348
370 364
370 365
370 366
370 367
370 368
370 369
370 371
370 372
370 373
370 374
371 348
371 367
371 368
371 369
371 370
371 372
371 373
371 374
371 375
372 54
372 368
372 369
372 370
372 371
372 373
372 374
372 375
372 376
373 52
373 53
373 54
373 55
373 369
373 370
373 371
373 372
373 374
373 375
373 376
373 377
374 370
374 371
374 372
374 373
374 375
374 376
374 377
374 378
374 400
375 338
375 371
375 372
375 373
375 374
375 376
375 377
375 378
375 379
376 51
376 52
376 372
376 373
376 374
376 375
376 377
376 378
376 379
376 380
377 44
377 45
377 46
377 51
377 52
377 373
377 374
377 375
377 376
377 378
377 379
377 380
377 381
377 382
378 44
378 336
378 338
378 374
378 375
378 376
378 377
378 379
378 380
378 381
378 382
378 414
379 335
379 336
379 337
379 338
379 375
379 376
379 377
379 378
379 380
379 381
379 413
379 414
380 51
380 333
380 335
380 336
380 376
380 377
380 378
380 379
380 381
380 382
381 333
381 335
381 336
381 377
381 378
381 379
381 380
381 382
381 383
382 43
382 44
382 45
382 46
382 47
382 377
382 378
382 380
382 381
382 383
382 384
383 43
383 44
383 381
383 382
383 384
383 385
383 386
383 387
383 388
384 103
384 382
384 383
384 385
384 386
384 387
384 388
385 103
385 106
385 107
385 383
385 384
385 386
385 387
385 388
385 389
386 383
386 384
386 385
386 387
386 388
386 389
386 390
386 391
387 383
387 384
387 385
387 386
387 388
387 389
387 390
387 391
388 383
388 384
388 385
388 386
388 387
388 389
388 390
388 391
389 385
389 386
389 387
389 388
389 390
389 391
390 386
390 387
390 388
390 389
390 391
390 392
391 386
391 387
391 388
391 389
391 390
391 392
391 393
391 394
392 390
392 391
392 393
392 394
393 391
393 392
393 394
393 395
394 391
394 392
394 393
394 395
394 396
394 408
394 409
394 410
395 393
395 394
395 396
395 397
395 406
395 407
395 408
395 409
396 394
396 395
396 397
396 398
396 406
396 407
396 408
396 409
397 43
397 44
397 395
397 396
397 398
397 399
397 404
397 405
397 406
397 407
398 41
398 43
398 44
398 396
398 397
398 399
398 400
398 404
398 405
398 406
399 39
399 40
399 41
399 43
399 44
399 397
399 398
399 400
399 401
399 402
399 403
399 404
399 405
399 422
400 38
400 39
400 40
400 44
400 374
400 398
400 399
400 401
400 402
400 403
400 404
400 405
401 37
401 38
401 39
401 40
401 361
401 362
401 363
401 364
401 399
401 400
401 402
401 403
402 38
402 359
402 360
402 361
402 362
402 399
402 400
402 401
402 403
402 404
402 421
402 422
403 351
403 361
403 399
403 400
403 401
403 402
403 404
403 405
403 419
403 420
403 421
403 422
404 397
404 398
404 399
404 400
404 402
404 403
404 405
404 406
404 419
404 420
404 421
404 422
405 397
405 398
405 399
405 400
405 403
405 404
405 406
405 407
405 416
405 417
405 418
405 419
405 420
406 395
406 396
406 397
406 398
406 404
406 405
406 407
406 408
406 416
406 417
406 418
406 419
407 395
407 396
407 397
407 405
407 406
407 408
407 409
407 414
407 415
407 416
407 417
407 418
408 394
408 395
408 396
408 406
408 407
408 409
408 410
408 414
408 415
408 416
408 417
409 394
409 395
409 396
409 407
409 408
409 410
409 411
409 412
409 413
409 414
409 415
410 394
410 408
410 409
410 411
410 412
410 413
410 414
410 415
411 409
411 410
411 412
411 413
412 334
412 335
412 336
412 337
412 409
412 410
412 411
412 413
412 414
413 336
413 337
413 338
413 339
413 379
413 409
413 410
413 411
413 412
413 414
413 415
414 336
414 337
414 338
414 339
414 378
414 379
414 407
414 408
414 409
414 410
414 412
414 413
414 415
414 416
415 338
415 339
415 340
415 341
415 407
415 408
415 409
415 410
415 413
415 414
415 416
415 417
416 338
416 339
416 340
416 341
416 344
416 405
416 406
416 407
416 408
416 414
416 415
416 417
416 418
416 419
417 340
417 341
417 343
417 344
417 405
417 406
417 407
417 408
417 415
417 416
417 418
417 419
418 341
418 343
418 344
418 347
418 405
418 406
418 407
418 416
418 417
418 419
418 420
419 344
419 347
419 348
419 403
419 404
419 405
419 406
419 416
419 417
419 418
419 420
419 421
420 347
420 403
420 404
420 405
420 418
420 419
420 421
420 422
421 351
421 359
421 402
421 403
421 404
421 419
421 420
421 422
421 423
422 399
422 402
422 403
422 404
422 420
422 421
422 423
422 424
422 425
423 421
423 422
423 424
423 425
423 426
424 422
424 423
424 425
424 426
425 422
425 423
425 424
425 426
425 427
426 423
426 424
426 425
426 427
426 428
427 425
427 426
427 428
427 429
428 426
428 427
428 429
428 430
429 427
429 428
429 430
429 431
429 432
430 428
430 429
430 431
430 432
431 429
431 430
431 432
431 433
432 429
432 430
432 431
432 433
432 434
433 431
433 432
433 434
433 435
434 432
434 433
434 435
434 436
435 433
435 434
435 436
435 437
436 434
436 435
436 437
436 438
437 435
437 436
437 438
437 439
438 436
438 437
438 439
438 440
439 437
439 438
439 440
440 438
440 439
