0 1
0 2
0 3
0 4
1 0
1 2
1 3
1 4
1 5
2 0
2 1
2 3
2 4
2 5
2 6
2 235
2 236
2 237
3 0
3 1
3 2
3 4
3 5
3 6
3 7
3 235
3 236
3 237
3 238
4 0
4 1
4 2
4 3
4 5
4 6
4 7
4 8
4 237
5 1
5 2
5 3
5 4
5 6
5 7
5 8
5 9
6 2
6 3
6 4
6 5
6 7
6 8
6 9
6 10
6 211
6 235
6 236
6 237
7 3
7 4
7 5
7 6
7 8
7 9
7 10
7 11
7 237
7 238
8 4
8 5
8 6
8 7
8 9
8 10
8 11
8 12
9 5
9 6
9 7
9 8
9 10
9 11
9 12
9 13
9 214
9 215
10 6
10 7
10 8
10 9
10 11
10 12
10 13
10 14
10 42
10 214
11 7
11 8
11 9
11 10
11 12
11 13
11 14
11 15
12 8
12 9
12 10
12 11
12 13
12 14
12 15
12 16
13 9
13 10
13 11
13 12
13 14
13 15
13 16
13 17
13 18
13 42
13 214
14 10
14 11
14 12
14 13
14 15
14 16
14 17
14 18
14 41
14 42
14 43
14 44
15 11
15 12
15 13
15 14
15 16
15 17
16 12
16 13
16 14
16 15
16 17
16 18
17 13
17 14
17 15
17 16
17 18
17 19
17 43
17 44
18 13
18 14
18 16
18 17
18 19
18 20
18 42
18 43
18 44
18 45
18 84
18 85
18 86
19 17
19 18
19 20
19 21
19 43
19 44
19 45
19 46
19 83
19 84
19 85
19 86
20 18
20 19
20 21
20 22
20 43
20 45
20 46
20 47
20 84
20 85
20 86
20 87
20 88
21 19
21 20
21 22
21 23
21 46
21 47
21 48
21 49
21 81
21 84
21 86
21 87
21 88
22 20
22 21
22 23
22 24
22 25
22 30
22 34
22 46
22 47
22 48
22 49
22 87
22 88
22 89
22 90
23 21
23 22
23 24
23 25
23 30
23 48
23 49
23 50
23 87
23 88
23 89
23 90
23 91
24 22
24 23
24 25
24 26
24 27
24 30
24 49
24 50
24 89
24 90
24 91
24 92
25 22
25 23
25 24
25 26
25 27
25 28
25 29
25 30
25 31
25 33
25 34
25 48
25 49
25 50
25 90
26 24
26 25
26 27
26 28
26 30
26 31
26 54
27 24
27 25
27 26
27 28
27 29
27 30
27 31
27 90
27 91
28 25
28 26
28 27
28 29
28 30
28 31
28 32
28 171
28 173
28 202
29 25
29 27
29 28
29 30
29 31
29 32
29 33
29 90
29 202
29 203
29 206
30 22
30 23
30 24
30 25
30 26
30 27
30 28
30 29
30 31
30 32
30 33
30 34
30 90
31 25
31 26
31 27
31 28
31 29
31 30
31 32
31 33
31 34
31 35
32 28
32 29
32 30
32 31
32 33
32 34
32 35
32 36
32 202
32 203
32 206
33 25
33 29
33 30
33 31
33 32
33 34
33 35
33 36
33 37
33 203
33 206
34 22
34 25
34 30
34 31
34 32
34 33
34 35
34 36
34 37
34 38
35 31
35 32
35 33
35 34
35 36
35 37
35 38
35 39
36 32
36 33
36 34
36 35
36 37
36 38
36 39
36 40
36 206
36 207
37 33
37 34
37 35
37 36
37 38
37 39
37 40
37 41
37 42
37 43
37 210
38 34
38 35
38 36
38 37
38 39
38 40
38 41
38 42
38 60
38 61
39 35
39 36
39 37
39 38
39 40
39 41
40 36
40 37
40 38
40 39
40 41
40 42
40 239
41 14
41 37
41 38
41 39
41 40
41 42
41 43
41 44
42 10
42 13
42 14
42 18
42 37
42 38
42 40
42 41
42 43
42 44
43 14
43 17
43 18
43 19
43 20
43 37
43 41
43 42
43 44
43 45
43 46
44 14
44 17
44 18
44 19
44 41
44 42
44 43
44 45
44 46
45 18
45 19
45 20
45 43
45 44
45 46
45 47
45 64
45 65
46 19
46 20
46 21
46 22
46 43
46 44
46 45
46 47
46 48
46 63
46 64
46 65
47 20
47 21
47 22
47 45
47 46
47 48
47 49
47 64
47 65
47 66
47 67
48 21
48 22
48 23
48 25
48 46
48 47
48 49
48 50
48 64
48 65
48 66
48 67
49 21
49 22
49 23
49 24
49 25
49 47
49 48
49 50
49 51
49 66
49 67
49 68
49 69
49 80
50 23
50 24
50 25
50 48
50 49
50 51
50 52
50 53
50 66
50 67
50 68
50 69
51 49
51 50
51 52
51 53
51 68
51 69
51 70
51 71
52 50
52 51
52 53
52 54
52 68
52 69
53 50
53 51
53 52
53 54
53 55
53 66
53 67
53 68
54 26
54 52
54 53
54 55
54 56
54 66
55 53
55 54
55 56
55 57
56 54
56 55
56 57
56 58
56 61
56 62
57 55
57 56
57 58
57 59
57 61
58 56
58 57
58 59
58 60
58 61
58 62
59 57
59 58
59 60
59 61
59 62
60 38
60 58
60 59
60 61
60 62
60 63
61 38
61 56
61 57
61 58
61 59
61 60
61 62
61 63
61 64
62 56
62 58
62 59
62 60
62 61
62 63
62 64
63 46
63 60
63 61
63 62
63 64
63 65
64 45
64 46
64 47
64 48
64 61
64 62
64 63
64 65
64 66
65 45
65 46
65 47
65 48
65 63
65 64
65 66
65 67
66 47
66 48
66 49
66 50
66 53
66 54
66 64
66 65
66 67
66 68
67 47
67 48
67 49
67 50
67 53
67 65
67 66
67 68
67 69
67 80
68 49
68 50
68 51
68 52
68 53
68 66
68 67
68 69
68 70
69 49
69 50
69 51
69 52
69 67
69 68
69 70
69 71
69 74
69 77
69 80
70 51
70 68
70 69
70 71
70 72
70 73
70 74
70 77
71 51
71 69
71 70
71 72
71 73
71 74
71 110
72 70
72 71
72 73
72 74
72 110
73 70
73 71
73 72
73 74
73 75
73 76
73 77
74 69
74 70
74 71
74 72
74 73
74 75
74 76
74 77
74 78
74 113
74 114
75 73
75 74
75 76
75 77
75 78
75 117
76 73
76 74
76 75
76 77
76 78
77 69
77 70
77 73
77 74
77 75
77 76
77 78
77 79
77 80
77 81
78 74
78 75
78 76
78 77
78 79
78 80
78 81
78 82
78 117
78 121
79 77
79 78
79 80
79 81
79 82
79 121
80 49
80 67
80 69
80 77
80 78
80 79
80 81
80 82
81 21
81 77
81 78
81 79
81 80
81 82
81 83
81 84
81 114
81 117
81 118
81 121
81 123
82 78
82 79
82 80
82 81
82 83
82 84
82 117
82 118
82 120
82 121
82 122
82 123
83 19
83 81
83 82
83 84
83 85
83 121
83 122
83 123
84 18
84 19
84 20
84 21
84 81
84 82
84 83
84 85
84 86
84 87
84 118
84 121
84 122
84 123
85 18
85 19
85 20
85 83
85 84
85 86
85 87
85 122
85 123
85 124
85 125
86 18
86 19
86 20
86 21
86 84
86 85
86 87
86 88
86 123
86 124
86 125
86 126
86 127
87 20
87 21
87 22
87 23
87 84
87 85
87 86
87 88
87 89
87 118
87 123
87 125
87 126
87 127
88 20
88 21
88 22
88 23
88 86
88 87
88 89
88 90
88 126
88 127
88 128
88 129
89 22
89 23
89 24
89 87
89 88
89 90
89 91
89 111
89 126
89 127
89 128
89 129
90 22
90 23
90 24
90 25
90 27
90 29
90 30
90 88
90 89
90 91
90 92
90 128
90 129
91 23
91 24
91 27
91 89
91 90
91 92
91 93
91 106
91 107
91 111
91 129
92 24
92 90
92 91
92 93
92 94
92 103
92 106
92 107
93 91
93 92
93 94
93 95
93 97
93 98
93 103
93 106
93 107
94 92
94 93
94 95
94 96
94 97
94 98
94 99
94 103
95 93
95 94
95 96
95 97
95 98
95 99
95 100
95 102
95 103
96 94
96 95
96 97
96 98
96 99
97 93
97 94
97 95
97 96
97 98
97 99
98 93
98 94
98 95
98 96
98 97
98 99
98 100
98 101
98 102
98 103
99 94
99 95
99 96
99 97
99 98
99 100
99 101
99 102
99 103
100 95
100 98
100 99
100 101
100 102
100 103
100 104
101 98
101 99
101 100
101 102
101 103
101 104
101 105
102 95
102 98
102 99
102 100
102 101
102 103
102 104
102 105
102 106
103 92
103 93
103 94
103 95
103 98
103 99
103 100
103 101
103 102
103 104
103 105
103 106
103 107
103 108
104 100
104 101
104 102
104 103
104 105
104 106
104 107
104 108
104 109
104 145
105 101
105 102
105 103
105 104
105 106
105 107
105 108
105 109
105 110
106 91
106 92
106 93
106 102
106 103
106 104
106 105
106 107
106 108
106 109
106 110
106 111
107 91
107 92
107 93
107 103
107 104
107 105
107 106
107 108
107 109
107 110
107 111
107 145
107 146
107 149
108 103
108 104
108 105
108 106
108 107
108 109
108 110
108 111
108 112
108 145
108 146
108 148
108 149
109 104
109 105
109 106
109 107
109 108
109 110
109 111
109 112
109 113
109 149
110 71
110 72
110 105
110 106
110 107
110 108
110 109
110 111
110 112
110 113
110 114
111 89
111 91
111 106
111 107
111 108
111 109
111 110
111 112
111 113
111 114
111 115
111 149
112 108
112 109
112 110
112 111
112 113
112 114
112 115
112 116
112 149
112 152
112 153
113 74
113 109
113 110
113 111
113 112
113 114
113 115
113 116
113 117
114 74
114 81
114 110
114 111
114 112
114 113
114 115
114 116
114 117
114 118
115 111
115 112
115 113
115 114
115 116
115 117
115 118
115 119
115 126
115 153
115 156
116 112
116 113
116 114
116 115
116 117
116 118
116 119
116 120
116 153
116 156
117 75
117 78
117 81
117 82
117 113
117 114
117 115
117 116
117 118
117 119
117 120
117 121
118 81
118 82
118 84
118 87
118 114
118 115
118 116
118 117
118 119
118 120
118 121
118 122
118 123
119 115
119 116
119 117
119 118
119 120
119 121
119 122
119 123
119 124
119 156
119 158
120 82
120 116
120 117
120 118
120 119
120 121
120 122
120 123
121 78
121 79
121 81
121 82
121 83
121 84
121 117
121 118
121 119
121 120
121 122
121 123
122 82
122 83
122 84
122 85
122 118
122 119
122 120
122 121
122 123
122 124
123 81
123 82
123 83
123 84
123 85
123 86
123 87
123 118
123 119
123 120
123 121
123 122
123 124
123 125
123 126
123 158
124 85
124 86
124 119
124 122
124 123
124 125
124 126
124 158
124 159
124 160
125 85
125 86
125 87
125 123
125 124
125 126
125 127
125 158
125 159
125 160
125 161
125 162
126 86
126 87
126 88
126 89
126 115
126 123
126 124
126 125
126 127
126 128
126 158
126 160
126 161
126 162
127 86
127 87
127 88
127 89
127 125
127 126
127 128
127 129
127 161
127 162
127 163
127 164
127 209
128 88
128 89
128 90
128 126
128 127
128 129
128 130
128 150
128 161
128 162
128 163
128 164
129 88
129 89
129 90
129 91
129 127
129 128
129 130
129 131
129 163
129 164
129 165
129 166
130 128
130 129
130 131
130 132
130 134
130 146
130 150
130 163
130 164
130 165
130 166
131 129
131 130
131 132
131 133
131 134
131 143
131 146
131 164
131 165
131 166
131 167
132 130
132 131
132 133
132 134
132 165
132 166
132 167
132 225
132 226
133 131
133 132
133 134
133 135
133 143
133 165
134 130
134 131
134 132
134 133
134 135
134 136
134 138
134 142
134 143
134 144
134 145
134 146
134 147
134 165
135 133
135 134
135 136
135 137
135 138
135 143
135 144
135 145
135 146
135 147
135 148
136 134
136 135
136 137
136 138
136 143
136 144
136 145
136 146
136 147
136 148
136 151
137 135
137 136
137 138
137 139
137 144
137 147
138 134
138 135
138 136
138 137
138 139
138 140
138 141
138 143
138 144
139 137
139 138
139 140
139 141
139 143
139 144
140 138
140 139
140 141
140 142
140 143
140 144
141 138
141 139
141 140
141 142
141 143
141 144
141 145
142 134
142 140
142 141
142 143
142 144
142 145
142 146
143 131
143 133
143 134
143 135
143 136
143 138
143 139
143 140
143 141
143 142
143 144
143 145
143 146
143 147
144 134
144 135
144 136
144 137
144 138
144 139
144 140
144 141
144 142
144 143
144 145
144 146
144 147
144 148
145 104
145 107
145 108
145 134
145 135
145 136
145 141
145 142
145 143
145 144
145 146
145 147
145 148
145 149
146 107
146 108
146 130
146 131
146 134
146 135
146 136
146 142
146 143
146 144
146 145
146 147
146 148
146 149
146 150
147 134
147 135
147 136
147 137
147 143
147 144
147 145
147 146
147 148
147 149
147 150
147 151
148 108
148 135
148 136
148 144
148 145
148 146
148 147
148 149
148 150
148 151
148 152
149 107
149 108
149 109
149 111
149 112
149 145
149 146
149 147
149 148
149 150
149 151
149 152
149 153
150 128
150 130
150 146
150 147
150 148
150 149
150 151
150 152
150 153
150 154
150 163
151 136
151 147
151 148
151 149
151 150
151 152
151 153
151 154
151 155
152 112
152 148
152 149
152 150
152 151
152 153
152 154
152 155
152 156
153 112
153 115
153 116
153 149
153 150
153 151
153 152
153 154
153 155
153 156
153 157
154 150
154 151
154 152
154 153
154 155
154 156
154 157
154 158
154 161
154 221
155 151
155 152
155 153
155 154
155 156
155 157
156 115
156 116
156 119
156 152
156 153
156 154
156 155
156 157
156 158
157 153
157 154
157 155
157 156
157 158
157 159
157 160
157 161
157 220
158 119
158 123
158 124
158 125
158 126
158 154
158 156
158 157
158 159
158 160
158 161
158 220
159 124
159 125
159 157
159 158
159 160
159 161
159 220
160 124
160 125
160 126
160 157
160 158
160 159
160 161
160 162
160 217
160 219
160 220
160 221
161 125
161 126
161 127
161 128
161 154
161 157
161 158
161 159
161 160
161 162
161 163
161 220
161 221
161 222
162 125
162 126
162 127
162 128
162 160
162 161
162 163
162 164
162 221
162 222
162 223
162 224
163 127
163 128
163 129
163 130
163 150
163 161
163 162
163 164
163 165
163 221
163 222
163 223
163 224
164 127
164 128
164 129
164 130
164 131
164 162
164 163
164 165
164 166
164 209
164 223
164 224
164 225
164 226
164 229
165 129
165 130
165 131
165 132
165 133
165 134
165 163
165 164
165 166
165 167
165 223
165 224
165 225
165 226
165 229
166 129
166 130
166 131
166 132
166 164
166 165
166 167
166 168
166 169
166 199
166 200
166 205
166 225
166 226
166 229
167 131
167 132
167 165
167 166
167 168
167 169
167 197
167 198
167 199
167 200
167 226
168 166
168 167
168 169
168 170
168 198
168 199
168 200
169 166
169 167
169 168
169 170
169 171
169 199
169 200
169 201
169 202
170 168
170 169
170 171
170 172
170 199
170 200
170 201
170 202
171 28
171 169
171 170
171 172
171 173
171 201
171 202
172 170
172 171
172 173
172 174
173 28
173 171
173 172
173 174
173 175
173 176
174 172
174 173
174 175
174 176
175 173
175 174
175 176
175 177
176 173
176 174
176 175
176 177
176 178
176 180
176 181
177 175
177 176
177 178
177 179
177 180
177 181
178 176
178 177
178 179
178 180
178 181
178 182
179 177
179 178
179 180
179 181
179 182
179 183
180 176
180 177
180 178
180 179
180 181
180 182
180 183
180 184
181 176
181 177
181 178
181 179
181 180
181 182
181 183
181 184
181 185
182 178
182 179
182 180
182 181
182 183
182 184
182 185
182 186
183 179
183 180
183 181
183 182
183 184
183 185
183 186
183 187
184 180
184 181
184 182
184 183
184 185
184 186
184 187
184 188
185 181
185 182
185 183
185 184
185 186
185 187
185 188
185 189
186 182
186 183
186 184
186 185
186 187
186 188
186 189
186 190
187 183
187 184
187 185
187 186
187 188
187 189
187 190
187 195
188 184
188 185
188 186
188 187
188 189
188 190
189 185
189 186
189 187
189 188
189 190
189 191
190 186
190 187
190 188
190 189
190 191
190 192
190 194
190 195
191 189
191 190
191 192
191 193
191 194
191 195
192 190
192 191
192 193
192 194
192 195
192 196
193 191
193 192
193 194
193 195
193 196
193 197
194 190
194 191
194 192
194 193
194 195
194 196
194 197
194 198
195 187
195 190
195 191
195 192
195 193
195 194
195 196
195 197
195 198
195 199
196 192
196 193
196 194
196 195
196 197
196 198
196 199
196 200
196 227
196 230
197 167
197 193
197 194
197 195
197 196
197 198
197 199
197 226
197 227
198 167
198 168
198 194
198 195
198 196
198 197
198 199
198 200
198 226
199 166
199 167
199 168
199 169
199 170
199 195
199 196
199 197
199 198
199 200
199 201
199 226
200 166
200 167
200 168
200 169
200 170
200 196
200 198
200 199
200 201
200 202
200 204
200 205
200 226
200 230
201 169
201 170
201 171
201 199
201 200
201 202
201 203
201 204
201 205
202 28
202 29
202 32
202 169
202 170
202 171
202 200
202 201
202 203
202 204
202 205
202 206
203 29
203 32
203 33
203 201
203 202
203 204
203 205
203 206
203 207
203 233
204 200
204 201
204 202
204 203
204 205
204 206
204 207
204 208
204 229
204 230
204 233
204 234
205 166
205 200
205 201
205 202
205 203
205 204
205 206
205 207
205 208
205 209
205 229
205 230
205 233
206 29
206 32
206 33
206 36
206 202
206 203
206 204
206 205
206 207
206 208
206 209
206 210
206 233
207 36
207 203
207 204
207 205
207 206
207 208
207 209
207 210
207 211
207 232
207 233
207 234
208 204
208 205
208 206
208 207
208 209
208 210
208 211
208 212
208 229
208 230
208 231
208 232
208 233
208 234
209 127
209 164
209 205
209 206
209 207
209 208
209 210
209 211
209 212
209 213
209 229
209 233
210 37
210 206
210 207
210 208
210 209
210 211
210 212
210 213
210 214
211 6
211 207
211 208
211 209
211 210
211 212
211 213
211 214
211 215
211 232
211 233
211 235
212 208
212 209
212 210
212 211
212 213
212 214
212 215
212 232
213 209
213 210
213 211
213 212
213 214
213 215
213 216
214 9
214 10
214 13
214 210
214 211
214 212
214 213
214 215
214 216
215 9
215 211
215 212
215 213
215 214
215 216
215 217
216 213
216 214
216 215
216 217
216 218
217 160
217 215
217 216
217 218
217 219
217 220
218 216
218 217
218 219
218 220
219 160
219 217
219 218
219 220
219 221
219 222
220 157
220 158
220 159
220 160
220 161
220 217
220 218
220 219
220 221
220 222
221 154
221 160
221 161
221 162
221 163
221 219
221 220
221 222
221 223
222 161
222 162
222 163
222 219
222 220
222 221
222 223
222 224
223 162
223 163
223 164
223 165
223 221
223 222
223 224
223 225
224 162
224 163
224 164
224 165
224 222
224 223
224 225
224 226
224 227
224 228
224 229
225 132
225 164
225 165
225 166
225 223
225 224
225 226
225 227
225 228
225 229
226 132
226 164
226 165
226 166
226 167
226 197
226 198
226 199
226 200
226 224
226 225
226 227
226 228
226 229
226 230
227 196
227 197
227 224
227 225
227 226
227 228
227 229
227 230
227 231
228 224
228 225
228 226
228 227
228 229
228 230
228 231
228 232
229 164
229 165
229 166
229 204
229 205
229 208
229 209
229 224
229 225
229 226
229 227
229 228
229 230
229 231
229 232
229 233
230 196
230 200
230 204
230 205
230 208
230 226
230 227
230 228
230 229
230 231
230 232
230 233
230 234
231 208
231 227
231 228
231 229
231 230
231 232
231 233
231 234
231 235
232 207
232 208
232 211
232 212
232 228
232 229
232 230
232 231
232 233
232 234
232 235
233 203
233 204
233 205
233 206
233 207
233 208
233 209
233 211
233 229
233 230
233 231
233 232
233 234
233 235
233 236
234 204
234 207
234 208
234 230
234 231
234 232
234 233
234 235
234 236
235 2
235 3
235 6
235 211
235 231
235 232
235 233
235 234
235 236
235 237
236 2
236 3
236 6
236 233
236 234
236 235
236 237
236 238
236 239
237 2
237 3
237 4
237 6
237 7
237 235
237 236
237 238
237 239
238 3
238 7
238 236
238 237
238 239
238 240
239 40
239 236
239 237
239 238
239 240
239 241
240 238
240 239
240 241
241 239
241 240
