0 1
0 2
0 3
1 0
1 2
1 3
1 4
2 0
2 1
2 3
2 4
2 5
3 0
3 1
3 2
3 4
3 5
3 6
4 1
4 2
4 3
4 5
4 6
4 7
5 2
5 3
5 4
5 6
5 7
5 8
6 3
6 4
6 5
6 7
6 8
6 9
7 4
7 5
7 6
7 8
7 9
7 10
8 5
8 6
8 7
8 9
8 10
8 11
9 6
9 7
9 8
9 10
9 11
9 12
10 7
10 8
10 9
10 11
10 12
10 13
11 8
11 9
11 10
11 12
11 13
12 9
12 10
12 11
12 13
12 14
13 10
13 11
13 12
13 14
13 15
14 12
14 13
14 15
14 16
15 13
15 14
15 16
15 17
16 14
16 15
16 17
16 18
17 15
17 16
17 18
17 19
17 22
17 23
17 256
18 16
18 17
18 19
18 20
18 21
18 22
18 211
18 212
18 213
18 256
18 285
18 286
19 17
19 18
19 20
19 21
19 22
19 211
19 253
19 256
19 257
19 284
19 285
19 286
19 287
20 18
20 19
20 21
20 22
20 284
20 285
20 286
20 287
21 18
21 19
21 20
21 22
21 23
21 257
22 17
22 18
22 19
22 20
22 21
22 23
22 24
22 257
23 17
23 21
23 22
23 24
23 25
23 26
23 256
23 257
23 258
23 259
24 22
24 23
24 25
24 26
24 257
24 258
25 23
25 24
25 26
25 27
25 257
25 258
25 259
26 23
26 24
26 25
26 27
26 28
26 258
26 259
26 260
26 261
27 25
27 26
27 28
27 29
27 258
27 260
27 261
28 26
28 27
28 29
28 30
28 260
28 261
28 262
29 27
29 28
29 30
29 31
29 32
29 33
29 34
29 260
29 261
29 262
29 265
30 28
30 29
30 31
30 32
30 33
30 34
31 29
31 30
31 32
31 33
31 34
31 35
32 29
32 30
32 31
32 33
32 34
32 35
32 36
33 29
33 30
33 31
33 32
33 34
33 35
33 36
33 37
33 262
33 264
33 265
34 29
34 30
34 31
34 32
34 33
34 35
34 36
34 37
34 38
34 262
34 264
35 31
35 32
35 33
35 34
35 36
35 37
35 38
35 39
36 32
36 33
36 34
36 35
36 37
36 38
36 39
36 40
36 264
36 350
37 33
37 34
37 35
37 36
37 38
37 39
37 40
37 41
37 262
37 263
37 264
38 34
38 35
38 36
38 37
38 39
38 40
38 41
38 42
39 35
39 36
39 37
39 38
39 40
39 41
39 42
39 43
39 355
39 356
40 36
40 37
40 38
40 39
40 41
40 42
40 43
40 44
40 224
40 264
40 356
41 37
41 38
41 39
41 40
41 42
41 43
41 44
41 45
41 220
42 38
42 39
42 40
42 41
42 43
42 44
42 45
42 46
43 39
43 40
43 41
43 42
43 44
43 45
43 46
43 356
43 357
44 40
44 41
44 42
44 43
44 45
44 46
44 47
44 48
44 49
44 224
45 41
45 42
45 43
45 44
45 46
45 47
45 48
45 49
45 50
46 42
46 43
46 44
46 45
46 47
46 48
46 49
47 44
47 45
47 46
47 48
47 49
48 44
48 45
48 46
48 47
48 49
48 50
48 51
48 107
48 108
49 44
49 45
49 46
49 47
49 48
49 50
49 51
49 106
49 107
49 108
49 223
49 227
50 45
50 48
50 49
50 51
50 52
50 106
50 107
50 108
51 48
51 49
51 50
51 52
51 53
51 55
51 56
51 106
51 107
51 108
52 50
52 51
52 53
52 54
52 55
52 56
52 108
53 51
53 52
53 54
53 55
53 56
53 57
54 52
54 53
54 55
54 56
54 57
54 58
55 51
55 52
55 53
55 54
55 56
55 57
55 58
55 59
55 108
56 51
56 52
56 53
56 54
56 55
56 57
56 58
56 59
56 60
57 53
57 54
57 55
57 56
57 58
57 59
57 60
57 61
58 54
58 55
58 56
58 57
58 59
58 60
58 61
58 62
59 55
59 56
59 57
59 58
59 60
59 61
59 62
59 63
59 162
60 56
60 57
60 58
60 59
60 61
60 62
60 63
60 64
61 57
61 58
61 59
61 60
61 62
61 63
61 64
61 65
62 58
62 59
62 60
62 61
62 63
62 64
62 65
62 66
62 159
62 160
63 59
63 60
63 61
63 62
63 64
63 65
63 66
63 67
63 95
64 60
64 61
64 62
64 63
64 65
64 66
64 67
64 68
65 61
65 62
65 63
65 64
65 66
65 67
65 68
65 69
66 62
66 63
66 64
66 65
66 67
66 68
66 69
66 70
66 95
67 63
67 64
67 65
67 66
67 68
67 69
67 70
67 71
67 93
67 94
67 95
68 64
68 65
68 66
68 67
68 69
68 70
68 71
68 72
69 65
69 66
69 67
69 68
69 70
69 71
69 72
69 73
70 66
70 67
70 68
70 69
70 71
70 72
70 73
70 74
70 93
70 94
70 95
70 116
70 131
71 67
71 68
71 69
71 70
71 72
71 73
71 74
71 75
71 92
71 93
71 94
72 68
72 69
72 70
72 71
72 73
72 74
72 75
72 76
73 69
73 70
73 71
73 72
73 74
73 75
73 76
73 77
73 130
73 131
73 134
74 70
74 71
74 72
74 73
74 75
74 76
74 77
74 78
74 91
74 92
74 93
74 118
74 122
75 71
75 72
75 73
75 74
75 76
75 77
75 78
75 79
75 88
75 89
75 91
75 92
76 72
76 73
76 74
76 75
76 77
76 78
76 79
76 80
77 73
77 74
77 75
77 76
77 78
77 79
77 80
77 81
77 122
77 126
78 74
78 75
78 76
78 77
78 79
78 80
78 81
78 82
78 83
78 88
78 91
78 121
78 122
79 75
79 76
79 77
79 78
79 80
79 81
79 82
79 83
79 84
79 85
79 88
80 76
80 77
80 78
80 79
80 81
80 82
80 83
81 77
81 78
81 79
81 80
81 82
81 83
82 78
82 79
82 80
82 81
82 83
82 84
83 78
83 79
83 80
83 81
83 82
83 84
83 85
83 87
83 88
84 79
84 82
84 83
84 85
84 86
84 87
84 88
85 79
85 83
85 84
85 86
85 87
85 88
85 89
86 84
86 85
86 87
86 88
86 89
86 90
87 83
87 84
87 85
87 86
87 88
87 89
87 90
87 91
87 175
88 75
88 78
88 79
88 83
88 84
88 85
88 86
88 87
88 89
88 90
88 91
89 75
89 85
89 86
89 87
89 88
89 90
89 91
89 92
90 86
90 87
90 88
90 89
90 91
90 92
90 175
91 74
91 75
91 78
91 87
91 88
91 89
91 90
91 92
91 93
91 119
91 174
91 175
91 176
92 71
92 74
92 75
92 89
92 90
92 91
92 93
92 94
92 175
92 176
92 177
92 178
93 67
93 70
93 71
93 74
93 91
93 92
93 94
93 95
93 116
93 117
93 118
93 119
93 175
93 176
93 177
93 178
94 67
94 70
94 71
94 92
94 93
94 95
94 96
94 116
94 117
94 118
94 176
94 178
95 63
95 66
95 67
95 70
95 93
95 94
95 96
95 97
95 114
95 115
95 116
95 117
96 94
96 95
96 97
96 98
96 114
96 115
96 116
96 117
96 202
97 95
97 96
97 98
97 99
97 101
97 102
97 112
97 113
97 114
97 115
97 202
98 96
98 97
98 99
98 100
98 101
98 102
98 103
98 112
98 113
98 114
98 115
98 201
98 202
98 205
98 206
99 97
99 98
99 100
99 101
99 102
99 103
99 112
99 113
99 201
99 202
99 205
99 244
99 245
100 98
100 99
100 101
100 102
100 103
100 104
100 105
100 106
100 112
100 113
100 244
101 97
101 98
101 99
101 100
101 102
101 103
101 104
101 105
101 106
101 111
101 112
101 113
102 97
102 98
102 99
102 100
102 101
102 103
102 104
102 105
102 205
103 98
103 99
103 100
103 101
103 102
103 104
103 105
103 106
103 205
103 209
103 219
104 100
104 101
104 102
104 103
104 105
104 106
104 219
105 100
105 101
105 102
105 103
105 104
105 106
105 107
105 219
105 220
105 222
105 223
106 49
106 50
106 51
106 100
106 101
106 103
106 104
106 105
106 107
106 108
106 110
107 48
107 49
107 50
107 51
107 105
107 106
107 108
107 109
107 110
108 48
108 49
108 50
108 51
108 52
108 55
108 106
108 107
108 109
108 110
109 107
109 108
109 110
109 111
109 162
110 106
110 107
110 108
110 109
110 111
110 112
110 163
111 101
111 109
111 110
111 112
111 113
111 162
111 163
111 164
111 165
112 97
112 98
112 99
112 100
112 101
112 110
112 111
112 113
112 114
112 162
112 163
112 164
112 165
113 97
113 98
113 99
113 100
113 101
113 111
113 112
113 114
113 115
113 164
113 165
113 166
114 95
114 96
114 97
114 98
114 112
114 113
114 115
114 116
114 164
114 165
114 166
114 167
115 95
115 96
115 97
115 98
115 113
115 114
115 116
115 117
115 166
115 167
115 168
115 169
115 198
115 199
115 202
116 70
116 93
116 94
116 95
116 96
116 114
116 115
116 117
116 118
116 166
116 167
116 168
116 169
117 93
117 94
117 95
117 96
117 115
117 116
117 118
117 119
117 168
117 169
117 170
117 171
117 176
118 74
118 93
118 94
118 116
118 117
118 119
118 120
118 122
118 168
118 169
118 170
118 171
118 175
118 176
119 91
119 93
119 117
119 118
119 120
119 121
119 122
119 170
119 171
119 172
119 173
119 174
119 175
119 176
120 118
120 119
120 121
120 122
120 123
120 170
120 171
120 172
120 173
120 174
121 78
121 119
121 120
121 122
121 123
121 174
122 74
122 77
122 78
122 118
122 119
122 120
122 121
122 123
122 124
122 126
122 127
122 170
123 120
123 121
123 122
123 124
123 125
123 126
123 127
123 170
124 122
124 123
124 125
124 126
124 127
124 128
124 168
124 169
124 170
125 123
125 124
125 126
125 127
125 128
125 129
126 77
126 122
126 123
126 124
126 125
126 127
126 128
126 129
126 130
126 131
127 122
127 123
127 124
127 125
127 126
127 128
127 129
127 130
127 131
127 132
127 168
128 124
128 125
128 126
128 127
128 129
128 130
128 131
128 132
128 146
128 148
128 155
129 125
129 126
129 127
129 128
129 130
129 131
129 132
129 133
130 73
130 126
130 127
130 128
130 129
130 131
130 132
130 133
130 134
131 70
131 73
131 126
131 127
131 128
131 129
131 130
131 132
131 133
131 134
131 135
132 127
132 128
132 129
132 130
132 131
132 133
132 134
132 135
132 136
132 146
132 155
133 129
133 130
133 131
133 132
133 134
133 135
133 136
133 137
134 73
134 130
134 131
134 132
134 133
134 135
134 136
134 137
134 138
135 131
135 132
135 133
135 134
135 136
135 137
135 138
135 141
135 144
136 132
136 133
136 134
136 135
136 137
136 138
136 141
136 144
137 133
137 134
137 135
137 136
137 138
137 139
138 134
138 135
138 136
138 137
138 139
138 140
138 141
139 137
139 138
139 140
139 141
140 138
140 139
140 141
140 142
140 158
140 159
140 160
140 161
141 135
141 136
141 138
141 139
141 140
141 142
141 143
141 144
141 157
141 158
141 159
141 160
142 140
142 141
142 143
142 144
142 157
142 158
142 159
143 141
143 142
143 144
143 145
143 156
143 157
143 158
144 135
144 136
144 141
144 142
144 143
144 145
144 146
144 155
144 156
144 157
144 158
145 143
145 144
145 146
145 147
145 155
145 156
145 157
146 128
146 132
146 144
146 145
146 147
146 148
146 154
146 155
146 156
147 145
147 146
147 148
147 149
147 150
147 153
147 154
147 155
147 156
148 128
148 146
148 147
148 149
148 150
148 152
148 153
148 154
148 155
149 147
149 148
149 150
149 151
149 152
149 153
150 147
150 148
150 149
150 151
150 152
150 153
150 154
151 149
151 150
151 152
151 153
151 194
152 148
152 149
152 150
152 151
152 153
152 154
152 167
152 194
152 197
152 198
153 147
153 148
153 149
153 150
153 151
153 152
153 154
153 155
153 167
153 168
153 194
153 198
154 146
154 147
154 148
154 150
154 152
154 153
154 155
154 156
154 165
154 166
154 167
154 168
155 128
155 132
155 144
155 145
155 146
155 147
155 148
155 153
155 154
155 156
155 157
155 165
155 166
155 167
156 143
156 144
156 145
156 146
156 147
156 154
156 155
156 157
156 158
156 163
156 164
156 165
156 166
157 141
157 142
157 143
157 144
157 145
157 155
157 156
157 158
157 159
157 163
157 164
157 165
158 140
158 141
158 142
158 143
158 144
158 156
158 157
158 159
158 160
158 161
158 162
158 163
158 164
159 62
159 140
159 141
159 142
159 157
159 158
159 160
159 161
159 162
159 163
159 164
160 62
160 140
160 141
160 158
160 159
160 161
160 162
161 140
161 158
161 159
161 160
161 162
161 163
162 59
162 109
162 111
162 112
162 158
162 159
162 160
162 161
162 163
162 164
163 110
163 111
163 112
163 156
163 157
163 158
163 159
163 161
163 162
163 164
163 165
164 111
164 112
164 113
164 114
164 156
164 157
164 158
164 159
164 162
164 163
164 165
164 166
165 111
165 112
165 113
165 114
165 154
165 155
165 156
165 157
165 163
165 164
165 166
165 167
166 113
166 114
166 115
166 116
166 154
166 155
166 156
166 164
166 165
166 167
166 168
167 114
167 115
167 116
167 152
167 153
167 154
167 155
167 165
167 166
167 168
167 169
167 198
168 115
168 116
168 117
168 118
168 124
168 127
168 153
168 154
168 166
168 167
168 169
168 170
168 195
168 198
169 115
169 116
169 117
169 118
169 124
169 167
169 168
169 170
169 171
169 194
169 195
169 196
169 198
169 199
170 117
170 118
170 119
170 120
170 122
170 123
170 124
170 168
170 169
170 171
170 172
170 191
170 195
171 117
171 118
171 119
171 120
171 169
171 170
171 172
171 173
171 187
171 188
171 191
171 195
172 119
172 120
172 170
172 171
172 173
172 174
172 187
172 189
172 190
172 191
173 119
173 120
173 171
173 172
173 174
173 175
173 176
174 91
174 119
174 120
174 121
174 172
174 173
174 175
174 176
175 87
175 90
175 91
175 92
175 93
175 118
175 119
175 173
175 174
175 176
175 177
176 91
176 92
176 93
176 94
176 117
176 118
176 119
176 173
176 174
176 175
176 177
176 178
176 180
177 92
177 93
177 175
177 176
177 178
177 179
177 180
178 92
178 93
178 94
178 176
178 177
178 179
178 180
179 177
179 178
179 180
179 181
180 176
180 177
180 178
180 179
180 181
180 182
181 179
181 180
181 182
181 183
181 184
182 180
182 181
182 183
182 184
182 185
182 187
182 199
182 202
182 203
183 181
183 182
183 184
183 185
183 203
183 206
183 207
183 317
184 181
184 182
184 183
184 185
184 186
184 187
185 182
185 183
185 184
185 186
185 187
185 188
185 189
185 291
185 318
186 184
186 185
186 187
186 188
186 189
187 171
187 172
187 182
187 184
187 185
187 186
187 188
187 189
188 171
188 185
188 186
188 187
188 189
188 190
188 191
188 196
188 293
189 172
189 185
189 186
189 187
189 188
189 190
189 191
189 293
190 172
190 188
190 189
190 191
190 192
191 170
191 171
191 172
191 188
191 189
191 190
191 192
191 193
191 195
191 196
192 190
192 191
192 193
192 194
192 195
192 196
193 191
193 192
193 194
193 195
193 196
193 197
194 151
194 152
194 153
194 169
194 192
194 193
194 195
194 196
194 197
194 198
195 168
195 169
195 170
195 171
195 191
195 192
195 193
195 194
195 196
195 197
195 198
195 199
196 169
196 188
196 191
196 192
196 193
196 194
196 195
196 197
196 198
196 199
196 200
197 152
197 193
197 194
197 195
197 196
197 198
197 199
197 200
197 201
198 115
198 152
198 153
198 167
198 168
198 169
198 194
198 195
198 196
198 197
198 199
198 200
198 201
198 202
199 115
199 169
199 182
199 195
199 196
199 197
199 198
199 200
199 201
199 202
199 203
200 196
200 197
200 198
200 199
200 201
200 202
200 203
200 204
200 317
201 98
201 99
201 197
201 198
201 199
201 200
201 202
201 203
201 204
201 205
202 96
202 97
202 98
202 99
202 115
202 182
202 198
202 199
202 200
202 201
202 203
202 204
202 205
202 206
203 182
203 183
203 199
203 200
203 201
203 202
203 204
203 205
203 206
203 207
203 317
204 200
204 201
204 202
204 203
204 205
204 206
204 207
204 208
204 315
204 316
204 317
205 98
205 99
205 102
205 103
205 201
205 202
205 203
205 204
205 206
205 207
205 208
205 209
205 245
206 98
206 183
206 202
206 203
206 204
206 205
206 207
206 208
206 209
206 210
207 183
207 203
207 204
207 205
207 206
207 208
207 209
207 210
207 211
207 316
207 317
208 204
208 205
208 206
208 207
208 209
208 210
208 211
208 212
208 248
208 249
208 252
208 285
208 316
209 103
209 205
209 206
209 207
209 208
209 210
209 211
209 212
209 215
210 206
210 207
210 208
210 209
210 211
210 212
210 213
211 18
211 19
211 207
211 208
211 209
211 210
211 212
211 213
211 252
211 256
211 285
211 286
212 18
212 208
212 209
212 210
212 211
212 213
212 214
212 215
212 218
212 252
212 253
212 255
212 256
212 259
213 18
213 210
213 211
213 212
213 214
213 215
213 255
213 256
213 259
213 260
214 212
214 213
214 215
214 216
214 217
214 218
214 255
214 259
214 260
215 209
215 212
215 213
215 214
215 216
215 217
215 218
215 219
216 214
216 215
216 217
216 218
216 219
216 220
217 214
217 215
217 216
217 218
217 219
217 220
217 221
217 262
217 263
218 212
218 214
218 215
218 216
218 217
218 219
218 220
218 221
218 222
218 251
218 252
218 255
218 263
219 103
219 104
219 105
219 215
219 216
219 217
219 218
219 220
219 221
219 222
219 223
220 41
220 105
220 216
220 217
220 218
220 219
220 221
220 222
220 223
220 224
220 263
221 217
221 218
221 219
221 220
221 222
221 223
221 224
221 225
221 251
221 263
221 264
221 266
221 267
222 105
222 218
222 219
222 220
222 221
222 223
222 224
222 225
222 226
222 247
222 248
222 251
223 49
223 105
223 219
223 220
223 221
223 222
223 224
223 225
223 226
223 227
224 40
224 44
224 220
224 221
224 222
224 223
224 225
224 226
224 227
224 228
224 267
225 221
225 222
225 223
225 224
225 226
225 227
225 228
225 229
225 247
225 251
225 267
226 222
226 223
226 224
226 225
226 227
226 228
226 229
226 230
226 235
226 244
226 247
227 49
227 223
227 224
227 225
227 226
227 228
227 229
227 230
227 231
227 360
228 224
228 225
228 226
228 227
228 229
228 230
228 231
228 232
228 359
228 360
229 225
229 226
229 227
229 228
229 230
229 231
229 232
229 233
229 234
229 235
230 226
230 227
230 228
230 229
230 231
230 232
230 233
230 234
230 235
231 227
231 228
231 229
231 230
231 232
231 233
231 234
231 360
231 361
231 362
231 363
232 228
232 229
232 230
232 231
232 233
232 234
232 235
232 338
232 360
232 361
232 362
232 363
233 229
233 230
233 231
233 232
233 234
233 235
233 362
233 363
233 415
233 416
233 417
234 229
234 230
234 231
234 232
234 233
234 235
234 236
234 241
234 242
234 335
234 416
235 226
235 229
235 230
235 232
235 233
235 234
235 236
235 237
235 241
235 242
235 243
235 244
235 416
236 234
236 235
236 237
236 238
236 239
236 240
236 241
236 242
236 243
236 416
237 235
237 236
237 238
237 239
237 240
237 241
237 242
237 243
237 324
237 326
237 327
238 236
238 237
238 239
238 240
238 241
238 326
238 393
238 394
238 397
239 236
239 237
239 238
239 240
239 241
239 326
239 393
239 394
239 395
239 396
239 397
239 414
239 416
240 236
240 237
240 238
240 239
240 241
240 242
240 324
240 325
240 326
240 327
240 328
240 331
240 397
241 234
241 235
241 236
241 237
241 238
241 239
241 240
241 242
241 243
241 324
241 326
241 327
241 331
241 332
241 335
242 234
242 235
242 236
242 237
242 240
242 241
242 243
242 244
242 246
242 247
242 324
242 327
243 235
243 236
243 237
243 241
243 242
243 244
243 245
243 246
243 247
243 324
244 99
244 100
244 226
244 235
244 242
244 243
244 245
244 246
244 247
244 248
245 99
245 205
245 243
245 244
245 246
245 247
245 248
245 249
245 323
246 242
246 243
246 244
246 245
246 247
246 248
246 249
246 250
246 313
246 323
246 324
247 222
247 225
247 226
247 242
247 243
247 244
247 245
247 246
247 248
247 249
247 250
247 251
248 208
248 222
248 244
248 245
248 246
248 247
248 249
248 250
248 251
248 252
249 208
249 245
249 246
249 247
249 248
249 250
249 251
249 252
249 253
249 283
249 285
249 313
249 315
250 246
250 247
250 248
250 249
250 251
250 252
250 253
250 254
250 270
250 283
250 313
251 218
251 221
251 222
251 225
251 247
251 248
251 249
251 250
251 252
251 253
251 254
251 255
251 270
252 208
252 211
252 212
252 218
252 248
252 249
252 250
252 251
252 253
252 254
252 255
252 256
252 285
253 19
253 212
253 249
253 250
253 251
253 252
253 254
253 255
253 256
253 257
253 283
253 284
253 285
254 250
254 251
254 252
254 253
254 255
254 256
254 257
254 258
254 266
254 269
254 270
254 273
255 212
255 213
255 214
255 218
255 251
255 252
255 253
255 254
255 256
255 257
255 258
255 259
255 261
255 266
256 17
256 18
256 19
256 23
256 211
256 212
256 213
256 252
256 253
256 254
256 255
256 257
256 258
256 259
257 19
257 21
257 22
257 23
257 24
257 25
257 253
257 254
257 255
257 256
257 258
257 259
258 23
258 24
258 25
258 26
258 27
258 254
258 255
258 256
258 257
258 259
258 260
258 261
258 266
259 23
259 25
259 26
259 212
259 213
259 214
259 255
259 256
259 257
259 258
259 260
259 261
260 26
260 27
260 28
260 29
260 213
260 214
260 258
260 259
260 261
260 262
261 26
261 27
261 28
261 29
261 255
261 258
261 259
261 260
261 262
261 263
261 265
261 266
262 28
262 29
262 33
262 34
262 37
262 217
262 260
262 261
262 263
262 264
262 265
262 266
263 37
263 217
263 218
263 220
263 221
263 261
263 262
263 264
263 265
263 266
263 267
264 33
264 34
264 36
264 37
264 40
264 221
264 262
264 263
264 265
264 266
264 267
264 268
265 29
265 33
265 261
265 262
265 263
265 264
265 266
265 267
265 268
265 269
266 221
266 254
266 255
266 258
266 261
266 262
266 263
266 264
266 265
266 267
266 268
266 269
266 270
267 221
267 224
267 225
267 263
267 264
267 265
267 266
267 268
267 269
267 270
267 271
267 346
268 264
268 265
268 266
268 267
268 269
268 270
268 271
268 272
268 342
268 343
268 346
268 347
269 254
269 265
269 266
269 267
269 268
269 270
269 271
269 272
269 273
270 250
270 251
270 254
270 266
270 267
270 268
270 269
270 271
270 272
270 273
270 274
271 267
271 268
271 269
271 270
271 272
271 273
271 274
271 275
271 339
271 340
271 342
271 343
272 268
272 269
272 270
272 271
272 273
272 274
272 275
272 276
272 339
272 340
272 343
273 254
273 269
273 270
273 271
273 272
273 274
273 275
273 276
273 277
274 270
274 271
274 272
274 273
274 275
274 276
274 277
274 336
274 339
275 271
275 272
275 273
275 274
275 276
275 277
275 336
275 337
275 339
275 340
275 343
276 272
276 273
276 274
276 275
276 277
276 278
277 273
277 274
277 275
277 276
277 278
277 279
277 281
278 276
278 277
278 279
278 280
278 281
279 277
279 278
279 280
279 281
279 282
279 310
279 311
279 312
280 278
280 279
280 281
280 282
280 309
280 310
280 311
280 312
281 277
281 278
281 279
281 280
281 282
281 283
281 311
281 312
282 279
282 280
282 281
282 283
282 284
282 311
282 312
282 313
282 314
283 249
283 250
283 253
283 281
283 282
283 284
283 285
283 312
283 313
283 314
284 19
284 20
284 253
284 282
284 283
284 285
284 286
284 287
284 313
284 314
284 315
284 316
285 18
285 19
285 20
285 208
285 211
285 249
285 252
285 253
285 283
285 284
285 286
285 287
285 314
285 315
285 316
286 18
286 19
286 20
286 211
286 284
286 285
286 287
286 288
286 316
287 19
287 20
287 284
287 285
287 286
287 288
287 289
288 286
288 287
288 289
288 290
288 316
288 318
288 320
289 287
289 288
289 290
289 291
289 318
290 288
290 289
290 291
290 292
291 185
291 289
291 290
291 292
291 293
291 294
291 318
292 290
292 291
292 293
292 294
293 188
293 189
293 291
293 292
293 294
293 295
294 291
294 292
294 293
294 295
294 296
295 293
295 294
295 296
295 297
295 319
296 294
296 295
296 297
296 298
296 319
296 320
297 295
297 296
297 298
297 299
297 318
297 319
297 320
297 321
298 296
298 297
298 299
298 300
298 303
298 306
298 314
298 320
298 321
298 322
299 297
299 298
299 300
299 301
299 302
299 303
299 306
300 298
300 299
300 301
300 302
300 303
300 304
300 305
300 306
300 307
301 299
301 300
301 302
301 303
301 304
301 307
302 299
302 300
302 301
302 303
302 304
303 298
303 299
303 300
303 301
303 302
303 304
303 305
303 306
303 307
304 300
304 301
304 302
304 303
304 305
304 306
304 307
304 308
305 300
305 303
305 304
305 306
305 307
305 308
305 309
306 298
306 299
306 300
306 303
306 304
306 305
306 307
306 308
306 309
307 300
307 301
307 303
307 304
307 305
307 306
307 308
307 309
308 304
308 305
308 306
308 307
308 309
308 310
309 280
309 305
309 306
309 307
309 308
309 310
309 311
309 312
309 324
309 325
309 327
310 279
310 280
310 308
310 309
310 311
310 312
310 325
310 327
310 328
310 329
310 332
311 279
311 280
311 281
311 282
311 309
311 310
311 312
311 313
311 324
311 325
311 327
311 332
312 279
312 280
312 281
312 282
312 283
312 309
312 310
312 311
312 313
312 314
312 322
312 323
312 324
312 325
313 246
313 249
313 250
313 282
313 283
313 284
313 311
313 312
313 314
313 315
313 322
313 323
313 324
314 282
314 283
314 284
314 285
314 298
314 312
314 313
314 315
314 316
314 320
314 321
314 322
314 323
315 204
315 249
315 284
315 285
315 313
315 314
315 316
315 317
315 318
315 320
315 321
315 322
315 323
316 204
316 207
316 208
316 284
316 285
316 286
316 288
316 314
316 315
316 317
316 318
316 320
317 183
317 200
317 203
317 204
317 207
317 315
317 316
317 318
317 319
317 320
318 185
318 288
318 289
318 291
318 297
318 315
318 316
318 317
318 319
318 320
319 295
319 296
319 297
319 317
319 318
319 320
319 321
320 288
320 296
320 297
320 298
320 314
320 315
320 316
320 317
320 318
320 319
320 321
320 322
321 297
321 298
321 314
321 315
321 319
321 320
321 322
321 323
322 298
322 312
322 313
322 314
322 315
322 320
322 321
322 323
322 324
322 325
323 245
323 246
323 312
323 313
323 314
323 315
323 321
323 322
323 324
323 325
324 237
324 240
324 241
324 242
324 243
324 246
324 309
324 311
324 312
324 313
324 322
324 323
324 325
324 326
324 327
325 240
325 309
325 310
325 311
325 312
325 322
325 323
325 324
325 326
325 327
326 237
326 238
326 239
326 240
326 241
326 324
326 325
326 327
326 328
326 397
327 237
327 240
327 241
327 242
327 309
327 310
327 311
327 324
327 325
327 326
327 328
327 329
327 331
327 332
328 240
328 310
328 326
328 327
328 329
328 330
328 331
328 332
328 400
328 401
329 310
329 327
329 328
329 330
329 331
329 332
329 333
329 404
329 411
330 328
330 329
330 331
330 332
330 333
330 334
330 400
330 404
330 410
330 411
330 412
330 413
331 240
331 241
331 327
331 328
331 329
331 330
331 332
331 333
331 334
331 335
331 413
332 241
332 310
332 311
332 327
332 328
332 329
332 330
332 331
332 333
332 334
332 335
332 336
333 329
333 330
333 331
333 332
333 334
333 335
333 336
333 337
334 330
334 331
334 332
334 333
334 335
334 336
334 337
334 338
334 413
335 234
335 241
335 331
335 332
335 333
335 334
335 336
335 337
335 338
335 339
336 274
336 275
336 332
336 333
336 334
336 335
336 337
336 338
336 339
336 340
337 275
337 333
337 334
337 335
337 336
337 338
337 339
337 340
337 341
338 232
338 334
338 335
338 336
338 337
338 339
338 340
338 341
338 342
339 271
339 272
339 274
339 275
339 335
339 336
339 337
339 338
339 340
339 341
339 342
339 343
340 271
340 272
340 275
340 336
340 337
340 338
340 339
340 341
340 342
340 343
340 344
341 337
341 338
341 339
341 340
341 342
341 343
341 344
341 345
342 268
342 271
342 338
342 339
342 340
342 341
342 343
342 344
342 345
342 346
342 359
343 268
343 271
343 272
343 275
343 339
343 340
343 341
343 342
343 344
343 345
343 346
343 347
344 340
344 341
344 342
344 343
344 345
344 346
344 347
344 348
345 341
345 342
345 343
345 344
345 346
345 347
345 348
345 349
345 354
345 358
345 359
346 267
346 268
346 342
346 343
346 344
346 345
346 347
346 348
346 349
346 350
346 356
346 359
347 268
347 343
347 344
347 345
347 346
347 348
347 349
347 350
347 351
348 344
348 345
348 346
348 347
348 349
348 350
348 351
348 352
348 353
348 354
349 345
349 346
349 347
349 348
349 350
349 351
349 352
349 353
349 354
349 355
349 356
350 36
350 346
350 347
350 348
350 349
350 351
350 352
350 353
351 347
351 348
351 349
351 350
351 352
351 353
351 354
352 348
352 349
352 350
352 351
352 353
352 354
352 355
353 348
353 349
353 350
353 351
353 352
353 354
353 355
354 345
354 348
354 349
354 351
354 352
354 353
354 355
354 356
354 358
355 39
355 349
355 352
355 353
355 354
355 356
355 357
355 358
355 359
356 39
356 40
356 43
356 346
356 349
356 354
356 355
356 357
356 358
356 359
356 360
357 43
357 355
357 356
357 358
357 359
357 360
357 361
358 345
358 354
358 355
358 356
358 357
358 359
358 360
358 361
359 228
359 342
359 345
359 346
359 355
359 356
359 357
359 358
359 360
359 361
360 227
360 228
360 231
360 232
360 356
360 357
360 358
360 359
360 361
360 362
361 231
361 232
361 357
361 358
361 359
361 360
361 362
361 363
362 231
362 232
362 233
362 360
362 361
362 363
362 364
363 231
363 232
363 233
363 361
363 362
363 364
363 365
364 362
364 363
364 365
364 366
364 367
364 368
364 502
365 363
365 364
365 366
365 367
365 368
365 369
365 415
365 438
366 364
366 365
366 367
366 368
366 369
366 438
366 488
366 491
366 499
366 500
367 364
367 365
367 366
367 368
367 369
367 370
367 488
367 500
368 364
368 365
368 366
368 367
368 369
368 370
368 438
369 365
369 366
369 367
369 368
369 370
369 371
369 372
369 438
369 439
369 440
369 488
370 367
370 368
370 369
370 371
370 372
370 438
370 439
370 440
370 487
370 488
371 369
371 370
371 372
371 373
371 438
371 439
371 440
371 485
371 486
371 487
371 488
372 369
372 370
372 371
372 373
372 374
372 436
372 437
372 438
372 439
372 485
372 486
372 487
372 488
373 371
373 372
373 374
373 375
373 436
373 437
373 438
373 439
373 483
373 484
373 485
373 486
374 372
374 373
374 375
374 376
374 434
374 435
374 436
374 437
374 483
374 484
374 485
374 486
375 373
375 374
375 376
375 377
375 434
375 435
375 436
375 437
375 481
375 482
375 483
375 484
376 374
376 375
376 377
376 378
376 432
376 433
376 434
376 435
376 481
376 482
376 483
377 375
377 376
377 378
377 379
377 388
377 389
377 392
377 432
377 433
377 434
377 479
377 480
377 481
377 482
378 376
378 377
378 379
378 380
378 385
378 388
378 389
378 430
378 431
378 432
378 433
378 478
378 479
378 480
378 481
379 377
379 378
379 380
379 381
379 382
379 384
379 385
379 388
379 430
379 431
379 432
379 477
379 478
379 479
379 480
380 378
380 379
380 381
380 382
380 384
380 385
380 429
380 430
380 431
380 477
380 478
380 479
381 379
381 380
381 382
381 383
381 384
381 385
381 430
381 431
382 379
382 380
382 381
382 383
382 384
382 385
382 386
382 431
383 381
383 382
383 384
383 385
383 386
383 387
384 379
384 380
384 381
384 382
384 383
384 385
384 386
384 387
384 388
384 476
384 479
385 378
385 379
385 380
385 381
385 382
385 383
385 384
385 386
385 387
385 388
385 389
385 431
385 432
385 479
386 382
386 383
386 384
386 385
386 387
386 388
386 389
386 390
387 383
387 384
387 385
387 386
387 388
387 389
387 390
387 391
387 474
388 377
388 378
388 379
388 384
388 385
388 386
388 387
388 389
388 390
388 391
388 392
388 474
388 475
388 479
389 377
389 378
389 385
389 386
389 387
389 388
389 390
389 391
389 392
389 393
389 433
390 386
390 387
390 388
390 389
390 391
390 392
390 393
390 394
391 387
391 388
391 389
391 390
391 392
391 393
391 394
391 395
391 465
391 469
392 377
392 388
392 389
392 390
392 391
392 393
392 394
392 395
392 396
392 465
393 238
393 239
393 389
393 390
393 391
393 392
393 394
393 395
393 396
394 238
394 239
394 390
394 391
394 392
394 393
394 395
394 396
394 397
395 239
395 391
395 392
395 393
395 394
395 396
395 397
395 398
395 399
395 465
396 239
396 392
396 393
396 394
396 395
396 397
396 398
396 399
396 400
397 238
397 239
397 240
397 326
397 394
397 395
397 396
397 398
397 399
397 400
397 401
398 395
398 396
398 397
398 399
398 400
398 401
398 402
398 461
399 395
399 396
399 397
399 398
399 400
399 401
399 402
399 403
399 457
399 458
399 461
400 328
400 330
400 396
400 397
400 398
400 399
400 401
400 402
400 403
400 404
400 412
400 413
400 414
401 328
401 397
401 398
401 399
401 400
401 402
401 403
401 404
401 405
402 398
402 399
402 400
402 401
402 403
402 404
402 405
402 406
402 457
402 458
402 461
403 399
403 400
403 401
403 402
403 404
403 405
403 406
403 409
403 412
403 457
404 329
404 330
404 400
404 401
404 402
404 403
404 405
404 406
404 407
404 409
404 410
404 411
404 412
405 401
405 402
405 403
405 404
405 406
405 407
405 409
406 402
406 403
406 404
406 405
406 407
406 408
406 409
406 457
407 404
407 405
407 406
407 408
407 409
407 442
408 406
408 407
408 409
408 410
408 441
408 442
408 443
408 444
408 452
409 403
409 404
409 405
409 406
409 407
409 408
409 410
409 411
409 412
409 439
409 440
409 441
409 442
410 330
410 404
410 408
410 409
410 411
410 412
410 439
410 440
410 441
410 442
411 329
411 330
411 404
411 409
411 410
411 412
411 413
411 438
411 439
411 440
411 441
412 330
412 400
412 403
412 404
412 409
412 410
412 411
412 413
412 414
412 437
412 438
412 439
412 440
413 330
413 331
413 334
413 400
413 411
413 412
413 414
413 415
413 437
413 438
413 439
414 239
414 400
414 412
414 413
414 415
414 416
414 435
414 436
414 437
414 438
415 233
415 365
415 413
415 414
415 416
415 417
415 418
415 435
415 436
415 437
415 438
416 233
416 234
416 235
416 236
416 239
416 414
416 415
416 417
416 418
416 435
417 233
417 415
417 416
417 418
417 419
417 435
418 415
418 416
418 417
418 419
418 420
418 433
418 434
418 435
418 436
419 417
419 418
419 420
419 421
419 433
419 434
419 435
420 418
420 419
420 421
420 422
420 432
420 433
420 434
421 419
421 420
421 422
421 423
421 426
421 431
421 432
421 433
421 434
421 494
422 420
422 421
422 423
422 424
422 425
422 426
422 494
422 495
423 421
423 422
423 424
423 425
423 426
423 427
424 422
424 423
424 425
424 426
424 427
425 422
425 423
425 424
425 426
425 427
426 421
426 422
426 423
426 424
426 425
426 427
426 428
426 429
426 430
427 423
427 424
427 425
427 426
427 428
427 429
428 426
428 427
428 429
428 430
429 380
429 426
429 427
429 428
429 430
429 431
430 378
430 379
430 380
430 381
430 426
430 428
430 429
430 431
430 432
430 478
431 378
431 379
431 380
431 381
431 382
431 385
431 421
431 429
431 430
431 432
431 433
432 376
432 377
432 378
432 379
432 385
432 420
432 421
432 430
432 431
432 433
432 434
433 376
433 377
433 378
433 389
433 418
433 419
433 420
433 421
433 431
433 432
433 434
433 435
434 374
434 375
434 376
434 377
434 418
434 419
434 420
434 421
434 432
434 433
434 435
434 436
435 374
435 375
435 376
435 414
435 415
435 416
435 417
435 418
435 419
435 433
435 434
435 436
435 437
436 372
436 373
436 374
436 375
436 414
436 415
436 418
436 434
436 435
436 437
436 438
437 372
437 373
437 374
437 375
437 412
437 413
437 414
437 415
437 435
437 436
437 438
437 439
438 365
438 366
438 368
438 369
438 370
438 371
438 372
438 373
438 411
438 412
438 413
438 414
438 415
438 436
438 437
438 439
438 440
439 369
439 370
439 371
439 372
439 373
439 409
439 410
439 411
439 412
439 413
439 437
439 438
439 440
439 441
440 369
440 370
440 371
440 409
440 410
440 411
440 412
440 438
440 439
440 441
440 442
441 408
441 409
441 410
441 411
441 439
441 440
441 442
441 443
442 407
442 408
442 409
442 410
442 440
442 441
442 443
442 444
443 408
443 441
443 442
443 444
443 445
444 408
444 442
444 443
444 445
444 446
444 447
444 450
445 443
445 444
445 446
445 447
446 444
446 445
446 447
446 448
447 444
447 445
447 446
447 448
447 449
447 450
448 446
448 447
448 449
448 450
448 734
448 735
449 447
449 448
449 450
449 451
449 732
449 733
449 734
449 735
450 444
450 447
450 448
450 449
450 451
450 452
450 732
450 733
450 734
451 449
451 450
451 452
451 453
451 730
451 731
451 732
451 733
452 408
452 450
452 451
452 453
452 454
452 730
452 731
452 732
452 733
453 451
453 452
453 454
453 455
453 456
453 729
453 730
453 731
454 452
454 453
454 455
454 456
454 457
454 458
454 728
454 729
454 730
455 453
455 454
455 456
455 457
455 458
455 459
455 727
455 728
455 729
455 730
456 453
456 454
456 455
456 457
456 458
456 459
456 460
456 728
457 399
457 402
457 403
457 406
457 454
457 455
457 456
457 458
457 459
457 460
457 461
458 399
458 402
458 454
458 455
458 456
458 457
458 459
458 460
458 461
458 462
458 483
458 727
458 728
458 729
459 455
459 456
459 457
459 458
459 460
459 461
459 462
459 463
459 726
459 727
459 728
460 456
460 457
460 458
460 459
460 461
460 462
460 463
460 464
461 398
461 399
461 402
461 457
461 458
461 459
461 460
461 462
461 463
461 464
461 465
462 458
462 459
462 460
462 461
462 463
462 464
462 465
462 466
462 481
462 482
462 727
463 459
463 460
463 461
463 462
463 464
463 465
463 466
463 467
464 460
464 461
464 462
464 463
464 465
464 466
464 467
464 468
465 391
465 392
465 395
465 461
465 462
465 463
465 464
465 466
465 467
465 468
465 469
466 462
466 463
466 464
466 465
466 467
466 468
466 469
466 470
466 475
467 463
467 464
467 465
467 466
467 468
467 469
467 470
467 471
467 719
468 464
468 465
468 466
468 467
468 469
468 470
468 471
468 472
469 391
469 465
469 466
469 467
469 468
469 470
469 471
469 472
469 473
469 474
469 475
470 466
470 467
470 468
470 469
470 471
470 472
470 473
470 474
470 475
471 467
471 468
471 469
471 470
471 472
471 473
471 474
472 468
472 469
472 470
472 471
472 473
472 474
472 475
473 469
473 470
473 471
473 472
473 474
473 475
474 387
474 388
474 469
474 470
474 471
474 472
474 473
474 475
474 476
475 388
475 466
475 469
475 470
475 472
475 473
475 474
475 476
475 477
475 479
476 384
476 474
476 475
476 477
476 478
476 479
477 379
477 380
477 475
477 476
477 478
477 479
478 378
478 379
478 380
478 430
478 476
478 477
478 479
478 480
479 377
479 378
479 379
479 380
479 384
479 385
479 388
479 475
479 476
479 477
479 478
479 480
479 481
480 377
480 378
480 379
480 478
480 479
480 481
480 482
480 725
481 375
481 376
481 377
481 378
481 462
481 479
481 480
481 482
481 483
481 725
482 375
482 376
482 377
482 462
482 480
482 481
482 483
482 484
482 725
482 727
483 373
483 374
483 375
483 376
483 458
483 481
483 482
483 484
483 485
483 727
484 373
484 374
484 375
484 482
484 483
484 485
484 486
484 727
484 728
484 729
485 371
485 372
485 373
485 374
485 483
485 484
485 486
485 487
485 729
486 371
486 372
486 373
486 374
486 484
486 485
486 487
486 488
486 490
486 491
487 370
487 371
487 372
487 485
487 486
487 488
487 489
487 490
487 491
488 366
488 367
488 369
488 370
488 371
488 372
488 486
488 487
488 489
488 490
488 491
489 487
489 488
489 490
489 491
489 492
490 486
490 487
490 488
490 489
490 491
490 492
490 493
491 366
491 486
491 487
491 488
491 489
491 490
491 492
491 493
491 494
491 495
491 500
492 489
492 490
492 491
492 493
492 494
492 495
492 496
492 497
492 500
493 490
493 491
493 492
493 494
493 495
494 421
494 422
494 491
494 492
494 493
494 495
494 496
495 422
495 491
495 492
495 493
495 494
495 496
495 497
495 499
495 500
496 492
496 494
496 495
496 497
496 498
496 499
496 500
497 492
497 495
497 496
497 498
497 499
497 500
497 501
498 496
498 497
498 499
498 500
498 501
498 502
499 366
499 495
499 496
499 497
499 498
499 500
499 501
499 502
500 366
500 367
500 491
500 492
500 495
500 496
500 497
500 498
500 499
500 501
500 502
501 497
501 498
501 499
501 500
501 502
501 503
502 364
502 498
502 499
502 500
502 501
502 503
502 504
502 505
503 501
503 502
503 504
503 505
504 502
504 503
504 505
504 506
504 507
505 502
505 503
505 504
505 506
505 507
506 504
506 505
506 507
506 508
507 504
507 505
507 506
507 508
507 509
508 506
508 507
508 509
508 510
509 507
509 508
509 510
509 511
510 508
510 509
510 511
510 512
511 509
511 510
511 512
511 513
512 510
512 511
512 513
512 514
513 511
513 512
513 514
513 515
514 512
514 513
514 515
514 516
515 513
515 514
515 516
515 517
516 514
516 515
516 517
516 518
517 515
517 516
517 518
517 519
518 516
518 517
518 519
518 520
519 517
519 518
519 520
519 521
520 518
520 519
520 521
520 522
521 519
521 520
521 522
521 523
522 520
522 521
522 523
522 524
523 521
523 522
523 524
523 525
524 522
524 523
524 525
524 526
525 523
525 524
525 526
525 527
526 524
526 525
526 527
526 528
527 525
527 526
527 528
527 529
528 526
528 527
528 529
528 530
529 527
529 528
529 530
529 531
530 528
530 529
530 531
530 532
531 529
531 530
531 532
531 533
532 530
532 531
532 533
532 534
533 531
533 532
533 534
533 535
534 532
534 533
534 535
534 536
535 533
535 534
535 536
535 537
536 534
536 535
536 537
536 538
537 535
537 536
537 538
537 539
538 536
538 537
538 539
538 540
539 537
539 538
539 540
539 541
540 538
540 539
540 541
540 542
541 539
541 540
541 542
541 543
542 540
542 541
542 543
542 544
543 541
543 542
543 544
543 545
544 542
544 543
544 545
544 546
545 543
545 544
545 546
545 547
546 544
546 545
546 547
546 548
547 545
547 546
547 548
547 549
548 546
548 547
548 549
548 550
549 547
549 548
549 550
549 551
550 548
550 549
550 551
550 552
551 549
551 550
551 552
551 553
552 550
552 551
552 553
552 554
553 551
553 552
553 554
553 555
554 552
554 553
554 555
554 556
555 553
555 554
555 556
555 557
556 554
556 555
556 557
556 558
557 555
557 556
557 558
557 559
558 556
558 557
558 559
558 560
559 557
559 558
559 560
559 561
560 558
560 559
560 561
560 562
561 559
561 560
561 562
561 563
562 560
562 561
562 563
562 564
563 561
563 562
563 564
563 565
564 562
564 563
564 565
564 566
565 563
565 564
565 566
565 567
566 564
566 565
566 567
566 568
567 565
567 566
567 568
567 569
568 566
568 567
568 569
568 570
569 567
569 568
569 570
569 571
570 568
570 569
570 571
570 572
571 569
571 570
571 572
571 573
572 570
572 571
572 573
572 574
573 571
573 572
573 574
573 575
574 572
574 573
574 575
574 576
575 573
575 574
575 576
575 577
576 574
576 575
576 577
576 578
577 575
577 576
577 578
577 579
578 576
578 577
578 579
578 580
579 577
579 578
579 580
579 581
580 578
580 579
580 581
580 582
581 579
581 580
581 582
581 583
582 580
582 581
582 583
582 584
583 581
583 582
583 584
583 585
584 582
584 583
584 585
584 586
585 583
585 584
585 586
585 587
586 584
586 585
586 587
586 588
587 585
587 586
587 588
587 589
588 586
588 587
588 589
588 590
589 587
589 588
589 590
589 591
590 588
590 589
590 591
590 592
591 589
591 590
591 592
591 593
592 590
592 591
592 593
592 594
593 591
593 592
593 594
593 595
594 592
594 593
594 595
594 596
595 593
595 594
595 596
595 597
596 594
596 595
596 597
596 598
597 595
597 596
597 598
597 599
598 596
598 597
598 599
598 600
599 597
599 598
599 600
599 601
600 598
600 599
600 601
600 602
601 599
601 600
601 602
601 603
602 600
602 601
602 603
602 604
603 601
603 602
603 604
603 605
604 602
604 603
604 605
604 606
605 603
605 604
605 606
605 607
606 604
606 605
606 607
606 608
607 605
607 606
607 608
607 609
608 606
608 607
608 609
608 610
609 607
609 608
609 610
609 611
610 608
610 609
610 611
610 612
611 609
611 610
611 612
611 613
612 610
612 611
612 613
612 614
613 611
613 612
613 614
613 615
614 612
614 613
614 615
614 616
615 613
615 614
615 616
615 617
616 614
616 615
616 617
616 618
617 615
617 616
617 618
617 619
618 616
618 617
618 619
618 620
619 617
619 618
619 620
619 621
620 618
620 619
620 621
620 622
621 619
621 620
621 622
621 623
622 620
622 621
622 623
622 624
623 621
623 622
623 624
623 625
624 622
624 623
624 625
624 626
625 623
625 624
625 626
625 627
626 624
626 625
626 627
626 628
627 625
627 626
627 628
627 629
628 626
628 627
628 629
628 630
629 627
629 628
629 630
629 631
630 628
630 629
630 631
630 632
631 629
631 630
631 632
631 633
632 630
632 631
632 633
632 634
633 631
633 632
633 634
633 635
634 632
634 633
634 635
634 636
635 633
635 634
635 636
635 637
636 634
636 635
636 637
636 638
637 635
637 636
637 638
637 639
638 636
638 637
638 639
638 640
639 637
639 638
639 640
639 641
640 638
640 639
640 641
640 642
641 639
641 640
641 642
641 643
642 640
642 641
642 643
642 644
643 641
643 642
643 644
643 645
644 642
644 643
644 645
644 646
645 643
645 644
645 646
645 647
646 644
646 645
646 647
646 648
647 645
647 646
647 648
647 649
648 646
648 647
648 649
648 650
649 647
649 648
649 650
649 651
650 648
650 649
650 651
650 652
651 649
651 650
651 652
651 653
652 650
652 651
652 653
652 654
653 651
653 652
653 654
653 655
654 652
654 653
654 655
654 656
655 653
655 654
655 656
655 657
656 654
656 655
656 657
656 658
657 655
657 656
657 658
657 659
658 656
658 657
658 659
658 660
659 657
659 658
659 660
659 661
660 658
660 659
660 661
660 662
661 659
661 660
661 662
661 663
662 660
662 661
662 663
662 664
663 661
663 662
663 664
663 665
664 662
664 663
664 665
664 666
665 663
665 664
665 666
665 667
666 664
666 665
666 667
666 668
667 665
667 666
667 668
667 669
668 666
668 667
668 669
668 670
669 667
669 668
669 670
669 671
670 668
670 669
670 671
670 672
671 669
671 670
671 672
671 673
672 670
672 671
672 673
672 674
673 671
673 672
673 674
673 675
674 672
674 673
674 675
674 676
675 673
675 674
675 676
675 677
676 674
676 675
676 677
676 678
677 675
677 676
677 678
677 679
678 676
678 677
678 679
678 680
679 677
679 678
679 680
679 681
680 678
680 679
680 681
680 682
681 679
681 680
681 682
681 683
682 680
682 681
682 683
682 684
683 681
683 682
683 684
683 685
684 682
684 683
684 685
684 686
685 683
685 684
685 686
685 687
686 684
686 685
686 687
686 688
687 685
687 686
687 688
687 689
688 686
688 687
688 689
688 690
689 687
689 688
689 690
689 691
690 688
690 689
690 691
690 692
691 689
691 690
691 692
691 693
692 690
692 691
692 693
692 694
693 691
693 692
693 694
693 695
694 692
694 693
694 695
694 696
695 693
695 694
695 696
695 697
696 694
696 695
696 697
696 698
697 695
697 696
697 698
697 699
698 696
698 697
698 699
698 700
699 697
699 698
699 700
699 701
700 698
700 699
700 701
700 702
701 699
701 700
701 702
701 703
702 700
702 701
702 703
702 704
703 701
703 702
703 704
703 705
704 702
704 703
704 705
704 706
705 703
705 704
705 706
705 707
706 704
706 705
706 707
706 708
707 705
707 706
707 708
707 709
708 706
708 707
708 709
708 710
709 707
709 708
709 710
709 711
710 708
710 709
710 711
710 712
711 709
711 710
711 712
711 713
712 710
712 711
712 713
712 714
713 711
713 712
713 714
713 715
714 712
714 713
714 715
714 716
715 713
715 714
715 716
715 717
716 714
716 715
716 717
716 718
717 715
717 716
717 718
717 719
718 716
718 717
718 719
718 720
719 467
719 717
719 718
719 720
719 721
719 722
720 718
720 719
720 721
720 722
721 719
721 720
721 722
721 723
722 719
722 720
722 721
722 723
722 724
723 721
723 722
723 724
723 725
724 722
724 723
724 725
724 726
725 480
725 481
725 482
725 723
725 724
725 726
725 727
726 459
726 724
726 725
726 727
726 728
727 455
727 458
727 459
727 462
727 482
727 483
727 484
727 725
727 726
727 728
727 729
728 454
728 455
728 456
728 458
728 459
728 484
728 726
728 727
728 729
728 730
729 453
729 454
729 455
729 458
729 484
729 485
729 727
729 728
729 730
729 731
730 451
730 452
730 453
730 454
730 455
730 728
730 729
730 731
730 732
731 451
731 452
731 453
731 729
731 730
731 732
731 733
732 449
732 450
732 451
732 452
732 730
732 731
732 733
732 734
733 449
733 450
733 451
733 452
733 731
733 732
733 734
733 735
734 448
734 449
734 450
734 732
734 733
734 735
735 448
735 449
735 733
735 734
