0 1
0 2
1 0
1 2
1 3
2 0
2 1
2 3
2 4
2 419
2 420
3 1
3 2
3 4
3 5
4 2
4 3
4 5
4 6
4 19
4 20
4 21
5 3
5 4
5 6
5 7
5 19
5 20
5 21
5 365
5 366
5 367
5 412
5 413
5 414
6 4
6 5
6 7
6 8
6 17
6 18
6 19
6 20
6 27
6 412
6 413
7 5
7 6
7 8
7 9
7 17
7 18
7 19
7 20
7 410
7 411
7 412
7 413
8 6
8 7
8 9
8 10
8 15
8 16
8 17
8 18
8 409
8 410
8 411
8 412
8 413
9 7
9 8
9 10
9 11
9 15
9 16
9 17
9 18
9 407
9 409
9 410
9 411
10 8
10 9
10 11
10 12
10 13
10 14
10 15
10 16
10 38
10 407
10 408
10 409
10 410
11 9
11 10
11 12
11 13
11 14
11 15
11 36
11 405
11 406
11 407
11 408
11 409
12 10
12 11
12 13
12 14
12 36
12 405
12 406
12 407
12 408
13 10
13 11
13 12
13 14
13 15
13 34
13 35
13 36
13 405
13 406
14 10
14 11
14 12
14 13
14 15
14 16
14 32
14 33
14 34
14 35
14 36
14 38
15 8
15 9
15 10
15 11
15 13
15 14
15 16
15 17
15 32
15 33
15 34
15 35
15 38
16 8
16 9
16 10
16 14
16 15
16 17
16 18
16 26
16 27
16 30
16 31
16 32
16 33
17 6
17 7
17 8
17 9
17 15
17 16
17 18
17 19
17 26
17 27
17 28
17 29
17 30
17 32
18 6
18 7
18 8
18 9
18 16
18 17
18 19
18 20
18 24
18 25
18 26
18 27
19 4
19 5
19 6
19 7
19 17
19 18
19 20
19 21
19 23
19 24
19 25
19 26
19 27
20 4
20 5
20 6
20 7
20 18
20 19
20 21
20 22
20 23
20 24
20 25
21 4
21 5
21 19
21 20
21 22
21 23
21 24
21 370
22 20
22 21
22 23
22 24
22 396
23 19
23 20
23 21
23 22
23 24
23 25
24 18
24 19
24 20
24 21
24 22
24 23
24 25
24 26
24 397
25 18
25 19
25 20
25 23
25 24
25 26
25 27
26 16
26 17
26 18
26 19
26 24
26 25
26 27
26 28
27 6
27 16
27 17
27 18
27 19
27 25
27 26
27 28
27 29
27 30
28 17
28 26
28 27
28 29
28 30
28 31
29 17
29 27
29 28
29 30
29 31
29 63
29 64
29 66
30 16
30 17
30 27
30 28
30 29
30 31
30 32
30 63
30 66
31 16
31 28
31 29
31 30
31 32
31 33
32 14
32 15
32 16
32 17
32 30
32 31
32 33
32 34
33 14
33 15
33 16
33 31
33 32
33 34
33 35
33 54
34 13
34 14
34 15
34 32
34 33
34 35
34 36
35 13
35 14
35 15
35 33
35 34
35 36
35 37
35 38
35 54
36 11
36 12
36 13
36 14
36 34
36 35
36 37
36 38
37 35
37 36
37 38
37 39
37 54
37 55
38 10
38 14
38 15
38 35
38 36
38 37
38 39
38 40
38 41
38 52
38 53
38 54
38 55
39 37
39 38
39 40
39 41
39 52
39 53
39 54
39 55
39 78
40 38
40 39
40 41
40 42
40 52
40 53
40 54
40 77
40 78
40 79
40 80
41 38
41 39
41 40
41 42
41 43
41 50
41 51
41 52
41 53
41 80
42 40
42 41
42 43
42 44
42 50
42 51
42 52
42 80
42 81
43 41
43 42
43 44
43 45
43 46
43 47
43 48
43 49
43 50
43 51
43 82
43 413
43 414
44 42
44 43
44 45
44 46
44 47
44 48
44 49
44 50
44 51
44 81
44 82
44 83
44 84
44 86
44 414
45 43
45 44
45 46
45 47
45 48
45 82
45 83
45 84
45 85
45 86
45 414
45 415
45 416
46 43
46 44
46 45
46 47
46 48
46 49
46 84
46 85
46 414
46 415
46 416
47 43
47 44
47 45
47 46
47 48
47 49
47 50
47 63
47 413
47 414
47 415
48 43
48 44
48 45
48 46
48 47
48 49
48 50
48 62
48 63
48 64
49 43
49 44
49 46
49 47
49 48
49 50
49 51
49 60
49 61
49 62
49 63
49 64
49 86
50 41
50 42
50 43
50 44
50 47
50 48
50 49
50 51
50 52
50 60
50 61
50 62
50 63
51 41
51 42
51 43
51 44
51 49
51 50
51 52
51 53
51 58
51 59
51 60
51 61
51 80
52 38
52 39
52 40
52 41
52 42
52 50
52 51
52 53
52 54
52 58
52 59
52 60
52 80
53 38
53 39
53 40
53 41
53 51
53 52
53 54
53 55
53 56
53 57
53 58
53 59
53 74
53 75
53 77
53 78
54 33
54 35
54 37
54 38
54 39
54 40
54 52
54 53
54 55
54 56
54 57
54 58
54 59
55 37
55 38
55 39
55 53
55 54
55 56
55 57
55 58
55 74
55 75
55 76
55 77
56 53
56 54
56 55
56 57
56 58
56 73
56 74
56 75
56 76
57 53
57 54
57 55
57 56
57 58
57 59
57 71
57 72
57 73
57 74
57 75
58 51
58 52
58 53
58 54
58 55
58 56
58 57
58 59
58 60
58 71
58 72
58 73
58 74
58 75
58 77
59 51
59 52
59 53
59 54
59 57
59 58
59 60
59 61
59 68
59 69
59 70
59 71
59 72
60 49
60 50
60 51
60 52
60 58
60 59
60 61
60 62
60 68
60 69
60 70
60 71
61 49
61 50
61 51
61 59
61 60
61 62
61 63
61 66
61 67
61 68
61 69
61 70
62 48
62 49
62 50
62 60
62 61
62 63
62 64
62 65
62 66
62 67
62 68
62 69
63 29
63 30
63 47
63 48
63 49
63 50
63 61
63 62
63 64
63 65
63 66
63 67
64 29
64 48
64 49
64 62
64 63
64 65
64 66
65 62
65 63
65 64
65 66
65 67
66 29
66 30
66 61
66 62
66 63
66 64
66 65
66 67
66 68
67 61
67 62
67 63
67 65
67 66
67 68
67 69
68 59
68 60
68 61
68 62
68 66
68 67
68 69
68 70
68 71
69 59
69 60
69 61
69 62
69 67
69 68
69 70
69 71
69 114
70 59
70 60
70 61
70 68
70 69
70 71
70 72
70 113
70 116
71 57
71 58
71 59
71 60
71 68
71 69
71 70
71 72
71 73
72 57
72 58
72 59
72 70
72 71
72 73
72 74
73 56
73 57
73 58
73 71
73 72
73 74
73 75
74 53
74 55
74 56
74 57
74 58
74 72
74 73
74 75
74 76
74 77
75 53
75 55
75 56
75 57
75 58
75 73
75 74
75 76
75 77
76 55
76 56
76 74
76 75
76 77
76 78
76 93
76 94
77 40
77 53
77 55
77 58
77 74
77 75
77 76
77 78
77 79
77 80
77 91
77 92
77 93
77 94
78 39
78 40
78 53
78 76
78 77
78 79
78 80
78 91
78 92
78 93
78 94
79 40
79 77
79 78
79 80
79 81
79 91
79 92
79 93
80 40
80 41
80 42
80 51
80 52
80 77
80 78
80 79
80 81
80 82
80 89
80 90
80 91
80 92
81 42
81 44
81 79
81 80
81 82
81 83
81 89
81 90
81 91
81 131
82 43
82 44
82 45
82 80
82 81
82 83
82 84
82 85
82 86
82 87
82 88
82 89
82 90
83 44
83 45
83 81
83 82
83 84
83 85
83 86
83 87
83 88
83 89
83 90
83 133
83 134
83 138
84 44
84 45
84 46
84 82
84 83
84 85
84 86
84 87
84 134
84 135
84 136
84 137
84 138
85 45
85 46
85 82
85 83
85 84
85 86
85 87
85 136
85 137
85 138
86 44
86 45
86 49
86 82
86 83
86 84
86 85
86 87
86 88
86 89
86 113
87 82
87 83
87 84
87 85
87 86
87 88
87 89
87 112
87 113
87 114
88 82
88 83
88 86
88 87
88 89
88 90
88 110
88 111
88 112
88 113
89 80
89 81
89 82
89 83
89 86
89 87
89 88
89 90
89 91
89 110
89 111
89 112
89 113
90 80
90 81
90 82
90 83
90 88
90 89
90 91
90 92
90 108
90 109
90 110
90 111
90 131
90 132
91 77
91 78
91 79
91 80
91 81
91 89
91 90
91 92
91 93
91 107
91 108
91 109
91 110
91 111
92 77
92 78
92 79
92 80
92 90
92 91
92 93
92 94
92 107
92 108
92 109
92 130
92 131
93 76
93 77
93 78
93 79
93 91
93 92
93 94
93 95
93 107
93 108
94 76
94 77
94 78
94 92
94 93
94 95
94 96
94 107
94 125
94 127
95 93
95 94
95 96
95 97
95 104
95 105
95 106
95 107
95 123
95 124
95 125
96 94
96 95
96 97
96 98
96 104
96 105
97 95
97 96
97 98
97 99
97 101
97 102
97 103
97 104
97 105
98 96
98 97
98 99
98 100
98 101
98 102
98 103
98 104
99 97
99 98
99 100
99 101
99 102
100 98
100 99
100 101
100 102
101 97
101 98
101 99
101 100
101 102
101 103
102 97
102 98
102 99
102 100
102 101
102 103
102 104
103 97
103 98
103 101
103 102
103 104
103 105
104 95
104 96
104 97
104 98
104 102
104 103
104 105
104 106
104 123
105 95
105 96
105 97
105 103
105 104
105 106
105 107
105 123
106 95
106 104
106 105
106 107
106 108
106 109
106 121
106 122
106 123
106 124
107 91
107 92
107 93
107 94
107 95
107 105
107 106
107 108
107 109
107 121
107 122
107 123
107 124
107 125
108 90
108 91
108 92
108 93
108 106
108 107
108 109
108 110
108 121
108 122
108 123
108 124
108 130
109 90
109 91
109 92
109 106
109 107
109 108
109 110
109 111
109 118
109 119
109 120
109 121
109 122
110 88
110 89
110 90
110 91
110 108
110 109
110 111
110 112
110 118
110 119
110 120
110 121
111 88
111 89
111 90
111 91
111 109
111 110
111 112
111 113
111 116
111 117
111 118
111 119
111 120
112 87
112 88
112 89
112 110
112 111
112 113
112 114
112 115
112 116
112 117
112 118
112 119
113 70
113 86
113 87
113 88
113 89
113 111
113 112
113 114
113 115
113 116
113 117
114 69
114 87
114 112
114 113
114 115
114 116
115 112
115 113
115 114
115 116
115 117
116 70
116 111
116 112
116 113
116 114
116 115
116 117
116 118
117 111
117 112
117 113
117 115
117 116
117 118
117 119
118 109
118 110
118 111
118 112
118 116
118 117
118 119
118 120
118 121
119 109
119 110
119 111
119 112
119 117
119 118
119 120
119 121
119 157
120 109
120 110
120 111
120 118
120 119
120 121
120 122
120 157
120 158
121 106
121 107
121 108
121 109
121 110
121 118
121 119
121 120
121 122
121 123
122 106
122 107
122 108
122 109
122 120
122 121
122 123
122 124
123 95
123 104
123 105
123 106
123 107
123 108
123 121
123 122
123 124
123 125
124 95
124 106
124 107
124 108
124 122
124 123
124 125
124 126
124 127
124 130
125 94
125 95
125 107
125 123
125 124
125 126
125 127
126 124
126 125
126 127
126 128
126 129
126 130
127 94
127 124
127 125
127 126
127 128
127 129
127 130
128 126
128 127
128 129
128 130
129 126
129 127
129 128
129 130
129 131
129 132
129 144
129 171
130 92
130 108
130 124
130 126
130 127
130 128
130 129
130 131
130 132
131 81
131 90
131 92
131 129
131 130
131 132
131 133
131 143
132 90
132 129
132 130
132 131
132 133
132 134
132 141
132 142
132 143
132 144
133 83
133 131
133 132
133 134
133 135
133 141
133 142
133 143
133 173
133 174
134 83
134 84
134 132
134 133
134 135
134 136
134 137
134 138
134 139
134 140
134 141
134 142
134 174
135 84
135 133
135 134
135 136
135 137
135 138
135 139
135 140
135 141
135 174
135 175
135 176
135 177
135 178
135 181
136 84
136 85
136 134
136 135
136 137
136 138
136 176
136 177
136 178
137 84
137 85
137 134
137 135
137 136
137 138
137 139
137 140
137 177
137 178
138 83
138 84
138 85
138 134
138 135
138 136
138 137
138 139
138 140
138 141
138 154
138 155
139 134
139 135
139 137
139 138
139 140
139 141
139 153
139 154
139 155
140 134
140 135
140 137
140 138
140 139
140 141
140 142
140 151
140 152
140 153
140 154
140 155
141 132
141 133
141 134
141 135
141 138
141 139
141 140
141 142
141 143
141 151
141 152
141 153
141 154
141 155
142 132
142 133
142 134
142 140
142 141
142 143
142 144
142 149
142 150
142 151
142 152
142 174
143 131
143 132
143 133
143 141
143 142
143 144
143 145
143 149
143 150
143 151
144 129
144 132
144 142
144 143
144 145
144 146
144 147
144 148
144 149
144 150
144 169
144 171
144 172
145 143
145 144
145 146
145 147
145 148
145 149
145 150
146 144
146 145
146 147
146 148
146 168
146 169
147 144
147 145
147 146
147 148
147 149
147 165
147 166
147 167
147 168
147 169
148 144
148 145
148 146
148 147
148 149
148 150
148 163
148 164
148 165
148 166
148 167
148 169
149 142
149 143
149 144
149 145
149 147
149 148
149 150
149 151
149 163
149 164
149 165
149 169
150 142
150 143
150 144
150 145
150 148
150 149
150 151
150 152
150 160
150 161
150 162
150 163
150 164
151 140
151 141
151 142
151 143
151 149
151 150
151 152
151 153
151 160
151 161
151 162
151 163
152 140
152 141
152 142
152 150
152 151
152 153
152 154
152 155
152 156
152 157
152 159
152 160
152 161
152 162
153 139
153 140
153 141
153 151
153 152
153 154
153 155
153 156
153 157
153 160
153 161
154 138
154 139
154 140
154 141
154 152
154 153
154 155
154 156
155 138
155 139
155 140
155 141
155 152
155 153
155 154
155 156
155 157
156 152
156 153
156 154
156 155
156 157
156 158
156 159
157 119
157 120
157 152
157 153
157 155
157 156
157 158
157 159
157 160
158 120
158 156
158 157
158 159
158 160
159 152
159 156
159 157
159 158
159 160
159 161
160 150
160 151
160 152
160 153
160 157
160 158
160 159
160 161
160 162
160 163
161 150
161 151
161 152
161 153
161 159
161 160
161 162
161 163
162 150
162 151
162 152
162 160
162 161
162 163
162 164
162 203
163 148
163 149
163 150
163 151
163 160
163 161
163 162
163 164
163 165
164 148
164 149
164 150
164 162
164 163
164 165
164 166
164 205
165 147
165 148
165 149
165 163
165 164
165 166
165 167
166 147
166 148
166 164
166 165
166 167
166 168
166 169
167 147
167 148
167 165
167 166
167 168
167 169
167 187
168 146
168 147
168 166
168 167
168 169
168 170
168 187
168 188
169 144
169 146
169 147
169 148
169 149
169 166
169 167
169 168
169 170
169 171
169 172
169 185
169 186
169 187
169 188
170 168
170 169
170 171
170 172
170 185
170 186
170 187
170 188
171 129
171 144
171 169
171 170
171 172
171 173
171 185
171 186
171 187
172 144
172 169
172 170
172 171
172 173
172 174
172 183
172 184
172 185
172 186
172 225
173 133
173 171
173 172
173 174
173 175
173 183
173 184
173 185
173 225
173 227
174 133
174 134
174 135
174 142
174 172
174 173
174 175
174 176
174 181
174 182
174 183
174 184
175 135
175 173
175 174
175 176
175 177
175 181
175 182
175 183
175 184
175 227
175 231
176 135
176 136
176 174
176 175
176 177
176 178
176 181
176 227
176 228
176 229
176 230
176 231
177 135
177 136
177 137
177 175
177 176
177 178
177 179
177 181
177 229
177 230
177 231
178 135
178 136
178 137
178 176
178 177
178 179
178 180
178 181
179 177
179 178
179 180
179 181
180 178
180 179
180 181
180 182
180 201
180 202
181 135
181 174
181 175
181 176
181 177
181 178
181 179
181 180
181 182
181 183
181 201
181 202
182 174
182 175
182 180
182 181
182 183
182 184
182 199
182 200
182 201
182 202
182 231
183 172
183 173
183 174
183 175
183 181
183 182
183 184
183 185
183 199
183 200
183 201
183 202
184 172
184 173
184 174
184 175
184 182
184 183
184 185
184 186
184 197
184 198
184 199
184 200
184 225
185 169
185 170
185 171
185 172
185 173
185 183
185 184
185 186
185 187
185 197
185 198
185 199
186 169
186 170
186 171
186 172
186 184
186 185
186 187
186 188
186 195
186 196
186 197
186 198
186 223
187 167
187 168
187 169
187 170
187 171
187 185
187 186
187 188
187 189
187 195
187 196
187 197
188 168
188 169
188 170
188 186
188 187
188 189
188 190
188 194
188 195
188 196
188 220
188 221
189 187
189 188
189 190
189 191
189 192
189 193
189 194
189 195
189 196
189 218
189 220
190 188
190 189
190 191
190 192
190 193
190 194
190 195
191 189
191 190
191 192
191 193
192 189
192 190
192 191
192 193
192 194
193 189
193 190
193 191
193 192
193 194
193 195
193 218
194 188
194 189
194 190
194 192
194 193
194 195
194 196
194 216
194 217
194 218
194 219
195 186
195 187
195 188
195 189
195 190
195 193
195 194
195 196
195 197
195 216
195 217
195 218
195 219
195 220
196 186
196 187
196 188
196 189
196 194
196 195
196 197
196 198
196 214
196 215
196 216
196 217
197 184
197 185
197 186
197 187
197 195
197 196
197 198
197 199
197 214
197 215
197 216
198 184
198 185
198 186
198 196
198 197
198 199
198 200
198 211
198 212
198 213
198 214
198 215
199 182
199 183
199 184
199 185
199 197
199 198
199 200
199 201
199 211
199 212
199 213
199 214
199 260
200 182
200 183
200 184
200 198
200 199
200 201
200 202
200 204
200 205
200 210
200 211
200 212
200 213
201 180
201 181
201 182
201 183
201 199
201 200
201 202
201 203
201 204
201 205
201 210
201 211
201 212
202 180
202 181
202 182
202 183
202 200
202 201
202 203
202 204
202 205
203 162
203 201
203 202
203 204
203 205
204 200
204 201
204 202
204 203
204 205
204 206
204 210
205 164
205 200
205 201
205 202
205 203
205 204
205 206
205 207
205 210
205 211
206 204
206 205
206 207
206 208
206 210
207 205
207 206
207 208
207 209
207 210
208 206
208 207
208 209
208 210
208 211
209 207
209 208
209 210
209 211
209 212
210 200
210 201
210 204
210 205
210 206
210 207
210 208
210 209
210 211
210 212
211 198
211 199
211 200
211 201
211 205
211 208
211 209
211 210
211 212
211 213
211 214
212 198
212 199
212 200
212 201
212 209
212 210
212 211
212 213
212 214
212 260
212 261
212 262
213 198
213 199
213 200
213 211
213 212
213 214
213 215
213 258
213 259
213 260
213 261
213 262
213 263
213 264
214 196
214 197
214 198
214 199
214 211
214 212
214 213
214 215
214 216
214 258
214 262
214 264
215 196
215 197
215 198
215 213
215 214
215 216
215 217
215 258
215 264
216 194
216 195
216 196
216 197
216 214
216 215
216 217
216 218
217 194
217 195
217 196
217 215
217 216
217 218
217 219
217 220
218 189
218 193
218 194
218 195
218 216
218 217
218 219
218 220
219 194
219 195
219 217
219 218
219 220
219 221
219 238
219 239
219 240
219 252
220 188
220 189
220 195
220 217
220 218
220 219
220 221
220 222
220 223
220 238
220 239
220 240
221 188
221 219
221 220
221 222
221 223
221 238
221 239
221 240
221 241
222 220
222 221
222 223
222 224
222 238
222 239
222 240
223 186
223 220
223 221
223 222
223 224
223 225
223 236
223 237
223 238
223 239
224 222
224 223
224 225
224 226
224 236
224 237
224 238
225 172
225 173
225 184
225 223
225 224
225 226
225 227
225 234
225 235
225 236
225 237
226 224
226 225
226 227
226 228
226 234
226 235
226 236
227 173
227 175
227 176
227 225
227 226
227 228
227 229
227 231
227 232
227 233
227 234
227 235
228 176
228 226
228 227
228 229
228 230
228 231
228 232
228 233
228 234
228 280
228 281
228 282
228 284
229 176
229 177
229 227
229 228
229 230
229 231
229 282
229 283
229 284
230 176
230 177
230 228
230 229
230 231
230 232
230 233
230 284
231 175
231 176
231 177
231 182
231 227
231 228
231 229
231 230
231 232
231 233
231 234
231 260
232 227
232 228
232 230
232 231
232 233
232 234
232 259
232 260
232 261
233 227
233 228
233 230
233 231
233 232
233 234
233 235
233 257
233 258
233 259
233 260
234 225
234 226
234 227
234 228
234 231
234 232
234 233
234 235
234 236
234 257
234 258
234 259
235 225
235 226
235 227
235 233
235 234
235 236
235 237
235 255
235 256
235 257
235 258
236 223
236 224
236 225
236 226
236 234
236 235
236 237
236 238
236 255
236 256
236 257
236 258
237 223
237 224
237 225
237 235
237 236
237 238
237 239
237 253
237 254
237 255
237 256
238 219
238 220
238 221
238 222
238 223
238 224
238 236
238 237
238 239
238 240
238 253
238 254
238 255
238 256
239 219
239 220
239 221
239 222
239 223
239 237
239 238
239 240
239 241
239 251
239 252
239 253
239 254
240 219
240 220
240 221
240 222
240 238
240 239
240 241
240 242
240 243
240 250
240 251
240 252
240 253
241 221
241 239
241 240
241 242
241 243
241 250
241 251
241 252
242 240
242 241
242 243
242 244
242 246
242 248
242 249
242 250
242 251
242 252
243 240
243 241
243 242
243 244
243 245
243 246
243 247
243 248
243 249
243 250
243 251
243 252
244 242
244 243
244 245
244 246
244 247
244 251
245 243
245 244
245 246
245 247
245 248
246 242
246 243
246 244
246 245
246 247
246 248
246 249
247 243
247 244
247 245
247 246
247 248
247 249
248 242
248 243
248 245
248 246
248 247
248 249
248 250
248 251
248 252
249 242
249 243
249 246
249 247
249 248
249 250
249 251
250 240
250 241
250 242
250 243
250 248
250 249
250 251
250 252
251 239
251 240
251 241
251 242
251 243
251 244
251 248
251 249
251 250
251 252
251 253
252 219
252 239
252 240
252 241
252 242
252 243
252 248
252 250
252 251
252 253
252 254
252 273
252 274
253 237
253 238
253 239
253 240
253 251
253 252
253 254
253 255
253 274
253 275
254 237
254 238
254 239
254 252
254 253
254 255
254 256
254 266
254 267
254 275
255 235
255 236
255 237
255 238
255 253
255 254
255 256
255 257
255 266
255 267
255 268
256 235
256 236
256 237
256 238
256 254
256 255
256 257
256 258
256 264
256 265
256 266
256 267
257 233
257 234
257 235
257 236
257 255
257 256
257 258
257 259
257 264
257 265
257 266
257 267
257 305
258 213
258 214
258 215
258 233
258 234
258 235
258 236
258 256
258 257
258 259
258 260
258 262
258 263
258 264
258 265
259 213
259 232
259 233
259 234
259 257
259 258
259 260
259 261
259 262
259 263
259 264
260 199
260 212
260 213
260 231
260 232
260 233
260 258
260 259
260 261
260 262
260 263
261 212
261 213
261 232
261 259
261 260
261 262
261 263
262 212
262 213
262 214
262 258
262 259
262 260
262 261
262 263
262 264
263 213
263 258
263 259
263 260
263 261
263 262
263 264
263 265
264 213
264 214
264 215
264 256
264 257
264 258
264 259
264 262
264 263
264 265
264 266
265 256
265 257
265 258
265 263
265 264
265 266
265 267
265 305
266 254
266 255
266 256
266 257
266 264
266 265
266 267
266 268
266 305
267 254
267 255
267 256
267 257
267 265
267 266
267 268
267 269
267 305
268 255
268 266
268 267
268 269
268 270
268 305
269 267
269 268
269 270
269 271
269 272
269 291
269 292
270 268
270 269
270 271
270 272
271 269
271 270
271 272
271 273
271 291
271 292
271 293
271 297
272 269
272 270
272 271
272 273
272 274
272 291
272 292
272 293
273 252
273 271
273 272
273 274
273 275
273 291
273 292
273 293
274 252
274 253
274 272
274 273
274 275
274 276
274 291
274 292
274 293
275 253
275 254
275 273
275 274
275 276
275 277
275 278
275 289
275 290
275 291
275 292
276 274
276 275
276 277
276 278
276 289
276 290
276 291
276 317
276 318
277 275
277 276
277 278
277 279
277 289
277 290
277 291
277 317
277 318
277 319
278 275
278 276
278 277
278 279
278 280
278 287
278 288
278 289
278 290
278 318
278 319
279 277
279 278
279 280
279 281
279 287
279 288
279 289
279 319
279 320
279 321
280 228
280 278
280 279
280 281
280 282
280 284
280 286
280 287
280 288
280 321
281 228
281 279
281 280
281 282
281 283
281 284
281 285
281 286
281 287
281 288
281 321
281 325
282 228
282 229
282 280
282 281
282 283
282 284
282 321
282 323
282 324
282 325
283 229
283 281
283 282
283 284
283 285
283 286
283 324
283 325
284 228
284 229
284 230
284 280
284 281
284 282
284 283
284 285
284 286
284 287
285 281
285 283
285 284
285 286
285 287
285 302
285 303
286 280
286 281
286 283
286 284
286 285
286 287
286 288
286 300
286 301
286 302
286 303
287 278
287 279
287 280
287 281
287 284
287 285
287 286
287 288
287 289
287 300
287 301
287 302
288 278
288 279
288 280
288 281
288 286
288 287
288 289
288 290
288 298
288 299
288 300
288 301
288 319
289 275
289 276
289 277
289 278
289 279
289 287
289 288
289 290
289 291
289 298
289 299
289 300
289 301
289 319
290 275
290 276
290 277
290 278
290 288
290 289
290 291
290 292
290 296
290 297
290 298
290 299
290 316
290 317
290 318
290 319
291 269
291 271
291 272
291 273
291 274
291 275
291 276
291 277
291 289
291 290
291 292
291 293
291 296
291 297
291 298
291 317
292 269
292 271
292 272
292 273
292 274
292 275
292 290
292 291
292 293
292 294
292 295
292 296
292 297
293 271
293 272
293 273
293 274
293 291
293 292
293 294
293 295
293 296
294 292
294 293
294 295
294 296
294 314
294 315
294 316
295 292
295 293
295 294
295 296
295 297
295 313
295 314
295 315
295 316
295 461
295 463
296 290
296 291
296 292
296 293
296 294
296 295
296 297
296 298
296 313
296 314
296 315
296 316
296 317
297 271
297 290
297 291
297 292
297 295
297 296
297 298
297 299
297 310
297 311
297 312
297 313
297 314
297 316
298 288
298 289
298 290
298 291
298 296
298 297
298 299
298 300
298 310
298 311
298 312
298 313
299 288
299 289
299 290
299 297
299 298
299 300
299 301
299 307
299 308
299 309
299 310
299 311
299 312
300 286
300 287
300 288
300 289
300 298
300 299
300 301
300 302
300 307
300 308
300 309
300 310
301 286
301 287
301 288
301 289
301 299
301 300
301 302
301 303
301 304
301 305
301 306
301 307
301 308
301 309
302 285
302 286
302 287
302 300
302 301
302 303
302 304
302 305
302 306
302 307
302 308
303 285
303 286
303 301
303 302
303 304
303 305
303 306
304 301
304 302
304 303
304 305
304 306
305 257
305 265
305 266
305 267
305 268
305 301
305 302
305 303
305 304
305 306
305 307
306 301
306 302
306 303
306 304
306 305
306 307
306 308
307 299
307 300
307 301
307 302
307 305
307 306
307 308
307 309
307 310
308 299
308 300
308 301
308 302
308 306
308 307
308 309
308 310
309 299
309 300
309 301
309 307
309 308
309 310
309 311
309 348
309 467
310 297
310 298
310 299
310 300
310 307
310 308
310 309
310 311
310 312
310 466
310 467
311 297
311 298
311 299
311 309
311 310
311 312
311 313
311 465
311 466
311 467
312 297
312 298
312 299
312 310
312 311
312 313
312 314
312 463
312 464
312 465
312 466
312 467
313 295
313 296
313 297
313 298
313 311
313 312
313 314
313 315
313 463
313 464
313 465
313 466
314 294
314 295
314 296
314 297
314 312
314 313
314 315
314 316
314 463
314 464
315 294
315 295
315 296
315 313
315 314
315 316
315 317
315 331
315 332
315 336
315 339
316 290
316 294
316 295
316 296
316 297
316 314
316 315
316 317
316 318
316 330
316 331
316 332
316 333
316 336
316 339
316 340
317 276
317 277
317 290
317 291
317 296
317 315
317 316
317 318
317 319
317 330
317 331
317 332
317 333
318 276
318 277
318 278
318 290
318 316
318 317
318 319
318 320
318 330
318 331
318 332
318 333
319 277
319 278
319 279
319 288
319 289
319 290
319 317
319 318
319 320
319 321
319 328
319 329
319 330
319 331
320 279
320 318
320 319
320 321
320 322
320 328
320 329
320 330
320 364
321 279
321 280
321 281
321 282
321 319
321 320
321 322
321 323
321 324
321 325
321 326
321 327
321 328
321 329
322 320
322 321
322 323
322 324
322 325
322 326
322 327
322 328
322 329
322 364
322 368
322 369
323 282
323 321
323 322
323 324
323 325
323 364
323 366
323 367
323 368
323 417
324 282
324 283
324 321
324 322
324 323
324 325
324 326
324 327
324 368
324 422
325 281
325 282
325 283
325 321
325 322
325 323
325 324
325 326
325 327
325 328
325 345
326 321
326 322
326 324
326 325
326 327
326 328
326 344
326 345
326 346
327 321
327 322
327 324
327 325
327 326
327 328
327 329
327 342
327 343
327 344
327 345
328 319
328 320
328 321
328 322
328 325
328 326
328 327
328 329
328 330
328 342
328 343
328 344
328 345
329 319
329 320
329 321
329 322
329 327
329 328
329 330
329 331
329 340
329 341
329 342
329 343
330 316
330 317
330 318
330 319
330 320
330 328
330 329
330 331
330 332
330 340
330 341
330 342
330 343
331 315
331 316
331 317
331 318
331 319
331 329
331 330
331 332
331 333
331 338
331 339
331 340
331 341
332 315
332 316
332 317
332 318
332 330
332 331
332 333
332 334
332 335
332 336
332 337
332 338
332 339
332 340
333 316
333 317
333 318
333 331
333 332
333 334
333 335
333 336
333 337
333 338
333 339
333 357
333 358
333 359
333 360
333 361
334 332
334 333
334 335
334 336
334 337
334 338
334 358
334 359
334 360
335 332
335 333
335 334
335 336
335 337
336 315
336 316
336 332
336 333
336 334
336 335
336 337
336 338
336 339
336 358
337 332
337 333
337 334
337 335
337 336
337 338
337 339
337 355
337 356
337 357
337 358
338 331
338 332
338 333
338 334
338 336
338 337
338 339
338 340
338 355
338 356
338 357
338 358
338 359
339 315
339 316
339 331
339 332
339 333
339 336
339 337
339 338
339 340
339 341
339 353
339 354
339 355
339 356
339 357
340 316
340 329
340 330
340 331
340 332
340 338
340 339
340 341
340 342
340 353
340 354
340 355
340 356
341 329
341 330
341 331
341 339
341 340
341 342
341 343
341 350
341 351
341 352
341 353
341 354
342 327
342 328
342 329
342 330
342 340
342 341
342 343
342 344
342 350
342 351
342 352
342 353
342 391
342 392
343 327
343 328
343 329
343 330
343 341
343 342
343 344
343 345
343 348
343 349
343 350
343 351
343 352
344 326
344 327
344 328
344 342
344 343
344 345
344 346
344 347
344 348
344 349
344 350
344 351
344 425
345 325
345 326
345 327
345 328
345 343
345 344
345 346
345 347
345 348
345 349
346 326
346 344
346 345
346 347
346 348
346 349
347 344
347 345
347 346
347 348
347 349
348 309
348 343
348 344
348 345
348 346
348 347
348 349
348 350
348 468
349 343
349 344
349 345
349 346
349 347
349 348
349 350
349 351
350 341
350 342
350 343
350 344
350 348
350 349
350 351
350 352
350 353
351 341
351 342
351 343
351 344
351 349
351 350
351 352
351 353
351 391
351 392
351 426
351 427
352 341
352 342
352 343
352 350
352 351
352 353
352 354
352 391
352 392
352 393
352 427
353 339
353 340
353 341
353 342
353 350
353 351
353 352
353 354
353 355
353 393
354 339
354 340
354 341
354 352
354 353
354 355
354 356
354 393
354 394
355 337
355 338
355 339
355 340
355 353
355 354
355 356
355 357
355 439
356 337
356 338
356 339
356 340
356 354
356 355
356 357
356 358
356 359
356 373
357 333
357 337
357 338
357 339
357 355
357 356
357 358
357 359
358 333
358 334
358 336
358 337
358 338
358 356
358 357
358 359
358 360
358 375
358 380
358 383
359 333
359 334
359 338
359 356
359 357
359 358
359 360
359 361
359 362
359 373
359 374
359 375
359 376
360 333
360 334
360 358
360 359
360 361
360 362
360 373
360 374
360 375
360 376
360 379
360 380
361 333
361 359
361 360
361 362
361 363
361 373
361 374
361 375
361 376
362 359
362 360
362 361
362 363
362 364
362 371
362 372
362 373
362 374
363 361
363 362
363 364
363 365
363 371
363 372
363 373
363 411
363 412
364 320
364 322
364 323
364 362
364 363
364 365
364 366
364 367
364 368
364 369
364 370
364 371
364 372
364 412
365 5
365 363
365 364
365 366
365 367
365 368
365 369
365 370
365 371
365 372
365 412
366 5
366 323
366 364
366 365
366 367
366 368
366 369
366 412
366 413
366 414
366 415
366 420
367 5
367 323
367 364
367 365
367 366
367 368
367 369
367 370
367 420
367 421
367 422
368 322
368 323
368 324
368 364
368 365
368 366
368 367
368 369
368 370
368 420
368 422
368 423
369 322
369 364
369 365
369 366
369 367
369 368
369 370
369 371
369 390
369 391
369 423
370 21
370 364
370 365
370 367
370 368
370 369
370 371
370 372
370 388
370 389
370 390
370 391
371 362
371 363
371 364
371 365
371 369
371 370
371 372
371 373
371 388
371 389
371 390
371 391
372 362
372 363
372 364
372 365
372 370
372 371
372 373
372 374
372 386
372 387
372 388
372 389
373 356
373 359
373 360
373 361
373 362
373 363
373 371
373 372
373 374
373 375
373 386
373 387
373 388
374 359
374 360
374 361
374 362
374 372
374 373
374 375
374 376
374 384
374 385
374 386
374 387
374 410
375 358
375 359
375 360
375 361
375 373
375 374
375 376
375 377
375 380
375 381
375 383
375 384
375 385
375 386
375 407
376 359
376 360
376 361
376 374
376 375
376 377
376 378
376 379
376 380
376 381
376 384
376 385
376 406
376 407
376 408
376 409
377 375
377 376
377 378
377 379
377 380
377 381
377 384
377 406
377 407
377 408
378 376
378 377
378 379
378 380
378 381
378 408
379 360
379 376
379 377
379 378
379 380
379 381
380 358
380 360
380 375
380 376
380 377
380 378
380 379
380 381
380 382
380 383
380 384
381 375
381 376
381 377
381 378
381 379
381 380
381 382
381 383
381 384
381 406
382 380
382 381
382 383
382 384
382 403
383 358
383 375
383 380
383 381
383 382
383 384
383 385
383 400
383 401
383 403
384 374
384 375
384 376
384 377
384 380
384 381
384 382
384 383
384 385
384 386
384 400
384 401
384 402
384 406
384 407
385 374
385 375
385 376
385 383
385 384
385 386
385 387
385 398
385 399
385 400
385 401
385 407
386 372
386 373
386 374
386 375
386 384
386 385
386 387
386 388
386 398
386 399
386 400
387 372
387 373
387 374
387 385
387 386
387 388
387 389
387 395
387 396
387 397
387 398
387 399
388 370
388 371
388 372
388 373
388 386
388 387
388 389
388 390
388 395
388 396
388 397
388 398
389 370
389 371
389 372
389 387
389 388
389 390
389 391
389 392
389 393
389 394
389 395
389 396
389 397
390 369
390 370
390 371
390 388
390 389
390 391
390 392
390 393
390 394
390 395
390 396
390 430
391 342
391 351
391 352
391 369
391 370
391 371
391 389
391 390
391 392
391 393
391 394
392 342
392 351
392 352
392 389
392 390
392 391
392 393
392 394
392 426
392 427
392 428
392 429
392 430
393 352
393 353
393 354
393 389
393 390
393 391
393 392
393 394
393 395
393 429
394 354
394 389
394 390
394 391
394 392
394 393
394 395
394 396
394 429
394 430
394 431
394 432
394 436
395 387
395 388
395 389
395 390
395 393
395 394
395 396
395 397
395 398
395 432
395 434
395 435
395 436
396 22
396 387
396 388
396 389
396 390
396 394
396 395
396 397
396 398
396 432
396 433
396 434
397 24
397 387
397 388
397 389
397 395
397 396
397 398
397 399
397 434
398 385
398 386
398 387
398 388
398 395
398 396
398 397
398 399
398 400
398 434
399 385
399 386
399 387
399 397
399 398
399 400
399 401
400 383
400 384
400 385
400 386
400 398
400 399
400 401
400 402
401 383
401 384
401 385
401 399
401 400
401 402
401 403
401 405
401 406
401 407
402 384
402 400
402 401
402 403
402 404
402 405
402 406
403 382
403 383
403 401
403 402
403 404
403 405
403 406
404 402
404 403
404 405
404 406
405 11
405 12
405 13
405 401
405 402
405 403
405 404
405 406
405 407
406 11
406 12
406 13
406 376
406 377
406 381
406 384
406 401
406 402
406 403
406 404
406 405
406 407
406 408
407 9
407 10
407 11
407 12
407 375
407 376
407 377
407 384
407 385
407 401
407 405
407 406
407 408
407 409
407 410
408 10
408 11
408 12
408 376
408 377
408 378
408 406
408 407
408 409
408 410
409 8
409 9
409 10
409 11
409 376
409 407
409 408
409 410
409 411
410 7
410 8
410 9
410 10
410 374
410 407
410 408
410 409
410 411
410 412
411 7
411 8
411 9
411 363
411 409
411 410
411 412
411 413
412 5
412 6
412 7
412 8
412 363
412 364
412 365
412 366
412 410
412 411
412 413
412 414
413 5
413 6
413 7
413 8
413 43
413 47
413 366
413 411
413 412
413 414
413 415
414 5
414 43
414 44
414 45
414 46
414 47
414 366
414 412
414 413
414 415
414 416
415 45
415 46
415 47
415 366
415 413
415 414
415 416
415 417
415 419
416 45
416 46
416 414
416 415
416 417
416 418
416 419
417 323
417 415
417 416
417 418
417 419
417 420
418 416
418 417
418 419
418 420
418 421
419 2
419 415
419 416
419 417
419 418
419 420
419 421
420 2
420 366
420 367
420 368
420 417
420 418
420 419
420 421
420 422
421 367
421 418
421 419
421 420
421 422
421 423
422 324
422 367
422 368
422 420
422 421
422 423
422 424
423 368
423 369
423 421
423 422
423 424
423 425
424 422
424 423
424 425
424 426
425 344
425 423
425 424
425 426
425 427
426 351
426 392
426 424
426 425
426 427
426 428
426 429
427 351
427 352
427 392
427 425
427 426
427 428
427 429
428 392
428 426
428 427
428 429
428 430
429 392
429 393
429 394
429 426
429 427
429 428
429 430
429 431
430 390
430 392
430 394
430 428
430 429
430 431
430 432
431 394
431 429
431 430
431 432
431 433
432 394
432 395
432 396
432 430
432 431
432 433
432 434
432 435
433 396
433 431
433 432
433 434
433 435
434 395
434 396
434 397
434 398
434 432
434 433
434 435
434 436
435 395
435 432
435 433
435 434
435 436
435 437
436 394
436 395
436 434
436 435
436 437
436 438
437 435
437 436
437 438
437 439
438 436
438 437
438 439
438 440
439 355
439 437
439 438
439 440
439 441
440 438
440 439
440 441
440 442
441 439
441 440
441 442
441 443
442 440
442 441
442 443
442 444
443 441
443 442
443 444
443 445
444 442
444 443
444 445
444 446
445 443
445 444
445 446
445 447
446 444
446 445
446 447
446 448
446 449
446 450
446 451
447 445
447 446
447 448
447 449
447 450
447 451
448 446
448 447
448 449
448 450
448 451
449 446
449 447
449 448
449 450
449 451
449 452
450 446
450 447
450 448
450 449
450 451
450 452
450 453
451 446
451 447
451 448
451 449
451 450
451 452
451 453
452 449
452 450
452 451
452 453
452 454
453 450
453 451
453 452
453 454
453 455
454 452
454 453
454 455
454 456
455 453
455 454
455 456
455 457
456 454
456 455
456 457
456 458
457 455
457 456
457 458
457 459
458 456
458 457
458 459
458 460
459 457
459 458
459 460
459 461
459 462
460 458
460 459
460 461
460 462
461 295
461 459
461 460
461 462
461 463
462 459
462 460
462 461
462 463
462 464
463 295
463 312
463 313
463 314
463 461
463 462
463 464
463 465
464 312
464 313
464 314
464 462
464 463
464 465
464 466
464 470
465 311
465 312
465 313
465 463
465 464
465 466
465 467
465 469
465 470
466 310
466 311
466 312
466 313
466 464
466 465
466 467
466 468
466 469
466 470
467 309
467 310
467 311
467 312
467 465
467 466
467 468
467 469
467 470
468 348
468 466
468 467
468 469
468 470
469 465
469 466
469 467
469 468
469 470
469 471
470 464
470 465
470 466
470 467
470 468
470 469
470 471
470 472
471 469
471 470
471 472
471 473
472 470
472 471
472 473
472 474
473 471
473 472
473 474
473 475
473 476
474 472
474 473
474 475
474 476
475 473
475 474
475 476
475 477
476 473
476 474
476 475
476 477
476 478
477 475
477 476
477 478
477 479
478 476
478 477
478 479
478 480
479 477
479 478
479 480
479 481
479 482
479 483
479 484
480 478
480 479
480 481
480 482
480 483
480 484
481 479
481 480
481 482
481 483
481 484
481 485
482 479
482 480
482 481
482 483
482 484
482 485
482 486
483 479
483 480
483 481
483 482
483 484
483 485
483 486
483 487
484 479
484 480
484 481
484 482
484 483
484 485
484 486
484 487
484 488
485 481
485 482
485 483
485 484
485 486
485 487
485 488
485 489
486 482
486 483
486 484
486 485
486 487
486 488
486 489
486 490
487 483
487 484
487 485
487 486
487 488
487 489
487 490
487 491
488 484
488 485
488 486
488 487
488 489
488 490
488 491
488 492
489 485
489 486
489 487
489 488
489 490
489 491
489 492
489 493
490 486
490 487
490 488
490 489
490 491
490 492
490 493
490 494
491 487
491 488
491 489
491 490
491 492
491 493
491 494
491 495
492 488
492 489
492 490
492 491
492 493
492 494
492 495
492 496
493 489
493 490
493 491
493 492
493 494
493 495
493 496
493 497
494 490
494 491
494 492
494 493
494 495
494 496
494 497
494 498
495 491
495 492
495 493
495 494
495 496
495 497
495 498
495 499
496 492
496 493
496 494
496 495
496 497
496 498
496 499
496 500
497 493
497 494
497 495
497 496
497 498
497 499
497 500
497 501
498 494
498 495
498 496
498 497
498 499
498 500
498 501
498 502
499 495
499 496
499 497
499 498
499 500
499 501
499 502
500 496
500 497
500 498
500 499
500 501
500 502
500 503
501 497
501 498
501 499
501 500
501 502
501 503
502 498
502 499
502 500
502 501
502 503
502 504
503 500
503 501
503 502
503 504
503 505
504 502
504 503
504 505
504 506
505 503
505 504
505 506
505 507
506 504
506 505
506 507
506 508
507 505
507 506
507 508
507 509
508 506
508 507
508 509
508 510
509 507
509 508
509 510
509 511
510 508
510 509
510 511
510 512
511 509
511 510
511 512
511 513
512 510
512 511
512 513
512 514
513 511
513 512
513 514
513 515
514 512
514 513
514 515
514 516
515 513
515 514
515 516
515 517
516 514
516 515
516 517
516 518
517 515
517 516
517 518
517 519
518 516
518 517
518 519
518 520
519 517
519 518
519 520
519 521
520 518
520 519
520 521
520 522
521 519
521 520
521 522
521 523
522 520
522 521
522 523
522 524
523 521
523 522
523 524
523 525
524 522
524 523
524 525
524 526
525 523
525 524
525 526
525 527
526 524
526 525
526 527
526 528
527 525
527 526
527 528
527 529
527 532
527 533
527 581
527 583
528 526
528 527
528 529
528 530
529 527
529 528
529 530
529 531
529 532
529 533
530 528
530 529
530 531
530 532
530 533
530 534
531 529
531 530
531 532
531 533
531 534
531 535
532 527
532 529
532 530
532 531
532 533
532 534
532 535
532 536
532 580
533 527
533 529
533 530
533 531
533 532
533 534
533 535
533 536
533 537
534 530
534 531
534 532
534 533
534 535
534 536
534 537
534 538
535 531
535 532
535 533
535 534
535 536
535 537
535 538
535 539
536 532
536 533
536 534
536 535
536 537
536 538
536 539
536 540
536 577
536 580
536 581
537 533
537 534
537 535
537 536
537 538
537 539
537 540
537 541
538 534
538 535
538 536
538 537
538 539
538 540
538 541
538 542
539 535
539 536
539 537
539 538
539 540
539 541
539 542
539 543
539 573
539 577
540 536
540 537
540 538
540 539
540 541
540 542
540 543
540 544
540 577
541 537
541 538
541 539
541 540
541 542
541 543
541 544
541 545
542 538
542 539
542 540
542 541
542 543
542 544
542 545
542 546
543 539
543 540
543 541
543 542
543 544
543 545
543 546
543 547
543 570
543 573
543 574
544 540
544 541
544 542
544 543
544 545
544 546
544 547
544 548
545 541
545 542
545 543
545 544
545 546
545 547
545 548
545 549
546 542
546 543
546 544
546 545
546 547
546 548
546 549
546 550
546 566
546 567
546 570
547 543
547 544
547 545
547 546
547 548
547 549
547 550
547 551
548 544
548 545
548 546
548 547
548 549
548 550
548 551
548 552
549 545
549 546
549 547
549 548
549 550
549 551
549 552
549 553
549 563
549 567
550 546
550 547
550 548
550 549
550 551
550 552
550 553
550 554
550 567
551 547
551 548
551 549
551 550
551 552
551 553
551 554
551 555
552 548
552 549
552 550
552 551
552 553
552 554
552 555
552 556
552 557
552 559
553 549
553 550
553 551
553 552
553 554
553 555
553 556
553 557
553 558
553 559
554 550
554 551
554 552
554 553
554 555
554 556
554 557
555 551
555 552
555 553
555 554
555 556
555 557
556 552
556 553
556 554
556 555
556 557
556 558
557 552
557 553
557 554
557 555
557 556
557 558
557 559
558 553
558 556
558 557
558 559
558 560
559 552
559 553
559 557
559 558
559 560
559 561
559 563
559 564
560 558
560 559
560 561
560 562
560 563
560 564
561 559
561 560
561 562
561 563
561 564
561 565
562 560
562 561
562 563
562 564
562 565
562 566
563 549
563 559
563 560
563 561
563 562
563 564
563 565
563 566
563 567
564 559
564 560
564 561
564 562
564 563
564 565
564 566
564 567
564 568
565 561
565 562
565 563
565 564
565 566
565 567
565 568
565 569
566 546
566 562
566 563
566 564
566 565
566 567
566 568
566 569
566 570
567 546
567 549
567 550
567 563
567 564
567 565
567 566
567 568
567 569
567 570
568 564
568 565
568 566
568 567
568 569
568 570
568 571
569 565
569 566
569 567
569 568
569 570
569 571
569 572
569 573
570 543
570 546
570 566
570 567
570 568
570 569
570 571
570 572
570 573
570 574
571 568
571 569
571 570
571 572
571 573
571 574
571 575
572 569
572 570
572 571
572 573
572 574
572 575
572 576
573 539
573 543
573 569
573 570
573 571
573 572
573 574
573 575
573 576
573 577
574 543
574 570
574 571
574 572
574 573
574 575
574 576
574 577
574 578
575 571
575 572
575 573
575 574
575 576
575 577
575 578
575 579
576 572
576 573
576 574
576 575
576 577
576 578
576 579
576 580
577 536
577 539
577 540
577 573
577 574
577 575
577 576
577 578
577 579
577 580
577 581
578 574
578 575
578 576
578 577
578 579
578 580
578 581
578 582
579 575
579 576
579 577
579 578
579 580
579 581
579 582
579 583
579 584
580 532
580 536
580 576
580 577
580 578
580 579
580 581
580 582
580 583
580 584
581 527
581 536
581 577
581 578
581 579
581 580
581 582
581 583
582 578
582 579
582 580
582 581
582 583
582 584
583 527
583 579
583 580
583 581
583 582
583 584
584 579
584 580
584 582
584 583
