0 1
0 2
1 0
1 2
1 3
2 0
2 1
2 3
2 4
3 1
3 2
3 4
3 5
4 2
4 3
4 5
4 6
5 3
5 4
5 6
5 7
6 4
6 5
6 7
6 8
7 5
7 6
7 8
7 9
8 6
8 7
8 9
8 10
9 7
9 8
9 10
9 11
10 8
10 9
10 11
10 12
11 9
11 10
11 12
11 13
12 10
12 11
12 13
12 14
13 11
13 12
13 14
13 15
14 12
14 13
14 15
14 16
15 13
15 14
15 16
15 17
16 14
16 15
16 17
16 18
17 15
17 16
17 18
17 19
18 16
18 17
18 19
18 20
19 17
19 18
19 20
19 21
20 18
20 19
20 21
20 22
21 19
21 20
21 22
21 23
22 20
22 21
22 23
22 24
23 21
23 22
23 24
23 25
23 27
24 22
24 23
24 25
24 26
24 27
25 23
25 24
25 26
25 27
26 24
26 25
26 27
26 28
26 106
26 107
26 110
26 111
27 23
27 24
27 25
27 26
27 28
27 29
27 111
28 26
28 27
28 29
28 30
28 111
28 115
29 27
29 28
29 30
29 31
29 32
29 33
29 62
29 63
30 28
30 29
30 31
30 32
30 183
30 184
30 187
31 29
31 30
31 32
31 33
31 61
31 62
31 63
31 183
31 184
31 187
32 29
32 30
32 31
32 33
32 34
32 61
32 62
32 63
32 183
32 184
32 186
32 187
32 188
32 189
33 29
33 31
33 32
33 34
33 35
33 62
33 63
33 64
33 65
33 187
33 188
33 189
34 32
34 33
34 35
34 36
34 57
34 62
34 63
34 64
34 65
34 188
34 189
34 190
34 191
35 33
35 34
35 36
35 37
35 64
35 65
35 66
35 67
35 104
35 188
35 189
35 190
35 191
36 34
36 35
36 37
36 38
36 65
36 66
36 67
36 190
36 191
36 192
36 193
36 194
36 195
37 35
37 36
37 38
37 39
37 67
37 147
37 150
37 151
37 191
37 192
37 193
37 194
38 36
38 37
38 39
38 40
38 46
38 49
38 50
38 67
38 68
38 69
38 70
38 193
38 194
39 37
39 38
39 40
39 41
39 46
39 70
39 146
39 147
39 192
39 193
39 194
40 38
40 39
40 41
40 42
40 45
40 46
40 193
41 39
41 40
41 42
41 43
41 44
41 45
41 46
42 40
42 41
42 43
42 44
42 45
42 46
42 70
42 71
42 72
43 41
43 42
43 44
43 45
43 46
43 47
43 69
43 70
43 71
43 357
44 41
44 42
44 43
44 45
44 46
44 47
44 48
44 355
44 356
44 357
44 358
44 359
44 360
45 40
45 41
45 42
45 43
45 44
45 46
45 47
45 48
45 49
45 198
45 199
45 356
45 357
46 38
46 39
46 40
46 41
46 42
46 43
46 44
46 45
46 47
46 48
46 49
46 50
46 69
47 43
47 44
47 45
47 46
47 48
47 49
47 50
47 51
47 360
48 44
48 45
48 46
48 47
48 49
48 50
48 51
48 52
48 196
48 197
48 198
48 199
48 200
48 356
48 360
49 38
49 45
49 46
49 47
49 48
49 50
49 51
49 52
49 53
49 194
49 195
49 196
49 197
49 198
49 199
49 200
50 38
50 46
50 47
50 48
50 49
50 51
50 52
50 53
50 54
50 66
50 194
50 196
51 47
51 48
51 49
51 50
51 52
51 53
51 54
51 55
51 196
51 200
51 204
51 205
51 207
51 208
52 48
52 49
52 50
52 51
52 53
52 54
52 55
52 56
52 194
52 195
52 196
52 197
52 200
52 201
52 204
53 49
53 50
53 51
53 52
53 54
53 55
53 56
53 57
53 64
53 194
53 195
53 196
54 50
54 51
54 52
54 53
54 55
54 56
54 57
54 58
54 64
54 99
55 51
55 52
55 53
55 54
55 56
55 57
55 58
55 59
55 204
56 52
56 53
56 54
56 55
56 57
56 58
56 59
56 60
56 169
56 170
56 171
56 195
56 196
57 34
57 53
57 54
57 55
57 56
57 58
57 59
57 60
57 61
57 62
57 63
57 64
57 99
58 54
58 55
58 56
58 57
58 59
58 60
58 61
58 62
58 63
58 98
58 99
58 100
59 55
59 56
59 57
59 58
59 60
59 61
59 62
59 171
59 174
60 56
60 57
60 58
60 59
60 61
60 62
60 174
60 177
60 178
61 31
61 32
61 57
61 58
61 59
61 60
61 62
61 63
62 29
62 31
62 32
62 33
62 34
62 57
62 58
62 59
62 60
62 61
62 63
62 64
62 100
62 183
63 29
63 31
63 32
63 33
63 34
63 57
63 58
63 61
63 62
63 64
63 65
63 99
63 100
63 101
63 102
64 33
64 34
64 35
64 53
64 54
64 57
64 62
64 63
64 65
64 66
64 100
64 101
64 102
65 33
65 34
65 35
65 36
65 63
65 64
65 66
65 67
65 101
65 102
65 103
65 104
65 107
66 35
66 36
66 50
66 64
66 65
66 67
66 68
66 86
66 101
66 102
66 103
66 104
67 35
67 36
67 37
67 38
67 65
67 66
67 68
67 69
67 85
67 86
67 103
67 104
67 105
68 38
68 66
68 67
68 69
68 70
68 83
68 84
68 85
68 86
68 103
68 104
68 105
69 38
69 43
69 46
69 67
69 68
69 70
69 71
69 83
69 84
69 85
69 86
70 38
70 39
70 42
70 43
70 68
70 69
70 71
70 72
70 81
70 82
70 83
70 84
70 146
70 150
71 42
71 43
71 69
71 70
71 72
71 73
71 81
71 82
71 83
71 84
72 42
72 70
72 71
72 73
72 74
72 79
72 80
72 81
72 82
73 71
73 72
73 74
73 75
73 76
73 77
73 78
73 79
73 80
73 81
73 82
74 72
74 73
74 75
74 76
74 77
74 79
74 80
75 73
75 74
75 76
75 77
75 79
76 73
76 74
76 75
76 77
76 78
76 79
77 73
77 74
77 75
77 76
77 78
77 79
77 80
78 73
78 76
78 77
78 79
78 80
79 72
79 73
79 74
79 75
79 76
79 77
79 78
79 80
79 81
80 72
80 73
80 74
80 77
80 78
80 79
80 81
80 82
81 70
81 71
81 72
81 73
81 79
81 80
81 82
81 83
81 146
81 149
82 70
82 71
82 72
82 73
82 80
82 81
82 83
82 84
83 68
83 69
83 70
83 71
83 81
83 82
83 84
83 85
83 150
84 68
84 69
84 70
84 71
84 82
84 83
84 85
84 86
84 88
85 67
85 68
85 69
85 83
85 84
85 86
85 87
85 88
85 89
85 103
85 105
86 66
86 67
86 68
86 69
86 84
86 85
86 87
86 88
86 89
86 90
86 91
86 92
86 103
87 85
87 86
87 88
87 89
87 90
87 91
87 92
87 214
88 84
88 85
88 86
88 87
88 89
88 90
88 214
88 216
89 85
89 86
89 87
89 88
89 90
89 91
89 213
89 214
89 216
89 217
89 337
90 86
90 87
90 88
90 89
90 91
90 92
90 211
90 212
90 213
90 214
91 86
91 87
91 89
91 90
91 92
91 93
91 94
91 95
91 211
91 212
91 213
91 214
92 86
92 87
92 90
92 91
92 93
92 94
92 95
92 96
92 101
92 102
92 103
93 91
93 92
93 94
93 95
93 96
93 97
94 91
94 92
94 93
94 95
94 96
94 97
94 98
94 210
94 211
94 212
95 91
95 92
95 93
95 94
95 96
95 97
95 98
95 99
95 100
95 101
95 210
95 211
96 92
96 93
96 94
96 95
96 97
96 98
96 99
96 100
96 101
97 93
97 94
97 95
97 96
97 98
97 99
97 210
98 58
98 94
98 95
98 96
98 97
98 99
98 100
98 210
99 54
99 57
99 58
99 63
99 95
99 96
99 97
99 98
99 100
99 101
100 58
100 62
100 63
100 64
100 95
100 96
100 98
100 99
100 101
100 102
101 63
101 64
101 65
101 66
101 92
101 95
101 96
101 99
101 100
101 102
101 103
102 63
102 64
102 65
102 66
102 92
102 100
102 101
102 103
102 104
102 106
102 107
103 65
103 66
103 67
103 68
103 85
103 86
103 92
103 101
103 102
103 104
103 105
103 106
103 107
104 35
104 65
104 66
104 67
104 68
104 102
104 103
104 105
104 106
104 107
104 108
105 67
105 68
105 85
105 103
105 104
105 106
105 107
105 108
105 109
105 154
106 26
106 102
106 103
106 104
106 105
106 107
106 108
106 109
106 110
106 111
107 26
107 65
107 102
107 103
107 104
107 105
107 106
107 108
107 109
107 110
107 111
107 112
108 104
108 105
108 106
108 107
108 109
108 110
108 111
108 112
108 113
108 154
109 105
109 106
109 107
109 108
109 110
109 111
109 112
109 113
110 26
110 106
110 107
110 108
110 109
110 111
110 112
110 113
111 26
111 27
111 28
111 106
111 107
111 108
111 109
111 110
111 112
111 113
111 114
111 115
111 116
112 107
112 108
112 109
112 110
112 111
112 113
112 114
112 115
112 116
112 117
113 108
113 109
113 110
113 111
113 112
113 114
113 115
113 116
113 117
114 111
114 112
114 113
114 115
114 116
114 117
115 28
115 111
115 112
115 113
115 114
115 116
115 117
116 111
116 112
116 113
116 114
116 115
116 117
116 118
116 119
116 120
116 121
116 188
117 112
117 113
117 114
117 115
117 116
117 118
117 119
117 120
117 121
118 116
118 117
118 119
118 120
118 121
118 156
118 157
118 158
118 159
119 116
119 117
119 118
119 120
119 121
119 158
119 159
120 116
120 117
120 118
120 119
120 121
120 122
120 159
121 116
121 117
121 118
121 119
121 120
121 122
121 123
121 157
121 158
121 159
121 160
121 188
122 120
122 121
122 123
122 124
122 158
122 159
122 160
122 161
122 162
122 188
122 189
122 190
123 121
123 122
123 124
123 125
123 139
123 141
123 158
123 159
123 160
123 161
123 162
123 189
123 190
123 191
123 192
124 122
124 123
124 125
124 126
124 139
124 161
124 162
124 163
124 164
124 189
124 190
124 191
124 192
125 123
125 124
125 126
125 127
125 129
125 130
125 139
125 161
125 162
125 163
125 164
125 191
125 192
126 124
126 125
126 127
126 128
126 129
126 130
126 139
126 163
126 164
126 165
127 125
127 126
127 128
127 129
127 130
127 131
127 137
127 163
127 164
127 165
128 126
128 127
128 129
128 130
128 131
128 132
129 125
129 126
129 127
129 128
129 130
129 131
129 132
129 133
129 139
129 140
130 125
130 126
130 127
130 128
130 129
130 131
130 132
130 133
130 136
130 137
130 138
130 139
130 140
130 163
131 127
131 128
131 129
131 130
131 132
131 133
131 134
131 135
131 136
131 137
131 138
132 128
132 129
132 130
132 131
132 133
132 134
132 136
132 140
133 129
133 130
133 131
133 132
133 134
133 135
133 136
133 137
133 138
133 139
133 140
134 131
134 132
134 133
134 135
134 136
134 138
135 131
135 133
135 134
135 136
135 137
135 138
136 130
136 131
136 132
136 133
136 134
136 135
136 137
136 138
137 127
137 130
137 131
137 133
137 135
137 136
137 138
137 139
137 161
137 163
138 130
138 131
138 133
138 134
138 135
138 136
138 137
138 139
138 140
138 160
138 161
139 123
139 124
139 125
139 126
139 129
139 130
139 133
139 137
139 138
139 140
139 141
139 161
139 162
139 163
139 192
140 129
140 130
140 132
140 133
140 138
140 139
140 141
140 142
140 143
140 192
141 123
141 139
141 140
141 142
141 143
141 147
141 148
141 158
141 191
141 192
142 140
142 141
142 143
142 144
142 145
142 147
142 148
142 149
142 150
142 151
142 192
143 140
143 141
143 142
143 144
143 145
143 147
143 148
144 142
144 143
144 145
144 146
144 147
144 148
145 142
145 143
145 144
145 146
145 147
145 148
145 149
146 39
146 70
146 81
146 144
146 145
146 147
146 148
146 149
146 150
147 37
147 39
147 141
147 142
147 143
147 144
147 145
147 146
147 148
147 149
147 150
147 151
147 192
148 141
148 142
148 143
148 144
148 145
148 146
148 147
148 149
148 150
148 151
148 152
149 81
149 142
149 145
149 146
149 147
149 148
149 150
149 151
149 152
149 153
150 37
150 70
150 83
150 142
150 146
150 147
150 148
150 149
150 151
150 152
150 153
150 154
151 37
151 142
151 147
151 148
151 149
151 150
151 152
151 153
151 154
151 155
151 156
151 157
152 148
152 149
152 150
152 151
152 153
152 154
152 155
152 156
152 157
153 149
153 150
153 151
153 152
153 154
153 155
153 156
154 105
154 108
154 150
154 151
154 152
154 153
154 155
154 156
155 151
155 152
155 153
155 154
155 156
155 157
156 118
156 151
156 152
156 153
156 154
156 155
156 157
156 158
157 118
157 121
157 151
157 152
157 155
157 156
157 158
157 159
158 118
158 119
158 121
158 122
158 123
158 141
158 156
158 157
158 159
158 160
158 161
159 118
159 119
159 120
159 121
159 122
159 123
159 157
159 158
159 160
159 161
160 121
160 122
160 123
160 138
160 158
160 159
160 161
160 162
161 122
161 123
161 124
161 125
161 137
161 138
161 139
161 158
161 159
161 160
161 162
161 163
162 122
162 123
162 124
162 125
162 139
162 160
162 161
162 163
162 164
163 124
163 125
163 126
163 127
163 130
163 137
163 139
163 161
163 162
163 164
163 165
164 124
164 125
164 126
164 127
164 162
164 163
164 165
164 166
164 167
165 126
165 127
165 163
165 164
165 166
165 167
166 164
166 165
166 167
166 168
167 164
167 165
167 166
167 168
167 169
167 173
167 176
168 166
168 167
168 169
168 170
168 173
169 56
169 167
169 168
169 170
169 171
169 173
169 195
169 196
169 197
170 56
170 168
170 169
170 171
170 172
170 173
170 174
171 56
171 59
171 169
171 170
171 172
171 173
171 174
172 170
172 171
172 173
172 174
172 175
173 167
173 168
173 169
173 170
173 171
173 172
173 174
173 175
173 176
173 177
174 59
174 60
174 170
174 171
174 172
174 173
174 175
174 176
174 177
174 178
175 172
175 173
175 174
175 176
175 177
175 178
175 179
176 167
176 173
176 174
176 175
176 177
176 178
176 179
176 180
177 60
177 173
177 174
177 175
177 176
177 178
177 179
177 180
177 181
177 182
178 60
178 174
178 175
178 176
178 177
178 179
178 180
178 181
178 182
179 175
179 176
179 177
179 178
179 180
179 181
179 182
180 176
180 177
180 178
180 179
180 181
180 182
181 177
181 178
181 179
181 180
181 182
181 183
181 185
181 186
182 177
182 178
182 179
182 180
182 181
182 183
182 184
182 185
182 186
182 187
183 30
183 31
183 32
183 62
183 181
183 182
183 184
183 185
183 186
183 187
183 188
184 30
184 31
184 32
184 182
184 183
184 185
184 186
184 187
185 181
185 182
185 183
185 184
185 186
185 187
186 32
186 181
186 182
186 183
186 184
186 185
186 187
186 188
186 189
187 30
187 31
187 32
187 33
187 182
187 183
187 184
187 185
187 186
187 188
187 189
188 32
188 33
188 34
188 35
188 116
188 121
188 122
188 183
188 186
188 187
188 189
188 190
189 32
189 33
189 34
189 35
189 122
189 123
189 124
189 186
189 187
189 188
189 190
189 191
190 34
190 35
190 36
190 122
190 123
190 124
190 188
190 189
190 191
190 192
191 34
191 35
191 36
191 37
191 123
191 124
191 125
191 141
191 189
191 190
191 192
191 193
191 194
191 195
192 36
192 37
192 39
192 123
192 124
192 125
192 139
192 140
192 141
192 142
192 147
192 190
192 191
192 193
192 194
193 36
193 37
193 38
193 39
193 40
193 191
193 192
193 194
193 195
194 36
194 37
194 38
194 39
194 49
194 50
194 52
194 53
194 191
194 192
194 193
194 195
194 196
195 36
195 49
195 52
195 53
195 56
195 169
195 191
195 193
195 194
195 196
195 197
196 48
196 49
196 50
196 51
196 52
196 53
196 56
196 169
196 194
196 195
196 197
196 198
196 200
197 48
197 49
197 52
197 169
197 195
197 196
197 198
197 199
197 200
197 201
198 45
198 48
198 49
198 196
198 197
198 199
198 200
198 201
198 261
198 262
199 45
199 48
199 49
199 197
199 198
199 200
199 201
199 261
199 262
199 264
199 356
200 48
200 49
200 51
200 52
200 196
200 197
200 198
200 199
200 201
200 202
200 204
200 205
201 52
201 197
201 198
201 199
201 200
201 202
201 203
201 204
201 205
202 200
202 201
202 203
202 204
202 205
202 269
203 201
203 202
203 204
203 205
203 206
204 51
204 52
204 55
204 200
204 201
204 202
204 203
204 205
204 206
204 207
204 208
205 51
205 200
205 201
205 202
205 203
205 204
205 206
205 207
205 208
205 363
206 203
206 204
206 205
206 207
206 208
206 209
206 363
206 367
207 51
207 204
207 205
207 206
207 208
207 209
207 210
207 211
208 51
208 204
208 205
208 206
208 207
208 209
208 210
208 211
208 360
208 363
208 364
209 206
209 207
209 208
209 210
209 211
209 212
209 364
209 367
210 94
210 95
210 97
210 98
210 207
210 208
210 209
210 211
210 212
211 90
211 91
211 94
211 95
211 207
211 208
211 209
211 210
211 212
211 213
212 90
212 91
212 94
212 209
212 210
212 211
212 213
212 214
213 89
213 90
213 91
213 211
213 212
213 214
213 215
213 217
213 218
214 87
214 88
214 89
214 90
214 91
214 212
214 213
214 215
214 216
214 217
214 218
215 213
215 214
215 216
215 217
215 218
215 219
216 88
216 89
216 214
216 215
216 217
216 218
216 219
216 220
217 89
217 213
217 214
217 215
217 216
217 218
217 219
217 220
217 221
217 337
217 338
217 341
218 213
218 214
218 215
218 216
218 217
218 219
218 220
218 221
218 222
218 341
219 215
219 216
219 217
219 218
219 220
219 221
219 222
219 223
220 216
220 217
220 218
220 219
220 221
220 222
220 223
220 224
220 338
221 217
221 218
221 219
221 220
221 222
221 223
221 224
221 225
221 338
221 341
221 342
222 218
222 219
222 220
222 221
222 223
222 224
222 225
222 226
222 342
223 219
223 220
223 221
223 222
223 224
223 225
223 226
223 227
224 220
224 221
224 222
224 223
224 225
224 226
224 227
224 228
224 229
224 342
225 221
225 222
225 223
225 224
225 226
225 227
225 228
225 229
225 230
225 342
226 222
226 223
226 224
226 225
226 227
226 228
226 229
226 230
227 223
227 224
227 225
227 226
227 228
227 229
228 224
228 225
228 226
228 227
228 229
228 230
228 329
229 224
229 225
229 226
229 227
229 228
229 230
229 231
229 233
229 303
229 304
229 305
229 306
229 327
229 329
230 225
230 226
230 228
230 229
230 231
230 232
230 233
230 303
230 304
230 327
231 229
231 230
231 232
231 233
231 302
231 303
231 304
231 347
232 230
232 231
232 233
232 234
232 300
232 301
232 302
232 303
232 304
232 346
232 347
233 229
233 230
233 231
233 232
233 234
233 235
233 297
233 302
233 303
233 304
233 305
233 306
233 346
233 347
233 348
234 232
234 233
234 235
234 236
234 293
234 296
234 297
234 302
234 304
234 305
234 306
234 346
234 347
234 348
234 349
234 350
235 233
235 234
235 236
235 237
235 305
235 306
235 307
235 308
235 342
235 343
235 346
235 347
235 348
235 349
235 350
236 234
236 235
236 237
236 238
236 293
236 305
236 306
236 307
236 308
236 343
236 349
236 350
236 351
237 235
237 236
237 238
237 239
237 307
237 308
237 309
237 343
237 350
237 351
237 352
237 358
238 236
238 237
238 239
238 240
238 307
238 308
238 309
238 310
238 311
238 313
238 351
238 352
239 237
239 238
239 240
239 241
239 244
239 283
239 309
239 310
239 311
239 352
239 355
240 238
240 239
240 241
240 242
240 244
240 245
240 283
240 284
240 309
240 310
240 311
240 312
241 239
241 240
241 242
241 243
241 244
241 245
241 310
241 311
241 312
242 240
242 241
242 243
242 244
242 245
242 246
243 241
243 242
243 244
243 245
243 246
243 247
244 239
244 240
244 241
244 242
244 243
244 245
244 246
244 247
244 248
244 283
245 240
245 241
245 242
245 243
245 244
245 246
245 247
245 248
245 249
245 283
246 242
246 243
246 244
246 245
246 247
246 248
246 249
246 250
247 243
247 244
247 245
247 246
247 248
247 249
247 250
248 244
248 245
248 246
248 247
248 249
248 250
248 251
248 252
248 279
248 282
248 283
249 245
249 246
249 247
249 248
249 250
249 251
249 252
249 253
250 246
250 247
250 248
250 249
250 251
250 252
250 253
250 254
250 255
250 256
251 248
251 249
251 250
251 252
251 253
251 254
251 255
251 256
251 257
251 277
251 278
251 279
252 248
252 249
252 250
252 251
252 253
252 254
252 255
252 279
253 249
253 250
253 251
253 252
253 254
253 255
253 256
254 250
254 251
254 252
254 253
254 255
254 256
254 257
255 250
255 251
255 252
255 253
255 254
255 256
255 257
256 250
256 251
256 253
256 254
256 255
256 257
256 258
256 259
256 260
257 251
257 254
257 255
257 256
257 258
257 259
257 260
257 276
257 277
258 256
258 257
258 259
258 260
258 263
258 264
258 267
258 271
258 274
258 275
258 276
258 277
259 256
259 257
259 258
259 260
259 261
259 262
259 263
259 264
259 267
259 269
259 271
259 274
259 277
260 256
260 257
260 258
260 259
260 261
260 262
260 263
260 264
260 354
261 198
261 199
261 259
261 260
261 262
261 263
261 264
261 354
261 355
261 356
262 198
262 199
262 259
262 260
262 261
262 263
262 264
262 265
262 353
262 354
262 355
262 356
262 359
263 258
263 259
263 260
263 261
263 262
263 264
263 265
263 266
263 267
263 268
263 277
263 353
263 354
263 355
264 199
264 258
264 259
264 260
264 261
264 262
264 263
264 265
264 266
264 267
264 268
264 269
264 274
264 353
265 262
265 263
265 264
265 266
265 267
265 268
265 269
265 353
265 359
266 263
266 264
266 265
266 267
266 268
266 275
266 353
266 374
266 377
266 380
266 381
267 258
267 259
267 263
267 264
267 265
267 266
267 268
267 269
267 274
267 275
267 276
267 277
267 380
267 381
268 263
268 264
268 265
268 266
268 267
268 269
268 270
268 273
268 274
268 275
268 381
268 383
269 202
269 259
269 264
269 265
269 267
269 268
269 270
269 271
269 274
270 268
270 269
270 271
270 272
270 273
270 274
271 258
271 259
271 269
271 270
271 272
271 273
271 274
272 270
272 271
272 273
272 274
273 268
273 270
273 271
273 272
273 274
273 275
274 258
274 259
274 264
274 267
274 268
274 269
274 270
274 271
274 272
274 273
274 275
274 276
275 258
275 266
275 267
275 268
275 273
275 274
275 276
275 277
276 257
276 258
276 267
276 274
276 275
276 277
276 278
277 251
277 257
277 258
277 259
277 263
277 267
277 275
277 276
277 278
277 279
277 281
277 282
278 251
278 276
278 277
278 279
278 280
278 281
278 282
278 376
279 248
279 251
279 252
279 277
279 278
279 280
279 281
279 282
279 283
279 284
280 278
280 279
280 281
280 282
280 283
280 284
280 285
280 288
280 375
280 376
281 277
281 278
281 279
281 280
281 282
281 283
281 284
281 352
281 353
281 354
281 374
281 375
281 376
281 377
282 248
282 277
282 278
282 279
282 280
282 281
282 283
282 284
282 352
282 353
282 354
283 239
283 240
283 244
283 245
283 248
283 279
283 280
283 281
283 282
283 284
283 285
283 352
284 240
284 279
284 280
284 281
284 282
284 283
284 285
284 286
284 287
284 288
284 289
284 375
284 376
285 280
285 283
285 284
285 286
285 287
285 288
285 289
286 284
286 285
286 287
286 288
286 289
286 290
286 314
287 284
287 285
287 286
287 288
287 289
287 290
287 291
288 280
288 284
288 285
288 286
288 287
288 289
288 290
288 291
288 292
288 375
288 376
289 284
289 285
289 286
289 287
289 288
289 290
289 291
289 292
289 293
289 375
290 286
290 287
290 288
290 289
290 291
290 292
290 293
290 294
290 318
290 321
291 287
291 288
291 289
291 290
291 292
291 293
291 294
291 295
292 288
292 289
292 290
292 291
292 293
292 294
292 295
292 296
292 350
292 375
292 378
293 234
293 236
293 289
293 290
293 291
293 292
293 294
293 295
293 296
293 297
293 318
293 350
294 290
294 291
294 292
294 293
294 295
294 296
294 297
294 298
294 321
295 291
295 292
295 293
295 294
295 296
295 297
295 298
295 299
296 234
296 292
296 293
296 294
296 295
296 297
296 298
296 299
296 300
296 302
296 348
297 233
297 234
297 293
297 294
297 295
297 296
297 298
297 299
297 300
297 301
297 302
297 303
297 304
297 305
298 294
298 295
298 296
298 297
298 299
298 300
298 301
298 302
299 295
299 296
299 297
299 298
299 300
299 301
299 302
300 232
300 296
300 297
300 298
300 299
300 301
300 302
300 348
301 232
301 297
301 298
301 299
301 300
301 302
301 303
302 231
302 232
302 233
302 234
302 296
302 297
302 298
302 299
302 300
302 301
302 303
302 304
302 305
302 326
303 229
303 230
303 231
303 232
303 233
303 297
303 301
303 302
303 304
303 305
303 325
303 326
303 327
304 229
304 230
304 231
304 232
304 233
304 234
304 297
304 302
304 303
304 305
304 306
304 326
304 327
304 328
304 329
305 229
305 233
305 234
305 235
305 236
305 297
305 302
305 303
305 304
305 306
305 307
305 326
305 327
305 328
305 329
306 229
306 233
306 234
306 235
306 236
306 304
306 305
306 307
306 308
306 328
306 329
306 330
306 342
306 343
307 235
307 236
307 237
307 238
307 305
307 306
307 308
307 309
307 313
307 315
307 328
307 329
307 330
307 331
308 235
308 236
308 237
308 238
308 306
308 307
308 309
308 310
308 313
308 330
308 331
308 332
308 339
308 343
309 237
309 238
309 239
309 240
309 307
309 308
309 310
309 311
309 312
309 313
309 330
309 332
310 238
310 239
310 240
310 241
310 308
310 309
310 311
310 312
311 238
311 239
311 240
311 241
311 309
311 310
311 312
311 313
312 240
312 241
312 309
312 310
312 311
312 313
312 314
313 238
313 307
313 308
313 309
313 311
313 312
313 314
313 315
313 330
314 286
314 312
314 313
314 315
314 316
314 317
314 318
315 307
315 313
315 314
315 316
315 317
315 318
315 319
315 328
315 329
315 330
316 314
316 315
316 317
316 318
316 319
316 320
317 314
317 315
317 316
317 318
317 319
317 320
317 321
318 290
318 293
318 314
318 315
318 316
318 317
318 319
318 320
318 321
318 322
318 328
319 315
319 316
319 317
319 318
319 320
319 321
319 322
319 323
319 324
319 326
319 327
319 328
320 316
320 317
320 318
320 319
320 321
320 322
320 323
320 324
321 290
321 294
321 317
321 318
321 319
321 320
321 322
321 323
322 318
322 319
322 320
322 321
322 323
322 324
322 325
322 326
323 319
323 320
323 321
323 322
323 324
323 325
323 326
324 319
324 320
324 322
324 323
324 325
324 326
324 327
325 303
325 322
325 323
325 324
325 326
325 327
326 302
326 303
326 304
326 305
326 319
326 322
326 323
326 324
326 325
326 327
326 328
327 229
327 230
327 303
327 304
327 305
327 319
327 324
327 325
327 326
327 328
327 329
328 304
328 305
328 306
328 307
328 315
328 318
328 319
328 326
328 327
328 329
328 330
329 228
329 229
329 304
329 305
329 306
329 307
329 315
329 327
329 328
329 330
329 331
330 306
330 307
330 308
330 309
330 313
330 315
330 328
330 329
330 331
330 332
331 307
331 308
331 329
331 330
331 332
331 333
332 308
332 309
332 330
332 331
332 333
332 334
332 336
332 339
333 331
333 332
333 334
333 335
333 336
333 338
333 339
334 332
334 333
334 335
334 336
335 333
335 334
335 336
335 337
335 338
335 339
336 332
336 333
336 334
336 335
336 337
336 338
336 339
336 340
337 89
337 217
337 335
337 336
337 338
337 339
337 340
337 341
338 217
338 220
338 221
338 333
338 335
338 336
338 337
338 339
338 340
338 341
338 342
339 308
339 332
339 333
339 335
339 336
339 337
339 338
339 340
339 341
339 342
339 343
340 336
340 337
340 338
340 339
340 341
340 342
340 343
340 344
340 357
340 360
340 361
341 217
341 218
341 221
341 337
341 338
341 339
341 340
341 342
341 343
341 344
341 345
341 361
342 221
342 222
342 224
342 225
342 235
342 306
342 338
342 339
342 340
342 341
342 343
342 344
342 345
342 346
343 235
343 236
343 237
343 306
343 308
343 339
343 340
343 341
343 342
343 344
343 345
343 346
343 349
343 361
344 340
344 341
344 342
344 343
344 345
344 346
344 349
344 361
344 362
344 364
344 365
345 341
345 342
345 343
345 344
345 346
345 347
346 232
346 233
346 234
346 235
346 342
346 343
346 344
346 345
346 347
346 348
346 349
347 231
347 232
347 233
347 234
347 235
347 345
347 346
347 348
347 349
347 370
347 371
348 233
348 234
348 235
348 296
348 300
348 346
348 347
348 349
348 350
348 370
348 371
348 372
348 373
349 234
349 235
349 236
349 343
349 344
349 346
349 347
349 348
349 350
349 351
349 371
349 372
349 373
349 374
350 234
350 235
350 236
350 237
350 292
350 293
350 348
350 349
350 351
350 352
350 372
350 373
350 374
350 375
351 236
351 237
351 238
351 349
351 350
351 352
351 353
351 358
351 362
351 372
351 373
351 374
351 375
352 237
352 238
352 239
352 281
352 282
352 283
352 350
352 351
352 353
352 354
352 355
352 358
352 374
352 375
353 262
353 263
353 264
353 265
353 266
353 281
353 282
353 351
353 352
353 354
353 355
353 358
353 359
353 374
353 375
354 260
354 261
354 262
354 263
354 281
354 282
354 352
354 353
354 355
354 356
354 358
355 44
355 239
355 261
355 262
355 263
355 352
355 353
355 354
355 356
355 357
355 358
355 359
356 44
356 45
356 48
356 199
356 261
356 262
356 354
356 355
356 357
356 358
356 359
356 360
357 43
357 44
357 45
357 340
357 355
357 356
357 358
357 359
357 360
357 361
358 44
358 237
358 351
358 352
358 353
358 354
358 355
358 356
358 357
358 359
358 360
358 361
358 362
359 44
359 262
359 265
359 353
359 355
359 356
359 357
359 358
359 360
359 361
359 362
359 363
360 44
360 47
360 48
360 208
360 340
360 356
360 357
360 358
360 359
360 361
360 362
360 363
360 364
361 340
361 341
361 343
361 344
361 357
361 358
361 359
361 360
361 362
361 363
361 364
361 365
362 344
362 351
362 358
362 359
362 360
362 361
362 363
362 364
362 365
362 366
362 372
363 205
363 206
363 208
363 359
363 360
363 361
363 362
363 364
363 365
363 366
363 367
364 208
364 209
364 344
364 360
364 361
364 362
364 363
364 365
364 366
364 367
364 368
365 344
365 361
365 362
365 363
365 364
365 366
365 367
365 368
365 369
365 370
365 371
365 372
366 362
366 363
366 364
366 365
366 367
366 368
366 369
366 370
366 371
367 206
367 209
367 363
367 364
367 365
367 366
367 368
367 369
367 370
368 364
368 365
368 366
368 367
368 369
368 370
369 365
369 366
369 367
369 368
369 370
369 371
370 347
370 348
370 365
370 366
370 367
370 368
370 369
370 371
370 372
371 347
371 348
371 349
371 365
371 366
371 369
371 370
371 372
371 373
372 348
372 349
372 350
372 351
372 362
372 365
372 370
372 371
372 373
372 374
373 348
373 349
373 350
373 351
373 371
373 372
373 374
373 375
373 377
373 378
373 379
373 380
374 266
374 281
374 349
374 350
374 351
374 352
374 353
374 372
374 373
374 375
374 376
374 377
374 378
374 379
374 380
375 280
375 281
375 284
375 288
375 289
375 292
375 350
375 351
375 352
375 353
375 373
375 374
375 376
375 377
375 378
376 278
376 280
376 281
376 284
376 288
376 374
376 375
376 377
376 378
377 266
377 281
377 373
377 374
377 375
377 376
377 378
377 379
377 380
378 292
378 373
378 374
378 375
378 376
378 377
378 379
378 380
379 373
379 374
379 377
379 378
379 380
379 381
380 266
380 267
380 373
380 374
380 377
380 378
380 379
380 381
380 382
381 266
381 267
381 268
381 379
381 380
381 382
381 383
382 380
382 381
382 383
382 384
383 268
383 381
383 382
383 384
383 385
384 382
384 383
384 385
384 386
385 383
385 384
385 386
385 387
386 384
386 385
386 387
387 385
387 386
