0 1
0 2
1 0
1 2
1 3
2 0
2 1
2 3
2 4
3 1
3 2
3 4
3 5
4 2
4 3
4 5
4 6
5 3
5 4
5 6
5 7
6 4
6 5
6 7
6 8
7 5
7 6
7 8
7 9
8 6
8 7
8 9
8 10
9 7
9 8
9 10
9 11
10 8
10 9
10 11
10 12
11 9
11 10
11 12
11 13
12 10
12 11
12 13
12 14
13 11
13 12
13 14
13 15
14 12
14 13
14 15
14 16
15 13
15 14
15 16
15 17
15 18
16 14
16 15
16 17
16 18
17 15
17 16
17 18
17 19
18 15
18 16
18 17
18 19
18 20
18 21
19 17
19 18
19 20
19 21
20 18
20 19
20 21
20 22
21 18
21 19
21 20
21 22
21 23
21 24
22 20
22 21
22 23
22 24
23 21
23 22
23 24
23 25
24 21
24 22
24 23
24 25
24 26
25 23
25 24
25 26
25 27
26 24
26 25
26 27
26 28
27 25
27 26
27 28
27 29
27 410
27 411
28 26
28 27
28 29
28 30
28 411
29 27
29 28
29 30
29 31
29 411
29 412
30 28
30 29
30 31
30 32
30 33
30 410
30 411
31 29
31 30
31 32
31 33
32 30
32 31
32 33
32 34
33 30
33 31
33 32
33 34
33 35
33 412
33 440
34 32
34 33
34 35
34 36
34 438
34 439
34 440
34 441
35 33
35 34
35 36
35 37
35 419
35 438
35 439
35 440
35 441
36 34
36 35
36 37
36 38
36 419
36 420
36 423
36 437
36 438
36 439
37 35
37 36
37 38
37 39
37 40
37 41
37 42
37 437
37 438
37 439
38 36
38 37
38 39
38 40
38 41
38 42
38 420
39 37
39 38
39 40
39 41
40 37
40 38
40 39
40 41
40 42
41 37
41 38
41 39
41 40
41 42
41 43
41 44
42 37
42 38
42 40
42 41
42 43
42 44
42 51
42 52
42 437
43 41
43 42
43 44
43 45
43 46
43 47
43 48
43 51
43 52
44 41
44 42
44 43
44 45
44 46
45 43
45 44
45 46
45 47
46 43
46 44
46 45
46 47
46 48
46 50
46 51
47 43
47 45
47 46
47 48
47 49
47 50
47 51
48 43
48 46
48 47
48 49
48 50
48 51
48 422
48 425
48 426
48 429
49 47
49 48
49 50
49 51
49 54
49 426
49 429
49 430
50 46
50 47
50 48
50 49
50 51
50 52
50 54
51 42
51 43
51 46
51 47
51 48
51 49
51 50
51 52
51 53
51 54
51 426
52 42
52 43
52 50
52 51
52 53
52 54
53 51
53 52
53 54
53 55
53 384
53 434
53 435
53 436
53 437
54 49
54 50
54 51
54 52
54 53
54 55
54 56
54 430
54 431
54 434
54 435
55 53
55 54
55 56
55 57
55 174
55 175
55 178
55 433
55 434
55 435
56 54
56 55
56 57
56 58
56 431
56 432
56 433
56 434
57 55
57 56
57 58
57 59
57 60
57 171
57 174
57 350
58 56
58 57
58 59
58 60
58 351
59 57
59 58
59 60
59 61
59 350
59 351
59 352
59 353
60 57
60 58
60 59
60 61
60 62
60 167
60 170
60 350
60 351
60 352
60 353
61 59
61 60
61 62
61 63
61 163
61 167
61 352
61 353
61 354
62 60
62 61
62 63
62 64
62 66
62 67
62 163
62 166
62 353
62 354
62 355
63 61
63 62
63 64
63 65
63 66
63 67
63 200
64 62
64 63
64 65
64 66
64 67
64 68
65 63
65 64
65 66
65 67
65 68
65 69
65 232
65 240
66 62
66 63
66 64
66 65
66 67
66 68
66 69
66 70
66 229
66 230
66 232
66 233
67 62
67 63
67 64
67 65
67 66
67 68
67 69
67 70
67 71
67 355
67 356
68 64
68 65
68 66
68 67
68 69
68 70
68 71
68 72
68 232
68 233
69 65
69 66
69 67
69 68
69 70
69 71
69 72
69 73
69 228
69 229
69 231
69 232
69 233
69 234
70 66
70 67
70 68
70 69
70 71
70 72
70 73
70 74
70 158
70 159
70 229
70 232
70 233
70 355
71 67
71 68
71 69
71 70
71 72
71 73
71 74
71 75
71 355
71 356
71 357
72 68
72 69
72 70
72 71
72 73
72 74
72 75
72 233
73 69
73 70
73 71
73 72
73 74
73 75
73 76
73 155
73 233
74 70
74 71
74 72
74 73
74 75
74 76
74 77
74 78
74 155
75 71
75 72
75 73
75 74
75 76
75 77
75 78
76 73
76 74
76 75
76 77
76 78
77 74
77 75
77 76
77 78
77 79
77 82
78 74
78 75
78 76
78 77
78 79
78 80
78 81
78 82
78 83
79 77
79 78
79 80
79 81
79 82
79 83
80 78
80 79
80 81
80 82
80 83
80 84
81 78
81 79
81 80
81 82
81 83
81 84
81 85
82 77
82 78
82 79
82 80
82 81
82 83
82 84
82 85
82 86
82 156
83 78
83 79
83 80
83 81
83 82
83 84
83 85
83 86
83 87
83 359
84 80
84 81
84 82
84 83
84 85
84 86
84 87
84 88
85 81
85 82
85 83
85 84
85 86
85 87
85 88
85 89
85 156
86 82
86 83
86 84
86 85
86 87
86 88
86 89
86 90
86 156
86 157
86 159
86 160
87 83
87 84
87 85
87 86
87 88
87 89
87 90
87 91
87 160
88 84
88 85
88 86
88 87
88 89
88 90
88 91
88 92
89 85
89 86
89 87
89 88
89 90
89 91
89 92
89 93
89 156
89 157
89 160
90 86
90 87
90 88
90 89
90 91
90 92
90 93
90 94
90 160
90 161
91 87
91 88
91 89
91 90
91 92
91 93
91 94
91 95
92 88
92 89
92 90
92 91
92 93
92 94
92 95
92 96
93 89
93 90
93 91
93 92
93 94
93 95
93 96
94 90
94 91
94 92
94 93
94 95
94 96
94 296
94 298
95 91
95 92
95 93
95 94
95 96
95 97
96 92
96 93
96 94
96 95
96 97
96 98
96 144
97 95
97 96
97 98
97 99
97 142
97 144
97 268
97 300
98 96
98 97
98 99
98 100
98 144
98 268
98 300
99 97
99 98
99 100
99 101
99 142
99 143
99 144
99 271
99 272
100 98
100 99
100 101
100 102
100 104
100 105
100 141
100 142
100 144
101 99
101 100
101 102
101 103
101 104
101 105
101 272
101 273
102 100
102 101
102 103
102 104
102 105
102 106
103 101
103 102
103 104
103 105
103 106
103 107
104 100
104 101
104 102
104 103
104 105
104 106
104 107
104 108
105 100
105 101
105 102
105 103
105 104
105 106
105 107
105 108
105 109
105 137
106 102
106 103
106 104
106 105
106 107
106 108
106 109
106 110
107 103
107 104
107 105
107 106
107 108
107 109
107 110
107 111
108 104
108 105
108 106
108 107
108 109
108 110
108 111
108 112
108 137
109 105
109 106
109 107
109 108
109 110
109 111
109 112
109 113
109 133
109 134
109 137
110 106
110 107
110 108
110 109
110 111
110 112
110 113
110 114
111 107
111 108
111 109
111 110
111 112
111 113
111 114
111 115
112 108
112 109
112 110
112 111
112 113
112 114
112 115
112 116
112 133
112 136
113 109
113 110
113 111
113 112
113 114
113 115
113 116
113 117
113 129
113 130
113 133
114 110
114 111
114 112
114 113
114 115
114 116
114 117
114 118
115 111
115 112
115 113
115 114
115 116
115 117
115 118
115 119
116 112
116 113
116 114
116 115
116 117
116 118
116 119
116 122
116 129
117 113
117 114
117 115
117 116
117 118
117 119
117 120
117 122
118 114
118 115
118 116
118 117
118 119
118 120
119 115
119 116
119 117
119 118
119 120
119 121
119 122
120 117
120 118
120 119
120 121
120 122
120 123
121 119
121 120
121 122
121 123
122 116
122 117
122 119
122 120
122 121
122 123
122 124
123 120
123 121
123 122
123 124
123 125
124 122
124 123
124 125
124 126
124 127
124 128
124 129
125 123
125 124
125 126
125 127
125 128
125 129
126 124
126 125
126 127
126 128
126 129
126 130
127 124
127 125
127 126
127 128
127 129
127 130
127 131
128 124
128 125
128 126
128 127
128 129
128 130
128 131
128 132
129 113
129 116
129 124
129 125
129 126
129 127
129 128
129 130
129 131
129 132
129 133
130 113
130 126
130 127
130 128
130 129
130 131
130 132
130 133
130 134
131 127
131 128
131 129
131 130
131 132
131 133
131 134
131 135
132 128
132 129
132 130
132 131
132 133
132 134
132 135
132 136
133 109
133 112
133 113
133 129
133 130
133 131
133 132
133 134
133 135
133 136
133 137
134 109
134 130
134 131
134 132
134 133
134 135
134 136
134 137
134 138
135 131
135 132
135 133
135 134
135 136
135 137
135 138
135 139
136 112
136 132
136 133
136 134
136 135
136 137
136 138
136 139
136 140
137 105
137 108
137 109
137 133
137 134
137 135
137 136
137 138
137 139
137 140
137 141
138 134
138 135
138 136
138 137
138 139
138 140
138 141
138 142
138 143
139 135
139 136
139 137
139 138
139 140
139 141
139 142
140 136
140 137
140 138
140 139
140 141
140 142
141 100
141 137
141 138
141 139
141 140
141 142
141 143
142 97
142 99
142 100
142 138
142 139
142 140
142 141
142 143
142 144
143 99
143 138
143 141
143 142
143 144
143 145
144 96
144 97
144 98
144 99
144 100
144 142
144 143
144 145
144 146
145 143
145 144
145 146
145 147
146 144
146 145
146 147
146 148
146 269
146 270
146 271
147 145
147 146
147 148
147 149
147 269
148 146
148 147
148 149
148 150
148 219
149 147
149 148
149 150
149 151
149 152
149 153
149 154
149 219
149 221
149 222
150 148
150 149
150 151
150 152
150 153
150 154
150 219
150 221
150 222
151 149
151 150
151 152
151 153
151 154
151 155
151 221
151 222
151 225
152 149
152 150
152 151
152 153
152 154
152 155
152 156
153 149
153 150
153 151
153 152
153 154
153 155
153 156
153 157
154 149
154 150
154 151
154 152
154 153
154 155
154 156
154 157
154 158
154 195
154 221
154 222
154 225
155 73
155 74
155 151
155 152
155 153
155 154
155 156
155 157
155 158
155 159
155 225
156 82
156 85
156 86
156 89
156 152
156 153
156 154
156 155
156 157
156 158
156 159
156 160
157 86
157 89
157 153
157 154
157 155
157 156
157 158
157 159
157 160
157 161
157 162
158 70
158 154
158 155
158 156
158 157
158 159
158 160
158 161
158 162
158 195
159 70
159 86
159 155
159 156
159 157
159 158
159 160
159 161
159 162
159 163
159 355
160 86
160 87
160 89
160 90
160 156
160 157
160 158
160 159
160 161
160 162
160 163
160 164
161 90
161 157
161 158
161 159
161 160
161 162
161 163
161 164
161 165
162 157
162 158
162 159
162 160
162 161
162 163
162 164
162 165
162 166
162 195
162 197
163 61
163 62
163 159
163 160
163 161
163 162
163 164
163 165
163 166
163 167
163 197
163 352
163 353
163 354
163 355
164 160
164 161
164 162
164 163
164 165
164 166
164 167
164 168
164 352
164 354
164 365
164 366
165 161
165 162
165 163
165 164
165 166
165 167
165 168
165 169
165 197
165 264
165 265
165 366
166 62
166 162
166 163
166 164
166 165
166 167
166 168
166 169
166 170
166 197
166 198
166 200
166 201
167 60
167 61
167 163
167 164
167 165
167 166
167 168
167 169
167 170
167 171
167 350
167 351
167 352
167 366
168 164
168 165
168 166
168 167
168 169
168 170
168 171
168 172
168 294
168 349
168 350
168 366
168 367
168 368
169 165
169 166
169 167
169 168
169 170
169 171
169 172
169 173
169 197
169 198
169 201
169 264
169 294
170 60
170 166
170 167
170 168
170 169
170 171
170 172
170 173
170 174
170 198
170 201
170 202
171 57
171 167
171 168
171 169
171 170
171 172
171 173
171 174
171 175
171 350
172 168
172 169
172 170
172 171
172 173
172 174
172 175
172 176
172 292
172 294
172 370
172 372
173 169
173 170
173 171
173 172
173 174
173 175
173 176
173 177
173 201
173 202
173 205
174 55
174 57
174 170
174 171
174 172
174 173
174 175
174 176
174 177
174 178
174 205
175 55
175 171
175 172
175 173
175 174
175 176
175 177
175 178
175 179
175 330
176 172
176 173
176 174
176 175
176 177
176 178
176 179
176 180
176 181
177 173
177 174
177 175
177 176
177 178
177 179
177 180
177 181
177 182
177 183
177 205
178 55
178 174
178 175
178 176
178 177
178 179
178 180
178 181
179 175
179 176
179 177
179 178
179 180
179 181
179 382
180 176
180 177
180 178
180 179
180 181
180 182
180 183
181 176
181 177
181 178
181 179
181 180
181 182
181 183
182 177
182 180
182 181
182 183
182 184
183 177
183 180
183 181
183 182
183 184
183 185
184 182
184 183
184 185
184 186
184 206
184 209
184 210
185 183
185 184
185 186
185 187
185 188
185 206
185 209
185 210
185 259
185 260
186 184
186 185
186 187
186 188
186 209
186 210
186 211
186 212
186 259
187 185
187 186
187 188
187 189
187 210
187 211
187 212
187 213
187 258
187 259
187 260
188 185
188 186
188 187
188 189
188 190
188 210
188 212
188 213
188 214
188 258
188 259
188 260
188 261
188 262
189 187
189 188
189 190
189 191
189 213
189 214
189 215
189 216
189 258
189 260
189 261
189 262
190 188
190 189
190 191
190 192
190 193
190 198
190 199
190 213
190 214
190 215
190 216
190 261
190 262
190 263
191 189
191 190
191 192
191 193
191 215
191 216
191 217
191 250
191 261
191 262
191 263
191 264
191 266
192 190
192 191
192 193
192 194
192 215
192 216
192 217
192 218
192 263
192 264
192 265
192 266
193 190
193 191
193 192
193 194
193 195
193 196
193 197
193 198
193 215
193 216
193 217
193 223
193 263
193 264
194 192
194 193
194 195
194 196
194 197
194 217
194 219
194 222
194 223
194 226
195 154
195 158
195 162
195 193
195 194
195 196
195 197
195 222
195 223
195 225
195 226
195 229
196 193
196 194
196 195
196 197
196 198
196 199
196 200
196 215
196 226
196 230
197 162
197 163
197 165
197 166
197 169
197 193
197 194
197 195
197 196
197 198
197 199
197 200
197 201
198 166
198 169
198 170
198 190
198 193
198 196
198 197
198 199
198 200
198 201
198 202
198 262
198 264
199 190
199 196
199 197
199 198
199 200
199 201
199 202
199 203
199 213
199 215
199 244
200 63
200 166
200 196
200 197
200 198
200 199
200 201
200 202
200 203
200 204
200 241
201 166
201 169
201 170
201 173
201 197
201 198
201 199
201 200
201 202
201 203
201 204
201 205
202 170
202 173
202 198
202 199
202 200
202 201
202 203
202 204
202 205
202 206
202 207
203 199
203 200
203 201
203 202
203 204
203 205
203 206
203 207
203 208
203 210
203 241
204 200
204 201
204 202
204 203
204 205
204 206
204 207
205 173
205 174
205 177
205 201
205 202
205 203
205 204
205 206
205 207
206 184
206 185
206 202
206 203
206 204
206 205
206 207
206 208
206 209
206 210
207 202
207 203
207 204
207 205
207 206
207 208
207 209
207 210
207 211
208 203
208 206
208 207
208 209
208 210
209 184
209 185
209 186
209 206
209 207
209 208
209 210
209 211
210 184
210 185
210 186
210 187
210 188
210 203
210 206
210 207
210 208
210 209
210 211
210 212
210 213
211 186
211 187
211 207
211 209
211 210
211 212
211 213
211 242
211 243
212 186
212 187
212 188
212 210
212 211
212 213
212 214
212 242
212 243
212 244
212 245
213 187
213 188
213 189
213 190
213 199
213 210
213 211
213 212
213 214
213 215
213 243
213 244
213 245
214 188
214 189
214 190
214 212
214 213
214 215
214 216
214 244
214 245
214 246
214 247
215 189
215 190
215 191
215 192
215 193
215 196
215 199
215 213
215 214
215 216
215 217
215 223
215 244
215 245
215 246
215 247
216 189
216 190
216 191
216 192
216 193
216 214
216 215
216 217
216 218
216 246
216 247
216 248
216 249
216 250
217 191
217 192
217 193
217 194
217 215
217 216
217 218
217 219
217 220
217 222
217 223
217 246
217 247
217 248
217 249
218 192
218 216
218 217
218 219
218 220
218 248
218 249
219 148
219 149
219 150
219 194
219 217
219 218
219 220
219 221
219 222
219 223
219 248
220 217
220 218
220 219
220 221
220 222
220 223
220 224
220 248
221 149
221 150
221 151
221 154
221 219
221 220
221 222
221 223
221 224
221 225
222 149
222 150
222 151
222 154
222 194
222 195
222 217
222 219
222 220
222 221
222 223
222 224
222 225
222 226
223 193
223 194
223 195
223 215
223 217
223 219
223 220
223 221
223 222
223 224
223 225
223 226
223 227
223 246
223 247
224 220
224 221
224 222
224 223
224 225
224 226
224 227
224 228
225 151
225 154
225 155
225 195
225 221
225 222
225 223
225 224
225 226
225 227
225 228
225 229
226 194
226 195
226 196
226 222
226 223
226 224
226 225
226 227
226 228
226 229
226 230
227 223
227 224
227 225
227 226
227 228
227 229
227 230
227 231
227 239
228 69
228 224
228 225
228 226
228 227
228 229
228 230
228 231
228 232
228 233
228 234
228 235
229 66
229 69
229 70
229 195
229 225
229 226
229 227
229 228
229 230
229 231
229 232
229 233
229 234
230 66
230 196
230 226
230 227
230 228
230 229
230 231
230 232
230 233
230 239
230 240
230 241
231 69
231 227
231 228
231 229
231 230
231 232
231 233
231 234
231 235
231 236
231 237
231 238
231 239
231 240
232 65
232 66
232 68
232 69
232 70
232 228
232 229
232 230
232 231
232 233
232 234
232 237
232 239
232 240
233 66
233 68
233 69
233 70
233 72
233 73
233 228
233 229
233 230
233 231
233 232
233 234
233 235
234 69
234 228
234 229
234 231
234 232
234 233
234 235
234 236
234 237
235 228
235 231
235 233
235 234
235 236
235 237
236 231
236 234
236 235
236 237
236 238
237 231
237 232
237 234
237 235
237 236
237 238
237 239
238 231
238 236
238 237
238 239
238 240
239 227
239 230
239 231
239 232
239 237
239 238
239 240
239 241
239 242
240 65
240 230
240 231
240 232
240 238
240 239
240 241
240 242
241 200
241 203
241 230
241 239
241 240
241 242
241 243
241 244
242 211
242 212
242 239
242 240
242 241
242 243
242 244
243 211
243 212
243 213
243 241
243 242
243 244
243 245
244 199
244 212
244 213
244 214
244 215
244 241
244 242
244 243
244 245
244 246
245 212
245 213
245 214
245 215
245 243
245 244
245 246
245 247
246 214
246 215
246 216
246 217
246 223
246 244
246 245
246 247
246 248
247 214
247 215
247 216
247 217
247 223
247 245
247 246
247 248
247 249
247 250
248 216
248 217
248 218
248 219
248 220
248 246
248 247
248 249
248 250
249 216
249 217
249 218
249 247
249 248
249 250
249 251
250 191
250 216
250 247
250 248
250 249
250 251
250 252
251 249
251 250
251 252
251 253
251 254
251 256
252 250
252 251
252 253
252 254
253 251
253 252
253 254
253 255
253 256
254 251
254 252
254 253
254 255
254 256
254 257
254 285
254 286
254 321
255 253
255 254
255 256
255 257
255 321
256 251
256 253
256 254
256 255
256 257
256 258
256 286
257 254
257 255
257 256
257 258
257 259
257 285
257 286
257 287
257 288
258 187
258 188
258 189
258 256
258 257
258 259
258 260
258 261
258 286
258 287
258 288
258 289
259 185
259 186
259 187
259 188
259 257
259 258
259 260
259 261
259 287
259 288
259 289
259 290
260 185
260 187
260 188
260 189
260 258
260 259
260 261
260 262
260 287
260 288
260 289
260 290
260 291
260 292
261 188
261 189
261 190
261 191
261 258
261 259
261 260
261 262
261 263
261 283
261 284
261 286
261 287
261 290
261 291
261 292
262 188
262 189
262 190
262 191
262 198
262 260
262 261
262 263
262 264
262 291
262 292
262 293
263 190
263 191
263 192
263 193
263 261
263 262
263 264
263 265
263 266
263 267
263 292
263 293
263 294
264 165
264 169
264 191
264 192
264 193
264 198
264 262
264 263
264 265
264 266
264 267
264 292
264 293
264 294
264 295
265 165
265 192
265 263
265 264
265 266
265 267
265 268
265 269
265 294
265 295
265 296
266 191
266 192
266 263
266 264
266 265
266 267
266 268
266 269
266 270
266 295
267 263
267 264
267 265
267 266
267 268
267 269
267 270
267 276
267 295
267 304
268 97
268 98
268 265
268 266
268 267
268 269
268 270
268 295
268 301
268 304
269 146
269 147
269 265
269 266
269 267
269 268
269 270
269 271
270 146
270 266
270 267
270 268
270 269
270 271
270 272
270 273
270 275
270 276
271 99
271 146
271 269
271 270
271 272
271 273
271 275
271 276
272 99
272 101
272 270
272 271
272 273
272 274
272 275
272 276
273 101
273 270
273 271
273 272
273 274
273 275
273 276
273 277
274 272
274 273
274 275
274 276
274 277
274 278
275 270
275 271
275 272
275 273
275 274
275 276
275 277
275 278
275 279
276 267
276 270
276 271
276 272
276 273
276 274
276 275
276 277
276 278
276 279
276 280
277 273
277 274
277 275
277 276
277 278
277 279
277 280
277 281
277 308
277 311
278 274
278 275
278 276
278 277
278 279
278 280
278 281
278 282
279 275
279 276
279 277
279 278
279 280
279 281
279 282
279 283
280 276
280 277
280 278
280 279
280 281
280 282
280 283
280 284
280 308
280 311
280 312
281 277
281 278
281 279
281 280
281 282
281 283
281 284
281 285
281 311
281 312
282 278
282 279
282 280
282 281
282 283
282 284
282 285
282 286
283 261
283 279
283 280
283 281
283 282
283 284
283 285
283 286
283 287
283 291
284 261
284 280
284 281
284 282
284 283
284 285
284 286
284 287
284 291
284 312
285 254
285 257
285 281
285 282
285 283
285 284
285 286
285 287
285 317
285 320
285 321
286 254
286 256
286 257
286 258
286 261
286 282
286 283
286 284
286 285
286 287
286 288
287 257
287 258
287 259
287 260
287 261
287 283
287 284
287 285
287 286
287 288
287 289
287 290
287 291
287 375
288 257
288 258
288 259
288 260
288 286
288 287
288 289
288 290
288 322
288 375
289 258
289 259
289 260
289 287
289 288
289 290
289 291
289 374
289 375
290 259
290 260
290 261
290 287
290 288
290 289
290 291
290 292
290 372
290 373
290 374
290 375
291 260
291 261
291 262
291 283
291 284
291 287
291 289
291 290
291 292
291 293
291 372
291 373
291 374
292 172
292 260
292 261
292 262
292 263
292 264
292 290
292 291
292 293
292 294
292 370
292 371
292 372
292 373
293 262
293 263
293 264
293 291
293 292
293 294
293 295
293 305
293 370
293 371
293 372
294 168
294 169
294 172
294 263
294 264
294 265
294 292
294 293
294 295
294 296
294 305
294 368
294 369
294 370
294 371
295 264
295 265
295 266
295 267
295 268
295 293
295 294
295 296
295 297
295 301
295 302
295 305
295 368
295 369
295 370
296 94
296 265
296 294
296 295
296 297
296 298
296 300
296 301
296 302
296 367
296 368
296 369
297 295
297 296
297 298
297 299
297 301
297 302
297 345
297 346
297 347
297 348
297 367
297 368
297 369
298 94
298 296
298 297
298 299
298 300
298 301
298 302
298 345
298 347
298 368
298 369
299 297
299 298
299 300
299 301
299 302
299 303
299 344
299 345
299 346
300 97
300 98
300 296
300 298
300 299
300 301
300 302
300 303
300 304
301 268
301 295
301 296
301 297
301 298
301 299
301 300
301 302
301 303
301 304
301 305
301 369
302 295
302 296
302 297
302 298
302 299
302 300
302 301
302 303
302 304
302 305
302 306
302 341
302 345
302 346
302 347
302 369
302 370
303 299
303 300
303 301
303 302
303 304
303 305
303 306
303 307
303 341
303 345
304 267
304 268
304 300
304 301
304 302
304 303
304 305
304 306
304 307
304 308
305 293
305 294
305 295
305 301
305 302
305 303
305 304
305 306
305 307
305 308
305 309
305 369
305 370
305 371
306 302
306 303
306 304
306 305
306 307
306 308
306 309
306 310
306 338
306 341
307 303
307 304
307 305
307 306
307 308
307 309
307 310
307 311
308 277
308 280
308 304
308 305
308 306
308 307
308 309
308 310
308 311
308 312
309 305
309 306
309 307
309 308
309 310
309 311
309 312
309 313
309 328
309 371
309 373
310 306
310 307
310 308
310 309
310 311
310 312
310 313
310 314
310 315
311 277
311 280
311 281
311 307
311 308
311 309
311 310
311 312
311 313
311 314
311 315
312 280
312 281
312 284
312 308
312 309
312 310
312 311
312 313
312 314
312 315
312 326
313 309
313 310
313 311
313 312
313 314
313 315
313 326
313 327
313 335
314 310
314 311
314 312
314 313
314 315
314 316
315 310
315 311
315 312
315 313
315 314
315 316
315 317
316 314
316 315
316 317
316 318
317 285
317 315
317 316
317 318
317 319
317 320
318 316
318 317
318 319
318 320
319 317
319 318
319 320
319 321
320 285
320 317
320 318
320 319
320 321
320 322
320 323
321 254
321 255
321 285
321 319
321 320
321 322
321 323
322 288
322 320
322 321
322 323
322 324
323 320
323 321
323 322
323 324
323 325
324 322
324 323
324 325
324 326
324 375
324 376
325 323
325 324
325 326
325 327
325 375
325 376
325 377
326 312
326 313
326 324
326 325
326 327
326 328
326 373
326 374
326 375
326 376
326 377
327 313
327 325
327 326
327 328
327 329
327 335
327 373
327 374
327 375
327 376
327 377
327 378
328 309
328 326
328 327
328 329
328 330
328 331
328 332
328 333
328 334
328 335
328 371
328 372
328 373
328 374
328 378
329 327
329 328
329 330
329 331
329 332
329 333
329 371
329 372
329 373
329 374
329 378
329 382
330 175
330 328
330 329
330 331
330 332
330 333
330 370
330 371
330 372
330 373
331 328
331 329
331 330
331 332
331 333
331 370
331 371
331 372
331 386
331 433
332 328
332 329
332 330
332 331
332 333
332 334
332 335
332 371
332 386
332 403
332 404
332 405
333 328
333 329
333 330
333 331
333 332
333 334
333 335
333 382
333 383
333 384
333 385
333 386
333 403
333 404
333 405
334 328
334 332
334 333
334 335
334 336
334 383
334 404
334 405
334 406
334 407
335 313
335 327
335 328
335 332
335 333
335 334
335 336
335 337
335 407
336 334
336 335
336 337
336 338
336 406
336 407
337 335
337 336
337 338
337 339
337 407
338 306
338 336
338 337
338 339
338 340
338 341
338 407
339 337
339 338
339 340
339 341
339 342
339 403
339 407
339 408
339 409
340 338
340 339
340 341
340 342
340 343
340 344
340 345
340 346
340 409
341 302
341 303
341 306
341 338
341 339
341 340
341 342
341 343
341 344
341 345
342 339
342 340
342 341
342 343
342 344
343 340
343 341
343 342
343 344
343 345
344 299
344 340
344 341
344 342
344 343
344 345
344 346
345 297
345 298
345 299
345 302
345 303
345 340
345 341
345 343
345 344
345 346
345 347
345 369
346 297
346 299
346 302
346 340
346 344
346 345
346 347
346 348
346 369
346 388
347 297
347 298
347 302
347 345
347 346
347 348
347 349
347 367
347 368
347 369
347 370
347 388
348 297
348 346
348 347
348 349
348 350
348 367
348 368
348 369
348 388
348 432
348 433
349 168
349 347
349 348
349 350
349 351
349 365
349 366
349 367
349 368
349 432
350 57
350 59
350 60
350 167
350 168
350 171
350 348
350 349
350 351
350 352
350 365
350 366
350 367
351 58
351 59
351 60
351 167
351 349
351 350
351 352
351 353
351 363
351 364
351 365
351 366
352 59
352 60
352 61
352 163
352 164
352 167
352 350
352 351
352 353
352 354
352 363
352 364
352 365
352 366
353 59
353 60
353 61
353 62
353 163
353 351
353 352
353 354
353 355
353 362
353 363
353 364
354 61
354 62
354 163
354 164
354 352
354 353
354 355
354 356
354 360
354 362
354 363
354 364
355 62
355 67
355 70
355 71
355 159
355 163
355 353
355 354
355 356
355 357
355 360
356 67
356 71
356 354
356 355
356 357
356 358
356 360
356 361
357 71
357 355
357 356
357 358
357 359
357 360
358 356
358 357
358 359
358 360
358 361
359 83
359 357
359 358
359 360
359 361
360 354
360 355
360 356
360 357
360 358
360 359
360 361
360 362
360 363
361 356
361 358
361 359
361 360
361 362
361 363
362 353
362 354
362 360
362 361
362 363
362 364
363 351
363 352
363 353
363 354
363 360
363 361
363 362
363 364
363 365
364 351
364 352
364 353
364 354
364 362
364 363
364 365
364 366
365 164
365 349
365 350
365 351
365 352
365 363
365 364
365 366
365 367
366 164
366 165
366 167
366 168
366 349
366 350
366 351
366 352
366 364
366 365
366 367
366 368
367 168
367 296
367 297
367 347
367 348
367 349
367 350
367 365
367 366
367 368
367 369
368 168
368 294
368 295
368 296
368 297
368 298
368 347
368 348
368 349
368 366
368 367
368 369
368 370
369 294
369 295
369 296
369 297
369 298
369 301
369 302
369 305
369 345
369 346
369 347
369 348
369 367
369 368
369 370
369 371
370 172
370 292
370 293
370 294
370 295
370 302
370 305
370 330
370 331
370 347
370 368
370 369
370 371
370 372
371 292
371 293
371 294
371 305
371 309
371 328
371 329
371 330
371 331
371 332
371 369
371 370
371 372
371 373
372 172
372 290
372 291
372 292
372 293
372 328
372 329
372 330
372 331
372 370
372 371
372 373
372 374
373 290
373 291
373 292
373 309
373 326
373 327
373 328
373 329
373 330
373 371
373 372
373 374
373 375
374 289
374 290
374 291
374 326
374 327
374 328
374 329
374 372
374 373
374 375
374 376
375 287
375 288
375 289
375 290
375 324
375 325
375 326
375 327
375 373
375 374
375 376
375 377
376 324
376 325
376 326
376 327
376 374
376 375
376 377
376 378
377 325
377 326
377 327
377 375
377 376
377 378
377 379
378 327
378 328
378 329
378 376
378 377
378 379
378 380
378 382
379 377
379 378
379 380
379 381
379 382
379 383
380 378
380 379
380 381
380 382
380 383
381 379
381 380
381 382
381 383
381 384
382 179
382 329
382 333
382 378
382 379
382 380
382 381
382 383
382 384
383 333
383 334
383 379
383 380
383 381
383 382
383 384
383 385
383 404
383 405
384 53
384 333
384 381
384 382
384 383
384 385
384 386
384 404
384 405
384 435
384 436
384 437
384 438
384 439
385 333
385 383
385 384
385 386
385 387
385 402
385 403
385 404
385 405
385 435
385 436
385 437
385 438
386 331
386 332
386 333
386 384
386 385
386 387
386 388
386 402
386 403
386 404
386 433
386 434
386 435
386 436
387 385
387 386
387 388
387 389
387 390
387 391
387 400
387 401
387 402
387 403
387 431
387 432
387 433
387 434
387 435
387 436
388 346
388 347
388 348
388 386
388 387
388 389
388 390
388 401
388 402
388 403
388 432
388 433
389 387
389 388
389 390
389 391
389 400
389 401
389 402
389 432
389 433
390 387
390 388
390 389
390 391
390 392
390 400
390 431
390 432
391 387
391 389
391 390
391 392
391 393
391 398
391 399
391 400
391 401
391 427
391 428
391 430
391 431
391 432
392 390
392 391
392 393
392 394
392 398
392 399
392 400
393 391
393 392
393 394
393 395
393 397
393 398
393 399
393 428
394 392
394 393
394 395
394 396
394 397
394 398
394 399
395 393
395 394
395 396
395 397
395 398
396 394
396 395
396 397
396 398
396 415
396 416
397 393
397 394
397 395
397 396
397 398
397 399
397 413
397 414
397 415
397 416
397 424
398 391
398 392
398 393
398 394
398 395
398 396
398 397
398 399
398 400
398 412
398 413
398 414
398 415
398 424
398 427
398 428
399 391
399 392
399 393
399 394
399 397
399 398
399 400
399 401
399 411
399 412
399 413
399 414
400 387
400 389
400 390
400 391
400 392
400 398
400 399
400 401
400 402
400 411
400 412
400 413
400 414
400 427
401 387
401 388
401 389
401 391
401 399
401 400
401 402
401 403
401 409
401 410
401 411
401 412
402 385
402 386
402 387
402 388
402 389
402 400
402 401
402 403
402 404
402 409
402 410
402 411
402 412
403 332
403 333
403 339
403 385
403 386
403 387
403 388
403 401
403 402
403 404
403 405
403 407
403 408
403 409
403 410
404 332
404 333
404 334
404 383
404 384
404 385
404 386
404 402
404 403
404 405
404 406
404 407
404 408
404 409
404 410
404 440
405 332
405 333
405 334
405 383
405 384
405 385
405 403
405 404
405 406
405 407
405 408
405 440
406 334
406 336
406 404
406 405
406 407
406 408
406 440
406 442
406 443
407 334
407 335
407 336
407 337
407 338
407 339
407 403
407 404
407 405
407 406
407 408
407 409
408 339
408 403
408 404
408 405
408 406
408 407
408 409
408 410
409 339
409 340
409 401
409 402
409 403
409 404
409 407
409 408
409 410
409 411
410 27
410 30
410 401
410 402
410 403
410 404
410 408
410 409
410 411
410 412
411 27
411 28
411 29
411 30
411 399
411 400
411 401
411 402
411 409
411 410
411 412
411 413
412 29
412 33
412 398
412 399
412 400
412 401
412 402
412 410
412 411
412 413
412 414
413 397
413 398
413 399
413 400
413 411
413 412
413 414
413 415
414 397
414 398
414 399
414 400
414 412
414 413
414 415
414 416
414 418
414 419
414 423
414 424
414 427
415 396
415 397
415 398
415 413
415 414
415 416
415 417
415 418
415 419
415 420
415 421
415 424
416 396
416 397
416 414
416 415
416 417
416 418
416 419
416 420
416 421
416 422
416 423
416 424
416 425
417 415
417 416
417 418
417 419
417 420
417 421
418 414
418 415
418 416
418 417
418 419
418 420
419 35
419 36
419 414
419 415
419 416
419 417
419 418
419 420
419 421
419 423
419 424
420 36
420 38
420 415
420 416
420 417
420 418
420 419
420 421
420 422
420 423
420 424
421 415
421 416
421 417
421 419
421 420
421 422
421 423
421 424
421 425
422 48
422 416
422 420
422 421
422 423
422 424
422 425
422 426
423 36
423 414
423 416
423 419
423 420
423 421
423 422
423 424
423 425
423 426
423 427
423 437
423 438
424 397
424 398
424 414
424 415
424 416
424 419
424 420
424 421
424 422
424 423
424 425
424 426
424 427
424 428
425 48
425 416
425 421
425 422
425 423
425 424
425 426
425 427
425 428
425 429
426 48
426 49
426 51
426 422
426 423
426 424
426 425
426 427
426 428
426 429
426 430
426 436
427 391
427 398
427 400
427 414
427 423
427 424
427 425
427 426
427 428
427 429
427 430
427 436
428 391
428 393
428 398
428 424
428 425
428 426
428 427
428 429
428 430
429 48
429 49
429 425
429 426
429 427
429 428
429 430
429 431
430 49
430 54
430 391
430 426
430 427
430 428
430 429
430 431
430 432
430 434
430 435
430 436
431 54
431 56
431 387
431 390
431 391
431 429
431 430
431 432
431 433
431 434
432 56
432 348
432 349
432 387
432 388
432 389
432 390
432 391
432 430
432 431
432 433
432 434
433 55
433 56
433 331
433 348
433 386
433 387
433 388
433 389
433 431
433 432
433 434
433 435
434 53
434 54
434 55
434 56
434 386
434 387
434 430
434 431
434 432
434 433
434 435
434 436
435 53
435 54
435 55
435 384
435 385
435 386
435 387
435 430
435 433
435 434
435 436
435 437
436 53
436 384
436 385
436 386
436 387
436 426
436 427
436 430
436 434
436 435
436 437
436 438
437 36
437 37
437 42
437 53
437 384
437 385
437 423
437 435
437 436
437 438
437 439
438 34
438 35
438 36
438 37
438 384
438 385
438 423
438 436
438 437
438 439
438 440
439 34
439 35
439 36
439 37
439 384
439 437
439 438
439 440
439 441
440 33
440 34
440 35
440 404
440 405
440 406
440 438
440 439
440 441
440 442
441 34
441 35
441 439
441 440
441 442
441 443
442 406
442 440
442 441
442 443
442 444
442 445
443 406
443 441
443 442
443 444
443 445
444 442
444 443
444 445
444 446
444 447
445 442
445 443
445 444
445 446
445 447
446 444
446 445
446 447
446 448
447 444
447 445
447 446
447 448
447 449
448 446
448 447
448 449
448 450
449 447
449 448
449 450
449 451
450 448
450 449
450 451
450 452
451 449
451 450
451 452
451 453
452 450
452 451
452 453
452 454
453 451
453 452
453 454
453 455
454 452
454 453
454 455
455 453
455 454
