0 1
0 2
0 3
1 0
1 2
1 3
1 4
2 0
2 1
2 3
2 4
2 5
3 0
3 1
3 2
3 4
3 5
3 6
4 1
4 2
4 3
4 5
4 6
5 2
5 3
5 4
5 6
5 7
6 3
6 4
6 5
6 7
6 8
7 5
7 6
7 8
7 9
8 6
8 7
8 9
8 10
9 7
9 8
9 10
9 11
10 8
10 9
10 11
10 12
11 9
11 10
11 12
11 13
12 10
12 11
12 13
12 14
13 11
13 12
13 14
13 15
14 12
14 13
14 15
14 16
15 13
15 14
15 16
15 17
15 18
16 14
16 15
16 17
16 18
17 15
17 16
17 18
17 19
18 15
18 16
18 17
18 19
18 20
19 17
19 18
19 20
19 21
19 36
19 37
20 18
20 19
20 21
20 22
20 34
20 35
20 36
21 19
21 20
21 22
21 23
21 34
21 35
21 36
22 20
22 21
22 23
22 24
22 33
22 34
22 35
23 21
23 22
23 24
23 25
23 33
23 34
23 401
24 22
24 23
24 25
24 26
24 27
24 33
25 23
25 24
25 26
25 27
25 28
26 24
26 25
26 27
26 28
27 24
27 25
27 26
27 28
27 29
27 30
27 397
27 398
27 399
28 25
28 26
28 27
28 29
28 30
28 397
28 398
29 27
29 28
29 30
29 31
29 397
29 398
30 27
30 28
30 29
30 31
30 32
30 33
30 347
30 397
30 398
30 399
31 29
31 30
31 32
31 33
31 398
31 431
31 432
31 433
31 434
32 30
32 31
32 33
32 34
32 35
32 400
32 417
32 418
32 430
32 431
32 432
32 433
33 22
33 23
33 24
33 30
33 31
33 32
33 34
33 35
33 430
33 431
33 432
33 433
34 20
34 21
34 22
34 23
34 32
34 33
34 35
34 36
34 430
34 431
34 432
34 433
35 20
35 21
35 22
35 32
35 33
35 34
35 36
35 37
35 428
35 429
35 430
35 431
36 19
36 20
36 21
36 34
36 35
36 37
36 38
36 73
36 428
36 429
36 430
37 19
37 35
37 36
37 38
37 39
37 426
37 427
37 428
37 429
38 36
38 37
38 39
38 40
38 73
38 426
38 427
38 428
38 429
39 37
39 38
39 40
39 41
39 425
39 426
39 427
40 38
40 39
40 41
40 42
40 66
40 426
41 39
41 40
41 42
41 43
41 44
41 45
41 60
41 62
41 64
41 425
41 426
42 40
42 41
42 43
42 44
42 62
42 425
43 41
43 42
43 44
43 45
43 60
43 61
43 62
43 423
43 424
43 425
44 41
44 42
44 43
44 45
44 46
44 60
44 61
44 62
44 422
44 423
44 424
44 425
45 41
45 43
45 44
45 46
45 47
45 58
45 59
45 60
45 61
45 408
45 421
45 422
45 423
45 424
45 425
45 426
45 427
46 44
46 45
46 47
46 48
46 58
46 59
46 60
46 61
46 408
46 409
46 421
46 422
46 423
47 45
47 46
47 48
47 49
47 58
47 59
47 60
47 88
47 89
47 408
47 409
47 421
48 46
48 47
48 49
48 50
48 56
48 57
48 58
48 59
48 89
48 409
48 410
48 411
48 420
48 421
49 47
49 48
49 50
49 51
49 56
49 57
49 58
49 89
49 90
49 91
49 411
50 48
50 49
50 51
50 52
50 53
50 55
50 56
50 57
50 91
50 411
51 49
51 50
51 52
51 53
51 54
51 55
51 56
51 57
51 91
51 103
51 119
52 50
52 51
52 53
52 54
52 55
52 56
53 50
53 51
53 52
53 54
53 55
53 70
53 413
54 51
54 52
54 53
54 55
54 56
54 69
54 70
54 71
54 416
55 50
55 51
55 52
55 53
55 54
55 56
55 57
55 67
55 68
55 69
55 70
56 48
56 49
56 50
56 51
56 52
56 54
56 55
56 57
56 58
56 67
56 68
56 69
56 70
57 48
57 49
57 50
57 51
57 55
57 56
57 58
57 59
57 65
57 66
57 67
57 68
58 45
58 46
58 47
58 48
58 49
58 56
58 57
58 59
58 60
58 65
58 66
58 67
58 68
58 421
59 45
59 46
59 47
59 48
59 57
59 58
59 60
59 61
59 62
59 63
59 64
59 65
59 66
59 86
59 89
60 41
60 43
60 44
60 45
60 46
60 47
60 58
60 59
60 61
60 62
60 63
60 64
60 65
60 85
60 86
60 87
61 43
61 44
61 45
61 46
61 59
61 60
61 62
61 63
61 64
61 84
61 85
61 86
62 41
62 42
62 43
62 44
62 59
62 60
62 61
62 63
62 64
62 84
62 85
62 86
63 59
63 60
63 61
63 62
63 64
63 65
63 80
63 81
63 82
63 83
63 84
63 85
63 86
63 109
64 41
64 59
64 60
64 61
64 62
64 63
64 65
64 66
64 78
64 79
64 80
64 81
64 82
64 86
65 57
65 58
65 59
65 60
65 63
65 64
65 66
65 67
65 78
65 79
65 80
66 40
66 57
66 58
66 59
66 64
66 65
66 67
66 68
66 75
66 76
66 77
66 78
66 79
67 55
67 56
67 57
67 58
67 65
67 66
67 68
67 69
67 75
67 76
67 77
67 78
67 119
68 55
68 56
68 57
68 58
68 66
68 67
68 69
68 70
68 73
68 74
68 75
68 76
68 77
69 54
69 55
69 56
69 67
69 68
69 70
69 71
69 72
69 73
69 74
69 75
69 76
70 53
70 54
70 55
70 56
70 68
70 69
70 71
70 72
70 73
70 74
70 413
70 416
70 419
70 429
71 54
71 69
71 70
71 72
71 73
71 416
72 69
72 70
72 71
72 73
72 74
73 36
73 38
73 68
73 69
73 70
73 71
73 72
73 74
73 75
73 429
74 68
74 69
74 70
74 72
74 73
74 75
74 76
75 66
75 67
75 68
75 69
75 73
75 74
75 76
75 77
75 78
76 66
76 67
76 68
76 69
76 74
76 75
76 77
76 78
77 66
77 67
77 68
77 75
77 76
77 78
77 79
77 120
77 121
77 122
78 64
78 65
78 66
78 67
78 75
78 76
78 77
78 79
78 80
78 122
79 64
79 65
79 66
79 77
79 78
79 80
79 81
79 117
79 122
79 123
79 124
80 63
80 64
80 65
80 78
80 79
80 81
80 82
81 63
81 64
81 79
81 80
81 82
81 83
81 124
82 63
82 64
82 80
82 81
82 83
82 84
82 85
82 86
82 109
82 111
82 113
83 63
83 81
83 82
83 84
83 85
83 111
84 61
84 62
84 63
84 82
84 83
84 85
84 86
84 109
84 110
84 111
85 60
85 61
85 62
85 63
85 82
85 83
85 84
85 86
85 87
85 109
85 110
85 111
86 59
86 60
86 61
86 62
86 63
86 64
86 82
86 84
86 85
86 87
86 88
86 89
86 107
86 108
86 109
86 110
87 60
87 85
87 86
87 88
87 89
87 107
87 108
87 109
87 110
87 134
87 135
87 136
87 137
88 47
88 86
88 87
88 89
88 90
88 107
88 108
88 109
88 135
88 136
88 137
88 138
89 47
89 48
89 49
89 59
89 86
89 87
89 88
89 90
89 91
89 105
89 106
89 107
89 108
89 138
90 49
90 88
90 89
90 91
90 92
90 105
90 106
90 107
90 138
90 139
91 49
91 50
91 51
91 89
91 90
91 92
91 93
91 103
91 104
91 105
91 106
92 90
92 91
92 93
92 94
92 103
92 104
92 105
92 106
92 140
93 91
93 92
93 94
93 95
93 102
93 103
93 104
94 92
94 93
94 95
94 96
94 101
94 102
94 103
94 104
95 93
95 94
95 96
95 97
96 94
96 95
96 97
96 98
97 95
97 96
97 98
97 99
98 96
98 97
98 99
98 100
98 101
99 97
99 98
99 100
99 101
100 98
100 99
100 101
100 102
101 94
101 98
101 99
101 100
101 102
101 103
102 93
102 94
102 100
102 101
102 103
102 104
102 118
102 119
102 120
103 51
103 91
103 92
103 93
103 94
103 101
103 102
103 104
103 105
103 118
103 119
103 120
104 91
104 92
104 93
104 94
104 102
104 103
104 105
104 106
104 116
104 117
104 118
104 119
105 89
105 90
105 91
105 92
105 103
105 104
105 106
105 107
105 116
105 117
105 118
105 119
106 89
106 90
106 91
106 92
106 104
106 105
106 107
106 108
106 114
106 115
106 116
106 117
107 86
107 87
107 88
107 89
107 90
107 105
107 106
107 108
107 109
107 114
107 115
107 116
108 86
108 87
108 88
108 89
108 106
108 107
108 109
108 110
108 112
108 113
108 114
108 115
108 134
108 135
108 136
108 137
108 138
109 63
109 82
109 84
109 85
109 86
109 87
109 88
109 107
109 108
109 110
109 111
109 112
109 113
109 114
109 134
109 135
109 136
110 84
110 85
110 86
110 87
110 108
110 109
110 111
110 112
110 113
110 133
110 134
110 135
111 82
111 83
111 84
111 85
111 109
111 110
111 112
111 113
111 134
112 108
112 109
112 110
112 111
112 113
112 114
112 129
112 130
112 131
112 132
112 133
112 134
112 135
113 82
113 108
113 109
113 110
113 111
113 112
113 114
113 115
113 127
113 128
113 129
113 130
113 131
113 134
113 135
114 106
114 107
114 108
114 109
114 112
114 113
114 115
114 116
114 127
114 128
114 129
114 135
115 106
115 107
115 108
115 113
115 114
115 116
115 117
115 124
115 125
115 126
115 127
115 128
116 104
116 105
116 106
116 107
116 114
116 115
116 117
116 118
116 124
116 125
116 126
116 127
117 79
117 104
117 105
117 106
117 115
117 116
117 118
117 119
117 122
117 123
117 124
117 125
117 126
118 102
118 103
118 104
118 105
118 116
118 117
118 119
118 120
118 121
118 122
118 123
118 124
118 125
119 51
119 67
119 102
119 103
119 104
119 105
119 117
119 118
119 120
119 121
119 122
120 77
120 102
120 103
120 118
120 119
120 121
120 122
121 77
121 118
121 119
121 120
121 122
121 123
122 77
122 78
122 79
122 117
122 118
122 119
122 120
122 121
122 123
122 124
123 79
123 117
123 118
123 121
123 122
123 124
123 125
124 79
124 81
124 115
124 116
124 117
124 118
124 122
124 123
124 125
124 126
124 127
125 115
125 116
125 117
125 118
125 123
125 124
125 126
125 127
126 115
126 116
126 117
126 124
126 125
126 127
126 128
127 113
127 114
127 115
127 116
127 124
127 125
127 126
127 128
127 129
128 113
128 114
128 115
128 126
128 127
128 129
128 130
128 131
128 161
129 112
129 113
129 114
129 127
129 128
129 130
129 131
130 112
130 113
130 128
130 129
130 131
130 132
131 112
131 113
131 128
131 129
131 130
131 132
131 133
131 134
131 135
132 112
132 130
132 131
132 133
132 134
133 110
133 112
133 131
133 132
133 134
133 135
133 151
133 152
134 87
134 108
134 109
134 110
134 111
134 112
134 113
134 131
134 132
134 133
134 135
134 136
134 151
134 152
135 87
135 88
135 108
135 109
135 110
135 112
135 113
135 114
135 131
135 133
135 134
135 136
135 137
135 138
135 149
135 150
135 151
135 152
136 87
136 88
136 108
136 109
136 134
136 135
136 137
136 138
136 149
136 150
136 151
136 174
136 175
136 176
136 177
137 87
137 88
137 108
137 135
137 136
137 138
137 139
137 149
137 150
137 151
137 175
137 176
137 177
137 178
138 88
138 89
138 90
138 108
138 135
138 136
138 137
138 139
138 140
138 147
138 148
138 149
138 150
138 178
139 90
139 137
139 138
139 140
139 141
139 147
139 148
139 149
139 178
139 179
140 92
140 138
140 139
140 141
140 142
140 145
140 146
140 147
140 148
141 139
141 140
141 142
141 143
141 144
141 145
141 146
141 147
141 148
141 180
142 140
142 141
142 143
142 144
142 145
142 146
142 147
143 141
143 142
143 144
143 145
144 141
144 142
144 143
144 145
144 146
144 184
145 140
145 141
145 142
145 143
145 144
145 146
145 147
145 158
145 159
146 140
146 141
146 142
146 144
146 145
146 147
146 148
146 156
146 157
146 158
146 159
147 138
147 139
147 140
147 141
147 142
147 145
147 146
147 148
147 149
147 156
147 157
147 158
147 159
148 138
148 139
148 140
148 141
148 146
148 147
148 149
148 150
148 154
148 155
148 156
148 157
149 135
149 136
149 137
149 138
149 139
149 147
149 148
149 150
149 151
149 154
149 155
149 156
150 135
150 136
150 137
150 138
150 148
150 149
150 151
150 152
150 153
150 154
150 155
150 174
150 175
150 176
150 177
150 178
151 133
151 134
151 135
151 136
151 137
151 149
151 150
151 152
151 153
151 154
151 174
151 175
151 176
152 133
152 134
152 135
152 150
152 151
152 153
152 154
152 169
152 170
152 171
152 172
152 173
152 174
152 175
153 150
153 151
153 152
153 154
153 155
153 166
153 167
153 168
153 169
153 170
153 171
153 174
153 175
154 148
154 149
154 150
154 151
154 152
154 153
154 155
154 156
154 166
154 167
154 168
154 170
154 175
155 148
155 149
155 150
155 153
155 154
155 156
155 157
155 163
155 164
155 165
155 166
155 167
156 146
156 147
156 148
156 149
156 154
156 155
156 157
156 158
156 163
156 164
156 165
156 166
157 146
157 147
157 148
157 155
157 156
157 158
157 159
157 160
157 161
157 162
157 163
157 164
157 165
158 145
158 146
158 147
158 156
158 157
158 159
158 160
158 161
158 162
158 163
158 164
159 145
159 146
159 147
159 157
159 158
159 160
159 161
159 162
160 157
160 158
160 159
160 161
160 162
161 128
161 157
161 158
161 159
161 160
161 162
161 163
162 157
162 158
162 159
162 160
162 161
162 163
162 164
163 155
163 156
163 157
163 158
163 161
163 162
163 164
163 165
163 166
164 155
164 156
164 157
164 158
164 162
164 163
164 165
164 166
164 208
164 209
165 155
165 156
165 157
165 163
165 164
165 166
165 167
165 208
165 209
165 210
165 211
166 153
166 154
166 155
166 156
166 163
166 164
166 165
166 167
166 168
166 210
166 211
167 153
167 154
167 155
167 165
167 166
167 168
167 169
167 170
167 211
168 153
168 154
168 166
168 167
168 169
168 170
169 152
169 153
169 167
169 168
169 170
169 171
169 172
170 152
170 153
170 154
170 167
170 168
170 169
170 171
170 172
170 174
171 152
171 153
171 169
171 170
171 172
171 173
171 174
171 190
172 152
172 169
172 170
172 171
172 173
172 174
173 152
173 171
173 172
173 174
173 175
173 190
173 191
174 136
174 150
174 151
174 152
174 153
174 170
174 171
174 172
174 173
174 175
174 176
174 190
174 191
175 136
175 137
175 150
175 151
175 152
175 153
175 154
175 173
175 174
175 176
175 177
175 178
175 188
175 189
175 190
175 191
176 136
176 137
176 150
176 151
176 174
176 175
176 177
176 178
176 188
176 189
176 190
176 191
176 224
176 225
177 136
177 137
177 150
177 175
177 176
177 178
177 179
177 188
177 189
177 190
177 226
177 227
178 137
178 138
178 139
178 150
178 175
178 176
178 177
178 179
178 180
178 186
178 187
178 188
178 189
178 227
179 139
179 177
179 178
179 180
179 181
179 186
179 187
179 188
179 227
179 228
179 229
180 141
180 178
180 179
180 181
180 182
180 184
180 185
180 186
180 187
180 229
181 179
181 180
181 182
181 183
181 184
181 185
181 186
181 187
181 229
181 232
181 235
181 249
182 180
182 181
182 183
182 184
182 185
182 232
182 249
182 250
183 181
183 182
183 184
183 185
183 198
183 250
184 144
184 180
184 181
184 182
184 183
184 185
184 186
184 198
184 199
184 200
185 180
185 181
185 182
185 183
185 184
185 186
185 187
185 196
185 197
185 198
185 199
186 178
186 179
186 180
186 181
186 184
186 185
186 187
186 188
186 196
186 197
186 198
186 199
187 178
187 179
187 180
187 181
187 185
187 186
187 188
187 189
187 194
187 195
187 196
187 197
188 175
188 176
188 177
188 178
188 179
188 186
188 187
188 189
188 190
188 194
188 195
188 196
188 197
189 175
189 176
189 177
189 178
189 187
189 188
189 190
189 191
189 192
189 193
189 194
189 195
189 224
189 227
190 171
190 173
190 174
190 175
190 176
190 177
190 188
190 189
190 191
190 192
190 193
190 194
190 195
190 223
190 224
191 173
191 174
191 175
191 176
191 189
191 190
191 192
191 193
191 222
191 223
191 224
192 189
192 190
192 191
192 193
192 194
192 218
192 220
192 221
192 222
192 223
192 224
192 239
193 189
193 190
193 191
193 192
193 194
193 195
193 216
193 217
193 218
193 219
193 220
193 223
193 224
194 187
194 188
194 189
194 190
194 192
194 193
194 195
194 196
194 216
194 217
194 218
195 187
195 188
195 189
195 190
195 193
195 194
195 196
195 197
195 213
195 214
195 215
195 216
195 217
196 185
196 186
196 187
196 188
196 194
196 195
196 197
196 198
196 213
196 214
196 215
196 216
197 185
197 186
197 187
197 188
197 195
197 196
197 198
197 199
197 211
197 212
197 213
197 214
197 215
198 183
198 184
198 185
198 186
198 196
198 197
198 199
198 200
198 211
198 212
198 213
198 214
199 184
199 185
199 186
199 197
199 198
199 200
199 201
199 209
199 210
199 211
199 212
200 184
200 198
200 199
200 201
200 202
200 209
200 210
200 211
200 212
201 199
201 200
201 202
201 203
201 208
201 209
201 210
202 200
202 201
202 203
202 204
202 205
202 206
202 207
202 208
202 209
203 201
203 202
203 204
203 205
203 206
203 207
204 202
204 203
204 205
204 206
204 207
205 202
205 203
205 204
205 206
205 207
206 202
206 203
206 204
206 205
206 207
206 208
206 209
207 202
207 203
207 204
207 205
207 206
207 208
207 209
208 164
208 165
208 201
208 202
208 206
208 207
208 209
208 210
209 164
209 165
209 199
209 200
209 201
209 202
209 206
209 207
209 208
209 210
209 211
210 165
210 166
210 199
210 200
210 201
210 208
210 209
210 211
210 212
211 165
211 166
211 167
211 197
211 198
211 199
211 200
211 209
211 210
211 212
211 213
212 197
212 198
212 199
212 200
212 210
212 211
212 213
212 214
213 195
213 196
213 197
213 198
213 211
213 212
213 214
213 215
213 216
214 195
214 196
214 197
214 198
214 212
214 213
214 215
214 216
215 195
215 196
215 197
215 213
215 214
215 216
215 217
216 193
216 194
216 195
216 196
216 213
216 214
216 215
216 217
216 218
217 193
217 194
217 195
217 215
217 216
217 218
217 219
218 192
218 193
218 194
218 216
218 217
218 219
218 220
219 193
219 217
219 218
219 220
219 221
220 192
220 193
220 218
220 219
220 221
220 222
220 223
220 224
220 239
220 243
221 192
221 219
221 220
221 222
221 223
221 241
222 191
222 192
222 220
222 221
222 223
222 224
222 239
222 240
222 241
223 190
223 191
223 192
223 193
223 220
223 221
223 222
223 224
223 225
223 239
223 240
223 241
224 176
224 189
224 190
224 191
224 192
224 193
224 220
224 222
224 223
224 225
224 226
224 227
224 237
224 238
224 239
224 240
225 176
225 223
225 224
225 226
225 227
225 237
225 238
225 239
225 240
225 284
225 285
225 286
225 287
226 177
226 224
226 225
226 227
226 228
226 237
226 238
226 239
226 285
226 286
226 287
226 288
227 177
227 178
227 179
227 189
227 224
227 225
227 226
227 228
227 229
227 235
227 236
227 237
227 238
227 287
227 288
228 179
228 226
228 227
228 229
228 230
228 235
228 236
228 237
228 288
228 289
229 179
229 180
229 181
229 227
229 228
229 230
229 231
229 232
229 234
229 235
229 236
230 228
230 229
230 231
230 232
230 233
230 234
230 235
230 236
230 290
230 291
230 292
230 295
231 229
231 230
231 232
231 233
231 234
231 235
231 292
232 181
232 182
232 229
232 230
232 231
232 233
232 234
232 249
232 250
233 230
233 231
233 232
233 234
233 235
233 248
233 249
233 250
234 229
234 230
234 231
234 232
234 233
234 235
234 236
234 246
234 247
234 248
234 249
234 250
235 181
235 227
235 228
235 229
235 230
235 231
235 233
235 234
235 236
235 237
235 246
235 247
235 248
235 249
236 227
236 228
236 229
236 230
236 234
236 235
236 237
236 238
236 244
236 245
236 246
236 247
237 224
237 225
237 226
237 227
237 228
237 235
237 236
237 238
237 239
237 243
237 244
237 245
237 246
238 224
238 225
238 226
238 227
238 236
238 237
238 239
238 240
238 242
238 243
238 244
238 245
238 284
238 285
238 286
238 287
239 192
239 220
239 222
239 223
239 224
239 225
239 226
239 237
239 238
239 240
239 241
239 242
239 243
239 244
239 284
239 285
239 286
240 222
240 223
240 224
240 225
240 238
240 239
240 241
240 242
240 243
240 283
240 284
240 285
240 286
241 221
241 222
241 223
241 239
241 240
241 242
241 243
241 259
241 283
241 284
241 285
242 238
242 239
242 240
242 241
242 243
242 244
242 258
242 259
242 260
242 262
242 283
242 284
242 285
242 299
243 220
243 237
243 238
243 239
243 240
243 241
243 242
243 244
243 245
243 257
243 258
243 259
243 285
244 236
244 237
244 238
244 239
244 242
244 243
244 245
244 246
244 257
244 258
244 259
244 285
245 236
245 237
245 238
245 243
245 244
245 246
245 247
245 254
245 255
245 256
245 257
245 258
246 234
246 235
246 236
246 237
246 244
246 245
246 247
246 248
246 254
246 255
246 256
246 257
247 234
247 235
247 236
247 245
247 246
247 248
247 249
247 252
247 253
247 254
247 255
247 256
248 233
248 234
248 235
248 246
248 247
248 249
248 250
248 251
248 252
248 253
248 254
248 255
249 181
249 182
249 232
249 233
249 234
249 235
249 247
249 248
249 250
249 251
249 252
249 253
250 182
250 183
250 232
250 233
250 234
250 248
250 249
250 251
250 252
251 248
251 249
251 250
251 252
251 253
252 247
252 248
252 249
252 250
252 251
252 253
252 254
253 247
253 248
253 249
253 251
253 252
253 254
253 255
254 245
254 246
254 247
254 248
254 252
254 253
254 255
254 256
254 257
255 245
255 246
255 247
255 248
255 253
255 254
255 256
255 257
256 245
256 246
256 247
256 254
256 255
256 257
256 258
256 311
257 243
257 244
257 245
257 246
257 254
257 255
257 256
257 258
257 259
258 242
258 243
258 244
258 245
258 256
258 257
258 259
258 260
258 261
259 241
259 242
259 243
259 244
259 257
259 258
259 260
259 261
259 262
260 242
260 258
260 259
260 261
260 262
260 263
261 258
261 259
261 260
261 262
261 263
261 264
262 242
262 259
262 260
262 261
262 263
262 264
262 283
262 318
263 260
263 261
263 262
263 264
263 265
264 261
264 262
264 263
264 265
264 266
265 263
265 264
265 266
265 267
265 268
266 264
266 265
266 267
266 268
267 265
267 266
267 268
267 269
268 265
268 266
268 267
268 269
268 270
269 267
269 268
269 270
269 271
270 268
270 269
270 271
270 272
271 269
271 270
271 272
271 273
272 270
272 271
272 273
272 274
273 271
273 272
273 274
273 275
274 272
274 273
274 275
274 276
275 273
275 274
275 276
275 277
275 278
276 274
276 275
276 277
276 278
277 275
277 276
277 278
277 279
278 275
278 276
278 277
278 279
278 280
278 281
279 277
279 278
279 280
279 281
279 282
280 278
280 279
280 281
280 282
281 278
281 279
281 280
281 282
281 283
281 300
282 279
282 280
282 281
282 283
282 284
282 299
282 300
282 301
282 324
283 240
283 241
283 242
283 262
283 281
283 282
283 284
283 285
283 299
283 300
283 301
284 225
284 238
284 239
284 240
284 241
284 242
284 282
284 283
284 285
284 286
284 299
284 300
285 225
285 226
285 238
285 239
285 240
285 241
285 242
285 243
285 244
285 283
285 284
285 286
285 287
285 288
285 297
285 298
285 299
285 300
286 225
286 226
286 238
286 239
286 240
286 284
286 285
286 287
286 288
286 297
286 298
286 299
286 300
286 325
286 326
286 327
287 225
287 226
287 227
287 238
287 285
287 286
287 288
287 289
287 297
287 298
287 299
287 326
287 327
287 328
288 226
288 227
288 228
288 285
288 286
288 287
288 289
288 290
288 295
288 296
288 297
288 298
288 327
288 328
288 329
289 228
289 287
289 288
289 290
289 291
289 295
289 296
289 297
289 328
289 329
289 330
290 230
290 288
290 289
290 291
290 292
290 293
290 294
290 295
290 296
290 330
291 230
291 289
291 290
291 292
291 293
291 294
291 295
291 330
292 230
292 231
292 290
292 291
292 293
292 294
293 290
293 291
293 292
293 294
293 295
293 307
293 308
293 309
294 290
294 291
294 292
294 293
294 295
294 296
294 305
294 306
294 307
294 308
294 309
295 230
295 288
295 289
295 290
295 291
295 293
295 294
295 296
295 297
295 305
295 306
295 307
295 308
296 288
296 289
296 290
296 294
296 295
296 297
296 298
296 303
296 304
296 305
296 306
296 328
297 285
297 286
297 287
297 288
297 289
297 295
297 296
297 298
297 299
297 303
297 304
297 305
297 306
297 328
298 285
298 286
298 287
298 288
298 296
298 297
298 299
298 300
298 301
298 302
298 303
298 304
298 325
298 326
298 327
298 328
298 338
299 242
299 282
299 283
299 284
299 285
299 286
299 287
299 297
299 298
299 300
299 301
299 302
299 303
299 304
299 324
299 325
300 281
300 282
300 283
300 284
300 285
300 286
300 298
300 299
300 301
300 302
300 323
300 324
300 325
301 282
301 283
301 298
301 299
301 300
301 302
301 303
301 318
301 319
301 320
301 321
301 322
301 323
301 324
301 325
301 340
302 298
302 299
302 300
302 301
302 303
302 304
302 316
302 317
302 318
302 319
302 320
302 321
302 324
302 325
303 296
303 297
303 298
303 299
303 301
303 302
303 304
303 305
303 316
303 317
303 318
303 319
303 320
303 325
304 296
304 297
304 298
304 299
304 302
304 303
304 305
304 306
304 313
304 314
304 315
304 316
304 317
304 318
305 294
305 295
305 296
305 297
305 303
305 304
305 306
305 307
305 313
305 314
305 315
305 316
306 294
306 295
306 296
306 297
306 304
306 305
306 307
306 308
306 311
306 312
306 313
306 314
306 315
307 293
307 294
307 295
307 305
307 306
307 308
307 309
307 310
307 311
307 312
307 313
307 314
308 293
308 294
308 295
308 306
308 307
308 309
308 310
308 311
308 312
309 293
309 294
309 307
309 308
309 310
309 311
310 307
310 308
310 309
310 311
310 312
311 256
311 306
311 307
311 308
311 309
311 310
311 312
311 313
312 306
312 307
312 308
312 310
312 311
312 313
312 314
313 304
313 305
313 306
313 307
313 311
313 312
313 314
313 315
313 316
314 304
314 305
314 306
314 307
314 312
314 313
314 315
314 316
314 391
314 392
314 393
315 304
315 305
315 306
315 313
315 314
315 316
315 317
315 350
315 391
315 392
315 393
315 394
316 302
316 303
316 304
316 305
316 313
316 314
316 315
316 317
316 318
316 393
316 394
317 302
317 303
317 304
317 315
317 316
317 318
317 319
317 320
317 393
317 394
318 262
318 301
318 302
318 303
318 304
318 316
318 317
318 319
318 320
319 301
319 302
319 303
319 317
319 318
319 320
319 321
319 322
320 301
320 302
320 303
320 317
320 318
320 319
320 321
320 322
320 325
321 301
321 302
321 319
321 320
321 322
321 323
321 324
321 325
321 340
321 342
321 344
322 301
322 319
322 320
322 321
322 323
322 324
322 342
323 300
323 301
323 321
323 322
323 324
323 325
323 340
323 341
323 342
324 282
324 299
324 300
324 301
324 302
324 321
324 322
324 323
324 325
324 326
324 340
324 341
324 342
325 286
325 298
325 299
325 300
325 301
325 302
325 303
325 320
325 321
325 323
325 324
325 326
325 327
325 328
325 338
325 339
325 340
325 341
326 286
326 287
326 298
326 324
326 325
326 327
326 328
326 338
326 339
326 340
326 341
326 407
326 408
326 409
327 286
327 287
327 288
327 298
327 325
327 326
327 328
327 329
327 338
327 339
327 340
327 408
327 409
327 410
328 287
328 288
328 289
328 296
328 297
328 298
328 325
328 326
328 327
328 329
328 330
328 336
328 337
328 338
328 339
329 288
329 289
329 327
329 328
329 330
329 331
329 336
329 337
329 338
330 289
330 290
330 291
330 328
330 329
330 331
330 332
330 334
330 335
330 336
330 337
331 329
331 330
331 332
331 333
331 334
331 335
331 336
331 337
331 412
332 330
332 331
332 333
332 334
332 335
333 331
333 332
333 334
333 335
334 330
334 331
334 332
334 333
334 335
334 336
334 349
334 350
334 351
335 330
335 331
335 332
335 333
335 334
335 336
335 337
335 347
335 348
335 349
335 350
336 328
336 329
336 330
336 331
336 334
336 335
336 337
336 338
336 347
336 348
336 349
336 350
337 328
337 329
337 330
337 331
337 335
337 336
337 338
337 339
337 345
337 346
337 347
337 348
338 298
338 325
338 326
338 327
338 328
338 329
338 336
338 337
338 339
338 340
338 345
338 346
338 347
339 325
339 326
339 327
339 328
339 337
339 338
339 340
339 341
339 343
339 344
339 345
339 346
339 407
339 408
339 409
339 410
340 301
340 321
340 323
340 324
340 325
340 326
340 327
340 338
340 339
340 341
340 342
340 343
340 344
340 345
340 406
340 407
340 408
341 323
341 324
341 325
341 326
341 339
341 340
341 342
341 343
341 344
341 405
341 406
341 407
341 408
342 321
342 322
342 323
342 324
342 340
342 341
342 343
342 344
342 405
342 406
342 407
343 339
343 340
343 341
343 342
343 344
343 345
343 401
343 402
343 403
343 404
343 405
343 406
343 407
343 422
344 321
344 339
344 340
344 341
344 342
344 343
344 345
344 346
344 399
344 400
344 401
344 402
344 403
344 406
344 407
345 337
345 338
345 339
345 340
345 343
345 344
345 346
345 347
345 399
345 400
345 401
345 407
346 337
346 338
346 339
346 344
346 345
346 347
346 348
346 396
346 397
346 398
346 399
346 400
347 30
347 335
347 336
347 337
347 338
347 345
347 346
347 348
347 349
347 396
347 397
347 398
347 399
348 335
348 336
348 337
348 346
348 347
348 349
348 350
348 394
348 395
348 396
348 397
348 398
349 334
349 335
349 336
349 347
349 348
349 350
349 351
349 393
349 394
349 395
349 396
349 397
350 315
350 334
350 335
350 336
350 348
350 349
350 351
350 352
350 392
350 393
350 394
350 395
351 334
351 349
351 350
351 352
351 353
351 392
351 393
351 394
351 395
352 350
352 351
352 353
352 354
352 390
352 391
352 392
352 393
353 351
353 352
353 354
353 355
353 390
353 391
353 392
353 393
354 352
354 353
354 355
354 356
354 390
355 353
355 354
355 356
355 357
355 358
356 354
356 355
356 357
356 358
357 355
357 356
357 358
357 359
358 355
358 356
358 357
358 359
358 360
358 361
359 357
359 358
359 360
359 361
360 358
360 359
360 361
360 362
361 358
361 359
361 360
361 362
361 363
362 360
362 361
362 363
362 364
363 361
363 362
363 364
363 365
364 362
364 363
364 365
364 366
364 367
365 363
365 364
365 366
365 367
365 368
366 364
366 365
366 367
366 368
367 364
367 365
367 366
367 368
367 369
367 370
368 365
368 366
368 367
368 369
368 370
369 367
369 368
369 370
369 371
370 367
370 368
370 369
370 371
370 372
371 369
371 370
371 372
371 373
372 370
372 371
372 373
372 374
373 371
373 372
373 374
373 375
374 372
374 373
374 375
374 376
375 373
375 374
375 376
375 377
376 374
376 375
376 377
376 378
377 375
377 376
377 378
377 379
378 376
378 377
378 379
378 380
379 377
379 378
379 380
379 381
380 378
380 379
380 381
380 382
381 379
381 380
381 382
381 383
382 380
382 381
382 383
382 384
383 381
383 382
383 384
383 385
383 386
384 382
384 383
384 385
384 386
385 383
385 384
385 386
385 387
386 383
386 384
386 385
386 387
386 388
386 389
387 385
387 386
387 388
387 389
388 386
388 387
388 389
388 390
389 386
389 387
389 388
389 390
389 391
390 352
390 353
390 354
390 388
390 389
390 391
390 392
391 314
391 315
391 352
391 353
391 389
391 390
391 392
391 393
392 314
392 315
392 350
392 351
392 352
392 353
392 390
392 391
392 393
392 394
393 314
393 315
393 316
393 317
393 349
393 350
393 351
393 352
393 353
393 391
393 392
393 394
393 395
394 315
394 316
394 317
394 348
394 349
394 350
394 351
394 392
394 393
394 395
394 396
395 348
395 349
395 350
395 351
395 393
395 394
395 396
395 397
396 346
396 347
396 348
396 349
396 394
396 395
396 397
396 398
396 399
397 27
397 28
397 29
397 30
397 346
397 347
397 348
397 349
397 395
397 396
397 398
397 399
398 27
398 28
398 29
398 30
398 31
398 346
398 347
398 348
398 396
398 397
398 399
398 400
399 27
399 30
399 344
399 345
399 346
399 347
399 396
399 397
399 398
399 400
399 401
400 32
400 344
400 345
400 346
400 398
400 399
400 401
400 402
401 23
401 343
401 344
401 345
401 399
401 400
401 402
401 403
402 343
402 344
402 400
402 401
402 403
402 404
402 428
403 343
403 344
403 401
403 402
403 404
403 405
403 406
403 407
403 422
403 424
403 426
403 428
404 343
404 402
404 403
404 405
404 406
404 424
405 341
405 342
405 343
405 403
405 404
405 406
405 407
405 422
405 423
405 424
406 340
406 341
406 342
406 343
406 344
406 403
406 404
406 405
406 407
406 408
406 422
406 423
406 424
407 326
407 339
407 340
407 341
407 342
407 343
407 344
407 345
407 403
407 405
407 406
407 408
407 409
407 410
407 420
407 421
407 422
407 423
408 45
408 46
408 47
408 326
408 327
408 339
408 340
408 341
408 406
408 407
408 409
408 410
408 420
408 421
408 422
408 423
409 46
409 47
409 48
409 326
409 327
409 339
409 407
409 408
409 410
409 411
409 420
409 421
409 422
410 48
410 327
410 339
410 407
410 408
410 409
410 411
410 412
410 418
410 419
410 420
410 421
411 48
411 49
411 50
411 409
411 410
411 412
411 413
411 418
411 419
411 420
412 331
412 410
412 411
412 413
412 414
412 416
412 417
412 418
412 419
413 53
413 70
413 411
413 412
413 414
413 415
413 416
413 417
413 418
413 419
414 412
414 413
414 415
414 416
414 417
415 413
415 414
415 416
415 417
416 54
416 70
416 71
416 412
416 413
416 414
416 415
416 417
416 418
416 431
417 32
417 412
417 413
417 414
417 415
417 416
417 418
417 419
417 429
417 430
417 431
417 432
418 32
418 410
418 411
418 412
418 413
418 416
418 417
418 419
418 420
418 429
418 430
418 431
419 70
419 410
419 411
419 412
419 413
419 417
419 418
419 420
419 421
419 427
419 428
419 429
419 430
420 48
420 407
420 408
420 409
420 410
420 411
420 418
420 419
420 421
420 422
420 427
420 428
420 429
420 430
421 45
421 46
421 47
421 48
421 58
421 407
421 408
421 409
421 410
421 419
421 420
421 422
421 423
421 425
421 426
421 427
421 428
422 44
422 45
422 46
422 343
422 403
422 405
422 406
422 407
422 408
422 409
422 420
422 421
422 423
422 424
422 425
422 426
422 427
423 43
423 44
423 45
423 46
423 405
423 406
423 407
423 408
423 421
423 422
423 424
423 425
423 426
424 43
424 44
424 45
424 403
424 404
424 405
424 406
424 422
424 423
424 425
424 426
425 39
425 41
425 42
425 43
425 44
425 45
425 421
425 422
425 423
425 424
425 426
425 427
426 37
426 38
426 39
426 40
426 41
426 45
426 403
426 421
426 422
426 423
426 424
426 425
426 427
426 428
427 37
427 38
427 39
427 45
427 419
427 420
427 421
427 422
427 425
427 426
427 428
427 429
428 35
428 36
428 37
428 38
428 402
428 403
428 419
428 420
428 421
428 426
428 427
428 429
428 430
429 35
429 36
429 37
429 38
429 70
429 73
429 417
429 418
429 419
429 420
429 427
429 428
429 430
429 431
430 32
430 33
430 34
430 35
430 36
430 417
430 418
430 419
430 420
430 428
430 429
430 431
430 432
431 31
431 32
431 33
431 34
431 35
431 416
431 417
431 418
431 429
431 430
431 432
431 433
431 435
431 436
432 31
432 32
432 33
432 34
432 417
432 430
432 431
432 433
432 434
432 435
432 436
433 31
433 32
433 33
433 34
433 431
433 432
433 434
433 435
433 436
433 437
434 31
434 432
434 433
434 435
434 436
434 437
434 438
435 431
435 432
435 433
435 434
435 436
435 437
435 438
435 439
436 431
436 432
436 433
436 434
436 435
436 437
436 438
436 439
436 440
437 433
437 434
437 435
437 436
437 438
437 439
437 440
437 441
438 434
438 435
438 436
438 437
438 439
438 440
438 441
438 442
439 435
439 436
439 437
439 438
439 440
439 441
439 442
439 443
440 436
440 437
440 438
440 439
440 441
440 442
440 443
440 444
441 437
441 438
441 439
441 440
441 442
441 443
441 444
441 445
442 438
442 439
442 440
442 441
442 443
442 444
442 445
442 446
443 439
443 440
443 441
443 442
443 444
443 445
443 446
443 447
444 440
444 441
444 442
444 443
444 445
444 446
444 447
444 448
445 441
445 442
445 443
445 444
445 446
445 447
445 448
445 449
445 454
446 442
446 443
446 444
446 445
446 447
446 448
446 449
446 450
447 443
447 444
447 445
447 446
447 448
447 449
447 450
447 451
448 444
448 445
448 446
448 447
448 449
448 450
448 451
448 452
448 453
448 454
449 445
449 446
449 447
449 448
449 450
449 451
449 452
449 453
449 454
449 455
450 446
450 447
450 448
450 449
450 451
450 452
450 453
451 447
451 448
451 449
451 450
451 452
451 453
451 454
452 448
452 449
452 450
452 451
452 453
452 454
452 455
452 456
453 448
453 449
453 450
453 451
453 452
453 454
453 455
453 456
453 457
454 445
454 448
454 449
454 451
454 452
454 453
454 455
454 456
454 457
455 449
455 452
455 453
455 454
455 456
455 457
455 458
456 452
456 453
456 454
456 455
456 457
456 458
457 453
457 454
457 455
457 456
457 458
458 455
458 456
458 457
