0 1
0 2
0 129
0 130
1 0
1 2
1 3
1 46
1 48
1 49
1 129
1 130
2 0
2 1
2 3
2 4
2 48
2 49
2 129
2 130
2 131
2 132
2 251
3 1
3 2
3 4
3 5
3 48
3 49
3 50
3 128
3 129
3 130
3 131
3 132
3 133
4 2
4 3
4 5
4 6
4 49
4 50
4 62
4 131
4 132
4 133
4 134
4 135
5 3
5 4
5 6
5 7
5 50
5 62
5 63
5 64
5 124
5 125
5 131
5 133
5 134
5 135
6 4
6 5
6 7
6 8
6 50
6 62
6 63
6 64
6 134
6 135
6 136
6 137
7 5
7 6
7 8
7 9
7 63
7 64
7 65
7 66
7 134
7 135
7 136
7 137
8 6
8 7
8 9
8 10
8 13
8 14
8 17
8 63
8 64
8 65
8 66
8 136
8 137
8 138
9 7
9 8
9 10
9 11
9 12
9 13
9 14
9 65
9 66
9 67
9 136
9 137
9 138
9 139
9 144
9 145
9 148
9 149
10 8
10 9
10 11
10 12
10 13
10 14
10 66
10 67
10 68
10 69
10 138
10 142
10 143
10 144
10 145
11 9
11 10
11 12
11 13
11 14
11 15
11 67
11 69
11 71
11 72
11 144
11 145
12 9
12 10
12 11
12 13
12 14
12 15
12 16
12 137
12 138
12 139
12 145
12 170
13 8
13 9
13 10
13 11
13 12
13 14
13 15
13 16
13 17
13 137
13 138
13 139
13 145
14 8
14 9
14 10
14 11
14 12
14 13
14 15
14 16
14 17
14 18
14 65
14 66
14 67
14 72
14 73
14 137
14 138
15 11
15 12
15 13
15 14
15 16
15 17
15 18
15 19
15 72
15 225
15 228
16 12
16 13
16 14
16 15
16 17
16 18
16 19
16 20
16 137
16 228
16 229
16 231
16 232
17 8
17 13
17 14
17 15
17 16
17 18
17 19
17 20
17 21
17 137
17 232
18 14
18 15
18 16
18 17
18 19
18 20
18 21
18 22
18 76
19 15
19 16
19 17
19 18
19 20
19 21
19 22
19 23
19 228
19 229
19 232
20 16
20 17
20 18
20 19
20 21
20 22
20 23
20 24
20 229
20 231
20 232
20 233
20 235
20 236
21 17
21 18
21 19
21 20
21 22
21 23
21 24
21 25
21 61
22 18
22 19
22 20
22 21
22 23
22 24
22 25
22 26
22 32
23 19
23 20
23 21
23 22
23 24
23 25
23 26
23 27
23 232
23 233
23 236
24 20
24 21
24 22
24 23
24 25
24 26
24 27
24 28
24 236
25 21
25 22
25 23
25 24
25 26
25 27
25 28
25 29
25 30
25 31
25 32
25 34
26 22
26 23
26 24
26 25
26 27
26 28
26 29
26 30
26 31
26 365
26 366
27 23
27 24
27 25
27 26
27 28
27 29
27 30
27 363
27 364
27 365
27 366
28 24
28 25
28 26
28 27
28 29
28 30
28 36
28 40
28 45
28 47
28 363
28 365
29 25
29 26
29 27
29 28
29 30
29 31
29 36
29 37
29 39
29 40
29 365
30 25
30 26
30 27
30 28
30 29
30 31
30 32
30 33
30 34
30 35
30 36
30 37
30 40
30 59
31 25
31 26
31 29
31 30
31 32
31 33
31 34
31 35
31 36
31 37
32 22
32 25
32 30
32 31
32 33
32 34
32 35
32 80
32 81
32 82
32 83
32 84
33 30
33 31
33 32
33 34
33 35
33 58
33 80
33 81
33 82
33 83
33 84
34 25
34 30
34 31
34 32
34 33
34 35
34 36
34 58
34 59
34 60
34 83
34 84
35 30
35 31
35 32
35 33
35 34
35 36
35 37
35 57
35 58
35 59
36 28
36 29
36 30
36 31
36 34
36 35
36 37
36 38
36 40
36 41
36 58
36 59
37 29
37 30
37 31
37 35
37 36
37 38
37 39
37 40
37 41
38 36
38 37
38 39
38 40
38 41
39 29
39 37
39 38
39 40
39 41
39 42
39 365
40 28
40 29
40 30
40 36
40 37
40 38
40 39
40 41
40 42
40 43
40 365
41 36
41 37
41 38
41 39
41 40
41 42
41 43
42 39
42 40
42 41
42 43
42 44
43 40
43 41
43 42
43 44
43 45
44 42
44 43
44 45
44 46
44 244
44 245
45 28
45 43
45 44
45 46
45 47
45 243
45 244
45 245
46 1
46 44
46 45
46 47
46 48
46 49
46 242
46 243
46 244
46 245
47 28
47 45
47 46
47 48
47 49
47 50
47 51
47 52
47 243
48 1
48 2
48 3
48 46
48 47
48 49
48 50
48 51
48 52
48 53
49 1
49 2
49 3
49 4
49 46
49 47
49 48
49 50
49 51
49 242
49 243
50 3
50 4
50 5
50 6
50 47
50 48
50 49
50 51
50 52
50 61
50 62
51 47
51 48
51 49
51 50
51 52
51 53
51 59
51 60
51 61
51 62
52 47
52 48
52 50
52 51
52 53
52 54
52 59
52 60
52 61
52 62
53 48
53 51
53 52
53 54
53 55
53 57
53 58
53 59
53 60
54 52
54 53
54 55
54 56
54 57
54 58
54 59
54 60
55 53
55 54
55 56
55 57
55 58
56 54
56 55
56 57
56 58
57 35
57 53
57 54
57 55
57 56
57 58
57 59
58 33
58 34
58 35
58 36
58 53
58 54
58 55
58 56
58 57
58 59
58 60
59 30
59 34
59 35
59 36
59 51
59 52
59 53
59 54
59 57
59 58
59 60
59 61
59 84
60 34
60 51
60 52
60 53
60 54
60 58
60 59
60 61
60 62
60 84
60 85
60 86
61 21
61 50
61 51
61 52
61 59
61 60
61 62
61 63
61 84
61 85
61 86
62 4
62 5
62 6
62 50
62 51
62 52
62 60
62 61
62 63
62 64
62 124
63 5
63 6
63 7
63 8
63 61
63 62
63 64
63 65
63 85
63 89
64 5
64 6
64 7
64 8
64 62
64 63
64 65
64 66
64 89
64 90
64 91
64 120
64 121
65 7
65 8
65 9
65 14
65 63
65 64
65 66
65 67
65 73
65 89
65 90
65 91
66 7
66 8
66 9
66 10
66 14
66 64
66 65
66 67
66 68
66 90
66 91
66 92
67 9
67 10
67 11
67 14
67 65
67 66
67 68
67 69
67 70
67 73
67 91
67 92
67 93
67 98
67 144
68 10
68 66
68 67
68 69
68 70
68 92
68 93
68 96
68 97
68 98
68 99
68 144
69 10
69 11
69 67
69 68
69 70
69 71
69 72
69 92
69 93
69 96
69 97
69 98
70 67
70 68
70 69
70 71
70 72
70 73
70 74
70 92
70 93
70 96
71 11
71 69
71 70
71 72
71 73
71 74
71 75
72 11
72 14
72 15
72 69
72 70
72 71
72 73
72 74
72 75
72 76
73 14
73 65
73 67
73 70
73 71
73 72
73 74
73 75
73 76
73 77
74 70
74 71
74 72
74 73
74 75
74 76
74 77
74 78
75 71
75 72
75 73
75 74
75 76
75 77
75 78
75 79
76 18
76 72
76 73
76 74
76 75
76 77
76 78
76 79
76 81
76 82
77 73
77 74
77 75
77 76
77 78
77 79
77 81
77 82
77 83
78 74
78 75
78 76
78 77
78 79
78 80
78 81
78 82
79 75
79 76
79 77
79 78
79 80
79 81
79 82
80 32
80 33
80 78
80 79
80 81
80 82
80 83
81 32
81 33
81 76
81 77
81 78
81 79
81 80
81 82
81 83
81 84
81 85
82 32
82 33
82 76
82 77
82 78
82 79
82 80
82 81
82 83
82 84
82 85
83 32
83 33
83 34
83 77
83 80
83 81
83 82
83 84
83 85
83 86
84 32
84 33
84 34
84 59
84 60
84 61
84 81
84 82
84 83
84 85
84 86
85 60
85 61
85 63
85 81
85 82
85 83
85 84
85 86
85 87
85 89
86 60
86 61
86 83
86 84
86 85
86 87
86 88
86 89
86 90
87 85
87 86
87 88
87 89
87 90
88 86
88 87
88 89
88 90
88 91
88 120
89 63
89 64
89 65
89 85
89 86
89 87
89 88
89 90
89 91
89 120
90 64
90 65
90 66
90 86
90 87
90 88
90 89
90 91
90 92
91 64
91 65
91 66
91 67
91 88
91 89
91 90
91 92
91 93
91 116
91 117
92 66
92 67
92 68
92 69
92 70
92 90
92 91
92 93
92 94
92 96
93 67
93 68
93 69
93 70
93 91
93 92
93 94
93 95
93 96
93 97
93 98
94 92
94 93
94 95
94 96
95 93
95 94
95 96
95 97
95 98
96 68
96 69
96 70
96 92
96 93
96 94
96 95
96 97
96 98
97 68
97 69
97 93
97 95
97 96
97 98
97 99
97 100
98 67
98 68
98 69
98 93
98 95
98 96
98 97
98 99
98 100
98 101
98 106
98 143
98 144
99 68
99 97
99 98
99 100
99 101
99 102
99 103
99 105
99 106
99 109
99 143
99 144
100 97
100 98
100 99
100 101
100 102
100 105
100 143
101 98
101 99
101 100
101 102
101 103
101 141
101 142
101 143
101 144
101 180
101 182
101 183
102 99
102 100
102 101
102 103
102 104
102 105
102 106
102 142
102 143
102 144
102 147
102 182
102 186
102 406
102 407
103 99
103 101
103 102
103 104
103 105
103 106
103 107
103 142
103 143
103 144
103 146
103 147
103 148
103 185
103 186
103 189
104 102
104 103
104 105
104 106
104 107
104 108
104 143
104 147
104 407
104 410
104 412
104 413
105 99
105 100
105 102
105 103
105 104
105 106
105 107
105 108
105 109
105 143
105 147
105 407
105 410
106 98
106 99
106 102
106 103
106 104
106 105
106 107
106 108
106 109
106 110
106 143
106 144
106 145
106 146
106 147
106 148
107 103
107 104
107 105
107 106
107 108
107 109
107 110
107 111
107 144
107 147
107 148
107 149
107 150
107 151
108 104
108 105
108 106
108 107
108 109
108 110
108 111
108 112
108 147
108 148
108 410
109 99
109 105
109 106
109 107
109 108
109 110
109 111
109 112
109 113
109 148
110 106
110 107
110 108
110 109
110 111
110 112
110 113
110 114
110 147
110 148
110 151
110 152
111 107
111 108
111 109
111 110
111 112
111 113
111 114
111 151
112 108
112 109
112 110
112 111
112 113
112 114
113 109
113 110
113 111
113 112
113 114
113 115
113 116
113 117
114 110
114 111
114 112
114 113
114 115
114 116
114 117
114 118
115 113
115 114
115 116
115 117
115 118
115 119
116 91
116 113
116 114
116 115
116 117
116 118
116 119
116 120
117 91
117 113
117 114
117 115
117 116
117 118
117 119
117 120
117 121
118 114
118 115
118 116
118 117
118 119
118 120
118 121
118 122
119 115
119 116
119 117
119 118
119 120
119 121
119 122
119 123
120 64
120 88
120 89
120 116
120 117
120 118
120 119
120 121
120 122
120 123
120 124
121 64
121 117
121 118
121 119
121 120
121 122
121 123
121 124
121 125
122 118
122 119
122 120
122 121
122 123
122 124
122 125
122 126
123 119
123 120
123 121
123 122
123 124
123 125
123 126
123 127
124 5
124 62
124 120
124 121
124 122
124 123
124 125
124 126
124 127
124 128
125 5
125 121
125 122
125 123
125 124
125 126
125 127
125 128
125 131
126 122
126 123
126 124
126 125
126 127
126 128
126 129
127 123
127 124
127 125
127 126
127 128
127 129
128 3
128 124
128 125
128 126
128 127
128 129
128 130
128 131
129 0
129 1
129 2
129 3
129 126
129 127
129 128
129 130
129 131
130 0
130 1
130 2
130 3
130 128
130 129
130 131
130 132
131 2
131 3
131 4
131 5
131 125
131 128
131 129
131 130
131 132
131 133
131 163
132 2
132 3
132 4
132 130
132 131
132 133
132 134
132 163
132 164
132 252
133 3
133 4
133 5
133 131
133 132
133 134
133 135
133 163
133 164
133 165
133 166
134 4
134 5
134 6
134 7
134 132
134 133
134 135
134 136
134 163
134 164
134 165
134 166
135 4
135 5
135 6
135 7
135 133
135 134
135 136
135 137
135 165
135 166
135 167
135 168
136 6
136 7
136 8
136 9
136 134
136 135
136 137
136 138
136 149
136 165
136 166
136 167
136 168
136 169
137 6
137 7
137 8
137 9
137 12
137 13
137 14
137 16
137 17
137 135
137 136
137 138
137 139
137 167
137 168
137 169
138 8
138 9
138 10
138 12
138 13
138 14
138 136
138 137
138 139
138 140
138 145
138 146
138 149
138 167
138 168
138 169
138 170
139 9
139 12
139 13
139 137
139 138
139 140
139 141
139 142
139 145
139 146
139 169
139 170
139 171
139 172
140 138
140 139
140 141
140 142
140 145
140 146
140 169
140 170
140 171
140 172
140 186
140 187
140 190
140 191
141 101
141 139
141 140
141 142
141 143
141 145
141 146
141 170
141 171
141 172
141 180
141 183
141 184
141 186
141 187
142 10
142 101
142 102
142 103
142 139
142 140
142 141
142 143
142 144
142 145
142 146
142 147
142 180
142 183
142 186
143 10
143 98
143 99
143 100
143 101
143 102
143 103
143 104
143 105
143 106
143 141
143 142
143 144
143 145
143 146
143 147
143 148
143 186
144 9
144 10
144 11
144 67
144 68
144 98
144 99
144 101
144 102
144 103
144 106
144 107
144 142
144 143
144 145
144 146
144 147
144 148
144 149
145 9
145 10
145 11
145 12
145 13
145 106
145 138
145 139
145 140
145 141
145 142
145 143
145 144
145 146
145 147
145 148
145 149
145 150
146 103
146 106
146 138
146 139
146 140
146 141
146 142
146 143
146 144
146 145
146 147
146 148
146 149
146 150
146 186
146 187
146 189
146 190
147 102
147 103
147 104
147 105
147 106
147 107
147 108
147 110
147 142
147 143
147 144
147 145
147 146
147 148
147 149
147 150
147 151
147 186
147 190
148 9
148 103
148 106
148 107
148 108
148 109
148 110
148 143
148 144
148 145
148 146
148 147
148 149
148 150
148 151
148 152
149 9
149 107
149 136
149 138
149 144
149 145
149 146
149 147
149 148
149 150
149 151
149 152
149 153
149 190
150 107
150 145
150 146
150 147
150 148
150 149
150 151
150 152
150 153
150 154
150 189
150 190
150 193
150 194
151 107
151 110
151 111
151 147
151 148
151 149
151 150
151 152
151 153
151 154
151 155
152 110
152 148
152 149
152 150
152 151
152 153
152 154
152 155
152 156
153 149
153 150
153 151
153 152
153 154
153 155
153 156
153 157
153 165
153 193
153 194
153 197
153 198
154 150
154 151
154 152
154 153
154 155
154 156
154 157
154 158
154 193
154 197
155 151
155 152
155 153
155 154
155 156
155 157
155 158
155 159
156 152
156 153
156 154
156 155
156 157
156 158
156 159
156 160
156 161
156 165
157 153
157 154
157 155
157 156
157 158
157 159
157 160
157 161
157 163
157 165
157 197
157 198
158 154
158 155
158 156
158 157
158 159
158 160
158 161
159 155
159 156
159 157
159 158
159 160
159 161
160 156
160 157
160 158
160 159
160 161
160 162
160 163
161 156
161 157
161 158
161 159
161 160
161 162
161 163
161 164
162 160
162 161
162 163
162 164
163 131
163 132
163 133
163 134
163 157
163 160
163 161
163 162
163 164
163 165
164 132
164 133
164 134
164 161
164 162
164 163
164 165
164 166
164 198
164 199
164 253
165 133
165 134
165 135
165 136
165 153
165 156
165 157
165 163
165 164
165 166
165 167
165 197
165 198
165 199
165 200
166 133
166 134
166 135
166 136
166 164
166 165
166 167
166 168
166 198
166 199
166 200
166 201
166 202
167 135
167 136
167 137
167 138
167 165
167 166
167 168
167 169
167 198
167 200
167 201
167 202
168 135
168 136
168 137
168 138
168 166
168 167
168 169
168 170
168 201
168 202
168 203
168 204
169 136
169 137
169 138
169 139
169 140
169 167
169 168
169 170
169 171
169 201
169 202
169 203
169 204
170 12
170 138
170 139
170 140
170 141
170 168
170 169
170 171
170 172
170 203
170 204
170 205
170 206
171 139
171 140
171 141
171 169
171 170
171 172
171 173
171 203
171 204
171 205
171 206
172 139
172 140
172 141
172 170
172 171
172 173
172 174
172 178
172 205
172 206
172 207
173 171
173 172
173 174
173 175
173 176
173 178
173 205
173 206
173 207
174 172
174 173
174 175
174 176
174 177
174 207
174 389
175 173
175 174
175 176
175 177
175 207
176 173
176 174
176 175
176 177
176 178
177 174
177 175
177 176
177 178
177 179
178 172
178 173
178 176
178 177
178 179
178 180
178 181
178 183
179 177
179 178
179 180
179 181
180 101
180 141
180 142
180 178
180 179
180 181
180 182
180 183
181 178
181 179
181 180
181 182
181 183
181 184
181 403
182 101
182 102
182 180
182 181
182 183
182 184
182 185
182 186
182 403
183 101
183 141
183 142
183 178
183 180
183 181
183 182
183 184
183 185
183 186
183 187
184 141
184 181
184 182
184 183
184 185
184 186
184 187
184 188
184 390
184 391
184 393
184 394
184 397
185 103
185 182
185 183
185 184
185 186
185 187
185 188
185 189
185 394
185 420
186 102
186 103
186 140
186 141
186 142
186 143
186 146
186 147
186 182
186 183
186 184
186 185
186 187
186 188
186 189
186 190
187 140
187 141
187 146
187 183
187 184
187 185
187 186
187 188
187 189
187 190
187 191
187 390
188 184
188 185
188 186
188 187
188 189
188 190
188 191
188 192
188 390
188 391
188 394
188 420
188 423
188 424
188 427
189 103
189 146
189 150
189 185
189 186
189 187
189 188
189 190
189 191
189 192
189 193
189 419
189 420
189 423
189 424
190 140
190 146
190 147
190 149
190 150
190 186
190 187
190 188
190 189
190 191
190 192
190 193
190 194
191 140
191 187
191 188
191 189
191 190
191 192
191 193
191 194
191 195
191 423
191 427
192 188
192 189
192 190
192 191
192 193
192 194
192 195
192 196
192 423
192 424
192 426
192 427
193 150
193 153
193 154
193 189
193 190
193 191
193 192
193 194
193 195
193 196
193 197
193 198
194 150
194 153
194 190
194 191
194 192
194 193
194 195
194 196
194 197
194 198
194 201
195 191
195 192
195 193
195 194
195 196
195 197
195 198
195 264
195 266
195 426
195 427
195 430
196 192
196 193
196 194
196 195
196 197
196 198
196 264
197 153
197 154
197 157
197 165
197 193
197 194
197 195
197 196
197 198
197 199
198 153
198 157
198 164
198 165
198 166
198 167
198 193
198 194
198 195
198 196
198 197
198 199
198 200
198 201
199 164
199 165
199 166
199 197
199 198
199 200
199 201
199 263
199 266
200 165
200 166
200 167
200 198
200 199
200 201
200 202
200 256
200 260
200 266
200 267
200 268
201 166
201 167
201 168
201 169
201 194
201 198
201 199
201 200
201 202
201 203
201 266
201 267
201 268
202 166
202 167
202 168
202 169
202 200
202 201
202 203
202 204
202 267
202 268
202 269
202 270
203 168
203 169
203 170
203 171
203 201
203 202
203 204
203 205
203 267
203 268
203 269
203 270
203 304
204 168
204 169
204 170
204 171
204 202
204 203
204 205
204 206
204 209
204 231
204 269
204 270
204 303
204 304
205 170
205 171
205 172
205 173
205 203
205 204
205 206
205 207
205 208
205 209
205 303
205 304
205 305
206 170
206 171
206 172
206 173
206 204
206 205
206 207
206 208
206 209
206 210
206 227
207 172
207 173
207 174
207 175
207 205
207 206
207 208
207 209
207 210
207 211
207 304
207 305
208 205
208 206
208 207
208 209
208 210
208 211
208 212
208 302
208 303
208 304
208 305
209 204
209 205
209 206
209 207
209 208
209 210
209 211
209 212
209 213
209 227
209 230
209 303
209 304
210 206
210 207
210 208
210 209
210 211
210 212
210 213
210 214
210 222
210 227
211 207
211 208
211 209
211 210
211 212
211 213
211 214
211 215
211 216
212 208
212 209
212 210
212 211
212 213
212 214
212 215
212 216
212 217
212 300
212 301
212 303
213 209
213 210
213 211
213 212
213 214
213 215
213 216
213 217
213 218
213 219
213 220
213 222
213 226
213 227
214 210
214 211
214 212
214 213
214 215
214 216
214 217
214 218
214 219
214 220
214 221
214 222
215 211
215 212
215 213
215 214
215 216
215 217
215 218
215 219
216 211
216 212
216 213
216 214
216 215
216 217
216 218
216 219
216 275
216 276
217 212
217 213
217 214
217 215
217 216
217 218
217 219
217 275
217 276
217 277
218 213
218 214
218 215
218 216
218 217
218 219
218 220
219 213
219 214
219 215
219 216
219 217
219 218
219 220
219 221
219 222
220 213
220 214
220 218
220 219
220 221
220 222
221 214
221 219
221 220
221 222
221 223
222 210
222 213
222 214
222 219
222 220
222 221
222 223
222 224
222 226
222 227
223 221
223 222
223 224
223 225
223 226
223 227
224 222
224 223
224 225
224 226
224 227
224 228
225 15
225 223
225 224
225 226
225 227
225 228
225 229
226 213
226 222
226 223
226 224
226 225
226 227
226 228
226 229
226 230
227 206
227 209
227 210
227 213
227 222
227 223
227 224
227 225
227 226
227 228
227 229
227 230
227 231
228 15
228 16
228 19
228 224
228 225
228 226
228 227
228 229
228 230
228 231
228 232
229 16
229 19
229 20
229 225
229 226
229 227
229 228
229 230
229 231
229 232
229 233
230 209
230 226
230 227
230 228
230 229
230 231
230 232
230 233
230 234
231 16
231 20
231 204
231 227
231 228
231 229
231 230
231 232
231 233
231 234
231 235
232 16
232 17
232 19
232 20
232 23
232 228
232 229
232 230
232 231
232 233
232 234
232 235
232 236
233 20
233 23
233 229
233 230
233 231
233 232
233 234
233 235
233 236
233 237
234 230
234 231
234 232
234 233
234 235
234 236
234 237
234 238
234 270
234 272
234 375
235 20
235 231
235 232
235 233
235 234
235 236
235 237
235 238
235 239
236 20
236 23
236 24
236 232
236 233
236 234
236 235
236 237
236 238
236 239
236 240
237 233
237 234
237 235
237 236
237 238
237 239
237 240
237 322
237 374
237 375
238 234
238 235
238 236
238 237
238 239
238 240
238 241
238 322
238 375
238 377
239 235
239 236
239 237
239 238
239 240
239 241
239 242
239 243
240 236
240 237
240 238
240 239
240 241
240 242
240 243
240 244
240 360
240 361
240 362
241 238
241 239
241 240
241 242
241 243
241 244
241 245
241 246
241 250
241 251
241 322
241 358
241 359
241 360
241 361
242 46
242 49
242 239
242 240
242 241
242 243
242 244
242 245
242 250
242 251
242 252
243 45
243 46
243 47
243 49
243 239
243 240
243 241
243 242
243 244
243 245
244 44
244 45
244 46
244 240
244 241
244 242
244 243
244 245
244 246
244 360
244 361
244 362
244 363
245 44
245 45
245 46
245 241
245 242
245 243
245 244
245 246
245 247
245 248
245 249
245 360
245 361
246 241
246 244
246 245
246 247
246 248
246 249
246 359
246 360
246 361
247 245
247 246
247 248
247 249
248 245
248 246
248 247
248 249
248 250
248 358
248 359
249 245
249 246
249 247
249 248
249 250
249 251
250 241
250 242
250 248
250 249
250 251
250 252
250 254
250 255
251 2
251 241
251 242
251 249
251 250
251 252
251 253
251 254
251 255
252 132
252 242
252 250
252 251
252 253
252 254
252 255
252 256
253 164
253 251
253 252
253 254
253 255
253 256
253 257
254 250
254 251
254 252
254 253
254 255
254 256
254 257
254 258
255 250
255 251
255 252
255 253
255 254
255 256
255 257
255 258
255 259
255 320
256 200
256 252
256 253
256 254
256 255
256 257
256 258
256 259
256 260
257 253
257 254
257 255
257 256
257 258
257 259
257 260
257 261
258 254
258 255
258 256
258 257
258 259
258 260
258 261
258 318
258 320
258 356
259 255
259 256
259 257
259 258
259 260
259 261
259 266
259 317
259 318
259 319
259 320
259 377
259 378
259 379
260 200
260 256
260 257
260 258
260 259
260 261
260 262
260 263
260 265
260 266
260 318
260 379
261 257
261 258
261 259
261 260
261 262
261 263
261 265
261 317
262 260
262 261
262 263
262 264
262 265
262 266
263 199
263 260
263 261
263 262
263 264
263 265
263 266
264 195
264 196
264 262
264 263
264 265
264 266
264 430
265 260
265 261
265 262
265 263
265 264
265 266
265 267
265 379
265 430
265 433
265 434
266 195
266 199
266 200
266 201
266 259
266 260
266 262
266 263
266 264
266 265
266 267
266 268
266 379
267 200
267 201
267 202
267 203
267 265
267 266
267 268
267 269
267 379
267 383
268 200
268 201
268 202
268 203
268 266
268 267
268 269
268 270
268 377
268 378
268 379
268 380
269 202
269 203
269 204
269 267
269 268
269 270
269 271
269 302
269 303
269 304
269 377
269 378
269 379
269 380
269 383
270 202
270 203
270 204
270 234
270 268
270 269
270 271
270 272
270 302
270 303
270 304
270 375
270 376
270 377
270 378
271 269
271 270
271 272
271 273
271 296
271 301
271 302
271 303
271 375
271 376
271 377
272 234
272 270
272 271
272 273
272 274
272 275
272 296
272 301
272 302
272 373
272 374
272 375
272 376
273 271
273 272
273 274
273 275
273 292
273 295
273 296
273 301
273 373
273 374
273 375
274 272
274 273
274 275
274 276
274 292
274 373
274 374
275 216
275 217
275 272
275 273
275 274
275 276
275 277
276 216
276 217
276 274
276 275
276 277
276 278
276 279
276 281
276 282
277 217
277 275
277 276
277 278
277 279
278 276
278 277
278 279
278 280
278 281
278 282
279 276
279 277
279 278
279 280
279 281
279 282
279 283
279 369
280 278
280 279
280 281
280 282
280 283
281 276
281 278
281 279
281 280
281 282
281 283
281 284
282 276
282 278
282 279
282 280
282 281
282 283
282 284
282 285
282 369
282 370
283 279
283 280
283 281
283 282
283 284
283 285
283 369
283 370
284 281
284 282
284 283
284 285
284 286
285 282
285 283
285 284
285 286
285 287
286 284
286 285
286 287
286 288
286 371
287 285
287 286
287 288
287 289
287 291
287 292
287 370
287 371
287 372
287 373
288 286
288 287
288 289
288 290
288 291
288 292
288 372
289 287
289 288
289 290
289 291
289 292
289 293
289 323
289 327
289 331
289 332
289 335
289 372
290 288
290 289
290 291
290 292
290 293
290 294
290 331
290 332
290 335
291 287
291 288
291 289
291 290
291 292
291 293
291 294
291 295
292 273
292 274
292 287
292 288
292 289
292 290
292 291
292 293
292 294
292 295
292 296
292 372
292 373
292 374
293 289
293 290
293 291
293 292
293 294
293 295
293 296
293 297
293 321
293 335
293 374
294 290
294 291
294 292
294 293
294 295
294 296
294 297
294 298
294 339
294 344
295 273
295 291
295 292
295 293
295 294
295 296
295 297
295 298
295 301
296 271
296 272
296 273
296 292
296 293
296 294
296 295
296 297
296 298
296 299
296 301
296 302
296 374
296 375
296 376
297 293
297 294
297 295
297 296
297 298
297 299
297 301
297 302
297 344
297 345
298 294
298 295
298 296
298 297
298 299
298 300
298 301
298 302
299 296
299 297
299 298
299 300
299 301
299 302
300 212
300 298
300 299
300 301
300 302
301 212
301 271
301 272
301 273
301 295
301 296
301 297
301 298
301 299
301 300
301 302
301 303
302 208
302 269
302 270
302 271
302 272
302 296
302 297
302 298
302 299
302 300
302 301
302 303
302 304
302 305
303 204
303 205
303 208
303 209
303 212
303 269
303 270
303 271
303 301
303 302
303 304
303 305
304 203
304 204
304 205
304 207
304 208
304 209
304 269
304 270
304 302
304 303
304 305
304 306
304 383
305 205
305 207
305 208
305 302
305 303
305 304
305 306
305 307
305 386
306 304
306 305
306 307
306 308
306 382
306 383
306 385
306 386
307 305
307 306
307 308
307 309
307 382
307 385
308 306
308 307
308 309
308 310
309 307
309 308
309 310
309 311
309 312
310 308
310 309
310 311
310 312
310 313
311 309
311 310
311 312
311 313
312 309
312 310
312 311
312 313
312 314
312 435
312 438
313 310
313 311
313 312
313 314
313 315
313 438
314 312
314 313
314 315
314 316
314 346
314 380
314 381
314 382
314 435
314 438
315 313
315 314
315 316
315 317
315 345
315 346
315 347
315 348
315 380
315 381
315 382
315 438
316 314
316 315
316 317
316 318
316 319
316 345
316 346
316 347
316 348
316 378
316 379
316 380
316 381
317 259
317 261
317 315
317 316
317 318
317 319
317 347
317 348
317 351
317 378
317 379
317 380
317 381
317 437
318 258
318 259
318 260
318 316
318 317
318 319
318 320
318 347
318 353
318 354
318 355
318 378
318 379
318 380
319 259
319 316
319 317
319 318
319 320
319 321
319 354
319 355
319 356
319 376
319 377
319 378
319 379
320 255
320 258
320 259
320 318
320 319
320 321
320 322
320 355
320 356
320 357
320 358
320 376
320 377
320 378
321 293
321 319
321 320
321 322
321 323
321 355
321 356
321 357
321 358
321 374
321 375
321 376
321 377
322 237
322 238
322 241
322 320
322 321
322 323
322 324
322 357
322 358
322 359
322 360
322 374
322 375
322 376
323 289
323 321
323 322
323 324
323 325
323 327
323 357
323 358
323 359
323 360
323 372
323 373
323 374
323 375
324 322
324 323
324 325
324 326
324 327
324 359
324 360
324 361
324 362
324 372
324 373
324 374
325 323
325 324
325 326
325 327
325 360
325 361
325 362
325 370
325 371
325 372
325 373
326 324
326 325
326 327
326 328
326 361
326 371
326 372
327 289
327 323
327 324
327 325
327 326
327 328
327 329
327 331
327 332
327 359
327 372
328 326
328 327
328 329
328 330
328 331
328 332
329 327
329 328
329 330
329 331
329 332
329 333
330 328
330 329
330 331
330 332
330 333
330 334
331 289
331 290
331 327
331 328
331 329
331 330
331 332
331 333
331 334
331 335
332 289
332 290
332 327
332 328
332 329
332 330
332 331
332 333
332 334
332 335
332 336
332 357
333 329
333 330
333 331
333 332
333 334
333 335
333 336
333 337
334 330
334 331
334 332
334 333
334 335
334 336
334 337
334 338
335 289
335 290
335 293
335 331
335 332
335 333
335 334
335 336
335 337
335 338
335 339
336 332
336 333
336 334
336 335
336 337
336 338
336 339
336 340
336 355
337 333
337 334
337 335
337 336
337 338
337 339
337 340
337 341
338 334
338 335
338 336
338 337
338 339
338 340
338 341
338 342
339 294
339 335
339 336
339 337
339 338
339 340
339 341
339 342
339 343
339 344
339 345
340 336
340 337
340 338
340 339
340 341
340 342
340 343
340 344
340 345
341 337
341 338
341 339
341 340
341 342
341 343
342 338
342 339
342 340
342 341
342 343
342 344
343 339
343 340
343 341
343 342
343 344
343 345
343 346
344 294
344 297
344 339
344 340
344 342
344 343
344 345
344 346
345 297
345 315
345 316
345 339
345 340
345 343
345 344
345 346
345 347
346 314
346 315
346 316
346 343
346 344
346 345
346 347
346 348
347 315
347 316
347 317
347 318
347 345
347 346
347 348
347 349
347 351
347 352
347 353
348 315
348 316
348 317
348 346
348 347
348 349
348 350
348 351
348 352
348 353
348 437
348 438
348 439
348 440
349 347
349 348
349 350
349 351
349 352
349 438
349 439
349 440
350 348
350 349
350 351
350 352
350 439
350 440
350 441
350 442
350 443
351 317
351 347
351 348
351 349
351 350
351 352
351 353
352 347
352 348
352 349
352 350
352 351
352 353
352 354
353 318
353 347
353 348
353 351
353 352
353 354
353 355
354 318
354 319
354 352
354 353
354 355
354 356
355 318
355 319
355 320
355 321
355 336
355 353
355 354
355 356
355 357
356 258
356 319
356 320
356 321
356 354
356 355
356 357
356 358
357 320
357 321
357 322
357 323
357 332
357 355
357 356
357 358
357 359
358 241
358 248
358 320
358 321
358 322
358 323
358 356
358 357
358 359
358 360
359 241
359 246
359 248
359 322
359 323
359 324
359 327
359 357
359 358
359 360
359 361
360 240
360 241
360 244
360 245
360 246
360 322
360 323
360 324
360 325
360 358
360 359
360 361
360 362
361 240
361 241
361 244
361 245
361 246
361 324
361 325
361 326
361 359
361 360
361 362
361 363
362 240
362 244
362 324
362 325
362 360
362 361
362 363
362 364
362 366
362 368
363 27
363 28
363 244
363 361
363 362
363 364
363 365
363 366
364 27
364 362
364 363
364 365
364 366
364 367
365 26
365 27
365 28
365 29
365 39
365 40
365 363
365 364
365 366
365 367
366 26
366 27
366 362
366 363
366 364
366 365
366 367
366 368
367 364
367 365
367 366
367 368
367 369
368 362
368 366
368 367
368 369
368 370
368 371
369 279
369 282
369 283
369 367
369 368
369 370
369 371
370 282
370 283
370 287
370 325
370 368
370 369
370 371
370 372
370 373
371 286
371 287
371 325
371 326
371 368
371 369
371 370
371 372
371 373
372 287
372 288
372 289
372 292
372 323
372 324
372 325
372 326
372 327
372 370
372 371
372 373
372 374
373 272
373 273
373 274
373 287
373 292
373 323
373 324
373 325
373 370
373 371
373 372
373 374
373 375
374 237
374 272
374 273
374 274
374 292
374 293
374 296
374 321
374 322
374 323
374 324
374 372
374 373
374 375
374 376
375 234
375 237
375 238
375 270
375 271
375 272
375 273
375 296
375 321
375 322
375 323
375 373
375 374
375 376
375 377
376 270
376 271
376 272
376 296
376 319
376 320
376 321
376 322
376 374
376 375
376 377
376 378
377 238
377 259
377 268
377 269
377 270
377 271
377 319
377 320
377 321
377 375
377 376
377 378
377 379
378 259
378 268
378 269
378 270
378 316
378 317
378 318
378 319
378 320
378 376
378 377
378 379
378 380
379 259
379 260
379 265
379 266
379 267
379 268
379 269
379 316
379 317
379 318
379 319
379 377
379 378
379 380
379 381
380 268
380 269
380 314
380 315
380 316
380 317
380 318
380 378
380 379
380 381
380 382
380 383
381 314
381 315
381 316
381 317
381 379
381 380
381 382
381 383
381 384
381 434
381 435
381 437
381 438
382 306
382 307
382 314
382 315
382 380
382 381
382 383
382 384
382 385
382 386
382 434
383 267
383 269
383 304
383 306
383 380
383 381
383 382
383 384
383 385
383 386
383 387
384 381
384 382
384 383
384 385
384 386
384 387
384 388
384 430
384 431
384 434
384 435
385 306
385 307
385 382
385 383
385 384
385 386
385 387
385 388
385 389
386 305
386 306
386 382
386 383
386 384
386 385
386 387
386 388
386 389
386 390
387 383
387 384
387 385
387 386
387 388
387 389
387 390
387 391
387 427
387 431
388 384
388 385
388 386
388 387
388 389
388 390
388 391
388 392
388 428
388 431
389 174
389 385
389 386
389 387
389 388
389 390
389 391
389 392
389 393
390 184
390 187
390 188
390 386
390 387
390 388
390 389
390 391
390 392
390 393
390 394
391 184
391 188
391 387
391 388
391 389
391 390
391 392
391 393
391 394
391 395
391 424
391 427
391 428
392 388
392 389
392 390
392 391
392 393
392 394
392 395
392 396
393 184
393 389
393 390
393 391
393 392
393 394
393 395
393 396
393 397
394 184
394 185
394 188
394 390
394 391
394 392
394 393
394 395
394 396
394 397
394 398
395 391
395 392
395 393
395 394
395 396
395 397
395 398
395 399
396 392
396 393
396 394
396 395
396 397
396 398
396 399
396 400
397 184
397 393
397 394
397 395
397 396
397 398
397 399
397 400
397 401
397 402
397 403
398 394
398 395
398 396
398 397
398 399
398 400
398 401
398 402
399 395
399 396
399 397
399 398
399 400
399 401
399 402
400 396
400 397
400 398
400 399
400 401
400 402
401 397
401 398
401 399
401 400
401 402
401 403
401 404
402 397
402 398
402 399
402 400
402 401
402 403
402 404
403 181
403 182
403 397
403 401
403 402
403 404
403 405
403 406
404 401
404 402
404 403
404 405
404 406
404 407
404 408
405 403
405 404
405 406
405 407
405 408
405 409
406 102
406 403
406 404
406 405
406 407
406 408
406 409
406 410
407 102
407 104
407 105
407 404
407 405
407 406
407 408
407 409
407 410
407 413
407 414
408 404
408 405
408 406
408 407
408 409
408 410
408 411
408 412
408 413
408 414
408 415
408 416
409 405
409 406
409 407
409 408
409 410
409 411
409 413
409 414
410 104
410 105
410 108
410 406
410 407
410 408
410 409
410 411
410 412
410 413
410 414
411 408
411 409
411 410
411 412
411 413
411 414
411 415
412 104
412 408
412 410
412 411
412 413
412 414
412 415
412 419
413 104
413 407
413 408
413 409
413 410
413 411
413 412
413 414
413 415
413 416
413 417
413 418
413 419
414 407
414 408
414 409
414 410
414 411
414 412
414 413
414 415
414 416
415 408
415 411
415 412
415 413
415 414
415 416
415 417
416 408
416 413
416 414
416 415
416 417
416 418
417 413
417 415
417 416
417 418
417 419
417 420
417 421
418 413
418 416
418 417
418 419
418 420
418 421
418 422
419 189
419 412
419 413
419 417
419 418
419 420
419 421
419 422
419 423
420 185
420 188
420 189
420 417
420 418
420 419
420 421
420 422
420 423
420 424
421 417
421 418
421 419
421 420
421 422
421 423
421 424
421 425
422 418
422 419
422 420
422 421
422 423
422 424
422 425
422 426
423 188
423 189
423 191
423 192
423 419
423 420
423 421
423 422
423 424
423 425
423 426
423 427
424 188
424 189
424 192
424 391
424 420
424 421
424 422
424 423
424 425
424 426
424 427
424 428
425 421
425 422
425 423
425 424
425 426
425 427
425 428
425 429
426 192
426 195
426 422
426 423
426 424
426 425
426 427
426 428
426 429
426 430
427 188
427 191
427 192
427 195
427 387
427 391
427 423
427 424
427 425
427 426
427 428
427 429
427 430
427 431
428 388
428 391
428 424
428 425
428 426
428 427
428 429
428 430
428 431
428 432
429 425
429 426
429 427
429 428
429 430
429 431
429 432
429 433
430 195
430 264
430 265
430 384
430 426
430 427
430 428
430 429
430 431
430 432
430 433
430 434
431 384
431 387
431 388
431 427
431 428
431 429
431 430
431 432
431 433
431 434
431 435
432 428
432 429
432 430
432 431
432 433
432 434
432 435
432 436
433 265
433 429
433 430
433 431
433 432
433 434
433 435
433 436
433 437
433 445
434 265
434 381
434 382
434 384
434 430
434 431
434 432
434 433
434 435
434 436
434 437
434 438
435 312
435 314
435 381
435 384
435 431
435 432
435 433
435 434
435 436
435 437
435 438
435 439
436 432
436 433
436 434
436 435
436 437
436 438
436 439
436 441
436 442
436 445
437 317
437 348
437 381
437 433
437 434
437 435
437 436
437 438
437 439
437 440
437 442
438 312
438 313
438 314
438 315
438 348
438 349
438 381
438 434
438 435
438 436
438 437
438 439
438 440
438 442
439 348
439 349
439 350
439 435
439 436
439 437
439 438
439 440
439 441
439 442
440 348
440 349
440 350
440 437
440 438
440 439
440 441
440 442
440 443
441 350
441 436
441 439
441 440
441 442
441 443
441 444
441 445
442 350
442 436
442 437
442 438
442 439
442 440
442 441
442 443
442 444
442 445
443 350
443 440
443 441
443 442
443 444
443 445
444 441
444 442
444 443
444 445
444 446
444 447
444 448
445 433
445 436
445 441
445 442
445 443
445 444
445 446
445 447
445 448
446 444
446 445
446 447
446 448
446 449
447 444
447 445
447 446
447 448
447 449
448 444
448 445
448 446
448 447
448 449
448 450
449 446
449 447
449 448
449 450
450 448
450 449
