0 1
0 2
1 0
1 2
1 3
2 0
2 1
2 3
2 4
3 1
3 2
3 4
3 5
4 2
4 3
4 5
4 6
5 3
5 4
5 6
5 7
6 4
6 5
6 7
6 8
7 5
7 6
7 8
7 9
8 6
8 7
8 9
8 10
9 7
9 8
9 10
9 11
10 8
10 9
10 11
10 12
11 9
11 10
11 12
11 13
12 10
12 11
12 13
12 14
13 11
13 12
13 14
13 15
14 12
14 13
14 15
14 16
15 13
15 14
15 16
15 17
16 14
16 15
16 17
16 18
17 15
17 16
17 18
17 19
17 20
18 16
18 17
18 19
18 20
19 17
19 18
19 20
19 21
19 22
20 17
20 18
20 19
20 21
20 22
21 19
21 20
21 22
21 23
22 19
22 20
22 21
22 23
22 24
22 25
23 21
23 22
23 24
23 25
24 22
24 23
24 25
24 26
24 27
25 22
25 23
25 24
25 26
25 27
26 24
26 25
26 27
26 28
26 30
26 212
26 286
27 24
27 25
27 26
27 28
27 29
27 30
27 31
28 26
28 27
28 29
28 30
28 31
29 27
29 28
29 30
29 31
29 32
29 284
30 26
30 27
30 28
30 29
30 31
30 32
30 283
30 284
30 285
30 286
31 27
31 28
31 29
31 30
31 32
31 33
31 214
31 283
31 284
32 29
32 30
32 31
32 33
32 34
32 284
33 31
33 32
33 34
33 35
33 244
34 32
34 33
34 35
34 36
34 37
34 243
34 244
35 33
35 34
35 36
35 37
35 243
36 34
36 35
36 37
36 38
36 255
36 256
36 257
36 258
36 259
37 34
37 35
37 36
37 38
37 39
37 257
37 258
37 259
38 36
38 37
38 39
38 40
38 216
38 258
38 259
38 260
38 261
39 37
39 38
39 40
39 41
39 258
39 259
39 260
39 261
40 38
40 39
40 41
40 42
40 260
40 261
40 262
41 39
41 40
41 42
41 43
41 60
41 61
41 62
41 260
41 261
41 262
42 40
42 41
42 43
42 44
42 60
42 61
42 62
43 41
43 42
43 44
43 45
43 61
43 62
43 63
43 64
44 42
44 43
44 45
44 46
44 48
44 50
44 51
44 61
44 62
44 63
44 64
45 43
45 44
45 46
45 47
45 48
45 51
45 63
45 64
45 65
45 66
46 44
46 45
46 47
46 48
46 51
46 52
46 63
46 64
46 65
46 66
47 45
47 46
47 48
47 49
47 51
47 52
48 44
48 45
48 46
48 47
48 49
48 50
48 51
48 52
49 47
49 48
49 50
49 51
49 52
49 53
50 44
50 48
50 49
50 51
50 52
50 53
50 54
51 44
51 45
51 46
51 47
51 48
51 49
51 50
51 52
51 53
51 54
51 55
51 61
51 63
52 46
52 47
52 48
52 49
52 50
52 51
52 53
52 54
52 55
52 56
53 49
53 50
53 51
53 52
53 54
53 55
53 56
53 57
54 50
54 51
54 52
54 53
54 55
54 56
54 57
54 58
54 59
54 60
54 61
55 51
55 52
55 53
55 54
55 56
55 57
55 58
55 59
55 60
55 61
55 271
55 273
56 52
56 53
56 54
56 55
56 57
56 58
56 59
56 176
57 53
57 54
57 55
57 56
57 58
57 59
58 54
58 55
58 56
58 57
58 59
58 60
58 273
58 274
59 54
59 55
59 56
59 57
59 58
59 60
59 61
59 271
59 272
59 273
60 41
60 42
60 54
60 55
60 58
60 59
60 61
60 62
60 217
60 270
60 271
60 272
60 273
61 41
61 42
61 43
61 44
61 51
61 54
61 55
61 59
61 60
61 62
61 63
61 270
61 271
61 272
62 41
62 42
62 43
62 44
62 60
62 61
62 63
62 64
62 262
62 264
62 268
62 269
62 270
62 271
63 43
63 44
63 45
63 46
63 51
63 61
63 62
63 64
63 65
63 66
63 268
63 269
63 270
63 271
64 43
64 44
64 45
64 46
64 62
64 63
64 65
64 66
64 267
64 268
64 269
65 45
65 46
65 63
65 64
65 66
65 67
65 267
65 268
66 45
66 46
66 63
66 64
66 65
66 67
66 68
66 165
66 168
66 267
66 268
66 269
67 65
67 66
67 68
67 69
67 70
67 164
67 165
67 267
68 66
68 67
68 69
68 70
68 164
68 165
68 166
68 168
68 169
68 207
68 267
68 269
69 67
69 68
69 70
69 71
69 72
69 73
69 161
69 164
69 165
69 207
69 209
69 267
70 67
70 68
70 69
70 71
70 72
70 73
70 163
70 164
70 165
70 267
71 69
71 70
71 72
71 73
71 74
71 160
71 161
71 163
71 164
72 69
72 70
72 71
72 73
72 74
72 75
72 160
72 161
72 164
72 209
73 69
73 70
73 71
73 72
73 74
73 75
73 209
73 210
73 266
73 267
74 71
74 72
74 73
74 75
74 76
74 79
75 72
75 73
75 74
75 76
75 77
75 78
75 79
75 80
75 209
75 210
75 290
76 74
76 75
76 77
76 78
76 79
76 80
76 210
76 290
77 75
77 76
77 78
77 79
77 80
77 81
77 128
78 75
78 76
78 77
78 79
78 80
78 81
78 82
79 74
79 75
79 76
79 77
79 78
79 80
79 81
79 82
79 83
79 84
80 75
80 76
80 77
80 78
80 79
80 81
80 82
80 83
80 84
81 77
81 78
81 79
81 80
81 82
81 83
81 84
81 85
81 124
81 125
81 128
82 78
82 79
82 80
82 81
82 83
82 84
82 85
83 79
83 80
83 81
83 82
83 84
83 85
83 153
83 154
83 155
83 156
83 157
84 79
84 80
84 81
84 82
84 83
84 85
84 86
84 124
84 153
84 154
84 156
84 157
85 81
85 82
85 83
85 84
85 86
85 87
85 152
85 153
85 154
85 155
86 84
86 85
86 87
86 88
86 123
86 124
86 152
86 153
86 154
87 85
87 86
87 88
87 89
87 123
87 124
87 152
87 153
88 86
88 87
88 89
88 90
88 121
88 122
88 123
88 124
89 87
89 88
89 90
89 91
89 121
89 122
89 123
89 124
89 145
89 146
89 147
90 88
90 89
90 91
90 92
90 119
90 120
90 121
90 122
90 145
90 146
90 147
91 89
91 90
91 92
91 93
91 119
91 120
91 121
91 122
91 127
91 143
91 144
91 145
91 146
91 147
92 90
92 91
92 93
92 94
92 99
92 117
92 118
92 119
92 120
92 143
92 144
92 145
92 146
93 91
93 92
93 94
93 95
93 117
93 118
93 119
93 120
93 141
93 142
93 143
93 144
94 92
94 93
94 95
94 96
94 97
94 98
94 99
94 116
94 117
94 118
94 141
94 142
94 143
95 93
95 94
95 96
95 97
95 116
95 117
95 140
95 141
95 142
96 94
96 95
96 97
96 98
96 99
96 140
96 141
96 142
97 94
97 95
97 96
97 98
97 99
97 140
97 141
97 142
97 192
97 193
97 194
98 94
98 96
98 97
98 99
98 100
98 193
98 194
98 195
98 196
99 92
99 94
99 96
99 97
99 98
99 100
99 101
99 116
99 117
99 144
99 193
99 194
99 195
99 196
100 98
100 99
100 101
100 102
100 116
100 117
100 195
100 196
100 235
100 238
101 99
101 100
101 102
101 103
101 195
101 235
101 238
102 100
102 101
102 103
102 104
102 115
102 234
102 235
102 236
103 101
103 102
103 104
103 105
103 106
103 107
103 234
103 235
104 102
104 103
104 105
104 106
104 107
104 108
104 234
105 103
105 104
105 106
105 107
105 108
105 234
106 103
106 104
106 105
106 107
106 108
106 109
106 110
106 232
106 233
106 234
107 103
107 104
107 105
107 106
107 108
107 109
107 110
107 111
107 113
107 233
107 234
108 104
108 105
108 106
108 107
108 109
108 110
108 111
109 106
109 107
109 108
109 110
109 111
109 232
110 106
110 107
110 108
110 109
110 111
110 112
110 113
110 233
110 234
111 107
111 108
111 109
111 110
111 112
111 113
112 110
112 111
112 113
112 114
113 107
113 110
113 111
113 112
113 114
113 115
114 112
114 113
114 115
114 116
115 102
115 113
115 114
115 116
115 117
115 118
116 94
116 95
116 99
116 100
116 114
116 115
116 117
116 118
117 92
117 93
117 94
117 95
117 99
117 100
117 115
117 116
117 118
117 119
118 92
118 93
118 94
118 115
118 116
118 117
118 119
118 120
119 90
119 91
119 92
119 93
119 117
119 118
119 120
119 121
120 90
120 91
120 92
120 93
120 118
120 119
120 121
120 122
121 88
121 89
121 90
121 91
121 119
121 120
121 122
121 123
122 88
122 89
122 90
122 91
122 120
122 121
122 123
122 124
122 126
122 127
123 86
123 87
123 88
123 89
123 121
123 122
123 124
123 125
123 126
123 127
124 81
124 84
124 86
124 87
124 88
124 89
124 122
124 123
124 125
124 126
124 127
124 128
125 81
125 123
125 124
125 126
125 127
125 128
125 129
126 122
126 123
126 124
126 125
126 127
126 128
126 129
126 130
127 91
127 122
127 123
127 124
127 125
127 126
127 128
127 129
127 130
127 131
128 77
128 81
128 124
128 125
128 126
128 127
128 129
128 130
128 131
128 132
129 125
129 126
129 127
129 128
129 130
129 131
129 132
129 133
130 126
130 127
130 128
130 129
130 131
130 132
130 133
130 134
131 127
131 128
131 129
131 130
131 132
131 133
131 134
131 135
131 143
132 128
132 129
132 130
132 131
132 133
132 134
132 135
132 136
133 129
133 130
133 131
133 132
133 134
133 135
133 136
133 137
134 130
134 131
134 132
134 133
134 135
134 136
134 137
134 138
134 139
134 141
134 142
135 131
135 132
135 133
135 134
135 136
135 137
135 138
136 132
136 133
136 134
136 135
136 137
136 138
137 133
137 134
137 135
137 136
137 138
137 139
138 134
138 135
138 136
138 137
138 139
138 140
138 141
139 134
139 137
139 138
139 140
139 141
140 95
140 96
140 97
140 138
140 139
140 141
140 142
141 93
141 94
141 95
141 96
141 97
141 134
141 138
141 139
141 140
141 142
141 143
142 93
142 94
142 95
142 96
142 97
142 134
142 140
142 141
142 143
142 144
142 190
142 193
143 91
143 92
143 93
143 94
143 131
143 141
143 142
143 144
143 145
143 189
143 190
144 91
144 92
144 93
144 99
144 142
144 143
144 145
144 146
144 187
144 188
144 189
144 190
144 193
145 89
145 90
145 91
145 92
145 143
145 144
145 146
145 147
145 186
145 187
145 188
145 189
146 89
146 90
146 91
146 92
146 144
146 145
146 147
146 148
146 185
146 186
146 187
146 188
147 89
147 90
147 91
147 145
147 146
147 148
147 149
147 185
147 186
147 187
148 146
148 147
148 149
148 150
148 183
148 184
148 185
148 186
149 147
149 148
149 150
149 151
149 152
149 153
149 183
149 184
149 185
149 186
150 148
150 149
150 151
150 152
150 153
151 149
151 150
151 152
151 153
151 158
152 85
152 86
152 87
152 149
152 150
152 151
152 153
152 154
153 83
153 84
153 85
153 86
153 87
153 149
153 150
153 151
153 152
153 154
153 155
153 157
153 158
154 83
154 84
154 85
154 86
154 152
154 153
154 155
154 156
154 157
154 158
155 83
155 85
155 153
155 154
155 156
155 157
155 158
155 159
156 83
156 84
156 154
156 155
156 157
156 158
156 159
156 160
157 83
157 84
157 153
157 154
157 155
157 156
157 158
157 159
157 160
157 161
158 151
158 153
158 154
158 155
158 156
158 157
158 159
158 160
158 161
158 162
159 155
159 156
159 157
159 158
159 160
159 161
159 162
159 163
160 71
160 72
160 156
160 157
160 158
160 159
160 161
160 162
160 163
160 164
161 69
161 71
161 72
161 157
161 158
161 159
161 160
161 162
161 163
161 164
162 158
162 159
162 160
162 161
162 163
162 164
162 166
163 70
163 71
163 159
163 160
163 161
163 162
163 164
163 165
163 166
164 67
164 68
164 69
164 70
164 71
164 72
164 160
164 161
164 162
164 163
164 165
164 166
165 66
165 67
165 68
165 69
165 70
165 163
165 164
165 166
165 167
165 168
165 169
166 68
166 162
166 163
166 164
166 165
166 167
166 168
166 169
166 170
167 165
167 166
167 168
167 169
167 170
167 171
168 66
168 68
168 165
168 166
168 167
168 169
168 170
168 171
168 172
169 68
169 165
169 166
169 167
169 168
169 170
169 171
169 172
169 173
170 166
170 167
170 168
170 169
170 171
170 172
170 173
170 174
171 167
171 168
171 169
171 170
171 172
171 173
171 174
171 175
172 168
172 169
172 170
172 171
172 173
172 174
172 175
172 176
173 169
173 170
173 171
173 172
173 174
173 175
173 176
173 177
173 178
173 179
173 296
174 170
174 171
174 172
174 173
174 175
174 176
174 177
174 178
175 171
175 172
175 173
175 174
175 176
175 177
175 178
176 56
176 172
176 173
176 174
176 175
176 177
176 178
176 299
177 173
177 174
177 175
177 176
177 178
177 179
177 298
177 299
177 300
178 173
178 174
178 175
178 176
178 177
178 179
178 180
178 296
178 297
178 298
178 299
178 300
179 173
179 177
179 178
179 180
179 181
179 296
179 297
179 298
179 299
179 300
180 178
180 179
180 181
180 182
180 296
180 297
181 179
181 180
181 182
181 183
181 294
181 295
181 296
181 297
182 180
182 181
182 183
182 184
182 294
182 295
182 296
182 297
183 148
183 149
183 181
183 182
183 184
183 185
183 293
183 294
183 295
183 296
184 148
184 149
184 182
184 183
184 185
184 186
184 292
184 293
184 294
184 295
185 146
185 147
185 148
185 149
185 183
185 184
185 186
185 187
185 292
185 293
185 294
186 145
186 146
186 147
186 148
186 149
186 184
186 185
186 187
186 188
186 290
186 291
186 292
186 293
187 144
187 145
187 146
187 147
187 185
187 186
187 188
187 189
187 289
187 290
187 291
187 292
187 293
188 144
188 145
188 146
188 186
188 187
188 189
188 190
188 288
188 289
188 290
188 291
189 143
189 144
189 145
189 187
189 188
189 190
189 191
189 193
189 282
189 288
189 289
189 290
190 142
190 143
190 144
190 188
190 189
190 191
190 192
190 193
190 282
190 287
190 288
190 289
191 189
191 190
191 192
191 193
191 282
191 283
191 284
191 285
191 286
191 287
191 288
191 289
192 97
192 190
192 191
192 193
192 194
192 281
192 282
192 283
192 284
192 285
192 286
193 97
193 98
193 99
193 142
193 144
193 189
193 190
193 191
193 192
193 194
193 195
193 281
193 282
193 283
194 97
194 98
194 99
194 192
194 193
194 195
194 196
194 279
194 280
194 281
194 282
195 98
195 99
195 100
195 101
195 193
195 194
195 196
195 197
195 279
195 280
195 281
196 98
196 99
196 100
196 194
196 195
196 197
196 198
196 238
196 239
196 278
196 279
196 280
197 195
197 196
197 198
197 199
197 238
197 239
197 277
197 278
197 279
197 280
198 196
198 197
198 199
198 200
198 237
198 238
198 239
198 277
198 278
198 279
199 197
199 198
199 200
199 201
199 237
199 238
199 274
199 275
199 276
199 277
199 278
200 198
200 199
200 201
200 202
200 203
200 237
200 274
200 275
200 276
200 277
201 199
201 200
201 202
201 203
201 274
201 275
201 297
201 298
202 200
202 201
202 203
202 204
202 273
202 274
202 275
202 295
202 296
202 297
202 298
203 200
203 201
203 202
203 204
203 205
203 271
203 272
203 273
203 274
203 295
203 296
203 297
203 298
204 202
204 203
204 205
204 206
204 271
204 272
204 273
204 274
204 293
204 294
204 295
204 296
205 203
205 204
205 206
205 207
205 269
205 270
205 271
205 272
205 293
205 294
205 295
206 204
206 205
206 207
206 208
206 269
206 270
206 271
206 272
206 291
206 292
206 293
206 294
207 68
207 69
207 205
207 206
207 208
207 209
207 267
207 268
207 269
207 270
207 291
207 292
207 293
207 294
208 206
208 207
208 209
208 210
208 211
208 212
208 213
208 264
208 265
208 266
208 267
208 268
208 269
208 290
208 291
208 292
209 69
209 72
209 73
209 75
209 207
209 208
209 210
209 211
209 265
209 266
209 267
209 268
209 289
209 290
209 291
209 292
210 73
210 75
210 76
210 208
210 209
210 211
210 212
210 265
210 266
210 288
210 289
210 290
210 291
211 208
211 209
211 210
211 212
211 213
211 265
211 266
211 282
211 286
211 287
211 288
211 289
211 290
212 26
212 208
212 210
212 211
212 213
212 214
212 263
212 264
212 265
212 266
212 282
212 283
212 286
212 289
213 208
213 211
213 212
213 214
213 215
213 263
213 264
213 265
213 280
213 281
213 282
213 283
213 289
214 31
214 212
214 213
214 215
214 216
214 261
214 262
214 263
214 264
214 280
214 281
214 282
214 283
215 213
215 214
215 216
215 217
215 261
215 262
215 263
215 264
215 278
215 279
215 280
215 281
216 38
216 214
216 215
216 217
216 218
216 259
216 260
216 261
216 262
216 278
216 279
216 280
217 60
217 215
217 216
217 218
217 219
217 259
217 260
217 261
217 276
217 277
217 278
217 279
218 216
218 217
218 219
218 220
218 222
218 257
218 258
218 259
218 260
218 276
218 277
218 278
219 217
219 218
219 220
219 221
219 222
219 223
219 275
219 276
219 277
219 311
220 218
220 219
220 221
220 222
220 223
220 275
220 276
220 277
220 311
220 312
220 315
221 219
221 220
221 222
221 223
221 224
221 311
221 312
221 315
222 218
222 219
222 220
222 221
222 223
222 224
222 225
222 226
222 257
223 219
223 220
223 221
223 222
223 224
223 225
223 226
223 227
223 228
223 315
224 221
224 222
224 223
224 225
224 226
224 227
224 228
224 253
225 222
225 223
225 224
225 226
225 227
225 251
225 252
225 253
225 254
225 255
225 256
225 257
226 222
226 223
226 224
226 225
226 227
226 228
226 239
226 240
226 241
226 253
226 254
226 257
227 223
227 224
227 225
227 226
227 228
227 229
227 239
227 240
227 241
227 251
228 223
228 224
228 226
228 227
228 229
228 230
228 236
228 237
228 238
228 239
228 240
229 227
229 228
229 230
229 231
229 233
229 235
229 236
229 237
229 238
229 239
229 240
230 228
230 229
230 231
230 232
230 233
230 236
230 322
231 229
231 230
231 232
231 233
231 236
231 237
231 319
231 322
231 323
232 106
232 109
232 230
232 231
232 233
232 234
232 236
232 323
232 326
232 332
233 106
233 107
233 110
233 229
233 230
233 231
233 232
233 234
233 235
233 236
234 102
234 103
234 104
234 105
234 106
234 107
234 110
234 232
234 233
234 235
234 236
235 100
235 101
235 102
235 103
235 229
235 233
235 234
235 236
235 237
235 238
236 102
236 228
236 229
236 230
236 231
236 232
236 233
236 234
236 235
236 237
236 238
237 198
237 199
237 200
237 228
237 229
237 231
237 235
237 236
237 238
237 239
238 100
238 101
238 196
238 197
238 198
238 199
238 228
238 229
238 235
238 236
238 237
238 239
238 240
239 196
239 197
239 198
239 226
239 227
239 228
239 229
239 237
239 238
239 240
239 241
239 242
240 226
240 227
240 228
240 229
240 238
240 239
240 241
240 242
241 226
241 227
241 239
241 240
241 242
241 243
241 246
241 247
241 251
241 254
242 239
242 240
242 241
242 243
242 244
242 245
242 246
242 247
243 34
243 35
243 241
243 242
243 244
243 245
243 246
244 33
244 34
244 242
244 243
244 245
244 246
245 242
245 243
245 244
245 246
245 247
246 241
246 242
246 243
246 244
246 245
246 247
246 248
246 251
246 254
247 241
247 242
247 245
247 246
247 248
247 249
247 250
247 251
247 252
248 246
248 247
248 249
248 250
248 251
248 252
248 253
248 254
248 255
249 247
249 248
249 250
249 251
249 252
250 247
250 248
250 249
250 251
250 252
251 225
251 227
251 241
251 246
251 247
251 248
251 249
251 250
251 252
251 253
251 254
252 225
252 247
252 248
252 249
252 250
252 251
252 253
252 254
252 255
253 224
253 225
253 226
253 248
253 251
253 252
253 254
253 255
253 256
253 257
254 225
254 226
254 241
254 246
254 248
254 251
254 252
254 253
254 255
254 256
254 257
255 36
255 225
255 248
255 252
255 253
255 254
255 256
255 257
256 36
256 225
256 253
256 254
256 255
256 257
256 258
257 36
257 37
257 218
257 222
257 225
257 226
257 253
257 254
257 255
257 256
257 258
257 259
258 36
258 37
258 38
258 39
258 218
258 256
258 257
258 259
258 260
259 36
259 37
259 38
259 39
259 216
259 217
259 218
259 257
259 258
259 260
259 261
260 38
260 39
260 40
260 41
260 216
260 217
260 218
260 258
260 259
260 261
260 262
261 38
261 39
261 40
261 41
261 214
261 215
261 216
261 217
261 259
261 260
261 262
261 263
262 40
262 41
262 62
262 214
262 215
262 216
262 260
262 261
262 263
262 264
263 212
263 213
263 214
263 215
263 261
263 262
263 264
263 265
264 62
264 208
264 212
264 213
264 214
264 215
264 262
264 263
264 265
264 266
264 268
264 269
264 270
265 208
265 209
265 210
265 211
265 212
265 213
265 263
265 264
265 266
265 267
265 268
266 73
266 208
266 209
266 210
266 211
266 212
266 264
266 265
266 267
266 268
267 64
267 65
267 66
267 67
267 68
267 69
267 70
267 73
267 207
267 208
267 209
267 265
267 266
267 268
267 269
268 62
268 63
268 64
268 65
268 66
268 207
268 208
268 209
268 264
268 265
268 266
268 267
268 269
268 270
269 62
269 63
269 64
269 66
269 68
269 205
269 206
269 207
269 208
269 264
269 267
269 268
269 270
269 271
270 60
270 61
270 62
270 63
270 205
270 206
270 207
270 264
270 268
270 269
270 271
270 272
271 55
271 59
271 60
271 61
271 62
271 63
271 203
271 204
271 205
271 206
271 269
271 270
271 272
271 273
272 59
272 60
272 61
272 203
272 204
272 205
272 206
272 270
272 271
272 273
272 274
272 276
272 278
273 55
273 58
273 59
273 60
273 202
273 203
273 204
273 271
273 272
273 274
273 275
273 276
274 58
274 199
274 200
274 201
274 202
274 203
274 204
274 272
274 273
274 275
274 276
274 298
274 312
275 199
275 200
275 201
275 202
275 219
275 220
275 273
275 274
275 276
275 277
275 312
275 315
276 199
276 200
276 217
276 218
276 219
276 220
276 272
276 273
276 274
276 275
276 277
276 278
276 312
277 197
277 198
277 199
277 200
277 217
277 218
277 219
277 220
277 275
277 276
277 278
277 279
278 196
278 197
278 198
278 199
278 215
278 216
278 217
278 218
278 272
278 276
278 277
278 279
278 280
279 194
279 195
279 196
279 197
279 198
279 215
279 216
279 217
279 277
279 278
279 280
279 281
280 194
280 195
280 196
280 197
280 213
280 214
280 215
280 216
280 278
280 279
280 281
280 282
281 192
281 193
281 194
281 195
281 213
281 214
281 215
281 279
281 280
281 282
281 283
282 189
282 190
282 191
282 192
282 193
282 194
282 211
282 212
282 213
282 214
282 280
282 281
282 283
282 284
282 286
282 289
283 30
283 31
283 191
283 192
283 193
283 212
283 213
283 214
283 281
283 282
283 284
283 285
283 286
283 287
284 29
284 30
284 31
284 32
284 191
284 192
284 282
284 283
284 285
284 286
284 287
285 30
285 191
285 192
285 283
285 284
285 286
285 287
286 26
286 30
286 191
286 192
286 211
286 212
286 282
286 283
286 284
286 285
286 287
286 288
286 289
287 190
287 191
287 211
287 283
287 284
287 285
287 286
287 288
287 289
288 188
288 189
288 190
288 191
288 210
288 211
288 286
288 287
288 289
288 290
289 187
289 188
289 189
289 190
289 191
289 209
289 210
289 211
289 212
289 213
289 282
289 286
289 287
289 288
289 290
289 291
290 75
290 76
290 186
290 187
290 188
290 189
290 208
290 209
290 210
290 211
290 288
290 289
290 291
290 292
291 186
291 187
291 188
291 206
291 207
291 208
291 209
291 210
291 289
291 290
291 292
291 293
292 184
292 185
292 186
292 187
292 206
292 207
292 208
292 209
292 290
292 291
292 293
292 294
293 183
293 184
293 185
293 186
293 187
293 204
293 205
293 206
293 207
293 291
293 292
293 294
293 295
294 181
294 182
294 183
294 184
294 185
294 204
294 205
294 206
294 207
294 292
294 293
294 295
294 296
295 181
295 182
295 183
295 184
295 202
295 203
295 204
295 205
295 293
295 294
295 296
295 297
296 173
296 178
296 179
296 180
296 181
296 182
296 183
296 202
296 203
296 204
296 294
296 295
296 297
296 298
297 178
297 179
297 180
297 181
297 182
297 201
297 202
297 203
297 295
297 296
297 298
297 299
298 177
298 178
298 179
298 201
298 202
298 203
298 274
298 296
298 297
298 299
298 300
299 176
299 177
299 178
299 179
299 297
299 298
299 300
299 301
300 177
300 178
300 179
300 298
300 299
300 301
300 302
301 299
301 300
301 302
301 303
301 305
302 300
302 301
302 303
302 304
302 305
303 301
303 302
303 304
303 305
304 302
304 303
304 305
304 306
305 301
305 302
305 303
305 304
305 306
305 307
306 304
306 305
306 307
306 308
306 309
307 305
307 306
307 308
307 309
307 310
308 306
308 307
308 309
308 310
309 306
309 307
309 308
309 310
309 311
309 313
309 314
310 307
310 308
310 309
310 311
310 312
310 313
310 314
311 219
311 220
311 221
311 309
311 310
311 312
311 313
311 314
311 315
312 220
312 221
312 274
312 275
312 276
312 310
312 311
312 313
312 314
312 315
312 316
313 309
313 310
313 311
313 312
313 314
313 315
313 316
313 317
314 309
314 310
314 311
314 312
314 313
314 315
314 316
314 317
314 318
315 220
315 221
315 223
315 275
315 311
315 312
315 313
315 314
315 316
315 317
315 318
315 319
316 312
316 313
316 314
316 315
316 317
316 318
316 319
316 320
317 313
317 314
317 315
317 316
317 318
317 319
317 320
317 321
318 314
318 315
318 316
318 317
318 319
318 320
318 321
318 322
319 231
319 315
319 316
319 317
319 318
319 320
319 321
319 322
319 323
320 316
320 317
320 318
320 319
320 321
320 322
320 323
320 324
321 317
321 318
321 319
321 320
321 322
321 323
321 324
321 325
322 230
322 231
322 318
322 319
322 320
322 321
322 323
322 324
322 325
322 326
322 335
323 231
323 232
323 319
323 320
323 321
323 322
323 324
323 325
323 326
323 327
324 320
324 321
324 322
324 323
324 325
324 326
324 327
324 328
325 321
325 322
325 323
325 324
325 326
325 327
325 328
325 329
325 332
325 335
326 232
326 322
326 323
326 324
326 325
326 327
326 328
326 329
326 330
326 331
326 332
326 333
326 334
326 335
327 323
327 324
327 325
327 326
327 328
327 329
327 330
327 331
327 332
328 324
328 325
328 326
328 327
328 329
328 330
329 325
329 326
329 327
329 328
329 330
329 331
329 332
329 334
329 335
330 326
330 327
330 328
330 329
330 331
330 332
331 326
331 327
331 329
331 330
331 332
331 333
331 334
331 335
332 232
332 325
332 326
332 327
332 329
332 330
332 331
332 333
332 334
332 335
333 326
333 331
333 332
333 334
333 335
333 336
333 337
334 326
334 329
334 331
334 332
334 333
334 335
334 336
334 337
334 338
335 322
335 325
335 326
335 329
335 331
335 332
335 333
335 334
335 336
335 337
335 338
335 339
336 333
336 334
336 335
336 337
336 338
336 339
336 340
337 333
337 334
337 335
337 336
337 338
337 339
337 340
337 341
338 334
338 335
338 336
338 337
338 339
338 340
338 341
338 342
339 335
339 336
339 337
339 338
339 340
339 341
339 342
339 343
340 336
340 337
340 338
340 339
340 341
340 342
340 343
340 344
341 337
341 338
341 339
341 340
341 342
341 343
341 344
341 345
342 338
342 339
342 340
342 341
342 343
342 344
342 345
342 346
343 339
343 340
343 341
343 342
343 344
343 345
343 346
344 340
344 341
344 342
344 343
344 345
344 346
344 347
345 341
345 342
345 343
345 344
345 346
345 347
346 342
346 343
346 344
346 345
346 347
346 348
347 344
347 345
347 346
347 348
348 346
348 347
