0 1
0 2
0 3
0 4
1 0
1 2
1 3
1 4
1 5
2 0
2 1
2 3
2 4
2 5
2 6
3 0
3 1
3 2
3 4
3 5
3 6
3 7
4 0
4 1
4 2
4 3
4 5
4 6
4 7
4 8
5 1
5 2
5 3
5 4
5 6
5 7
5 8
5 9
6 2
6 3
6 4
6 5
6 7
6 8
6 9
6 10
7 3
7 4
7 5
7 6
7 8
7 9
7 10
7 11
8 4
8 5
8 6
8 7
8 9
8 10
8 11
8 12
9 5
9 6
9 7
9 8
9 10
9 11
9 12
9 13
10 6
10 7
10 8
10 9
10 11
10 12
10 13
10 14
11 7
11 8
11 9
11 10
11 12
11 13
11 14
11 15
12 8
12 9
12 10
12 11
12 13
12 14
12 15
12 16
13 9
13 10
13 11
13 12
13 14
13 15
13 16
13 17
14 10
14 11
14 12
14 13
14 15
14 16
14 17
14 18
15 11
15 12
15 13
15 14
15 16
15 17
15 18
15 19
16 12
16 13
16 14
16 15
16 17
16 18
16 19
16 20
17 13
17 14
17 15
17 16
17 18
17 19
17 20
17 21
18 14
18 15
18 16
18 17
18 19
18 20
18 21
18 22
19 15
19 16
19 17
19 18
19 20
19 21
19 22
19 23
20 16
20 17
20 18
20 19
20 21
20 22
20 23
20 24
21 17
21 18
21 19
21 20
21 22
21 23
21 24
21 25
22 18
22 19
22 20
22 21
22 23
22 24
22 25
22 26
23 19
23 20
23 21
23 22
23 24
23 25
23 26
23 27
24 20
24 21
24 22
24 23
24 25
24 26
24 27
24 28
25 21
25 22
25 23
25 24
25 26
25 27
25 28
25 29
26 22
26 23
26 24
26 25
26 27
26 28
26 29
26 30
27 23
27 24
27 25
27 26
27 28
27 29
27 30
27 31
28 24
28 25
28 26
28 27
28 29
28 30
28 31
28 32
29 25
29 26
29 27
29 28
29 30
29 31
29 32
29 33
30 26
30 27
30 28
30 29
30 31
30 32
30 33
30 34
31 27
31 28
31 29
31 30
31 32
31 33
31 34
31 35
32 28
32 29
32 30
32 31
32 33
32 34
32 35
33 29
33 30
33 31
33 32
33 34
33 35
33 36
34 30
34 31
34 32
34 33
34 35
34 36
34 37
35 31
35 32
35 33
35 34
35 36
35 37
35 38
36 33
36 34
36 35
36 37
36 38
37 34
37 35
37 36
37 38
37 39
38 35
38 36
38 37
38 39
38 40
39 37
39 38
39 40
39 41
40 38
40 39
40 41
40 42
41 39
41 40
41 42
41 43
42 40
42 41
42 43
42 44
43 41
43 42
43 44
43 45
43 46
43 47
44 42
44 43
44 45
44 46
45 43
45 44
45 46
45 47
45 49
46 43
46 44
46 45
46 47
46 48
46 49
47 43
47 45
47 46
47 48
47 49
48 46
48 47
48 49
48 50
49 45
49 46
49 47
49 48
49 50
49 51
50 48
50 49
50 51
50 52
51 49
51 50
51 52
51 53
51 54
52 50
52 51
52 53
52 54
53 51
53 52
53 54
53 55
53 60
54 51
54 52
54 53
54 55
54 56
54 57
54 59
54 60
54 296
55 53
55 54
55 56
55 57
55 59
55 60
55 293
55 296
56 54
56 55
56 57
56 58
56 59
56 60
56 105
56 292
56 293
56 294
56 295
56 296
57 54
57 55
57 56
57 58
57 59
57 60
57 61
57 104
57 105
57 293
57 294
57 295
58 56
58 57
58 59
58 60
58 61
58 62
58 294
58 295
58 326
59 54
59 55
59 56
59 57
59 58
59 60
59 61
59 62
59 63
59 294
59 295
59 296
60 53
60 54
60 55
60 56
60 57
60 58
60 59
60 61
60 62
60 63
60 64
61 57
61 58
61 59
61 60
61 62
61 63
61 64
61 65
61 326
62 58
62 59
62 60
62 61
62 63
62 64
62 65
62 66
62 325
62 326
63 59
63 60
63 61
63 62
63 64
63 65
63 66
63 67
64 60
64 61
64 62
64 63
64 65
64 66
64 67
64 68
64 86
65 61
65 62
65 63
65 64
65 66
65 67
65 68
65 69
65 324
65 325
66 62
66 63
66 64
66 65
66 67
66 68
66 69
66 70
66 73
66 324
67 63
67 64
67 65
67 66
67 68
67 69
67 70
67 71
67 73
67 74
67 77
68 64
68 65
68 66
68 67
68 69
68 70
68 71
68 73
68 74
69 65
69 66
69 67
69 68
69 70
69 71
69 74
69 324
70 66
70 67
70 68
70 69
70 71
70 72
70 73
70 74
71 67
71 68
71 69
71 70
71 72
71 73
71 74
71 75
72 70
72 71
72 73
72 74
72 75
72 76
73 66
73 67
73 68
73 70
73 71
73 72
73 74
73 75
73 76
73 77
74 67
74 68
74 69
74 70
74 71
74 72
74 73
74 75
74 76
74 77
74 78
75 71
75 72
75 73
75 74
75 76
75 77
75 78
75 79
76 72
76 73
76 74
76 75
76 77
76 78
76 79
76 80
77 67
77 73
77 74
77 75
77 76
77 78
77 79
77 80
77 81
77 82
77 83
78 74
78 75
78 76
78 77
78 79
78 80
78 81
78 82
78 83
79 75
79 76
79 77
79 78
79 80
79 81
79 82
80 76
80 77
80 78
80 79
80 81
80 82
80 83
81 77
81 78
81 79
81 80
81 82
81 83
81 84
82 77
82 78
82 79
82 80
82 81
82 83
82 84
82 85
82 86
83 77
83 78
83 80
83 81
83 82
83 84
83 85
83 86
84 81
84 82
84 83
84 85
84 86
85 82
85 83
85 84
85 86
85 87
86 64
86 82
86 83
86 84
86 85
86 87
86 88
87 85
87 86
87 88
87 89
88 86
88 87
88 89
88 90
89 87
89 88
89 90
89 91
89 94
90 88
90 89
90 91
90 92
90 93
90 94
90 123
91 89
91 90
91 92
91 93
91 94
91 122
91 123
91 124
91 326
92 90
92 91
92 93
92 94
92 123
92 124
92 125
92 126
92 323
93 90
93 91
93 92
93 94
93 95
93 123
93 124
93 125
93 126
94 89
94 90
94 91
94 92
94 93
94 95
94 96
94 121
94 123
94 124
95 93
95 94
95 96
95 97
95 121
95 123
95 124
96 94
96 95
96 97
96 98
96 121
97 95
97 96
97 98
97 99
97 120
97 121
98 96
98 97
98 99
98 100
98 101
98 119
98 120
98 121
98 123
99 97
99 98
99 100
99 101
99 102
99 103
99 120
100 98
100 99
100 101
100 102
100 103
100 104
101 98
101 99
101 100
101 102
101 103
101 104
101 105
101 108
101 119
101 120
102 99
102 100
102 101
102 103
102 104
102 105
102 108
102 109
103 99
103 100
103 101
103 102
103 104
103 105
103 106
103 108
104 57
104 100
104 101
104 102
104 103
104 105
104 106
105 56
105 57
105 101
105 102
105 103
105 104
105 106
105 107
105 108
105 293
105 294
106 103
106 104
106 105
106 107
106 108
106 293
107 105
107 106
107 108
107 109
107 110
107 111
107 293
108 101
108 102
108 103
108 105
108 106
108 107
108 109
108 110
108 111
108 116
109 102
109 107
109 108
109 110
109 111
110 107
110 108
110 109
110 111
110 112
111 107
111 108
111 109
111 110
111 112
111 113
111 115
111 116
112 110
112 111
112 113
112 114
112 115
112 116
113 111
113 112
113 114
113 115
113 116
113 117
114 112
114 113
114 115
114 116
114 117
114 118
114 217
115 111
115 112
115 113
115 114
115 116
115 117
115 118
115 119
116 108
116 111
116 112
116 113
116 114
116 115
116 117
116 118
116 119
116 120
117 113
117 114
117 115
117 116
117 118
117 119
117 120
117 121
118 114
118 115
118 116
118 117
118 119
118 120
118 121
118 122
118 217
118 218
118 329
119 98
119 101
119 115
119 116
119 117
119 118
119 120
119 121
119 122
120 97
120 98
120 99
120 101
120 116
120 117
120 118
120 119
120 121
120 122
120 123
121 94
121 95
121 96
121 97
121 98
121 117
121 118
121 119
121 120
121 122
121 123
121 124
122 91
122 118
122 119
122 120
122 121
122 123
122 124
122 125
122 326
122 327
123 90
123 91
123 92
123 93
123 94
123 95
123 98
123 120
123 121
123 122
123 124
123 125
123 326
124 91
124 92
124 93
124 94
124 95
124 121
124 122
124 123
124 125
124 126
124 127
125 92
125 93
125 122
125 123
125 124
125 126
125 127
125 221
125 224
125 225
126 92
126 93
126 124
126 125
126 127
126 128
127 124
127 125
127 126
127 128
127 129
127 210
127 211
127 212
127 225
128 126
128 127
128 129
128 130
128 210
128 211
129 127
129 128
129 130
129 131
129 132
129 208
129 209
129 210
129 211
130 128
130 129
130 131
130 132
130 208
130 209
130 210
130 211
131 129
131 130
131 132
131 133
131 201
131 207
131 208
131 209
131 210
132 129
132 130
132 131
132 133
132 134
132 207
132 208
132 209
133 131
133 132
133 134
133 135
133 136
133 205
133 206
133 207
133 208
134 132
134 133
134 135
134 136
134 137
134 233
135 133
135 134
135 136
135 137
135 138
135 233
136 133
136 134
136 135
136 137
136 138
136 139
136 176
136 177
136 205
136 206
136 233
136 234
137 134
137 135
137 136
137 138
137 139
137 140
137 141
137 176
137 233
137 234
137 237
138 135
138 136
138 137
138 139
138 140
139 136
139 137
139 138
139 140
139 141
139 174
140 137
140 138
140 139
140 141
140 142
140 174
140 234
140 236
140 237
140 238
141 137
141 139
141 140
141 142
141 143
141 144
141 173
141 174
141 175
141 176
141 236
141 237
141 238
141 239
142 140
142 141
142 143
142 144
142 173
142 174
142 175
142 237
142 238
142 239
143 141
143 142
143 144
143 145
143 173
143 174
143 175
143 176
143 237
143 238
143 239
143 240
143 241
144 141
144 142
144 143
144 145
144 146
144 175
144 176
144 177
144 178
144 237
144 239
144 240
144 241
145 143
145 144
145 146
145 147
145 165
145 175
145 176
145 177
145 178
145 240
145 241
145 242
145 243
146 144
146 145
146 147
146 148
146 177
146 178
146 179
146 180
146 240
146 241
146 242
146 243
147 145
147 146
147 148
147 149
147 177
147 178
147 179
147 180
147 242
147 243
147 244
147 245
148 146
148 147
148 149
148 150
148 179
148 180
148 181
148 242
148 243
148 244
148 245
149 147
149 148
149 150
149 151
149 153
149 157
149 179
149 180
149 181
149 244
149 245
150 148
150 149
150 151
150 152
150 153
150 180
150 181
150 182
150 184
150 214
151 149
151 150
151 152
151 153
151 154
151 181
151 182
151 183
151 184
151 193
151 194
151 197
152 150
152 151
152 153
152 154
152 193
153 149
153 150
153 151
153 152
153 154
153 155
153 156
153 157
154 151
154 152
154 153
154 155
154 156
154 157
154 158
155 153
155 154
155 156
155 157
155 158
155 159
155 379
156 153
156 154
156 155
156 157
156 158
156 159
156 160
156 245
156 246
156 378
156 379
157 149
157 153
157 154
157 155
157 156
157 158
157 159
157 160
157 161
157 179
157 245
158 154
158 155
158 156
158 157
158 159
158 160
158 161
158 162
158 379
159 155
159 156
159 157
159 158
159 160
159 161
159 162
159 163
159 379
159 380
159 382
159 383
160 156
160 157
160 158
160 159
160 161
160 162
160 163
160 164
160 165
160 166
160 245
160 379
160 382
160 383
161 157
161 158
161 159
161 160
161 162
161 163
161 164
161 165
161 166
161 167
162 158
162 159
162 160
162 161
162 163
162 164
162 165
162 166
162 383
163 159
163 160
163 161
163 162
163 164
163 165
163 166
163 382
163 383
163 386
163 387
164 160
164 161
164 162
164 163
164 165
164 166
164 248
164 249
164 250
164 251
164 382
164 386
165 145
165 160
165 161
165 162
165 163
165 164
165 166
165 167
165 177
165 249
165 251
166 160
166 161
166 162
166 163
166 164
166 165
166 167
166 168
166 175
166 176
166 177
167 161
167 165
167 166
167 168
167 169
167 174
167 175
167 176
167 177
168 166
168 167
168 169
168 170
168 173
168 174
168 175
168 176
169 167
169 168
169 170
169 171
169 172
169 173
169 174
169 175
170 168
170 169
170 171
170 172
170 173
170 174
171 169
171 170
171 172
171 173
172 169
172 170
172 171
172 173
172 174
173 141
173 142
173 143
173 168
173 169
173 170
173 171
173 172
173 174
173 175
174 139
174 140
174 141
174 142
174 143
174 167
174 168
174 169
174 170
174 172
174 173
174 175
174 176
175 141
175 142
175 143
175 144
175 145
175 166
175 167
175 168
175 169
175 173
175 174
175 176
175 177
176 136
176 137
176 141
176 143
176 144
176 145
176 166
176 167
176 168
176 174
176 175
176 177
176 178
177 136
177 144
177 145
177 146
177 147
177 165
177 166
177 167
177 175
177 176
177 178
177 179
177 206
178 144
178 145
178 146
178 147
178 176
178 177
178 179
178 180
178 206
178 207
178 208
179 146
179 147
179 148
179 149
179 157
179 177
179 178
179 180
179 181
179 206
179 207
179 208
180 146
180 147
180 148
180 149
180 150
180 178
180 179
180 181
180 182
180 207
180 208
180 209
180 222
180 226
181 148
181 149
181 150
181 151
181 179
181 180
181 182
181 183
181 207
181 208
181 209
181 210
181 214
181 222
182 150
182 151
182 180
182 181
182 183
182 184
182 209
182 210
182 211
182 212
182 213
182 214
182 222
183 151
183 181
183 182
183 184
183 185
183 209
183 210
183 211
183 212
183 213
183 214
184 150
184 151
184 182
184 183
184 185
184 186
184 188
184 190
184 213
184 214
185 183
185 184
185 186
185 187
185 188
185 189
185 190
185 192
185 213
186 184
186 185
186 187
186 188
186 189
186 190
186 191
186 192
187 185
187 186
187 188
187 189
187 190
188 184
188 185
188 186
188 187
188 189
188 190
189 185
189 186
189 187
189 188
189 190
189 191
190 184
190 185
190 186
190 187
190 188
190 189
190 191
190 192
191 186
191 189
191 190
191 192
191 193
192 185
192 186
192 190
192 191
192 193
192 194
192 195
193 151
193 152
193 191
193 192
193 194
193 195
193 196
193 197
194 151
194 192
194 193
194 195
194 196
194 197
194 198
195 192
195 193
195 194
195 196
195 197
195 198
195 199
196 193
196 194
196 195
196 197
196 198
196 199
196 200
197 151
197 193
197 194
197 195
197 196
197 198
197 199
197 200
197 201
198 194
198 195
198 196
198 197
198 199
198 200
198 201
198 202
199 195
199 196
199 197
199 198
199 200
199 201
199 202
199 203
200 196
200 197
200 198
200 199
200 201
200 202
200 203
200 204
200 205
200 207
201 131
201 197
201 198
201 199
201 200
201 202
201 203
201 204
201 205
201 206
201 207
202 198
202 199
202 200
202 201
202 203
202 204
202 205
203 199
203 200
203 201
203 202
203 204
203 205
204 200
204 201
204 202
204 203
204 205
204 206
204 207
205 133
205 136
205 200
205 201
205 202
205 203
205 204
205 206
205 207
206 133
206 136
206 177
206 178
206 179
206 201
206 204
206 205
206 207
206 208
207 131
207 132
207 133
207 178
207 179
207 180
207 181
207 200
207 201
207 204
207 205
207 206
207 208
207 209
208 129
208 130
208 131
208 132
208 133
208 178
208 179
208 180
208 181
208 206
208 207
208 209
208 210
209 129
209 130
209 131
209 132
209 180
209 181
209 182
209 183
209 207
209 208
209 210
209 211
210 127
210 128
210 129
210 130
210 131
210 181
210 182
210 183
210 208
210 209
210 211
210 212
210 225
211 127
211 128
211 129
211 130
211 182
211 183
211 209
211 210
211 212
211 213
212 127
212 182
212 183
212 210
212 211
212 213
212 214
213 182
213 183
213 184
213 185
213 211
213 212
213 214
213 215
213 218
214 150
214 181
214 182
214 183
214 184
214 212
214 213
214 215
214 216
214 218
214 219
215 213
215 214
215 216
215 217
215 218
215 219
216 214
216 215
216 217
216 218
216 219
216 329
216 330
217 114
217 118
217 215
217 216
217 218
217 219
217 220
217 328
217 329
217 330
217 331
218 118
218 213
218 214
218 215
218 216
218 217
218 219
218 220
218 221
218 222
218 329
218 331
219 214
219 215
219 216
219 217
219 218
219 220
219 221
219 222
219 223
219 329
219 330
219 331
220 217
220 218
220 219
220 221
220 222
220 223
220 224
220 327
220 328
220 329
220 330
220 331
220 332
220 334
220 335
221 125
221 218
221 219
221 220
221 222
221 223
221 224
221 225
221 327
221 331
222 180
222 181
222 182
222 218
222 219
222 220
222 221
222 223
222 224
222 225
222 226
223 219
223 220
223 221
223 222
223 224
223 225
223 226
223 227
223 331
223 335
224 125
224 220
224 221
224 222
224 223
224 225
224 226
224 227
224 228
224 319
224 322
225 125
225 127
225 210
225 221
225 222
225 223
225 224
225 226
225 227
225 228
225 229
226 180
226 222
226 223
226 224
226 225
226 227
226 228
226 229
226 230
227 223
227 224
227 225
227 226
227 228
227 229
227 230
227 231
227 315
227 316
227 318
227 319
228 224
228 225
228 226
228 227
228 229
228 230
228 231
228 232
228 319
229 225
229 226
229 227
229 228
229 230
229 231
229 232
229 233
229 234
230 226
230 227
230 228
230 229
230 231
230 232
230 233
230 234
230 235
230 315
230 316
231 227
231 228
231 229
231 230
231 232
231 233
231 234
231 235
231 315
231 316
231 319
232 228
232 229
232 230
232 231
232 233
232 234
232 235
233 134
233 135
233 136
233 137
233 229
233 230
233 231
233 232
233 234
233 235
234 136
234 137
234 140
234 229
234 230
234 231
234 232
234 233
234 235
234 236
234 237
235 230
235 231
235 232
235 233
235 234
235 236
235 237
235 312
235 313
235 316
236 140
236 141
236 234
236 235
236 237
236 238
236 312
236 313
237 137
237 140
237 141
237 142
237 143
237 144
237 234
237 235
237 236
237 238
237 239
237 240
237 311
237 312
237 313
238 140
238 141
238 142
238 143
238 236
238 237
238 239
238 240
238 311
238 312
238 313
239 141
239 142
239 143
239 144
239 237
239 238
239 240
239 241
239 309
239 310
239 311
239 312
239 313
240 143
240 144
240 145
240 146
240 237
240 238
240 239
240 241
240 242
240 309
240 310
240 311
240 312
240 315
241 143
241 144
241 145
241 146
241 239
241 240
241 242
241 243
241 307
241 308
241 309
241 310
242 145
242 146
242 147
242 148
242 240
242 241
242 243
242 244
242 307
242 308
242 309
243 145
243 146
243 147
243 148
243 241
243 242
243 244
243 245
243 247
243 306
243 307
243 308
244 147
244 148
244 149
244 242
244 243
244 245
244 246
244 247
244 306
244 307
245 147
245 148
245 149
245 156
245 157
245 160
245 243
245 244
245 246
245 247
246 156
246 244
246 245
246 247
246 248
246 306
246 375
246 376
246 377
246 378
246 379
247 243
247 244
247 245
247 246
247 248
247 249
247 306
247 307
247 373
247 374
247 375
247 376
247 377
247 382
248 164
248 246
248 247
248 249
248 250
248 373
248 374
248 375
248 376
248 377
248 382
249 164
249 165
249 247
249 248
249 250
249 251
249 372
249 373
249 374
250 164
250 248
250 249
250 251
250 252
250 253
250 254
250 368
250 369
250 371
250 372
250 373
250 386
251 164
251 165
251 249
251 250
251 252
251 253
251 254
251 255
251 372
252 250
252 251
252 253
252 254
252 255
252 256
253 250
253 251
253 252
253 254
253 255
253 256
253 257
253 369
253 370
253 371
253 372
254 250
254 251
254 252
254 253
254 255
254 256
254 257
254 258
254 372
255 251
255 252
255 253
255 254
255 256
255 257
255 258
255 259
256 252
256 253
256 254
256 255
256 257
256 258
256 259
256 260
257 253
257 254
257 255
257 256
257 258
257 259
257 260
257 261
258 254
258 255
258 256
258 257
258 259
258 260
258 261
258 266
259 255
259 256
259 257
259 258
259 260
259 261
260 256
260 257
260 258
260 259
260 261
260 262
261 257
261 258
261 259
261 260
261 262
261 263
261 265
261 266
262 260
262 261
262 263
262 264
262 265
262 266
263 261
263 262
263 264
263 265
263 266
263 267
264 262
264 263
264 265
264 266
264 267
264 268
265 261
265 262
265 263
265 264
265 266
265 267
265 268
265 269
266 258
266 261
266 262
266 263
266 264
266 265
266 267
266 268
266 269
266 311
267 263
267 264
267 265
267 266
267 268
267 269
267 311
267 313
267 314
268 264
268 265
268 266
268 267
268 269
268 270
268 310
268 311
268 313
268 314
269 265
269 266
269 267
269 268
269 270
269 271
269 309
269 310
269 311
269 314
270 268
270 269
270 271
270 272
270 308
270 309
270 310
270 311
270 314
270 346
270 347
271 269
271 270
271 272
271 273
271 274
271 303
271 308
271 309
271 310
271 346
271 347
271 348
271 349
272 270
272 271
272 273
272 274
272 303
272 304
272 307
272 308
272 309
272 346
272 347
272 348
272 349
272 350
272 352
273 271
273 272
273 274
273 275
273 302
273 303
273 304
273 305
273 307
273 308
273 348
273 349
273 350
273 352
273 353
273 354
274 271
274 272
274 273
274 275
274 276
274 301
274 302
274 303
274 304
274 346
274 347
274 348
274 349
275 273
275 274
275 276
275 277
275 278
275 301
275 302
275 303
275 304
275 348
276 274
276 275
276 277
276 278
276 299
276 300
276 301
276 302
277 275
277 276
277 278
277 279
277 298
277 299
277 300
277 301
278 275
278 276
278 277
278 279
278 280
278 298
278 299
278 300
278 301
279 277
279 278
279 280
279 281
279 297
279 298
279 299
280 278
280 279
280 281
280 282
280 288
280 289
280 290
280 291
280 295
280 296
280 297
280 298
280 299
281 279
281 280
281 282
281 283
281 286
281 288
281 289
281 290
282 280
282 281
282 283
282 284
282 289
282 290
282 291
282 292
283 281
283 282
283 284
283 285
283 286
283 289
284 282
284 283
284 285
284 286
284 289
284 290
285 283
285 284
285 286
285 287
285 289
286 281
286 283
286 284
286 285
286 287
286 288
286 289
287 285
287 286
287 288
287 289
288 280
288 281
288 286
288 287
288 289
288 290
288 330
289 280
289 281
289 282
289 283
289 284
289 285
289 286
289 287
289 288
289 290
289 291
290 280
290 281
290 282
290 284
290 288
290 289
290 291
290 292
290 294
290 295
291 280
291 282
291 289
291 290
291 292
291 293
291 294
291 295
292 56
292 282
292 290
292 291
292 293
292 294
292 295
292 296
293 55
293 56
293 57
293 105
293 106
293 107
293 291
293 292
293 294
293 295
293 296
294 56
294 57
294 58
294 59
294 105
294 290
294 291
294 292
294 293
294 295
294 296
295 56
295 57
295 58
295 59
295 280
295 290
295 291
295 292
295 293
295 294
295 296
295 297
296 54
296 55
296 56
296 59
296 280
296 292
296 293
296 294
296 295
296 297
296 298
297 279
297 280
297 295
297 296
297 298
297 299
298 277
298 278
298 279
298 280
298 296
298 297
298 299
298 300
299 276
299 277
299 278
299 279
299 280
299 297
299 298
299 300
299 301
299 302
299 333
299 337
300 276
300 277
300 278
300 298
300 299
300 301
300 302
300 333
300 336
300 337
300 340
301 274
301 275
301 276
301 277
301 278
301 299
301 300
301 302
301 303
301 336
301 340
301 345
301 346
302 273
302 274
302 275
302 276
302 299
302 300
302 301
302 303
302 304
302 332
302 333
302 335
302 336
302 337
302 345
302 346
303 271
303 272
303 273
303 274
303 275
303 301
303 302
303 304
303 305
303 307
303 308
303 332
303 333
303 336
303 346
303 348
304 272
304 273
304 274
304 275
304 302
304 303
304 305
304 306
304 307
304 308
304 332
304 333
304 354
305 273
305 303
305 304
305 306
305 307
305 354
305 355
305 375
306 243
306 244
306 246
306 247
306 304
306 305
306 307
306 308
306 354
306 374
306 375
306 376
307 241
307 242
307 243
307 244
307 247
307 272
307 273
307 303
307 304
307 305
307 306
307 308
307 309
307 352
307 373
308 241
308 242
308 243
308 270
308 271
308 272
308 273
308 303
308 304
308 306
308 307
308 309
308 310
308 352
309 239
309 240
309 241
309 242
309 269
309 270
309 271
309 272
309 307
309 308
309 310
309 311
310 239
310 240
310 241
310 268
310 269
310 270
310 271
310 308
310 309
310 311
310 312
310 314
310 315
311 237
311 238
311 239
311 240
311 266
311 267
311 268
311 269
311 270
311 309
311 310
311 312
311 313
311 314
311 315
312 235
312 236
312 237
312 238
312 239
312 240
312 310
312 311
312 313
312 314
312 315
312 316
313 235
313 236
313 237
313 238
313 239
313 267
313 268
313 311
313 312
313 314
313 315
313 316
313 317
314 267
314 268
314 269
314 270
314 310
314 311
314 312
314 313
314 315
314 316
314 317
314 318
315 227
315 230
315 231
315 240
315 310
315 311
315 312
315 313
315 314
315 316
315 317
315 318
315 319
316 227
316 230
316 231
316 235
316 312
316 313
316 314
316 315
316 317
316 318
316 319
316 320
317 313
317 314
317 315
317 316
317 318
317 319
317 320
317 321
317 342
318 227
318 314
318 315
318 316
318 317
318 319
318 320
318 321
318 322
318 335
318 338
318 339
318 342
319 224
319 227
319 228
319 231
319 315
319 316
319 317
319 318
319 320
319 321
319 322
319 323
320 316
320 317
320 318
320 319
320 321
320 322
320 323
321 317
321 318
321 319
321 320
321 322
321 323
321 324
321 325
321 338
321 341
321 342
322 224
322 318
322 319
322 320
322 321
322 323
322 324
322 325
322 326
322 338
323 92
323 319
323 320
323 321
323 322
323 324
323 325
323 326
324 65
324 66
324 69
324 321
324 322
324 323
324 325
324 326
325 62
325 65
325 321
325 322
325 323
325 324
325 326
325 327
325 334
325 337
325 338
326 58
326 61
326 62
326 91
326 122
326 123
326 322
326 323
326 324
326 325
326 327
326 328
327 122
327 220
327 221
327 325
327 326
327 328
327 329
327 334
328 217
328 220
328 326
328 327
328 329
328 330
328 331
328 333
328 334
329 118
329 216
329 217
329 218
329 219
329 220
329 327
329 328
329 330
329 331
329 334
330 216
330 217
330 219
330 220
330 288
330 328
330 329
330 331
330 332
330 333
330 334
331 217
331 218
331 219
331 220
331 221
331 223
331 328
331 329
331 330
331 332
331 333
331 334
331 335
332 220
332 302
332 303
332 304
332 330
332 331
332 333
332 334
332 335
332 336
333 299
333 300
333 302
333 303
333 304
333 328
333 330
333 331
333 332
333 334
333 335
333 336
333 337
334 220
334 325
334 327
334 328
334 329
334 330
334 331
334 332
334 333
334 335
334 336
334 337
334 338
335 220
335 223
335 302
335 318
335 331
335 332
335 333
335 334
335 336
335 337
335 338
335 339
336 300
336 301
336 302
336 303
336 332
336 333
336 334
336 335
336 337
336 338
336 339
336 340
336 346
337 299
337 300
337 302
337 325
337 333
337 334
337 335
337 336
337 338
337 339
337 340
337 341
338 318
338 321
338 322
338 325
338 334
338 335
338 336
338 337
338 339
338 340
338 341
338 342
339 318
339 335
339 336
339 337
339 338
339 340
339 341
339 342
339 343
339 344
339 345
339 346
340 300
340 301
340 336
340 337
340 338
340 339
340 341
340 342
340 343
340 344
340 345
341 321
341 337
341 338
341 339
341 340
341 342
341 343
341 344
342 317
342 318
342 321
342 338
342 339
342 340
342 341
342 343
342 344
343 339
343 340
343 341
343 342
343 344
343 345
344 339
344 340
344 341
344 342
344 343
344 345
344 346
345 301
345 302
345 339
345 340
345 343
345 344
345 346
345 347
346 270
346 271
346 272
346 274
346 301
346 302
346 303
346 336
346 339
346 344
346 345
346 347
346 348
347 270
347 271
347 272
347 274
347 345
347 346
347 348
347 349
348 271
348 272
348 273
348 274
348 275
348 303
348 346
348 347
348 349
348 350
349 271
349 272
349 273
349 274
349 347
349 348
349 350
349 351
349 352
350 272
350 273
350 348
350 349
350 351
350 352
350 353
350 371
351 349
351 350
351 352
351 353
351 370
351 371
351 372
351 373
352 272
352 273
352 307
352 308
352 349
352 350
352 351
352 353
352 354
352 371
352 372
352 373
352 374
353 273
353 350
353 351
353 352
353 354
353 355
353 356
353 357
353 371
353 372
353 373
353 374
353 375
354 273
354 304
354 305
354 306
354 352
354 353
354 355
354 356
354 373
354 374
354 375
354 376
355 305
355 353
355 354
355 356
355 357
355 374
355 375
356 353
356 354
356 355
356 357
356 358
356 374
356 375
356 376
357 353
357 355
357 356
357 358
357 359
357 361
357 362
357 374
358 356
358 357
358 359
358 360
358 361
358 362
359 357
359 358
359 360
359 361
359 362
360 358
360 359
360 361
360 362
360 363
361 357
361 358
361 359
361 360
361 362
361 363
361 364
361 367
362 357
362 358
362 359
362 360
362 361
362 363
362 364
362 365
362 367
363 360
363 361
363 362
363 364
363 365
364 361
364 362
364 363
364 365
364 366
364 367
364 368
365 362
365 363
365 364
365 366
365 367
365 368
365 369
365 385
365 388
365 389
365 392
366 364
366 365
366 367
366 368
366 369
366 370
366 392
366 395
366 396
367 361
367 362
367 364
367 365
367 366
367 368
367 369
367 370
367 371
368 250
368 364
368 365
368 366
368 367
368 369
368 370
368 371
368 385
368 389
369 250
369 253
369 365
369 366
369 367
369 368
369 370
369 371
369 389
369 392
370 253
370 351
370 366
370 367
370 368
370 369
370 371
370 372
371 250
371 253
371 350
371 351
371 352
371 353
371 367
371 368
371 369
371 370
371 372
371 373
371 374
372 249
372 250
372 251
372 253
372 254
372 351
372 352
372 353
372 370
372 371
372 373
372 374
373 247
373 248
373 249
373 250
373 307
373 351
373 352
373 353
373 354
373 371
373 372
373 374
373 375
374 247
374 248
374 249
374 306
374 352
374 353
374 354
374 355
374 356
374 357
374 371
374 372
374 373
374 375
374 376
374 377
375 246
375 247
375 248
375 305
375 306
375 353
375 354
375 355
375 356
375 373
375 374
375 376
375 377
376 246
376 247
376 248
376 306
376 354
376 356
376 374
376 375
376 377
376 378
377 246
377 247
377 248
377 374
377 375
377 376
377 378
377 379
377 381
377 382
378 156
378 246
378 376
378 377
378 379
378 380
378 381
378 382
379 155
379 156
379 158
379 159
379 160
379 246
379 377
379 378
379 380
379 381
379 382
379 383
380 159
380 378
380 379
380 381
380 382
380 383
380 384
381 377
381 378
381 379
381 380
381 382
381 383
381 384
381 385
382 159
382 160
382 163
382 164
382 247
382 248
382 377
382 378
382 379
382 380
382 381
382 383
382 384
382 385
382 386
383 159
383 160
383 162
383 163
383 379
383 380
383 381
383 382
383 384
383 385
383 386
383 387
384 380
384 381
384 382
384 383
384 385
384 386
384 387
384 388
385 365
385 368
385 381
385 382
385 383
385 384
385 386
385 387
385 388
385 389
386 163
386 164
386 250
386 382
386 383
386 384
386 385
386 387
386 388
386 389
386 390
387 163
387 383
387 384
387 385
387 386
387 388
387 389
387 390
387 391
388 365
388 384
388 385
388 386
388 387
388 389
388 390
388 391
388 392
389 365
389 368
389 369
389 385
389 386
389 387
389 388
389 390
389 391
389 392
389 393
390 386
390 387
390 388
390 389
390 391
390 392
390 393
391 387
391 388
391 389
391 390
391 392
391 393
391 394
391 395
392 365
392 366
392 369
392 388
392 389
392 390
392 391
392 393
392 394
392 395
392 396
393 389
393 390
393 391
393 392
393 394
393 395
393 396
394 391
394 392
394 393
394 395
394 396
395 366
395 391
395 392
395 393
395 394
395 396
396 366
396 392
396 393
396 394
396 395
