0 1
0 2
0 4
0 5
1 0
1 2
1 3
1 4
1 5
2 0
2 1
2 3
2 4
2 5
2 6
2 39
2 43
3 1
3 2
3 4
3 5
3 6
3 7
4 0
4 1
4 2
4 3
4 5
4 6
4 7
4 8
5 0
5 1
5 2
5 3
5 4
5 6
5 7
5 8
5 9
5 43
6 2
6 3
6 4
6 5
6 7
6 8
6 9
6 10
6 43
6 46
6 47
7 3
7 4
7 5
7 6
7 8
7 9
7 10
7 11
8 4
8 5
8 6
8 7
8 9
8 10
8 11
8 12
9 5
9 6
9 7
9 8
9 10
9 11
9 12
9 13
9 31
9 43
10 6
10 7
10 8
10 9
10 11
10 12
10 13
10 14
10 47
10 57
11 7
11 8
11 9
11 10
11 12
11 13
11 14
11 15
12 8
12 9
12 10
12 11
12 13
12 14
12 15
12 16
12 27
12 30
12 31
13 9
13 10
13 11
13 12
13 14
13 15
13 16
13 17
13 27
13 31
13 57
13 60
13 61
14 10
14 11
14 12
14 13
14 15
14 16
14 17
14 18
14 57
15 11
15 12
15 13
15 14
15 16
15 17
15 18
15 23
15 24
15 27
16 12
16 13
16 14
16 15
16 17
16 18
16 23
16 24
16 25
16 27
16 28
17 13
17 14
17 15
17 16
17 18
17 19
17 24
17 56
17 57
17 60
18 14
18 15
18 16
18 17
18 19
18 20
18 21
18 23
18 24
19 17
19 18
19 20
19 21
19 24
20 18
20 19
20 21
20 22
20 23
20 24
21 18
21 19
21 20
21 22
21 23
21 24
21 25
22 20
22 21
22 23
22 24
22 25
22 26
23 15
23 16
23 18
23 20
23 21
23 22
23 24
23 25
23 26
23 27
24 15
24 16
24 17
24 18
24 19
24 20
24 21
24 22
24 23
24 25
24 26
24 27
24 28
25 16
25 21
25 22
25 23
25 24
25 26
25 27
25 28
25 29
26 22
26 23
26 24
26 25
26 27
26 28
26 29
26 30
27 12
27 13
27 15
27 16
27 23
27 24
27 25
27 26
27 28
27 29
27 30
27 31
28 16
28 24
28 25
28 26
28 27
28 29
28 30
28 31
28 32
29 25
29 26
29 27
29 28
29 30
29 31
29 32
29 33
30 12
30 26
30 27
30 28
30 29
30 31
30 32
30 33
30 34
31 9
31 12
31 13
31 27
31 28
31 29
31 30
31 32
31 33
31 34
31 35
32 28
32 29
32 30
32 31
32 33
32 34
32 35
33 29
33 30
33 31
33 32
33 34
33 35
33 36
33 37
34 30
34 31
34 32
34 33
34 35
34 36
34 37
34 40
35 31
35 32
35 33
35 34
35 36
35 37
35 40
35 41
35 68
36 33
36 34
36 35
36 37
36 38
36 40
36 72
36 79
37 33
37 34
37 35
37 36
37 38
37 39
37 40
38 36
38 37
38 39
38 40
38 41
38 81
38 85
39 2
39 37
39 38
39 40
39 41
39 42
39 43
39 85
40 34
40 35
40 36
40 37
40 38
40 39
40 41
40 42
40 43
40 44
41 35
41 38
41 39
41 40
41 42
41 43
41 44
41 45
41 65
41 68
41 89
42 39
42 40
42 41
42 43
42 44
42 45
42 46
42 85
42 88
42 89
43 2
43 5
43 6
43 9
43 39
43 40
43 41
43 42
43 44
43 45
43 46
43 47
44 40
44 41
44 42
44 43
44 45
44 46
44 47
44 48
44 61
44 62
44 64
44 65
45 41
45 42
45 43
45 44
45 46
45 47
45 48
45 49
45 61
45 62
45 65
45 89
45 92
45 93
46 6
46 42
46 43
46 44
46 45
46 47
46 48
46 49
46 50
47 6
47 10
47 43
47 44
47 45
47 46
47 48
47 49
47 50
47 53
47 58
47 61
48 44
48 45
48 46
48 47
48 49
48 50
48 51
48 53
48 57
48 58
48 59
48 61
48 62
49 45
49 46
49 47
49 48
49 50
49 51
49 58
49 99
50 46
50 47
50 48
50 49
50 51
50 52
50 53
50 58
51 48
51 49
51 50
51 52
51 53
51 54
51 99
52 50
52 51
52 53
52 54
53 47
53 48
53 50
53 51
53 52
53 54
53 55
53 57
53 58
54 51
54 52
54 53
54 55
54 56
54 57
54 58
55 53
55 54
55 56
55 57
55 58
55 59
55 101
56 17
56 54
56 55
56 57
56 58
56 59
56 60
57 10
57 13
57 14
57 17
57 48
57 53
57 54
57 55
57 56
57 58
57 59
57 60
57 61
58 47
58 48
58 49
58 50
58 53
58 54
58 55
58 56
58 57
58 59
58 60
58 61
58 62
58 104
59 48
59 55
59 56
59 57
59 58
59 60
59 61
59 62
59 63
59 103
59 104
59 107
60 13
60 17
60 56
60 57
60 58
60 59
60 61
60 62
60 63
60 64
61 13
61 44
61 45
61 47
61 48
61 57
61 58
61 59
61 60
61 62
61 63
61 64
61 65
62 44
62 45
62 48
62 58
62 59
62 60
62 61
62 63
62 64
62 65
62 66
62 104
62 107
62 108
62 111
63 59
63 60
63 61
63 62
63 64
63 65
63 66
63 67
63 107
64 44
64 60
64 61
64 62
64 63
64 65
64 66
64 67
64 68
65 41
65 44
65 45
65 61
65 62
65 63
65 64
65 66
65 67
65 68
65 69
65 111
66 62
66 63
66 64
66 65
66 67
66 68
66 69
66 70
66 107
66 110
66 111
66 114
67 63
67 64
67 65
67 66
67 68
67 69
67 70
67 71
68 35
68 41
68 64
68 65
68 66
68 67
68 69
68 70
68 71
68 72
68 73
69 65
69 66
69 67
69 68
69 70
69 71
69 72
69 73
69 74
69 111
69 114
69 115
70 66
70 67
70 68
70 69
70 71
70 72
70 73
70 74
70 114
71 67
71 68
71 69
71 70
71 72
71 73
71 74
71 77
72 36
72 68
72 69
72 70
72 71
72 73
72 74
72 75
72 77
72 78
72 79
72 80
72 81
73 68
73 69
73 70
73 71
73 72
73 74
73 75
73 77
73 80
73 81
73 86
73 115
74 69
74 70
74 71
74 72
74 73
74 75
74 76
74 77
74 80
74 81
74 118
75 72
75 73
75 74
75 76
75 77
75 80
75 81
76 74
76 75
76 77
76 78
76 80
77 71
77 72
77 73
77 74
77 75
77 76
77 78
77 79
77 80
78 72
78 76
78 77
78 79
78 80
79 36
79 72
79 77
79 78
79 80
79 81
80 72
80 73
80 74
80 75
80 76
80 77
80 78
80 79
80 81
80 82
81 38
81 72
81 73
81 74
81 75
81 79
81 80
81 82
81 83
81 85
81 86
82 80
82 81
82 83
82 84
82 85
82 86
83 81
83 82
83 84
83 85
83 86
83 87
84 82
84 83
84 85
84 86
84 87
84 88
85 38
85 39
85 42
85 81
85 82
85 83
85 84
85 86
85 87
85 88
85 89
86 73
86 81
86 82
86 83
86 84
86 85
86 87
86 88
86 89
86 90
87 83
87 84
87 85
87 86
87 88
87 89
87 90
87 91
88 42
88 84
88 85
88 86
88 87
88 89
88 90
88 91
88 92
89 41
89 42
89 45
89 85
89 86
89 87
89 88
89 90
89 91
89 92
89 93
90 86
90 87
90 88
90 89
90 91
90 92
90 93
90 94
90 124
91 87
91 88
91 89
91 90
91 92
91 93
91 94
91 95
92 45
92 88
92 89
92 90
92 91
92 93
92 94
92 95
93 45
93 89
93 90
93 91
93 92
93 94
93 95
93 96
93 108
93 112
94 90
94 91
94 92
94 93
94 95
94 96
94 97
94 127
94 130
94 131
95 91
95 92
95 93
95 94
95 96
95 97
96 93
96 94
96 95
96 97
96 98
97 94
97 95
97 96
97 98
97 99
97 134
97 141
97 142
97 143
97 145
97 146
98 96
98 97
98 99
98 100
98 141
98 142
98 145
99 49
99 51
99 97
99 98
99 100
99 101
99 102
99 104
99 105
99 141
99 142
99 145
100 98
100 99
100 101
100 102
100 105
100 141
101 55
101 99
101 100
101 102
101 103
101 104
101 105
102 99
102 100
102 101
102 103
102 104
102 105
102 106
103 59
103 101
103 102
103 104
103 105
103 106
103 107
104 58
104 59
104 62
104 99
104 101
104 102
104 103
104 105
104 106
104 107
104 108
105 99
105 100
105 101
105 102
105 103
105 104
105 106
105 107
105 108
105 109
105 145
106 102
106 103
106 104
106 105
106 107
106 108
106 109
106 110
106 148
106 149
107 59
107 62
107 63
107 66
107 103
107 104
107 105
107 106
107 108
107 109
107 110
107 111
108 62
108 93
108 104
108 105
108 106
108 107
108 109
108 110
108 111
108 112
108 149
109 105
109 106
109 107
109 108
109 110
109 111
109 112
109 113
109 145
109 148
109 149
109 150
109 152
109 153
110 66
110 106
110 107
110 108
110 109
110 111
110 112
110 113
110 114
110 149
110 152
110 153
111 62
111 65
111 66
111 69
111 107
111 108
111 109
111 110
111 112
111 113
111 114
111 115
112 93
112 108
112 109
112 110
112 111
112 113
112 114
112 115
112 116
112 149
112 153
113 109
113 110
113 111
113 112
113 114
113 115
113 116
113 117
113 149
113 152
113 153
113 154
113 156
114 66
114 69
114 70
114 110
114 111
114 112
114 113
114 115
114 116
114 117
114 118
114 153
114 156
115 69
115 73
115 111
115 112
115 113
115 114
115 116
115 117
115 118
115 119
115 120
116 112
116 113
116 114
116 115
116 117
116 118
116 119
116 120
116 121
116 124
116 127
116 153
116 156
116 157
117 113
117 114
117 115
117 116
117 118
117 119
117 120
117 153
117 156
117 157
118 74
118 114
118 115
118 116
118 117
118 119
118 120
119 115
119 116
119 117
119 118
119 120
119 121
119 122
119 123
119 124
120 115
120 116
120 117
120 118
120 119
120 121
120 122
120 123
120 124
120 125
120 127
121 116
121 119
121 120
121 122
121 123
121 124
121 125
121 127
121 168
122 119
122 120
122 121
122 123
122 124
122 125
123 119
123 120
123 121
123 122
123 124
123 125
124 90
124 116
124 119
124 120
124 121
124 122
124 123
124 125
124 126
124 127
125 120
125 121
125 122
125 123
125 124
125 126
125 127
125 128
125 129
126 124
126 125
126 127
126 128
126 129
126 130
127 94
127 116
127 120
127 121
127 124
127 125
127 126
127 128
127 129
127 130
127 131
128 125
128 126
128 127
128 129
128 130
128 131
128 132
128 150
129 125
129 126
129 127
129 128
129 130
129 131
129 132
129 133
130 94
130 126
130 127
130 128
130 129
130 131
130 132
130 133
130 134
131 94
131 127
131 128
131 129
131 130
131 132
131 133
131 134
131 135
131 146
131 147
131 149
131 150
132 128
132 129
132 130
132 131
132 133
132 134
132 135
132 136
132 146
133 129
133 130
133 131
133 132
133 134
133 135
133 136
133 137
134 97
134 130
134 131
134 132
134 133
134 135
134 136
134 137
134 142
134 143
134 146
135 131
135 132
135 133
135 134
135 136
135 137
135 142
135 143
135 144
135 146
135 147
136 132
136 133
136 134
136 135
136 137
136 138
136 143
137 133
137 134
137 135
137 136
137 138
137 139
137 142
137 143
138 136
138 137
138 139
138 140
138 143
139 137
139 138
139 140
139 141
139 142
139 143
140 138
140 139
140 141
140 142
140 143
140 144
140 205
141 97
141 98
141 99
141 100
141 139
141 140
141 142
141 143
141 144
141 145
142 97
142 98
142 99
142 134
142 135
142 137
142 139
142 140
142 141
142 143
142 144
142 145
142 146
143 97
143 134
143 135
143 136
143 137
143 138
143 139
143 140
143 141
143 142
143 144
143 145
143 146
143 147
144 135
144 140
144 141
144 142
144 143
144 145
144 146
144 147
144 148
144 208
144 209
145 97
145 98
145 99
145 105
145 109
145 141
145 142
145 143
145 144
145 146
145 147
145 148
145 149
146 97
146 131
146 132
146 134
146 135
146 142
146 143
146 144
146 145
146 147
146 148
146 149
146 150
147 131
147 135
147 143
147 144
147 145
147 146
147 148
147 149
147 150
147 151
147 209
147 212
147 213
148 106
148 109
148 144
148 145
148 146
148 147
148 149
148 150
148 151
148 152
148 212
149 106
149 108
149 109
149 110
149 112
149 113
149 131
149 145
149 146
149 147
149 148
149 150
149 151
149 152
149 153
150 109
150 128
150 131
150 146
150 147
150 148
150 149
150 151
150 152
150 153
150 154
150 216
151 147
151 148
151 149
151 150
151 152
151 153
151 154
151 155
151 212
151 213
151 215
151 216
152 109
152 110
152 113
152 148
152 149
152 150
152 151
152 153
152 154
152 155
152 156
153 109
153 110
153 112
153 113
153 114
153 116
153 117
153 149
153 150
153 151
153 152
153 154
153 155
153 156
153 157
154 113
154 150
154 151
154 152
154 153
154 155
154 156
154 157
154 158
154 216
154 219
154 220
155 151
155 152
155 153
155 154
155 156
155 157
155 158
155 159
155 216
155 219
156 113
156 114
156 116
156 117
156 152
156 153
156 154
156 155
156 157
156 158
156 159
156 160
157 116
157 117
157 153
157 154
157 155
157 156
157 158
157 159
157 160
157 169
158 154
158 155
158 156
158 157
158 159
158 160
158 166
158 169
158 219
158 220
158 223
158 224
159 155
159 156
159 157
159 158
159 160
159 161
160 156
160 157
160 158
160 159
160 161
160 162
160 165
160 166
161 159
161 160
161 162
161 163
161 165
161 166
162 160
162 161
162 163
162 164
162 165
162 166
163 161
163 162
163 164
163 165
163 166
163 167
164 162
164 163
164 165
164 166
164 167
164 168
165 160
165 161
165 162
165 163
165 164
165 166
165 167
165 168
165 169
166 158
166 160
166 161
166 162
166 163
166 164
166 165
166 167
166 168
166 169
166 170
166 224
167 163
167 164
167 165
167 166
167 168
167 169
167 170
167 171
168 121
168 164
168 165
168 166
168 167
168 169
168 170
168 171
168 172
169 157
169 158
169 165
169 166
169 167
169 168
169 170
169 171
169 172
169 173
169 223
169 224
170 166
170 167
170 168
170 169
170 171
170 172
170 173
170 174
170 223
170 224
170 225
170 226
171 167
171 168
171 169
171 170
171 172
171 173
171 174
171 175
171 224
172 168
172 169
172 170
172 171
172 173
172 174
172 175
172 176
172 224
173 169
173 170
173 171
173 172
173 174
173 175
173 176
173 177
173 220
173 224
173 225
174 170
174 171
174 172
174 173
174 175
174 176
174 177
174 224
174 225
175 171
175 172
175 173
175 174
175 176
175 177
175 178
176 172
176 173
176 174
176 175
176 177
176 178
176 179
176 180
177 173
177 174
177 175
177 176
177 178
177 179
177 180
177 181
177 217
177 220
177 233
177 234
178 175
178 176
178 177
178 179
178 180
178 181
178 182
178 233
179 176
179 177
179 178
179 180
179 181
179 182
179 183
180 176
180 177
180 178
180 179
180 181
180 182
180 183
180 184
180 213
180 216
180 217
181 177
181 178
181 179
181 180
181 182
181 183
181 184
181 185
181 217
181 237
182 178
182 179
182 180
182 181
182 183
182 184
182 185
182 186
183 179
183 180
183 181
183 182
183 184
183 185
183 186
183 187
183 213
184 180
184 181
184 182
184 183
184 185
184 186
184 187
184 188
184 210
184 213
184 214
185 181
185 182
185 183
185 184
185 186
185 187
185 188
185 189
186 182
186 183
186 184
186 185
186 187
186 188
186 189
186 190
187 183
187 184
187 185
187 186
187 188
187 189
187 190
187 191
187 206
187 207
187 209
187 210
188 184
188 185
188 186
188 187
188 189
188 190
188 191
188 192
188 206
188 207
188 210
189 185
189 186
189 187
189 188
189 190
189 191
189 192
189 193
190 186
190 187
190 188
190 189
190 191
190 192
190 193
190 194
190 206
191 187
191 188
191 189
191 190
191 192
191 193
191 194
191 195
191 203
191 206
191 207
191 210
192 188
192 189
192 190
192 191
192 193
192 194
192 195
192 196
193 189
193 190
193 191
193 192
193 194
193 195
193 196
193 197
194 190
194 191
194 192
194 193
194 195
194 196
194 197
194 198
194 199
194 202
194 203
194 206
195 191
195 192
195 193
195 194
195 196
195 197
195 198
195 199
195 203
195 251
195 254
196 192
196 193
196 194
196 195
196 197
196 198
197 193
197 194
197 195
197 196
197 198
197 199
198 194
198 195
198 196
198 197
198 199
198 200
198 203
199 194
199 195
199 197
199 198
199 200
199 201
199 202
199 203
200 198
200 199
200 201
200 202
200 203
200 204
200 261
201 199
201 200
201 202
201 203
201 204
201 205
202 194
202 199
202 200
202 201
202 203
202 204
202 205
202 206
203 191
203 194
203 195
203 198
203 199
203 200
203 201
203 202
203 204
203 205
203 206
203 207
203 261
204 200
204 201
204 202
204 203
204 205
204 206
204 207
204 208
204 261
204 264
205 140
205 201
205 202
205 203
205 204
205 206
205 207
205 208
205 209
206 187
206 188
206 190
206 191
206 194
206 202
206 203
206 204
206 205
206 207
206 208
206 209
206 210
207 187
207 188
207 191
207 203
207 204
207 205
207 206
207 208
207 209
207 210
207 211
207 264
207 265
208 144
208 204
208 205
208 206
208 207
208 209
208 210
208 211
208 212
208 264
209 144
209 147
209 187
209 205
209 206
209 207
209 208
209 210
209 211
209 212
209 213
210 184
210 187
210 188
210 191
210 206
210 207
210 208
210 209
210 211
210 212
210 213
210 214
210 268
211 207
211 208
211 209
211 210
211 212
211 213
211 214
211 215
211 268
211 271
212 147
212 148
212 151
212 208
212 209
212 210
212 211
212 213
212 214
212 215
212 216
213 147
213 151
213 180
213 183
213 184
213 209
213 210
213 211
213 212
213 214
213 215
213 216
213 217
214 184
214 210
214 211
214 212
214 213
214 215
214 216
214 217
214 218
214 271
214 272
215 151
215 211
215 212
215 213
215 214
215 216
215 217
215 218
215 219
215 271
216 150
216 151
216 154
216 155
216 180
216 212
216 213
216 214
216 215
216 217
216 218
216 219
216 220
217 177
217 180
217 181
217 213
217 214
217 215
217 216
217 218
217 219
217 220
217 221
218 214
218 215
218 216
218 217
218 219
218 220
218 221
218 222
218 275
219 154
219 155
219 158
219 215
219 216
219 217
219 218
219 220
219 221
219 222
219 223
219 224
220 154
220 158
220 173
220 177
220 216
220 217
220 218
220 219
220 221
220 222
220 223
220 224
220 225
221 217
221 218
221 219
221 220
221 222
221 223
221 224
221 225
221 228
221 234
221 279
222 218
222 219
222 220
222 221
222 223
222 224
222 225
222 275
222 278
222 279
222 282
222 283
223 158
223 169
223 170
223 219
223 220
223 221
223 222
223 224
223 225
223 226
224 158
224 166
224 169
224 170
224 171
224 172
224 173
224 174
224 219
224 220
224 221
224 222
224 223
224 225
224 226
225 170
225 173
225 174
225 220
225 221
225 222
225 223
225 224
225 226
225 227
225 228
226 170
226 223
226 224
226 225
226 227
226 228
227 225
227 226
227 228
227 229
227 230
227 231
227 283
227 286
228 221
228 225
228 226
228 227
228 229
228 230
228 231
228 234
228 235
228 283
228 286
229 227
229 228
229 230
229 231
229 232
229 234
229 235
229 286
229 287
230 227
230 228
230 229
230 231
230 232
231 227
231 228
231 229
231 230
231 232
231 233
231 234
231 235
232 229
232 230
232 231
232 233
232 234
232 235
232 236
233 177
233 178
233 231
233 232
233 234
233 235
233 236
233 237
234 177
234 221
234 228
234 229
234 231
234 232
234 233
234 235
234 236
234 237
234 238
235 228
235 229
235 231
235 232
235 233
235 234
235 236
235 237
235 238
235 239
236 232
236 233
236 234
236 235
236 237
236 238
236 239
236 240
237 181
237 233
237 234
237 235
237 236
237 238
237 239
237 240
237 241
238 234
238 235
238 236
238 237
238 239
238 240
238 241
238 242
238 276
238 290
239 235
239 236
239 237
239 238
239 240
239 241
239 242
239 243
239 290
240 236
240 237
240 238
240 239
240 241
240 242
240 243
240 244
241 237
241 238
241 239
241 240
241 242
241 243
241 244
241 245
241 272
242 238
242 239
242 240
242 241
242 243
242 244
242 245
242 246
242 293
242 297
243 239
243 240
243 241
243 242
243 244
243 245
243 246
243 247
244 240
244 241
244 242
244 243
244 245
244 246
244 247
244 248
245 241
245 242
245 243
245 244
245 246
245 247
245 248
245 249
245 269
245 272
246 242
246 243
246 244
246 245
246 247
246 248
246 249
246 250
247 243
247 244
247 245
247 246
247 248
247 249
247 250
247 251
248 244
248 245
248 246
248 247
248 249
248 250
248 251
248 252
248 265
248 269
249 245
249 246
249 247
249 248
249 250
249 251
249 252
249 253
249 269
249 310
249 311
250 246
250 247
250 248
250 249
250 251
250 252
250 253
250 254
250 310
251 195
251 247
251 248
251 249
251 250
251 252
251 253
251 254
251 255
252 248
252 249
252 250
252 251
252 253
252 254
252 255
252 256
252 262
252 265
252 310
253 249
253 250
253 251
253 252
253 254
253 255
253 256
253 309
253 310
254 195
254 250
254 251
254 252
254 253
254 255
254 256
255 251
255 252
255 253
255 254
255 256
255 257
255 259
255 261
255 262
256 252
256 253
256 254
256 255
256 257
256 258
256 259
256 262
257 255
257 256
257 258
257 259
257 262
258 256
258 257
258 259
258 260
258 262
259 255
259 256
259 257
259 258
259 260
259 261
259 262
260 258
260 259
260 261
260 262
260 263
260 264
261 200
261 203
261 204
261 255
261 259
261 260
261 262
261 263
261 264
261 265
262 252
262 255
262 256
262 257
262 258
262 259
262 260
262 261
262 263
262 264
262 265
262 266
263 260
263 261
263 262
263 264
263 265
263 266
263 267
264 204
264 207
264 208
264 260
264 261
264 262
264 263
264 265
264 266
264 267
264 268
265 207
265 248
265 252
265 261
265 262
265 263
265 264
265 266
265 267
265 268
265 269
266 262
266 263
266 264
266 265
266 267
266 268
266 269
266 270
267 263
267 264
267 265
267 266
267 268
267 269
267 270
267 271
268 210
268 211
268 264
268 265
268 266
268 267
268 269
268 270
268 271
268 272
269 245
269 248
269 249
269 265
269 266
269 267
269 268
269 270
269 271
269 272
269 273
269 315
270 266
270 267
270 268
270 269
270 271
270 272
270 273
270 274
270 314
270 315
270 318
271 211
271 214
271 215
271 267
271 268
271 269
271 270
271 272
271 273
271 274
271 275
272 214
272 241
272 245
272 268
272 269
272 270
272 271
272 273
272 274
272 275
272 276
273 269
273 270
273 271
273 272
273 274
273 275
273 276
273 277
273 315
273 318
273 319
274 270
274 271
274 272
274 273
274 275
274 276
274 277
274 278
274 318
275 218
275 222
275 271
275 272
275 273
275 274
275 276
275 277
275 278
275 279
276 238
276 272
276 273
276 274
276 275
276 277
276 278
276 279
276 280
276 322
277 273
277 274
277 275
277 276
277 278
277 279
277 280
277 281
277 318
277 321
277 322
278 222
278 274
278 275
278 276
278 277
278 279
278 280
278 281
278 282
279 221
279 222
279 275
279 276
279 277
279 278
279 280
279 281
279 282
279 283
279 284
279 287
280 276
280 277
280 278
280 279
280 281
280 282
280 283
280 284
280 286
280 287
280 325
281 277
281 278
281 279
281 280
281 282
281 283
281 284
281 325
282 222
282 278
282 279
282 280
282 281
282 283
282 284
283 222
283 227
283 228
283 279
283 280
283 281
283 282
283 284
283 285
283 286
283 287
284 279
284 280
284 281
284 282
284 283
284 285
284 286
284 287
284 288
284 329
284 331
285 283
285 284
285 286
285 287
285 288
285 331
285 344
285 345
286 227
286 228
286 229
286 280
286 283
286 284
286 285
286 287
286 288
286 289
287 229
287 279
287 280
287 283
287 284
287 285
287 286
287 288
287 289
287 290
287 291
288 284
288 285
288 286
288 287
288 289
288 290
288 291
288 344
288 345
288 347
288 348
289 286
289 287
289 288
289 290
289 291
289 292
289 348
290 238
290 239
290 287
290 288
290 289
290 291
290 292
290 293
290 294
291 287
291 288
291 289
291 290
291 292
291 293
291 294
291 295
291 326
291 348
291 351
291 352
292 289
292 290
292 291
292 293
292 294
292 295
292 296
292 351
292 352
292 355
293 242
293 290
293 291
293 292
293 294
293 295
293 296
293 297
294 290
294 291
294 292
294 293
294 295
294 296
294 297
294 298
294 322
294 323
295 291
295 292
295 293
295 294
295 296
295 297
295 298
295 299
295 322
295 323
295 355
296 292
296 293
296 294
296 295
296 297
296 298
296 299
296 300
297 242
297 293
297 294
297 295
297 296
297 298
297 299
297 300
297 301
298 294
298 295
298 296
298 297
298 299
298 300
298 301
298 302
298 319
298 320
298 322
298 323
299 295
299 296
299 297
299 298
299 300
299 301
299 302
299 303
299 304
299 319
299 323
299 364
300 296
300 297
300 298
300 299
300 301
300 302
300 303
300 304
300 305
300 306
300 307
301 297
301 298
301 299
301 300
301 302
301 303
301 304
301 305
301 306
301 307
301 308
301 311
302 298
302 299
302 300
302 301
302 303
302 304
302 307
302 311
302 316
302 319
302 320
303 299
303 300
303 301
303 302
303 304
303 305
303 307
303 363
303 364
303 367
304 299
304 300
304 301
304 302
304 303
304 305
304 306
304 307
305 300
305 301
305 303
305 304
305 306
305 307
305 308
306 300
306 301
306 304
306 305
306 307
306 308
307 300
307 301
307 302
307 303
307 304
307 305
307 306
307 308
307 309
307 310
307 311
308 301
308 305
308 306
308 307
308 309
308 310
308 311
309 253
309 307
309 308
309 310
309 311
310 249
310 250
310 252
310 253
310 307
310 308
310 309
310 311
310 312
311 249
311 301
311 302
311 307
311 308
311 309
311 310
311 312
311 313
311 315
311 316
312 310
312 311
312 313
312 314
312 315
312 316
313 311
313 312
313 314
313 315
313 316
313 317
313 403
313 404
314 270
314 312
314 313
314 315
314 316
314 317
314 318
314 402
314 403
314 404
315 269
315 270
315 273
315 311
315 312
315 313
315 314
315 316
315 317
315 318
315 319
316 302
316 311
316 312
316 313
316 314
316 315
316 317
316 318
316 319
316 320
316 404
317 313
317 314
317 315
317 316
317 318
317 319
317 320
317 321
317 400
317 401
317 402
317 403
317 404
317 407
317 408
318 270
318 273
318 274
318 277
318 314
318 315
318 316
318 317
318 319
318 320
318 321
318 322
318 401
319 273
319 298
319 299
319 302
319 315
319 316
319 317
319 318
319 320
319 321
319 322
319 323
320 298
320 302
320 316
320 317
320 318
320 319
320 321
320 322
320 323
320 324
320 407
320 408
320 411
321 277
321 317
321 318
321 319
321 320
321 322
321 323
321 324
321 325
321 401
321 407
321 411
322 276
322 277
322 294
322 295
322 298
322 318
322 319
322 320
322 321
322 323
322 324
322 325
322 326
323 294
323 295
323 298
323 299
323 319
323 320
323 321
323 322
323 324
323 325
323 326
323 327
323 411
324 320
324 321
324 322
324 323
324 325
324 326
324 327
324 328
324 411
324 414
324 415
325 280
325 281
325 321
325 322
325 323
325 324
325 326
325 327
325 328
325 329
326 291
326 322
326 323
326 324
326 325
326 327
326 328
326 329
326 332
327 323
327 324
327 325
327 326
327 328
327 329
327 352
327 414
327 415
327 418
328 324
328 325
328 326
328 327
328 329
328 330
328 414
328 418
329 284
329 325
329 326
329 327
329 328
329 330
329 331
329 332
329 333
330 328
330 329
330 331
330 332
330 333
331 284
331 285
331 329
331 330
331 332
331 333
331 334
331 345
332 326
332 329
332 330
332 331
332 333
332 334
332 344
332 345
332 346
332 348
332 349
333 329
333 330
333 331
333 332
333 334
333 335
333 345
333 346
333 349
334 331
334 332
334 333
334 335
334 336
334 337
334 338
334 341
334 345
334 346
334 349
335 333
335 334
335 336
335 337
335 338
335 339
335 340
335 341
336 334
336 335
336 337
336 338
337 334
337 335
337 336
337 338
337 339
337 340
337 341
338 334
338 335
338 336
338 337
338 339
338 340
338 341
339 335
339 337
339 338
339 340
339 341
340 335
340 337
340 338
340 339
340 341
340 342
341 334
341 335
341 337
341 338
341 339
341 340
341 342
341 343
341 345
341 346
342 340
342 341
342 343
342 344
342 345
342 346
343 341
343 342
343 344
343 345
343 346
343 347
344 285
344 288
344 332
344 342
344 343
344 345
344 346
344 347
344 348
345 285
345 288
345 331
345 332
345 333
345 334
345 341
345 342
345 343
345 344
345 346
345 347
345 348
345 349
346 332
346 333
346 334
346 341
346 342
346 343
346 344
346 345
346 347
346 348
346 349
346 350
347 288
347 343
347 344
347 345
347 346
347 348
347 349
347 350
347 351
348 288
348 289
348 291
348 332
348 344
348 345
348 346
348 347
348 349
348 350
348 351
348 352
349 332
349 333
349 334
349 345
349 346
349 347
349 348
349 350
349 351
349 352
349 353
350 346
350 347
350 348
350 349
350 351
350 352
350 353
350 354
351 291
351 292
351 347
351 348
351 349
351 350
351 352
351 353
351 354
351 355
352 291
352 292
352 327
352 348
352 349
352 350
352 351
352 353
352 354
352 355
352 356
353 349
353 350
353 351
353 352
353 354
353 355
353 356
353 357
354 350
354 351
354 352
354 353
354 355
354 356
354 357
355 292
355 295
355 351
355 352
355 353
355 354
355 356
355 357
355 360
356 352
356 353
356 354
356 355
356 357
356 358
356 360
356 361
357 353
357 354
357 355
357 356
357 358
357 359
357 360
357 361
358 356
358 357
358 359
358 360
358 361
358 362
358 422
359 357
359 358
359 360
359 361
359 362
359 363
360 355
360 356
360 357
360 358
360 359
360 361
360 362
360 363
360 364
361 356
361 357
361 358
361 359
361 360
361 362
361 363
361 364
361 365
361 422
361 423
362 358
362 359
362 360
362 361
362 363
362 364
362 365
362 366
362 423
362 426
363 303
363 359
363 360
363 361
363 362
363 364
363 365
363 366
363 367
364 299
364 303
364 360
364 361
364 362
364 363
364 365
364 366
364 367
364 368
365 361
365 362
365 363
365 364
365 366
365 367
365 368
365 369
365 412
365 423
366 362
366 363
366 364
366 365
366 367
366 368
366 369
366 370
367 303
367 363
367 364
367 365
367 366
367 368
367 369
367 370
367 371
367 372
368 364
368 365
368 366
368 367
368 369
368 370
368 371
368 372
368 373
368 408
368 412
369 365
369 366
369 367
369 368
369 370
369 371
369 372
369 373
369 374
369 448
369 451
369 452
369 455
370 366
370 367
370 368
370 369
370 371
370 372
370 373
370 374
370 448
370 451
370 452
371 367
371 368
371 369
371 370
371 372
371 373
371 374
372 367
372 368
372 369
372 370
372 371
372 373
372 374
372 405
372 408
373 368
373 369
373 370
373 371
373 372
373 374
373 375
373 405
373 408
373 409
373 451
373 454
374 369
374 370
374 371
374 372
374 373
374 375
374 376
374 447
374 448
374 450
374 451
375 373
375 374
375 376
375 377
375 379
375 380
375 447
376 374
376 375
376 377
376 378
376 379
376 380
377 375
377 376
377 378
377 379
377 380
377 381
378 376
378 377
378 379
378 380
378 381
378 382
379 375
379 376
379 377
379 378
379 380
379 381
379 382
379 383
379 390
380 375
380 376
380 377
380 378
380 379
380 381
380 382
380 383
380 384
381 377
381 378
381 379
381 380
381 382
381 383
381 384
381 385
382 378
382 379
382 380
382 381
382 383
382 384
382 385
382 386
382 387
382 389
382 390
383 379
383 380
383 381
383 382
383 384
383 385
383 386
383 387
383 388
383 389
383 390
383 529
384 380
384 381
384 382
384 383
384 385
384 386
384 387
385 381
385 382
385 383
385 384
385 386
385 387
386 382
386 383
386 384
386 385
386 387
386 388
386 389
386 390
387 382
387 383
387 384
387 385
387 386
387 388
387 389
387 390
387 391
387 528
387 529
388 383
388 386
388 387
388 389
388 390
388 391
388 392
388 528
388 529
388 570
388 572
388 575
389 382
389 383
389 386
389 387
389 388
389 390
389 391
389 392
389 393
390 379
390 382
390 383
390 386
390 387
390 388
390 389
390 391
390 392
390 393
390 394
390 529
391 387
391 388
391 389
391 390
391 392
391 393
391 394
391 395
391 529
391 532
392 388
392 389
392 390
392 391
392 393
392 394
392 395
392 396
393 389
393 390
393 391
393 392
393 394
393 395
393 396
394 390
394 391
394 392
394 393
394 395
394 396
394 405
394 406
395 391
395 392
395 393
395 394
395 396
395 397
396 392
396 393
396 394
396 395
396 397
396 398
396 399
396 400
396 406
397 395
397 396
397 398
397 399
397 400
398 396
398 397
398 399
398 400
398 401
399 396
399 397
399 398
399 400
399 401
399 402
399 403
399 406
399 407
400 317
400 396
400 397
400 398
400 399
400 401
400 402
400 403
400 404
400 405
400 406
400 407
400 408
400 410
401 317
401 318
401 321
401 398
401 399
401 400
401 402
401 403
401 407
402 314
402 317
402 399
402 400
402 401
402 403
402 404
402 407
403 313
403 314
403 317
403 399
403 400
403 401
403 402
403 404
403 405
403 406
403 407
404 313
404 314
404 316
404 317
404 400
404 402
404 403
404 405
404 406
404 407
404 408
405 372
405 373
405 394
405 400
405 403
405 404
405 406
405 407
405 408
405 409
406 394
406 396
406 399
406 400
406 403
406 404
406 405
406 407
406 408
406 409
406 410
407 317
407 320
407 321
407 399
407 400
407 401
407 402
407 403
407 404
407 405
407 406
407 408
407 409
407 410
407 411
408 317
408 320
408 368
408 372
408 373
408 400
408 404
408 405
408 406
408 407
408 409
408 410
408 411
408 412
409 373
409 405
409 406
409 407
409 408
409 410
409 411
409 412
409 413
409 455
409 458
410 400
410 406
410 407
410 408
410 409
410 411
410 412
410 413
410 414
411 320
411 321
411 323
411 324
411 407
411 408
411 409
411 410
411 412
411 413
411 414
411 415
412 365
412 368
412 408
412 409
412 410
412 411
412 413
412 414
412 415
412 416
412 455
413 409
413 410
413 411
413 412
413 414
413 415
413 416
413 417
413 458
413 459
414 324
414 327
414 328
414 410
414 411
414 412
414 413
414 415
414 416
414 417
414 418
415 324
415 327
415 411
415 412
415 413
415 414
415 416
415 417
415 418
415 419
415 420
416 412
416 413
416 414
416 415
416 417
416 418
416 419
416 420
416 423
416 424
416 459
416 462
417 413
417 414
417 415
417 416
417 418
417 419
417 420
417 459
417 462
418 327
418 328
418 414
418 415
418 416
418 417
418 419
418 420
419 415
419 416
419 417
419 418
419 420
419 421
419 422
419 423
420 415
420 416
420 417
420 418
420 419
420 421
420 422
420 423
420 424
420 462
421 419
421 420
421 422
421 423
421 424
421 425
422 358
422 361
422 419
422 420
422 421
422 423
422 424
422 425
422 426
423 361
423 362
423 365
423 416
423 419
423 420
423 421
423 422
423 424
423 425
423 426
423 427
424 416
424 420
424 421
424 422
424 423
424 425
424 426
424 427
424 428
424 462
424 463
424 466
425 421
425 422
425 423
425 424
425 426
425 427
425 428
425 429
426 362
426 422
426 423
426 424
426 425
426 427
426 428
426 429
426 430
427 423
427 424
427 425
427 426
427 428
427 429
427 430
427 431
427 452
427 455
427 456
428 424
428 425
428 426
428 427
428 429
428 430
428 431
428 432
429 425
429 426
429 427
429 428
429 430
429 431
429 432
429 433
430 426
430 427
430 428
430 429
430 431
430 432
430 433
430 434
430 452
431 427
431 428
431 429
431 430
431 432
431 433
431 434
431 435
431 452
431 453
432 428
432 429
432 430
432 431
432 433
432 434
432 435
433 429
433 430
433 431
433 432
433 434
433 435
434 430
434 431
434 432
434 433
434 435
434 436
434 438
434 449
435 431
435 432
435 433
435 434
435 436
435 437
436 434
436 435
436 437
436 438
436 476
437 435
437 436
437 438
437 439
437 480
438 434
438 436
438 437
438 439
438 440
438 442
438 445
438 446
439 437
439 438
439 440
439 441
439 442
439 445
439 446
440 438
440 439
440 441
440 442
440 443
440 446
440 485
440 487
440 488
441 439
441 440
441 442
441 443
441 487
442 438
442 439
442 440
442 441
442 443
442 444
442 445
442 446
443 440
443 441
443 442
443 444
443 445
443 446
443 447
443 487
444 442
444 443
444 445
444 446
444 447
444 448
445 438
445 439
445 442
445 443
445 444
445 446
445 447
445 448
445 449
446 438
446 439
446 440
446 442
446 443
446 444
446 445
446 447
446 448
446 449
446 450
446 488
446 490
446 491
447 374
447 375
447 443
447 444
447 445
447 446
447 448
447 449
447 450
447 451
447 490
447 491
448 369
448 370
448 374
448 444
448 445
448 446
448 447
448 449
448 450
448 451
448 452
449 434
449 445
449 446
449 447
449 448
449 450
449 451
449 452
449 453
449 491
450 374
450 446
450 447
450 448
450 449
450 451
450 452
450 453
450 454
450 490
450 491
450 494
450 495
451 369
451 370
451 373
451 374
451 447
451 448
451 449
451 450
451 452
451 453
451 454
451 455
452 369
452 370
452 427
452 430
452 431
452 448
452 449
452 450
452 451
452 453
452 454
452 455
452 456
453 431
453 449
453 450
453 451
453 452
453 454
453 455
453 456
453 457
453 494
453 495
453 498
454 373
454 450
454 451
454 452
454 453
454 455
454 456
454 457
454 458
454 494
454 498
455 369
455 409
455 412
455 427
455 451
455 452
455 453
455 454
455 456
455 457
455 458
455 459
456 427
456 452
456 453
456 454
456 455
456 457
456 458
456 459
456 460
456 463
456 498
457 453
457 454
457 455
457 456
457 458
457 459
457 460
457 497
457 498
457 499
457 501
457 502
458 409
458 413
458 454
458 455
458 456
458 457
458 459
458 460
458 501
459 413
459 416
459 417
459 455
459 456
459 457
459 458
459 460
459 461
459 462
459 463
460 456
460 457
460 458
460 459
460 461
460 462
460 463
460 464
460 501
460 502
460 505
461 459
461 460
461 462
461 463
461 464
461 505
462 416
462 417
462 420
462 424
462 459
462 460
462 461
462 463
462 464
462 465
463 424
463 456
463 459
463 460
463 461
463 462
463 464
463 465
463 466
463 467
464 460
464 461
464 462
464 463
464 465
464 466
464 467
464 468
464 469
464 505
464 506
465 462
465 463
465 464
465 466
465 467
465 468
466 424
466 463
466 464
466 465
466 467
466 468
467 463
467 464
467 465
467 466
467 468
467 469
467 472
468 464
468 465
468 466
468 467
468 469
468 470
468 471
468 472
469 464
469 467
469 468
469 470
469 471
469 472
469 473
469 502
469 506
469 507
470 468
470 469
470 471
470 472
470 473
470 474
470 507
470 508
470 511
471 468
471 469
471 470
471 472
471 473
471 474
471 475
472 467
472 468
472 469
472 470
472 471
472 473
472 474
472 475
472 476
472 477
473 469
473 470
473 471
473 472
473 474
473 475
473 476
473 477
473 478
473 499
474 470
474 471
474 472
474 473
474 475
474 476
474 477
474 478
474 479
475 471
475 472
475 473
475 474
475 476
475 477
475 478
475 479
476 436
476 472
476 473
476 474
476 475
476 477
476 478
476 479
476 480
477 472
477 473
477 474
477 475
477 476
477 478
477 479
477 480
477 481
477 495
478 473
478 474
478 475
478 476
478 477
478 479
478 480
478 481
478 482
478 518
479 474
479 475
479 476
479 477
479 478
479 480
479 481
479 482
479 483
480 437
480 476
480 477
480 478
480 479
480 481
480 482
480 483
480 491
480 492
480 495
481 477
481 478
481 479
481 480
481 482
481 483
481 491
481 492
481 495
481 496
481 518
481 522
482 478
482 479
482 480
482 481
482 483
482 484
483 479
483 480
483 481
483 482
483 484
483 485
483 488
483 492
484 482
484 483
484 485
484 486
484 488
485 440
485 483
485 484
485 486
485 487
485 488
485 489
486 484
486 485
486 487
486 488
486 489
487 440
487 441
487 443
487 485
487 486
487 488
487 489
487 490
488 440
488 446
488 483
488 484
488 485
488 486
488 487
488 489
488 490
488 491
488 492
489 485
489 486
489 487
489 488
489 490
489 491
489 492
489 493
489 527
489 530
490 446
490 447
490 450
490 487
490 488
490 489
490 491
490 492
490 493
490 494
491 446
491 447
491 449
491 450
491 480
491 481
491 488
491 489
491 490
491 492
491 493
491 494
491 495
492 480
492 481
492 483
492 488
492 489
492 490
492 491
492 493
492 494
492 495
492 496
492 530
493 489
493 490
493 491
493 492
493 494
493 495
493 496
493 497
493 529
493 530
493 533
493 534
494 450
494 453
494 454
494 490
494 491
494 492
494 493
494 495
494 496
494 497
494 498
495 450
495 453
495 477
495 480
495 481
495 491
495 492
495 493
495 494
495 496
495 497
495 498
495 499
496 481
496 492
496 493
496 494
496 495
496 497
496 498
496 499
496 500
496 533
496 534
496 537
497 457
497 493
497 494
497 495
497 496
497 498
497 499
497 500
497 501
497 533
497 534
497 537
498 453
498 454
498 456
498 457
498 494
498 495
498 496
498 497
498 499
498 500
498 501
498 502
499 457
499 473
499 495
499 496
499 497
499 498
499 500
499 501
499 502
499 503
499 537
500 496
500 497
500 498
500 499
500 501
500 502
500 503
500 536
500 537
500 538
500 540
500 541
501 457
501 458
501 460
501 497
501 498
501 499
501 500
501 502
501 503
501 504
501 505
502 457
502 460
502 469
502 498
502 499
502 500
502 501
502 503
502 504
502 505
502 506
502 507
503 499
503 500
503 501
503 502
503 504
503 505
503 506
503 507
503 540
503 541
503 544
504 501
504 502
504 503
504 505
504 506
504 507
504 540
504 544
504 545
505 460
505 461
505 464
505 501
505 502
505 503
505 504
505 506
505 507
506 464
506 469
506 502
506 503
506 504
506 505
506 507
506 508
507 469
507 470
507 502
507 503
507 504
507 505
507 506
507 508
507 509
507 511
508 470
508 506
508 507
508 509
508 510
508 511
508 512
509 507
509 508
509 510
509 511
509 512
509 546
509 547
509 548
510 508
510 509
510 511
510 512
510 513
511 470
511 507
511 508
511 509
511 510
511 512
511 513
511 514
511 515
512 508
512 509
512 510
512 511
512 513
512 514
512 515
512 516
512 551
513 510
513 511
513 512
513 514
513 515
513 516
513 517
513 551
513 552
514 511
514 512
514 513
514 515
514 516
514 517
514 518
515 511
515 512
515 513
515 514
515 516
515 517
515 518
515 519
516 512
516 513
516 514
516 515
516 517
516 518
516 519
516 520
516 552
516 555
517 513
517 514
517 515
517 516
517 518
517 519
517 520
517 521
517 555
518 478
518 481
518 514
518 515
518 516
518 517
518 519
518 520
518 521
518 522
519 515
519 516
519 517
519 518
519 520
519 521
519 522
519 523
519 534
519 538
519 559
520 516
520 517
520 518
520 519
520 521
520 522
520 523
520 524
520 555
520 558
520 559
520 562
521 517
521 518
521 519
521 520
521 522
521 523
521 524
521 525
522 481
522 518
522 519
522 520
522 521
522 523
522 524
522 525
522 530
522 531
522 534
523 519
523 520
523 521
523 522
523 524
523 525
523 530
523 531
523 532
523 534
523 535
523 559
523 562
523 563
523 566
524 520
524 521
524 522
524 523
524 525
524 526
524 531
524 562
525 521
525 522
525 523
525 524
525 526
525 527
525 528
525 530
525 531
526 524
526 525
526 527
526 528
527 489
527 525
527 526
527 528
527 529
527 530
527 531
528 387
528 388
528 525
528 526
528 527
528 529
528 530
528 531
528 532
529 383
529 387
529 388
529 390
529 391
529 493
529 527
529 528
529 530
529 531
529 532
529 533
530 489
530 492
530 493
530 522
530 523
530 525
530 527
530 528
530 529
530 531
530 532
530 533
530 534
531 522
531 523
531 524
531 525
531 527
531 528
531 529
531 530
531 532
531 533
531 534
531 535
531 566
532 391
532 523
532 528
532 529
532 530
532 531
532 533
532 534
532 535
532 536
532 566
532 579
533 493
533 496
533 497
533 529
533 530
533 531
533 532
533 534
533 535
533 536
533 537
534 493
534 496
534 497
534 519
534 522
534 523
534 530
534 531
534 532
534 533
534 535
534 536
534 537
534 538
535 523
535 531
535 532
535 533
535 534
535 536
535 537
535 538
535 539
535 563
535 579
535 582
536 500
536 532
536 533
536 534
536 535
536 537
536 538
536 539
536 540
536 582
537 496
537 497
537 499
537 500
537 533
537 534
537 535
537 536
537 538
537 539
537 540
537 541
538 500
538 519
538 534
538 535
538 536
538 537
538 539
538 540
538 541
538 542
538 582
539 535
539 536
539 537
539 538
539 540
539 541
539 542
539 543
539 582
539 585
539 586
540 500
540 503
540 504
540 536
540 537
540 538
540 539
540 541
540 542
540 543
540 544
541 500
541 503
541 537
541 538
541 539
541 540
541 542
541 543
541 544
541 547
542 538
542 539
542 540
542 541
542 543
542 544
542 547
542 585
542 586
542 589
543 539
543 540
543 541
543 542
543 544
543 545
543 547
543 585
543 589
544 503
544 504
544 540
544 541
544 542
544 543
544 545
544 546
544 547
545 504
545 543
545 544
545 546
545 547
546 509
546 544
546 545
546 547
546 548
547 509
547 541
547 542
547 543
547 544
547 545
547 546
547 548
547 549
548 509
548 546
548 547
548 549
548 550
548 551
548 552
549 547
549 548
549 550
549 551
549 552
549 553
549 589
549 590
550 548
550 549
550 551
550 552
550 553
551 512
551 513
551 548
551 549
551 550
551 552
551 553
551 554
552 513
552 516
552 548
552 549
552 550
552 551
552 553
552 554
552 555
552 556
553 549
553 550
553 551
553 552
553 554
553 555
553 556
553 557
553 593
554 551
554 552
554 553
554 555
554 556
554 557
555 516
555 517
555 520
555 552
555 553
555 554
555 556
555 557
555 558
555 559
556 552
556 553
556 554
556 555
556 557
556 558
556 559
556 560
557 553
557 554
557 555
557 556
557 558
557 559
557 560
557 561
557 597
558 520
558 555
558 556
558 557
558 559
558 560
558 561
558 562
559 519
559 520
559 523
559 555
559 556
559 557
559 558
559 560
559 561
559 562
559 563
560 556
560 557
560 558
560 559
560 561
560 562
560 563
560 564
560 583
560 586
560 597
561 557
561 558
561 559
561 560
561 562
561 563
561 564
561 565
561 597
562 520
562 523
562 524
562 558
562 559
562 560
562 561
562 563
562 564
562 565
562 566
563 523
563 535
563 559
563 560
563 561
563 562
563 564
563 565
563 566
563 567
563 579
563 583
564 560
564 561
564 562
564 563
564 565
564 566
564 567
564 568
564 583
564 600
564 601
565 561
565 562
565 563
565 564
565 566
565 567
565 568
565 569
566 523
566 531
566 532
566 562
566 563
566 564
566 565
566 567
566 568
566 569
566 570
566 579
567 563
567 564
567 565
567 566
567 568
567 569
567 570
567 576
567 579
567 580
568 564
568 565
568 566
568 567
568 569
568 570
568 571
569 565
569 566
569 567
569 568
569 570
569 571
570 388
570 566
570 567
570 568
570 569
570 571
570 572
570 575
570 576
571 568
571 569
571 570
571 572
571 573
571 575
571 576
572 388
572 570
572 571
572 573
572 574
572 575
572 576
573 571
573 572
573 574
573 575
573 576
573 577
573 615
573 618
574 572
574 573
574 575
574 576
574 577
574 578
574 618
575 388
575 570
575 571
575 572
575 573
575 574
575 576
575 577
575 578
575 579
576 567
576 570
576 571
576 572
576 573
576 574
576 575
576 577
576 578
576 579
576 580
576 618
577 573
577 574
577 575
577 576
577 578
577 579
577 580
577 581
577 617
577 618
577 621
578 574
578 575
578 576
578 577
578 579
578 580
578 581
578 582
579 532
579 535
579 563
579 566
579 567
579 575
579 576
579 577
579 578
579 580
579 581
579 582
579 583
580 567
580 576
580 577
580 578
580 579
580 581
580 582
580 583
580 584
580 621
580 622
580 625
581 577
581 578
581 579
581 580
581 582
581 583
581 584
581 585
581 621
581 624
581 625
582 535
582 536
582 538
582 539
582 578
582 579
582 580
582 581
582 583
582 584
582 585
582 586
583 560
583 563
583 564
583 579
583 580
583 581
583 582
583 584
583 585
583 586
583 587
583 625
584 580
584 581
584 582
584 583
584 585
584 586
584 587
584 588
584 624
584 625
584 628
584 629
585 539
585 542
585 543
585 581
585 582
585 583
585 584
585 586
585 587
585 588
585 589
586 539
586 542
586 560
586 582
586 583
586 584
586 585
586 587
586 588
586 589
586 590
587 583
587 584
587 585
587 586
587 588
587 589
587 590
587 591
587 594
587 628
587 629
587 632
588 584
588 585
588 586
588 587
588 589
588 590
588 591
588 628
588 631
588 632
589 542
589 543
589 549
589 585
589 586
589 587
589 588
589 590
589 591
590 549
590 586
590 587
590 588
590 589
590 591
590 592
590 593
590 594
590 632
591 587
591 588
591 589
591 590
591 592
591 593
591 594
591 631
591 632
591 633
592 590
592 591
592 593
592 594
592 595
592 631
592 632
592 633
592 634
593 553
593 590
593 591
593 592
593 594
593 595
593 596
593 632
594 587
594 590
594 591
594 592
594 593
594 595
594 596
594 597
594 598
594 632
594 633
595 592
595 593
595 594
595 596
595 597
595 598
595 632
595 633
596 593
596 594
596 595
596 597
596 598
596 599
597 557
597 560
597 561
597 594
597 595
597 596
597 598
597 599
597 600
598 594
598 595
598 596
598 597
598 599
598 600
598 601
598 602
598 629
599 596
599 597
599 598
599 600
599 601
599 602
599 603
600 564
600 597
600 598
600 599
600 601
600 602
600 603
600 604
601 564
601 598
601 599
601 600
601 602
601 603
601 604
601 605
602 598
602 599
602 600
602 601
602 603
602 604
602 605
602 606
602 640
603 599
603 600
603 601
603 602
603 604
603 605
603 606
603 607
604 600
604 601
604 602
604 603
604 605
604 606
604 607
604 608
605 601
605 602
605 603
605 604
605 606
605 607
605 608
605 609
605 622
606 602
606 603
606 604
606 605
606 607
606 608
606 609
606 610
606 643
607 603
607 604
607 605
607 606
607 608
607 609
607 610
607 611
608 604
608 605
608 606
608 607
608 609
608 610
608 611
608 612
609 605
609 606
609 607
609 608
609 610
609 611
609 612
609 613
609 619
609 622
610 606
610 607
610 608
610 609
610 611
610 612
610 613
611 607
611 608
611 609
611 610
611 612
611 613
611 614
612 608
612 609
612 610
612 611
612 613
612 614
612 615
612 616
612 618
612 619
613 609
613 610
613 611
613 612
613 614
613 615
613 616
613 619
614 611
614 612
614 613
614 615
614 616
615 573
615 612
615 613
615 614
615 616
615 617
615 618
615 619
616 612
616 613
616 614
616 615
616 617
616 618
616 619
616 620
616 658
616 661
616 662
617 577
617 615
617 616
617 618
617 619
617 620
617 621
617 661
618 573
618 574
618 576
618 577
618 612
618 615
618 616
618 617
618 619
618 620
618 621
618 622
619 609
619 612
619 613
619 615
619 616
619 617
619 618
619 620
619 621
619 622
619 623
619 662
620 616
620 617
620 618
620 619
620 621
620 622
620 623
620 624
620 661
620 662
620 665
621 577
621 580
621 581
621 617
621 618
621 619
621 620
621 622
621 623
621 624
621 625
622 580
622 605
622 609
622 618
622 619
622 620
622 621
622 623
622 624
622 625
622 626
623 619
623 620
623 621
623 622
623 624
623 625
623 626
623 627
623 665
623 666
623 669
624 581
624 584
624 620
624 621
624 622
624 623
624 625
624 626
624 627
624 628
624 665
624 669
625 580
625 581
625 583
625 584
625 621
625 622
625 623
625 624
625 626
625 627
625 628
625 629
626 622
626 623
626 624
626 625
626 627
626 628
626 629
626 630
626 644
626 669
627 623
627 624
627 625
627 626
627 628
627 629
627 630
627 631
627 668
627 669
627 672
627 673
628 584
628 587
628 588
628 624
628 625
628 626
628 627
628 629
628 630
628 631
628 632
629 584
629 587
629 598
629 625
629 626
629 627
629 628
629 630
629 631
629 632
629 633
629 637
630 626
630 627
630 628
630 629
630 631
630 632
630 633
630 634
630 637
630 672
630 673
630 676
631 588
631 591
631 592
631 627
631 628
631 629
631 630
631 632
631 633
631 634
631 637
631 672
631 676
632 587
632 588
632 590
632 591
632 592
632 593
632 594
632 595
632 628
632 629
632 630
632 631
632 633
632 634
633 591
633 592
633 594
633 595
633 629
633 630
633 631
633 632
633 634
633 635
633 636
633 637
634 592
634 630
634 631
634 632
634 633
634 635
634 636
634 637
634 676
634 677
634 912
634 913
635 633
635 634
635 636
635 637
635 638
635 676
635 677
635 678
635 913
636 633
636 634
636 635
636 637
636 638
636 639
637 629
637 630
637 631
637 633
637 634
637 635
637 636
637 638
637 639
637 640
637 641
637 673
637 676
637 677
638 635
638 636
638 637
638 639
638 640
638 641
638 677
638 678
639 636
639 637
639 638
639 640
639 641
639 642
640 602
640 637
640 638
640 639
640 641
640 642
640 643
640 644
641 637
641 638
641 639
641 640
641 642
641 643
641 644
641 645
641 646
642 639
642 640
642 641
642 643
642 644
642 645
642 646
643 606
643 640
643 641
643 642
643 644
643 645
643 646
643 647
644 626
644 640
644 641
644 642
644 643
644 645
644 646
644 647
644 648
645 641
645 642
645 643
645 644
645 646
645 647
645 648
645 649
645 683
645 684
645 687
646 641
646 642
646 643
646 644
646 645
646 647
646 648
646 649
646 650
647 643
647 644
647 645
647 646
647 648
647 649
647 650
647 651
647 666
648 644
648 645
648 646
648 647
648 649
648 650
648 651
648 652
648 666
648 667
648 669
648 670
648 687
649 645
649 646
649 647
649 648
649 650
649 651
649 652
649 653
649 687
649 690
650 646
650 647
650 648
650 649
650 651
650 652
650 653
650 656
650 658
650 659
651 647
651 648
651 649
651 650
651 652
651 653
651 658
651 659
651 662
651 663
651 665
651 666
651 667
652 648
652 649
652 650
652 651
652 653
652 654
652 659
652 662
652 663
652 666
652 667
652 690
652 694
653 649
653 650
653 651
653 652
653 654
653 655
653 656
653 659
653 690
654 652
654 653
654 655
654 656
654 657
654 659
654 690
654 693
654 694
655 653
655 654
655 656
655 657
655 659
656 650
656 653
656 654
656 655
656 657
656 658
656 659
657 654
657 655
657 656
657 658
657 659
657 660
658 616
658 650
658 651
658 656
658 657
658 659
658 660
658 661
658 662
659 650
659 651
659 652
659 653
659 654
659 655
659 656
659 657
659 658
659 660
659 661
659 662
659 663
660 657
660 658
660 659
660 661
660 662
660 663
661 616
661 617
661 620
661 658
661 659
661 660
661 662
661 663
661 664
662 616
662 619
662 620
662 651
662 652
662 658
662 659
662 660
662 661
662 663
662 664
662 665
662 666
663 651
663 652
663 659
663 660
663 661
663 662
663 664
663 665
663 666
663 667
664 661
664 662
664 663
664 665
664 666
664 667
664 668
664 701
665 620
665 623
665 624
665 651
665 662
665 663
665 664
665 666
665 667
665 668
665 669
666 623
666 647
666 648
666 651
666 652
666 662
666 663
666 664
666 665
666 667
666 668
666 669
666 670
667 648
667 651
667 652
667 663
667 664
667 665
667 666
667 668
667 669
667 670
667 671
667 704
667 705
667 708
668 627
668 664
668 665
668 666
668 667
668 669
668 670
668 671
668 672
668 704
669 623
669 624
669 626
669 627
669 648
669 665
669 666
669 667
669 668
669 670
669 671
669 672
669 673
670 648
670 666
670 667
670 668
670 669
670 671
670 672
670 673
670 674
670 708
671 667
671 668
671 669
671 670
671 672
671 673
671 674
671 675
671 704
671 707
671 708
671 711
672 627
672 630
672 631
672 668
672 669
672 670
672 671
672 673
672 674
672 675
672 676
673 627
673 630
673 637
673 669
673 670
673 671
673 672
673 674
673 675
673 676
673 677
674 670
674 671
674 672
674 673
674 675
674 676
674 677
674 708
674 711
674 712
674 715
674 914
675 671
675 672
675 673
675 674
675 676
675 677
675 711
675 912
675 913
675 914
675 915
676 630
676 631
676 634
676 635
676 637
676 672
676 673
676 674
676 675
676 677
676 678
676 912
676 913
676 914
677 634
677 635
677 637
677 638
677 673
677 674
677 675
677 676
677 678
677 679
677 680
677 715
677 913
677 914
678 635
678 638
678 676
678 677
678 679
678 680
678 715
678 913
679 677
679 678
679 680
679 681
679 715
679 716
680 677
680 678
680 679
680 681
680 682
680 684
680 685
680 715
680 716
681 679
681 680
681 682
681 683
681 684
681 685
682 680
682 681
682 683
682 684
682 685
682 686
683 645
683 681
683 682
683 684
683 685
683 686
683 687
684 645
684 680
684 681
684 682
684 683
684 685
684 686
684 687
684 688
685 680
685 681
685 682
685 683
685 684
685 686
685 687
685 688
685 712
685 720
686 682
686 683
686 684
686 685
686 687
686 688
686 689
687 645
687 648
687 649
687 683
687 684
687 685
687 686
687 688
687 689
687 690
688 684
688 685
688 686
688 687
688 689
688 690
688 691
688 724
689 686
689 687
689 688
689 690
689 691
689 692
690 649
690 652
690 653
690 654
690 687
690 688
690 689
690 691
690 692
690 693
690 694
691 688
691 689
691 690
691 692
691 693
691 694
691 695
691 705
692 689
692 690
692 691
692 693
692 694
692 695
692 696
692 727
692 728
692 731
693 654
693 690
693 691
693 692
693 694
693 695
693 696
693 697
694 652
694 654
694 690
694 691
694 692
694 693
694 695
694 696
694 697
694 698
694 701
694 702
694 705
695 691
695 692
695 693
695 694
695 696
695 697
695 698
695 699
695 702
695 705
695 731
695 735
696 692
696 693
696 694
696 695
696 697
696 698
696 731
696 735
697 693
697 694
697 695
697 696
697 698
697 699
698 694
698 695
698 696
698 697
698 699
698 700
698 701
698 702
699 695
699 697
699 698
699 700
699 701
699 702
700 698
700 699
700 701
700 702
700 703
701 664
701 694
701 698
701 699
701 700
701 702
701 703
701 704
701 705
702 694
702 695
702 698
702 699
702 700
702 701
702 703
702 704
702 705
702 706
703 700
703 701
703 702
703 704
703 705
703 706
703 707
703 746
704 667
704 668
704 671
704 701
704 702
704 703
704 705
704 706
704 707
704 708
705 667
705 691
705 694
705 695
705 701
705 702
705 703
705 704
705 706
705 707
705 708
705 709
706 702
706 703
706 704
706 705
706 707
706 708
706 709
706 710
706 746
706 747
706 750
707 671
707 703
707 704
707 705
707 706
707 708
707 709
707 710
707 711
708 667
708 670
708 671
708 674
708 704
708 705
708 706
708 707
708 709
708 710
708 711
708 712
709 705
709 706
709 707
709 708
709 710
709 711
709 712
709 713
709 750
710 706
710 707
710 708
710 709
710 711
710 712
710 713
710 714
710 750
710 753
710 754
711 671
711 674
711 675
711 707
711 708
711 709
711 710
711 712
711 713
711 714
711 715
711 914
712 674
712 685
712 708
712 709
712 710
712 711
712 713
712 714
712 715
712 716
712 717
712 720
713 709
713 710
713 711
713 712
713 714
713 715
713 716
713 717
713 720
713 721
713 753
713 754
713 757
714 710
714 711
714 712
714 713
714 715
714 716
714 717
714 757
714 914
714 917
714 918
715 674
715 677
715 678
715 679
715 680
715 711
715 712
715 713
715 714
715 716
715 717
715 914
715 917
716 679
716 680
716 712
716 713
716 714
716 715
716 717
716 718
716 719
716 720
717 712
717 713
717 714
717 715
717 716
717 718
717 719
717 720
717 721
717 754
717 757
717 758
718 716
718 717
718 719
718 720
718 721
718 722
718 758
718 761
719 716
719 717
719 718
719 720
719 721
719 722
719 723
720 685
720 712
720 713
720 716
720 717
720 718
720 719
720 721
720 722
720 723
720 724
720 725
721 713
721 717
721 718
721 719
721 720
721 722
721 723
721 724
721 725
721 726
721 761
721 762
721 765
722 718
722 719
722 720
722 721
722 723
722 724
722 725
723 719
723 720
723 721
723 722
723 724
723 725
723 726
724 688
724 720
724 721
724 722
724 723
724 725
724 726
724 727
724 728
725 720
725 721
725 722
725 723
725 724
725 726
725 727
725 728
725 729
725 765
725 766
726 721
726 723
726 724
726 725
726 727
726 728
726 729
726 730
726 765
726 766
727 692
727 724
727 725
727 726
727 728
727 729
727 730
727 731
728 692
728 724
728 725
728 726
728 727
728 729
728 730
728 731
728 732
729 725
729 726
729 727
729 728
729 730
729 731
729 732
729 733
729 765
729 766
729 768
729 769
730 726
730 727
730 728
730 729
730 731
730 732
730 733
730 734
731 692
731 695
731 696
731 727
731 728
731 729
731 730
731 732
731 733
731 734
731 735
732 728
732 729
732 730
732 731
732 733
732 734
732 735
732 736
732 747
733 729
733 730
733 731
733 732
733 734
733 735
733 736
733 737
733 768
733 769
734 730
734 731
734 732
734 733
734 735
734 736
734 737
734 738
735 695
735 696
735 731
735 732
735 733
735 734
735 736
735 737
735 738
735 739
736 732
736 733
736 734
736 735
736 737
736 738
736 739
736 743
736 744
736 747
737 733
737 734
737 735
737 736
737 738
737 739
738 734
738 735
738 736
738 737
738 739
738 740
739 735
739 736
739 737
739 738
739 740
739 741
739 743
739 744
740 738
740 739
740 741
740 742
740 743
740 744
741 739
741 740
741 742
741 743
741 744
741 745
741 783
741 786
742 740
742 741
742 743
742 744
742 745
742 746
742 786
743 736
743 739
743 740
743 741
743 742
743 744
743 745
743 746
743 747
744 736
744 739
744 740
744 741
744 742
744 743
744 745
744 746
744 747
744 748
744 786
745 741
745 742
745 743
745 744
745 746
745 747
745 748
745 749
745 785
745 786
745 789
746 703
746 706
746 742
746 743
746 744
746 745
746 747
746 748
746 749
746 750
747 706
747 732
747 736
747 743
747 744
747 745
747 746
747 748
747 749
747 750
747 751
748 744
748 745
748 746
748 747
748 749
748 750
748 751
748 752
748 789
748 790
748 793
749 745
749 746
749 747
749 748
749 750
749 751
749 752
749 753
749 789
750 706
750 709
750 710
750 746
750 747
750 748
750 749
750 751
750 752
750 753
750 754
751 747
751 748
751 749
751 750
751 752
751 753
751 754
751 755
751 762
751 766
751 793
752 748
752 749
752 750
752 751
752 753
752 754
752 755
752 756
752 792
752 793
752 796
753 710
753 713
753 749
753 750
753 751
753 752
753 754
753 755
753 756
753 757
754 710
754 713
754 717
754 750
754 751
754 752
754 753
754 755
754 756
754 757
754 758
754 759
754 762
755 751
755 752
755 753
755 754
755 756
755 757
755 758
755 759
755 760
755 761
755 762
755 763
755 793
755 796
755 797
756 752
756 753
756 754
756 755
756 757
756 758
756 759
756 762
756 796
756 925
757 713
757 714
757 717
757 753
757 754
757 755
757 756
757 758
757 759
757 762
757 921
758 717
758 718
758 754
758 755
758 756
758 757
758 759
758 760
758 761
758 762
759 754
759 755
759 756
759 757
759 758
759 760
759 761
759 762
759 763
759 796
759 797
759 800
759 801
760 755
760 758
760 759
760 761
760 762
760 763
760 764
760 801
761 718
761 721
761 755
761 758
761 759
761 760
761 762
761 763
761 764
761 765
762 721
762 751
762 754
762 755
762 756
762 757
762 758
762 759
762 760
762 761
762 763
762 764
762 765
762 766
763 755
763 759
763 760
763 761
763 762
763 764
763 765
763 766
763 767
763 770
763 797
763 804
764 760
764 761
764 762
764 763
764 765
764 766
764 767
764 804
765 721
765 725
765 726
765 729
765 761
765 762
765 763
765 764
765 766
765 767
766 725
766 726
766 729
766 751
766 762
766 763
766 764
766 765
766 767
766 768
766 769
766 770
767 763
767 764
767 765
767 766
767 768
767 769
767 770
767 771
768 729
768 733
768 766
768 767
768 769
768 770
768 771
768 772
769 729
769 733
769 766
769 767
769 768
769 770
769 771
769 772
769 773
770 763
770 766
770 767
770 768
770 769
770 771
770 772
770 773
770 774
770 808
771 767
771 768
771 769
771 770
771 772
771 773
771 774
771 775
771 808
771 812
772 768
772 769
772 770
772 771
772 773
772 774
772 775
772 776
773 769
773 770
773 771
773 772
773 774
773 775
773 776
773 777
773 790
773 793
773 794
774 770
774 771
774 772
774 773
774 775
774 776
774 777
774 778
774 790
774 794
774 812
775 771
775 772
775 773
775 774
775 776
775 777
775 778
775 779
776 772
776 773
776 774
776 775
776 777
776 778
776 779
776 780
776 781
776 787
776 790
777 773
777 774
777 775
777 776
777 778
777 779
777 780
777 781
777 787
777 790
777 791
777 827
777 830
777 831
778 774
778 775
778 776
778 777
778 779
778 780
778 781
778 826
778 827
778 830
779 775
779 776
779 777
779 778
779 780
779 781
780 776
780 777
780 778
780 779
780 781
780 782
780 787
780 830
781 776
781 777
781 778
781 779
781 780
781 782
781 783
781 784
781 786
781 787
782 780
782 781
782 783
782 784
782 786
782 787
783 741
783 781
783 782
783 784
783 785
783 786
783 787
784 781
784 782
784 783
784 785
784 786
784 787
784 788
784 837
784 838
785 745
785 783
785 784
785 786
785 787
785 788
785 789
785 837
785 838
786 741
786 742
786 744
786 745
786 781
786 782
786 783
786 784
786 785
786 787
786 788
786 789
786 790
787 776
787 777
787 780
787 781
787 782
787 783
787 784
787 785
787 786
787 788
787 789
787 790
787 791
787 834
787 837
788 784
788 785
788 786
788 787
788 789
788 790
788 791
788 792
788 834
788 835
788 837
788 838
789 745
789 748
789 749
789 785
789 786
789 787
789 788
789 790
789 791
789 792
789 793
790 748
790 773
790 774
790 776
790 777
790 786
790 787
790 788
790 789
790 791
790 792
790 793
790 794
791 777
791 787
791 788
791 789
791 790
791 792
791 793
791 794
791 795
791 831
791 847
792 752
792 788
792 789
792 790
792 791
792 793
792 794
792 795
792 796
792 843
792 846
792 847
793 748
793 751
793 752
793 755
793 773
793 789
793 790
793 791
793 792
793 794
793 795
793 796
793 797
794 773
794 774
794 790
794 791
794 792
794 793
794 795
794 796
794 797
794 798
795 791
795 792
795 793
795 794
795 796
795 797
795 798
795 799
795 846
795 847
795 850
795 851
796 752
796 755
796 756
796 759
796 792
796 793
796 794
796 795
796 797
796 798
796 799
796 800
796 801
796 846
796 850
797 755
797 759
797 763
797 793
797 794
797 795
797 796
797 798
797 799
797 800
797 801
797 802
797 804
797 805
798 794
798 795
798 796
798 797
798 799
798 800
798 801
798 802
798 805
798 850
798 851
798 853
799 795
799 796
799 797
799 798
799 800
799 801
799 802
799 849
799 850
799 851
799 853
800 759
800 796
800 797
800 798
800 799
800 801
800 802
801 759
801 760
801 796
801 797
801 798
801 799
801 800
801 802
801 803
801 804
801 805
802 797
802 798
802 799
802 800
802 801
802 803
802 804
802 805
802 806
803 801
803 802
803 804
803 805
803 806
803 807
804 763
804 764
804 797
804 801
804 802
804 803
804 805
804 806
804 807
804 808
805 797
805 798
805 801
805 802
805 803
805 804
805 806
805 807
805 808
805 809
806 802
806 803
806 804
806 805
806 807
806 808
806 809
806 810
807 803
807 804
807 805
807 806
807 808
807 809
807 810
807 811
808 770
808 771
808 804
808 805
808 806
808 807
808 809
808 810
808 811
808 812
809 805
809 806
809 807
809 808
809 810
809 811
809 812
809 813
809 820
809 823
809 824
810 806
810 807
810 808
810 809
810 811
810 812
810 813
810 814
810 820
811 807
811 808
811 809
811 810
811 812
811 813
811 814
811 815
812 771
812 774
812 808
812 809
812 810
812 811
812 813
812 814
812 815
812 816
813 809
813 810
813 811
813 812
813 814
813 815
813 816
813 817
813 818
813 819
813 820
813 823
814 810
814 811
814 812
814 813
814 815
814 816
814 817
814 818
814 819
815 811
815 812
815 813
815 814
815 816
815 817
815 818
816 812
816 813
816 814
816 815
816 817
816 818
817 813
817 814
817 815
817 816
817 818
817 819
818 813
818 814
818 815
818 816
818 817
818 819
818 820
818 822
818 823
819 813
819 814
819 817
819 818
819 820
819 821
819 822
819 823
820 809
820 810
820 813
820 818
820 819
820 821
820 822
820 823
820 824
821 819
821 820
821 822
821 823
821 824
821 825
821 859
821 861
822 818
822 819
822 820
822 821
822 823
822 824
822 825
822 826
822 861
823 809
823 813
823 818
823 819
823 820
823 821
823 822
823 824
823 825
823 826
823 827
824 809
824 820
824 821
824 822
824 823
824 825
824 826
824 827
824 828
824 861
825 821
825 822
825 823
825 824
825 826
825 827
825 828
825 829
825 861
825 862
825 865
826 778
826 822
826 823
826 824
826 825
826 827
826 828
826 829
826 830
827 777
827 778
827 823
827 824
827 825
827 826
827 828
827 829
827 830
827 831
828 824
828 825
828 826
828 827
828 829
828 830
828 831
828 832
828 851
828 865
828 868
828 869
829 825
829 826
829 827
829 828
829 830
829 831
829 832
829 833
829 865
829 868
830 777
830 778
830 780
830 826
830 827
830 828
830 829
830 831
830 832
830 833
830 834
831 777
831 791
831 827
831 828
831 829
831 830
831 832
831 833
831 834
831 835
832 828
832 829
832 830
832 831
832 833
832 834
832 835
832 868
832 869
832 872
833 829
833 830
833 831
833 832
833 834
833 835
833 836
834 787
834 788
834 830
834 831
834 832
834 833
834 835
834 836
834 837
834 838
835 788
835 831
835 832
835 833
835 834
835 836
835 837
835 838
835 844
835 872
836 833
836 834
836 835
836 837
836 838
836 839
837 784
837 785
837 787
837 788
837 834
837 835
837 836
837 838
837 839
838 784
838 785
838 788
838 834
838 835
838 836
838 837
838 839
838 840
838 841
838 843
838 844
839 836
839 837
839 838
839 840
839 841
839 843
839 844
840 838
840 839
840 841
840 842
840 843
840 844
841 838
841 839
841 840
841 842
841 843
841 844
841 845
841 876
841 879
841 880
842 840
842 841
842 843
842 844
842 845
842 846
842 894
842 927
843 792
843 838
843 839
843 840
843 841
843 842
843 844
843 845
843 846
843 847
844 835
844 838
844 839
844 840
844 841
844 842
844 843
844 845
844 846
844 847
844 848
844 876
844 879
845 841
845 842
845 843
845 844
845 846
845 847
845 848
845 849
845 876
845 877
845 879
845 880
845 927
845 932
846 792
846 795
846 796
846 842
846 843
846 844
846 845
846 847
846 848
846 849
846 850
846 926
846 927
847 791
847 792
847 795
847 843
847 844
847 845
847 846
847 848
847 849
847 850
847 851
847 872
848 844
848 845
848 846
848 847
848 849
848 850
848 851
848 852
848 869
848 872
848 873
848 876
848 932
849 799
849 845
849 846
849 847
849 848
849 850
849 851
849 852
849 853
849 873
849 927
849 932
849 935
850 795
850 796
850 798
850 799
850 846
850 847
850 848
850 849
850 851
850 852
850 853
850 854
851 795
851 798
851 799
851 828
851 847
851 848
851 849
851 850
851 852
851 853
851 854
851 855
851 869
852 848
852 849
852 850
852 851
852 853
852 854
852 855
852 869
852 870
852 873
852 936
852 939
853 798
853 799
853 849
853 850
853 851
853 852
853 854
853 855
853 856
853 939
854 850
854 851
854 852
854 853
854 855
854 856
854 857
854 862
855 851
855 852
855 853
855 854
855 856
855 857
855 939
855 940
855 942
855 943
856 853
856 854
856 855
856 857
856 858
856 939
856 940
856 942
856 943
856 946
857 854
857 855
857 856
857 858
857 859
857 862
857 863
857 943
857 946
858 856
858 857
858 859
858 860
858 862
858 863
858 946
858 947
859 821
859 857
859 858
859 860
859 861
859 862
859 863
860 858
860 859
860 861
860 862
860 863
860 864
861 821
861 822
861 824
861 825
861 859
861 860
861 862
861 863
861 864
861 865
862 825
862 854
862 857
862 858
862 859
862 860
862 861
862 863
862 864
862 865
862 866
863 857
863 858
863 859
863 860
863 861
863 862
863 864
863 865
863 866
863 955
864 860
864 861
864 862
864 863
864 865
864 866
864 867
865 825
865 828
865 829
865 861
865 862
865 863
865 864
865 866
865 867
865 868
865 869
866 862
866 863
866 864
866 865
866 867
866 868
866 869
866 870
866 955
866 958
866 959
867 864
867 865
867 866
867 868
867 869
867 870
867 871
867 955
867 956
867 958
867 959
867 960
868 828
868 829
868 832
868 865
868 866
868 867
868 869
868 870
868 871
868 872
868 959
869 828
869 832
869 848
869 851
869 852
869 865
869 866
869 867
869 868
869 870
869 871
869 872
869 873
870 852
870 866
870 867
870 868
870 869
870 871
870 872
870 873
870 874
870 959
870 963
871 867
871 868
871 869
871 870
871 872
871 873
871 874
871 875
871 959
871 963
872 832
872 835
872 847
872 848
872 868
872 869
872 870
872 871
872 873
872 874
872 875
872 876
873 848
873 849
873 852
873 869
873 870
873 871
873 872
873 874
873 875
873 876
873 877
873 936
874 870
874 871
874 872
874 873
874 875
874 876
874 877
874 878
874 963
874 966
874 967
875 871
875 872
875 873
875 874
875 876
875 877
875 878
875 879
876 841
876 844
876 845
876 848
876 872
876 873
876 874
876 875
876 877
876 878
876 879
876 880
876 932
877 845
877 873
877 874
877 875
877 876
877 878
877 879
877 880
877 881
877 892
877 932
877 933
877 970
878 874
878 875
878 876
878 877
878 879
878 880
878 881
879 841
879 844
879 845
879 875
879 876
879 877
879 878
879 880
879 881
880 841
880 845
880 876
880 877
880 878
880 879
880 881
880 882
880 892
880 893
880 894
881 877
881 878
881 879
881 880
881 882
881 883
881 890
881 891
881 892
881 893
882 880
882 881
882 883
882 884
882 890
882 891
882 892
882 893
883 881
883 882
883 884
883 885
883 888
883 889
883 890
883 891
884 882
884 883
884 885
884 886
884 887
884 888
884 889
884 890
884 891
885 883
885 884
885 886
885 887
885 888
885 889
886 884
886 885
886 887
886 888
887 884
887 885
887 886
887 888
887 889
888 883
888 884
888 885
888 886
888 887
888 889
888 890
889 883
889 884
889 885
889 887
889 888
889 890
889 891
890 881
890 882
890 883
890 884
890 888
890 889
890 891
890 892
890 970
891 881
891 882
891 883
891 884
891 889
891 890
891 892
891 893
892 877
892 880
892 881
892 882
892 890
892 891
892 893
892 894
892 895
892 931
892 932
892 933
893 880
893 881
893 882
893 891
893 892
893 894
893 895
894 842
894 880
894 892
894 893
894 895
894 896
894 927
894 928
895 892
895 893
895 894
895 896
895 897
895 927
895 928
895 929
895 930
895 931
896 894
896 895
896 897
896 898
896 922
896 923
896 928
896 929
897 895
897 896
897 898
897 899
897 929
898 896
898 897
898 899
898 900
899 897
899 898
899 900
899 901
900 898
900 899
900 901
900 902
901 899
901 900
901 902
901 903
902 900
902 901
902 903
902 904
903 901
903 902
903 904
903 905
904 902
904 903
904 905
904 906
904 907
904 908
904 909
904 910
905 903
905 904
905 906
905 907
905 908
906 904
906 905
906 907
906 908
907 904
907 905
907 906
907 908
907 909
908 904
908 905
908 906
908 907
908 909
908 910
909 904
909 907
909 908
909 910
909 911
910 904
910 908
910 909
910 911
910 912
911 909
911 910
911 912
911 913
911 914
911 915
911 916
912 634
912 675
912 676
912 910
912 911
912 913
912 914
912 915
912 916
913 634
913 635
913 675
913 676
913 677
913 678
913 911
913 912
913 914
913 915
913 916
913 917
914 674
914 675
914 676
914 677
914 711
914 714
914 715
914 911
914 912
914 913
914 915
914 916
914 917
914 918
915 675
915 911
915 912
915 913
915 914
915 916
915 917
915 918
915 919
916 911
916 912
916 913
916 914
916 915
916 917
916 918
916 919
916 920
917 714
917 715
917 913
917 914
917 915
917 916
917 918
917 919
917 920
917 921
918 714
918 914
918 915
918 916
918 917
918 919
918 920
918 921
918 922
919 915
919 916
919 917
919 918
919 920
919 921
919 922
919 923
920 916
920 917
920 918
920 919
920 921
920 922
920 923
920 924
921 757
921 917
921 918
921 919
921 920
921 922
921 923
921 924
921 925
922 896
922 918
922 919
922 920
922 921
922 923
922 924
922 925
922 927
922 928
922 929
923 896
923 919
923 920
923 921
923 922
923 924
923 925
923 928
923 929
924 920
924 921
924 922
924 923
924 925
924 926
924 928
924 929
925 756
925 921
925 922
925 923
925 924
925 926
925 927
925 928
925 929
926 846
926 924
926 925
926 927
926 928
926 929
926 930
927 842
927 845
927 846
927 849
927 894
927 895
927 922
927 925
927 926
927 928
927 929
927 930
928 894
928 895
928 896
928 922
928 923
928 924
928 925
928 926
928 927
928 929
928 930
928 931
929 895
929 896
929 897
929 922
929 923
929 924
929 925
929 926
929 927
929 928
929 930
929 931
930 895
930 926
930 927
930 928
930 929
930 931
930 932
930 934
930 935
931 892
931 895
931 928
931 929
931 930
931 932
931 933
931 934
931 935
932 845
932 848
932 849
932 876
932 877
932 892
932 930
932 931
932 933
932 934
932 935
932 936
933 877
933 892
933 931
933 932
933 934
933 935
933 936
933 937
933 970
933 971
934 930
934 931
934 932
934 933
934 935
934 936
934 937
934 938
934 974
935 849
935 930
935 931
935 932
935 933
935 934
935 936
935 937
935 938
935 939
936 852
936 873
936 932
936 933
936 934
936 935
936 937
936 938
936 939
936 940
937 933
937 934
937 935
937 936
937 938
937 939
937 940
937 941
937 971
937 974
938 934
938 935
938 936
938 937
938 939
938 940
938 941
938 942
939 852
939 853
939 855
939 856
939 935
939 936
939 937
939 938
939 940
939 941
939 942
939 943
940 855
940 856
940 936
940 937
940 938
940 939
940 941
940 942
940 943
940 944
941 937
941 938
941 939
941 940
941 942
941 943
941 944
941 945
942 855
942 856
942 938
942 939
942 940
942 941
942 943
942 944
942 945
942 946
943 855
943 856
943 857
943 939
943 940
943 941
943 942
943 944
943 945
943 946
943 947
943 952
944 940
944 941
944 942
944 943
944 945
944 946
944 947
944 948
944 949
944 951
944 952
945 941
945 942
945 943
945 944
945 946
945 947
945 948
945 949
946 856
946 857
946 858
946 942
946 943
946 944
946 945
946 947
946 948
947 858
947 943
947 944
947 945
947 946
947 948
947 949
947 950
947 951
947 952
948 944
948 945
948 946
948 947
948 949
948 950
948 951
948 952
949 944
949 945
949 947
949 948
949 950
949 951
949 952
949 953
950 947
950 948
950 949
950 951
950 952
950 953
950 954
951 944
951 947
951 948
951 949
951 950
951 952
951 953
951 954
951 955
952 943
952 944
952 947
952 948
952 949
952 950
952 951
952 953
952 954
952 955
952 956
953 949
953 950
953 951
953 952
953 954
953 955
953 956
953 957
954 950
954 951
954 952
954 953
954 955
954 956
954 957
954 958
955 863
955 866
955 867
955 951
955 952
955 953
955 954
955 956
955 957
955 958
955 959
956 867
956 952
956 953
956 954
956 955
956 957
956 958
956 959
956 964
957 953
957 954
957 955
957 956
957 958
957 959
957 960
958 866
958 867
958 954
958 955
958 956
958 957
958 959
958 960
959 866
959 867
959 868
959 870
959 871
959 955
959 956
959 957
959 958
959 960
959 961
959 963
959 964
960 867
960 957
960 958
960 959
960 961
960 962
960 963
960 964
961 959
961 960
961 962
961 963
961 964
961 965
962 960
962 961
962 963
962 964
962 965
962 966
963 870
963 871
963 874
963 959
963 960
963 961
963 962
963 964
963 965
963 966
963 967
964 956
964 959
964 960
964 961
964 962
964 963
964 965
964 966
964 967
964 968
965 961
965 962
965 963
965 964
965 966
965 967
965 968
965 969
966 874
966 962
966 963
966 964
966 965
966 967
966 968
966 969
966 970
967 874
967 963
967 964
967 965
967 966
967 968
967 969
967 970
967 971
968 964
968 965
968 966
968 967
968 969
968 970
968 971
968 972
969 965
969 966
969 967
969 968
969 970
969 971
969 972
970 877
970 890
970 933
970 966
970 967
970 968
970 969
970 971
970 972
971 933
971 937
971 967
971 968
971 969
971 970
971 972
971 973
971 974
972 968
972 969
972 970
972 971
972 973
972 974
973 971
973 972
973 974
974 934
974 937
974 971
974 972
974 973
