0 1
0 2
1 0
1 2
1 3
2 0
2 1
2 3
2 4
3 1
3 2
3 4
3 5
4 2
4 3
4 5
4 6
5 3
5 4
5 6
5 7
6 4
6 5
6 7
6 8
7 5
7 6
7 8
7 9
8 6
8 7
8 9
8 10
9 7
9 8
9 10
9 11
10 8
10 9
10 11
10 12
11 9
11 10
11 12
11 13
12 10
12 11
12 13
12 14
13 11
13 12
13 14
13 15
14 12
14 13
14 15
14 16
15 13
15 14
15 16
15 17
16 14
16 15
16 17
16 18
17 15
17 16
17 18
17 19
18 16
18 17
18 19
18 20
19 17
19 18
19 20
19 21
20 18
20 19
20 21
20 22
21 19
21 20
21 22
21 23
22 20
22 21
22 23
22 24
23 21
23 22
23 24
23 25
24 22
24 23
24 25
24 26
25 23
25 24
25 26
25 27
26 24
26 25
26 27
26 28
27 25
27 26
27 28
27 29
28 26
28 27
28 29
28 30
29 27
29 28
29 30
29 31
30 28
30 29
30 31
30 32
31 29
31 30
31 32
31 33
32 30
32 31
32 33
32 34
33 31
33 32
33 34
33 35
34 32
34 33
34 35
34 36
35 33
35 34
35 36
35 37
36 34
36 35
36 37
36 38
37 35
37 36
37 38
37 39
38 36
38 37
38 39
38 40
39 37
39 38
39 40
39 41
40 38
40 39
40 41
40 42
41 39
41 40
41 42
41 43
42 40
42 41
42 43
42 44
43 41
43 42
43 44
43 45
44 42
44 43
44 45
44 46
45 43
45 44
45 46
45 47
46 44
46 45
46 47
46 48
47 45
47 46
47 48
47 49
48 46
48 47
48 49
48 50
49 47
49 48
49 50
49 51
50 48
50 49
50 51
50 52
51 49
51 50
51 52
51 53
52 50
52 51
52 53
52 54
53 51
53 52
53 54
53 55
54 52
54 53
54 55
54 56
54 58
54 59
55 53
55 54
55 56
55 57
55 58
55 59
56 54
56 55
56 57
56 58
56 59
56 60
57 55
57 56
57 58
57 59
57 60
57 61
58 54
58 55
58 56
58 57
58 59
58 60
58 61
58 62
59 54
59 55
59 56
59 57
59 58
59 60
59 61
59 62
59 63
60 56
60 57
60 58
60 59
60 61
60 62
60 63
60 64
61 57
61 58
61 59
61 60
61 62
61 63
61 64
61 65
62 58
62 59
62 60
62 61
62 63
62 64
62 65
62 66
63 59
63 60
63 61
63 62
63 64
63 65
63 66
63 67
64 60
64 61
64 62
64 63
64 65
64 66
64 67
64 68
65 61
65 62
65 63
65 64
65 66
65 67
65 68
66 62
66 63
66 64
66 65
66 67
66 68
66 69
67 63
67 64
67 65
67 66
67 68
67 69
68 64
68 65
68 66
68 67
68 69
68 70
69 66
69 67
69 68
69 70
69 71
70 68
70 69
70 71
70 72
71 69
71 70
71 72
71 73
72 70
72 71
72 73
72 74
73 71
73 72
73 74
73 75
74 72
74 73
74 75
74 76
75 73
75 74
75 76
75 77
76 74
76 75
76 77
76 78
77 75
77 76
77 78
77 79
78 76
78 77
78 79
78 80
79 77
79 78
79 80
79 81
80 78
80 79
80 81
80 82
81 79
81 80
81 82
81 83
82 80
82 81
82 83
82 84
83 81
83 82
83 84
83 85
84 82
84 83
84 85
84 86
85 83
85 84
85 86
85 87
86 84
86 85
86 87
86 88
87 85
87 86
87 88
87 89
88 86
88 87
88 89
88 90
89 87
89 88
89 90
89 91
90 88
90 89
90 91
90 92
91 89
91 90
91 92
91 93
92 90
92 91
92 93
92 94
93 91
93 92
93 94
93 95
94 92
94 93
94 95
94 96
95 93
95 94
95 96
95 97
96 94
96 95
96 97
96 98
97 95
97 96
97 98
97 99
98 96
98 97
98 99
98 100
99 97
99 98
99 100
99 101
100 98
100 99
100 101
100 102
101 99
101 100
101 102
101 103
102 100
102 101
102 103
102 104
103 101
103 102
103 104
103 105
104 102
104 103
104 105
104 106
105 103
105 104
105 106
105 107
106 104
106 105
106 107
106 108
107 105
107 106
107 108
107 109
108 106
108 107
108 109
108 110
109 107
109 108
109 110
109 111
110 108
110 109
110 111
110 112
111 109
111 110
111 112
111 113
112 110
112 111
112 113
112 114
113 111
113 112
113 114
113 115
114 112
114 113
114 115
114 116
115 113
115 114
115 116
115 117
116 114
116 115
116 117
116 118
117 115
117 116
117 118
117 119
118 116
118 117
118 119
118 120
119 117
119 118
119 120
119 121
120 118
120 119
120 121
120 122
121 119
121 120
121 122
121 123
122 120
122 121
122 123
122 124
123 121
123 122
123 124
123 125
124 122
124 123
124 125
124 126
125 123
125 124
125 126
125 127
126 124
126 125
126 127
126 128
127 125
127 126
127 128
127 129
128 126
128 127
128 129
128 130
129 127
129 128
129 130
129 131
130 128
130 129
130 131
130 132
131 129
131 130
131 132
131 133
132 130
132 131
132 133
132 134
133 131
133 132
133 134
133 135
133 136
134 132
134 133
134 135
134 136
135 133
135 134
135 136
135 137
136 133
136 134
136 135
136 137
136 138
137 135
137 136
137 138
137 139
138 136
138 137
138 139
138 140
139 137
139 138
139 140
139 141
139 143
140 138
140 139
140 141
140 142
140 143
140 188
141 139
141 140
141 142
141 143
142 140
142 141
142 143
142 144
142 188
142 189
142 190
143 139
143 140
143 141
143 142
143 144
143 145
143 186
143 187
143 188
143 189
144 142
144 143
144 145
144 146
144 186
144 187
144 188
144 189
144 261
145 143
145 144
145 146
145 147
145 184
145 185
145 186
145 187
146 144
146 145
146 147
146 148
146 149
146 184
146 185
146 186
146 258
147 145
147 146
147 148
147 149
147 183
147 184
147 185
147 200
148 146
148 147
148 149
148 150
148 182
148 183
148 184
148 249
148 250
148 251
149 146
149 147
149 148
149 150
149 151
149 182
149 183
149 184
149 185
149 247
149 248
149 249
149 250
150 148
150 149
150 151
150 152
150 180
150 181
150 182
150 183
150 247
150 248
150 249
151 149
151 150
151 152
151 153
151 180
151 181
151 182
151 183
151 245
151 246
151 247
151 248
152 150
152 151
152 153
152 154
152 173
152 174
152 177
152 179
152 180
152 181
152 245
152 246
152 247
152 248
153 151
153 152
153 154
153 155
153 173
153 177
153 245
153 246
153 247
154 152
154 153
154 155
154 156
154 173
154 243
154 244
154 245
154 246
155 153
155 154
155 156
155 157
155 169
155 243
155 244
155 245
156 154
156 155
156 157
156 158
156 241
156 242
156 243
156 244
157 155
157 156
157 158
157 159
157 160
157 165
157 241
157 242
157 243
157 244
158 156
158 157
158 159
158 160
158 241
158 242
159 157
159 158
159 160
159 161
159 162
159 165
159 242
160 157
160 158
160 159
160 161
160 162
160 166
160 215
160 216
160 233
160 234
160 242
160 243
160 244
161 159
161 160
161 162
161 163
161 166
161 215
161 216
161 233
162 159
162 160
162 161
162 163
162 164
162 165
162 166
163 161
163 162
163 164
163 165
163 166
163 167
163 218
164 162
164 163
164 165
164 166
164 167
164 168
165 157
165 159
165 162
165 163
165 164
165 166
165 167
165 168
165 169
166 160
166 161
166 162
166 163
166 164
166 165
166 167
166 168
166 169
166 170
166 218
166 231
166 244
167 163
167 164
167 165
167 166
167 168
167 169
167 170
167 171
167 218
167 219
167 220
168 164
168 165
168 166
168 167
168 169
168 170
168 171
168 172
169 155
169 165
169 166
169 167
169 168
169 170
169 171
169 172
169 173
169 244
170 166
170 167
170 168
170 169
170 171
170 172
170 173
170 174
170 220
170 226
170 229
170 230
170 231
170 246
171 167
171 168
171 169
171 170
171 172
171 173
171 174
171 175
171 226
172 168
172 169
172 170
172 171
172 173
172 174
172 175
172 176
173 152
173 153
173 154
173 169
173 170
173 171
173 172
173 174
173 175
173 176
173 177
173 246
174 152
174 170
174 171
174 172
174 173
174 175
174 176
174 177
174 226
175 171
175 172
175 173
175 174
175 176
175 177
176 172
176 173
176 174
176 175
176 177
176 178
177 152
177 153
177 173
177 174
177 175
177 176
177 178
177 179
177 180
178 176
178 177
178 179
178 180
179 152
179 177
179 178
179 180
179 181
180 150
180 151
180 152
180 177
180 178
180 179
180 181
180 182
181 150
181 151
181 152
181 179
181 180
181 182
181 183
182 148
182 149
182 150
182 151
182 180
182 181
182 183
182 184
182 199
182 200
183 147
183 148
183 149
183 150
183 151
183 181
183 182
183 184
183 185
183 197
183 198
183 199
183 200
184 145
184 146
184 147
184 148
184 149
184 182
184 183
184 185
184 186
184 197
184 198
184 199
184 200
185 145
185 146
185 147
185 149
185 183
185 184
185 186
185 187
185 195
185 196
185 197
185 198
186 143
186 144
186 145
186 146
186 184
186 185
186 187
186 188
186 195
186 196
186 197
186 198
187 143
187 144
187 145
187 185
187 186
187 188
187 189
187 194
187 195
187 196
187 258
187 261
187 262
187 265
188 140
188 142
188 143
188 144
188 186
188 187
188 189
188 190
188 191
188 193
188 194
188 195
188 261
188 262
188 265
189 142
189 143
189 144
189 187
189 188
189 190
189 191
189 193
189 261
189 262
189 264
189 265
190 142
190 188
190 189
190 191
190 192
190 193
190 264
190 265
190 266
190 267
190 268
190 269
191 188
191 189
191 190
191 192
191 193
191 211
191 212
191 265
191 266
191 267
191 268
191 269
192 190
192 191
192 193
192 194
192 210
192 211
192 212
192 268
192 269
193 188
193 189
193 190
193 191
193 192
193 194
193 195
193 210
193 211
193 265
194 187
194 188
194 192
194 193
194 195
194 196
194 208
194 209
194 210
194 211
195 185
195 186
195 187
195 188
195 193
195 194
195 196
195 197
195 208
195 209
195 210
195 211
196 185
196 186
196 187
196 194
196 195
196 197
196 198
196 205
196 206
196 207
196 208
196 209
197 183
197 184
197 185
197 186
197 195
197 196
197 198
197 199
197 205
197 206
197 207
197 208
198 183
198 184
198 185
198 186
198 196
198 197
198 199
198 200
198 202
198 203
198 204
198 205
198 206
198 207
199 182
199 183
199 184
199 197
199 198
199 200
199 201
199 202
199 203
199 204
199 205
199 206
200 147
200 182
200 183
200 184
200 198
200 199
200 201
200 202
200 203
201 199
201 200
201 202
201 203
202 198
202 199
202 200
202 201
202 203
202 204
203 198
203 199
203 200
203 201
203 202
203 204
203 205
204 198
204 199
204 202
204 203
204 205
204 206
205 196
205 197
205 198
205 199
205 203
205 204
205 206
205 207
205 208
206 196
206 197
206 198
206 199
206 204
206 205
206 207
206 208
207 196
207 197
207 198
207 205
207 206
207 208
207 209
208 194
208 195
208 196
208 197
208 205
208 206
208 207
208 209
208 210
209 194
209 195
209 196
209 207
209 208
209 210
209 211
209 213
209 214
209 234
210 192
210 193
210 194
210 195
210 208
210 209
210 211
210 212
210 213
210 214
211 191
211 192
211 193
211 194
211 195
211 209
211 210
211 212
211 213
211 214
211 265
211 266
212 191
212 192
212 210
212 211
212 213
212 214
212 215
212 266
213 209
213 210
213 211
213 212
213 214
213 215
213 234
213 235
214 209
214 210
214 211
214 212
214 213
214 215
214 216
214 217
214 232
214 233
214 234
214 235
215 160
215 161
215 212
215 213
215 214
215 216
215 217
215 232
215 233
215 234
215 235
216 160
216 161
216 214
216 215
216 217
216 218
216 232
216 233
216 234
217 214
217 215
217 216
217 218
217 219
217 230
217 231
217 232
217 233
217 259
217 262
218 163
218 166
218 167
218 216
218 217
218 219
218 220
218 230
218 231
218 232
218 259
219 167
219 217
219 218
219 220
219 221
219 226
219 227
219 228
219 229
219 230
219 231
219 255
219 256
219 259
220 167
220 170
220 218
220 219
220 221
220 222
220 224
220 225
220 226
220 227
220 228
220 229
220 230
221 219
221 220
221 222
221 223
221 224
221 226
221 227
222 220
222 221
222 223
222 224
222 227
223 221
223 222
223 224
223 225
223 227
224 220
224 221
224 222
224 223
224 225
224 226
224 227
225 220
225 223
225 224
225 226
225 227
225 228
226 170
226 171
226 174
226 219
226 220
226 221
226 224
226 225
226 227
226 228
226 229
227 219
227 220
227 221
227 222
227 223
227 224
227 225
227 226
227 228
227 229
227 252
228 219
228 220
228 225
228 226
228 227
228 229
228 230
228 248
228 249
228 250
228 251
228 252
228 255
229 170
229 219
229 220
229 226
229 227
229 228
229 230
229 231
229 246
229 247
229 248
229 249
229 252
229 255
230 170
230 217
230 218
230 219
230 220
230 228
230 229
230 231
230 232
230 246
230 247
230 248
230 249
230 255
231 166
231 170
231 217
231 218
231 219
231 229
231 230
231 232
231 233
231 244
231 245
231 246
231 247
232 214
232 215
232 216
232 217
232 218
232 230
232 231
232 233
232 234
232 244
232 245
232 246
233 160
233 161
233 214
233 215
233 216
233 217
233 231
233 232
233 234
233 235
233 242
233 243
233 244
233 245
234 160
234 209
234 213
234 214
234 215
234 216
234 232
234 233
234 235
234 236
234 242
234 243
234 244
234 245
235 213
235 214
235 215
235 233
235 234
235 236
235 237
235 238
235 239
235 240
235 241
235 242
235 243
236 234
236 235
236 237
236 238
236 239
236 240
236 241
236 242
236 243
237 235
237 236
237 238
237 239
237 240
237 241
238 235
238 236
238 237
238 239
238 240
238 241
239 235
239 236
239 237
239 238
239 240
239 241
239 242
240 235
240 236
240 237
240 238
240 239
240 241
240 242
241 156
241 157
241 158
241 235
241 236
241 237
241 238
241 239
241 240
241 242
241 243
242 156
242 157
242 158
242 159
242 160
242 233
242 234
242 235
242 236
242 239
242 240
242 241
242 243
242 244
243 154
243 155
243 156
243 157
243 160
243 233
243 234
243 235
243 236
243 241
243 242
243 244
243 245
244 154
244 155
244 156
244 157
244 160
244 166
244 169
244 231
244 232
244 233
244 234
244 242
244 243
244 245
244 246
245 151
245 152
245 153
245 154
245 155
245 231
245 232
245 233
245 234
245 243
245 244
245 246
245 247
246 151
246 152
246 153
246 154
246 170
246 173
246 229
246 230
246 231
246 232
246 244
246 245
246 247
246 248
247 149
247 150
247 151
247 152
247 153
247 229
247 230
247 231
247 245
247 246
247 248
247 249
248 149
248 150
248 151
248 152
248 228
248 229
248 230
248 246
248 247
248 249
248 250
249 148
249 149
249 150
249 228
249 229
249 230
249 247
249 248
249 250
249 251
249 252
249 254
249 255
250 148
250 149
250 228
250 248
250 249
250 251
250 252
251 148
251 228
251 249
251 250
251 252
251 253
251 254
251 255
252 227
252 228
252 229
252 249
252 250
252 251
252 253
252 254
252 255
252 256
253 251
253 252
253 254
253 255
253 256
253 257
254 249
254 251
254 252
254 253
254 255
254 256
254 257
254 258
255 219
255 228
255 229
255 230
255 249
255 251
255 252
255 253
255 254
255 256
255 257
255 258
255 259
256 219
256 252
256 253
256 254
256 255
256 257
256 258
256 259
256 260
257 253
257 254
257 255
257 256
257 258
257 259
257 260
257 261
258 146
258 187
258 254
258 255
258 256
258 257
258 259
258 260
258 261
258 262
259 217
259 218
259 219
259 255
259 256
259 257
259 258
259 260
259 261
259 262
259 263
260 256
260 257
260 258
260 259
260 261
260 262
260 263
260 264
261 144
261 187
261 188
261 189
261 257
261 258
261 259
261 260
261 262
261 263
261 264
261 265
262 187
262 188
262 189
262 217
262 258
262 259
262 260
262 261
262 263
262 264
262 265
262 266
263 259
263 260
263 261
263 262
263 264
263 265
263 266
263 267
264 189
264 190
264 260
264 261
264 262
264 263
264 265
264 266
264 267
264 268
265 187
265 188
265 189
265 190
265 191
265 193
265 211
265 261
265 262
265 263
265 264
265 266
265 267
265 268
266 190
266 191
266 211
266 212
266 262
266 263
266 264
266 265
266 267
266 268
266 269
267 190
267 191
267 263
267 264
267 265
267 266
267 268
267 269
267 270
267 373
267 374
267 375
268 190
268 191
268 192
268 264
268 265
268 266
268 267
268 269
268 270
269 190
269 191
269 192
269 266
269 267
269 268
269 270
269 271
270 267
270 268
270 269
270 271
270 272
271 269
271 270
271 272
271 273
272 270
272 271
272 273
272 274
273 271
273 272
273 274
273 275
274 272
274 273
274 275
274 276
275 273
275 274
275 276
275 277
276 274
276 275
276 277
276 278
277 275
277 276
277 278
277 279
278 276
278 277
278 279
278 280
279 277
279 278
279 280
279 281
279 282
280 278
280 279
280 281
280 282
281 279
281 280
281 282
281 283
282 279
282 280
282 281
282 283
282 284
283 281
283 282
283 284
283 285
283 286
284 282
284 283
284 285
284 286
284 337
285 283
285 284
285 286
285 287
286 283
286 284
286 285
286 287
286 288
286 289
286 337
287 285
287 286
287 288
287 289
287 454
287 455
287 456
288 286
288 287
288 289
288 290
288 336
288 337
288 452
288 453
288 454
288 455
289 286
289 287
289 288
289 290
289 291
289 334
289 335
289 336
289 337
289 338
289 452
289 453
289 454
289 455
290 288
290 289
290 291
290 292
290 334
290 335
290 336
290 337
290 450
290 451
290 452
290 453
291 289
291 290
291 292
291 293
291 332
291 333
291 334
291 335
291 336
291 450
291 451
291 452
291 453
292 290
292 291
292 293
292 294
292 331
292 332
292 333
292 334
292 335
292 448
292 449
292 450
292 451
293 291
293 292
293 294
293 295
293 330
293 331
293 332
293 333
293 423
293 448
293 449
293 450
293 451
294 292
294 293
294 295
294 296
294 330
294 331
294 332
294 446
294 447
294 448
294 449
295 293
295 294
295 296
295 297
295 328
295 329
295 330
295 331
295 425
295 446
295 447
295 448
296 294
296 295
296 297
296 298
296 308
296 309
296 328
296 329
296 330
296 445
296 446
296 447
297 295
297 296
297 298
297 299
297 308
297 309
297 326
297 327
297 328
297 329
297 445
297 446
298 296
298 297
298 299
298 300
298 306
298 307
298 308
298 309
298 326
298 327
298 328
298 329
299 297
299 298
299 300
299 301
299 306
299 307
299 308
299 309
299 320
299 321
299 324
299 325
299 326
299 327
300 298
300 299
300 301
300 302
300 303
300 304
300 305
300 306
300 307
300 324
300 325
300 326
301 299
301 300
301 302
301 303
301 304
301 305
301 306
301 307
302 300
302 301
302 303
302 304
302 305
303 300
303 301
303 302
303 304
303 305
304 300
304 301
304 302
304 303
304 305
304 306
305 300
305 301
305 302
305 303
305 304
305 306
305 307
306 298
306 299
306 300
306 301
306 304
306 305
306 307
306 308
306 326
306 327
307 298
307 299
307 300
307 301
307 305
307 306
307 308
307 309
308 296
308 297
308 298
308 299
308 306
308 307
308 309
308 310
308 445
309 296
309 297
309 298
309 299
309 307
309 308
309 310
309 311
309 318
309 319
309 320
309 445
310 308
310 309
310 311
310 312
310 318
310 319
310 439
310 440
310 441
310 442
310 443
310 444
310 445
311 309
311 310
311 312
311 313
311 316
311 317
311 318
311 319
311 443
311 444
311 445
311 446
312 310
312 311
312 313
312 314
312 315
312 316
312 317
312 318
312 319
312 443
313 311
313 312
313 314
313 315
313 316
313 317
313 443
313 444
314 312
314 313
314 315
314 316
315 312
315 313
315 314
315 316
315 317
316 311
316 312
316 313
316 314
316 315
316 317
316 318
316 428
317 311
317 312
317 313
317 315
317 316
317 318
317 319
317 403
317 427
317 428
317 429
317 430
318 309
318 310
318 311
318 312
318 316
318 317
318 319
318 320
318 427
318 428
318 429
318 430
319 309
319 310
319 311
319 312
319 317
319 318
319 320
319 321
319 429
319 430
319 431
319 432
319 439
320 299
320 309
320 318
320 319
320 321
320 322
320 395
320 429
320 430
320 431
320 432
321 299
321 319
321 320
321 322
321 323
321 324
321 395
321 431
321 432
321 433
321 434
322 320
322 321
322 323
322 324
322 386
322 395
322 396
322 397
322 431
322 432
322 433
322 434
323 321
323 322
323 324
323 325
323 386
323 387
323 395
324 299
324 300
324 321
324 322
324 323
324 325
324 326
324 386
325 299
325 300
325 323
325 324
325 326
325 327
325 383
325 384
325 385
325 386
326 297
326 298
326 299
326 300
326 306
326 324
326 325
326 327
326 328
326 383
326 384
326 385
326 386
327 297
327 298
327 299
327 306
327 325
327 326
327 328
327 329
327 381
327 382
327 383
327 384
328 295
328 296
328 297
328 298
328 326
328 327
328 329
328 330
328 381
328 382
328 383
328 384
329 295
329 296
329 297
329 298
329 327
329 328
329 330
329 331
329 379
329 380
329 381
329 382
330 293
330 294
330 295
330 296
330 328
330 329
330 331
330 332
330 378
330 379
330 380
330 381
331 292
331 293
331 294
331 295
331 329
331 330
331 332
331 333
331 377
331 378
331 379
331 380
332 291
332 292
332 293
332 294
332 330
332 331
332 333
332 334
332 377
332 378
332 379
333 291
333 292
333 293
333 331
333 332
333 334
333 335
333 376
333 377
333 378
334 289
334 290
334 291
334 292
334 332
334 333
334 335
334 336
334 339
334 340
334 376
334 377
335 289
335 290
335 291
335 292
335 333
335 334
335 336
335 337
336 288
336 289
336 290
336 291
336 334
336 335
336 337
336 338
336 339
337 284
337 286
337 288
337 289
337 290
337 335
337 336
337 338
337 339
338 289
338 336
338 337
338 339
338 340
339 334
339 336
339 337
339 338
339 340
339 341
340 334
340 338
340 339
340 341
340 342
340 414
340 415
340 416
341 339
341 340
341 342
341 343
341 414
341 415
342 340
342 341
342 343
342 344
342 345
342 378
342 412
342 413
342 414
342 415
343 341
343 342
343 344
343 345
343 412
343 413
343 414
343 415
344 342
344 343
344 345
344 346
344 369
344 412
344 413
344 414
345 342
345 343
345 344
345 346
345 347
345 348
345 369
345 380
345 410
345 411
345 412
345 413
346 344
346 345
346 347
346 348
346 410
346 411
346 412
346 413
346 420
347 345
347 346
347 348
347 349
347 363
347 364
347 366
347 409
347 410
347 411
347 412
348 345
348 346
348 347
348 349
348 350
348 363
348 364
348 365
348 366
348 382
348 408
348 409
348 410
348 411
349 347
349 348
349 350
349 351
349 361
349 362
349 363
349 364
349 408
349 409
349 410
350 348
350 349
350 351
350 352
350 361
350 362
350 363
350 364
350 406
350 407
350 408
350 409
351 349
351 350
351 352
351 353
351 356
351 360
351 361
351 362
351 390
351 391
351 406
351 407
351 408
352 350
352 351
352 353
352 354
352 356
352 391
352 393
352 394
352 404
352 405
352 406
352 407
353 351
353 352
353 354
353 355
353 356
353 404
353 405
353 406
353 407
354 352
354 353
354 355
354 356
354 405
354 406
354 407
354 426
355 353
355 354
355 356
355 357
355 407
355 426
355 623
356 351
356 352
356 353
356 354
356 355
356 357
356 358
356 360
356 361
356 407
357 355
357 356
357 358
357 359
357 360
357 361
358 356
358 357
358 359
358 360
358 361
359 357
359 358
359 360
359 361
360 351
360 356
360 357
360 358
360 359
360 361
360 362
361 349
361 350
361 351
361 356
361 357
361 358
361 359
361 360
361 362
361 363
362 349
362 350
362 351
362 360
362 361
362 363
362 364
362 390
363 347
363 348
363 349
363 350
363 361
363 362
363 364
363 365
364 347
364 348
364 349
364 350
364 362
364 363
364 365
364 366
364 382
364 383
364 384
365 348
365 363
365 364
365 366
365 367
365 382
365 383
365 384
366 347
366 348
366 364
366 365
366 367
366 368
366 369
366 380
366 381
366 382
366 383
367 365
367 366
367 368
367 369
367 381
367 382
367 383
368 366
368 367
368 369
368 370
368 379
368 380
368 381
368 382
369 344
369 345
369 366
369 367
369 368
369 370
369 371
369 378
369 379
369 380
369 381
370 368
370 369
370 371
370 372
370 378
370 379
370 380
371 369
371 370
371 372
371 373
371 374
371 375
371 376
371 377
371 378
371 379
372 370
372 371
372 373
372 374
372 375
372 376
372 377
372 378
372 379
373 267
373 371
373 372
373 374
373 375
374 267
374 371
374 372
374 373
374 375
374 376
374 377
375 267
375 371
375 372
375 373
375 374
375 376
375 377
375 378
376 333
376 334
376 371
376 372
376 374
376 375
376 377
376 378
377 331
377 332
377 333
377 334
377 371
377 372
377 374
377 375
377 376
377 378
377 379
378 330
378 331
378 332
378 333
378 342
378 369
378 370
378 371
378 372
378 375
378 376
378 377
378 379
378 380
379 329
379 330
379 331
379 332
379 368
379 369
379 370
379 371
379 372
379 377
379 378
379 380
379 381
380 329
380 330
380 331
380 345
380 366
380 368
380 369
380 370
380 378
380 379
380 381
380 382
381 327
381 328
381 329
381 330
381 366
381 367
381 368
381 369
381 379
381 380
381 382
381 383
382 327
382 328
382 329
382 348
382 364
382 365
382 366
382 367
382 368
382 380
382 381
382 383
382 384
383 325
383 326
383 327
383 328
383 364
383 365
383 366
383 367
383 381
383 382
383 384
383 385
384 325
384 326
384 327
384 328
384 364
384 365
384 382
384 383
384 385
384 386
385 325
385 326
385 383
385 384
385 386
385 387
385 388
386 322
386 323
386 324
386 325
386 326
386 384
386 385
386 387
386 388
386 389
386 391
386 392
386 395
387 323
387 385
387 386
387 388
387 389
387 391
387 392
388 385
388 386
388 387
388 389
388 390
388 391
388 392
389 386
389 387
389 388
389 390
389 391
389 392
390 351
390 362
390 388
390 389
390 391
390 392
390 393
391 351
391 352
391 386
391 387
391 388
391 389
391 390
391 392
391 393
391 394
391 395
392 386
392 387
392 388
392 389
392 390
392 391
392 393
392 394
392 395
392 396
393 352
393 390
393 391
393 392
393 394
393 395
393 396
394 352
394 391
394 392
394 393
394 395
394 396
394 404
394 406
394 429
394 431
395 320
395 321
395 322
395 323
395 386
395 391
395 392
395 393
395 394
395 396
395 397
395 431
396 322
396 392
396 393
396 394
396 395
396 397
396 398
396 431
397 322
397 395
397 396
397 398
397 399
397 430
397 431
397 432
397 433
398 396
398 397
398 399
398 400
398 402
398 403
398 404
398 430
398 431
398 432
399 397
399 398
399 400
399 401
399 402
399 403
400 398
400 399
400 401
400 402
401 399
401 400
401 402
401 403
402 398
402 399
402 400
402 401
402 403
402 404
402 430
403 317
403 398
403 399
403 401
403 402
403 404
403 405
403 428
403 429
403 430
404 352
404 353
404 394
404 398
404 402
404 403
404 405
404 406
404 428
404 429
404 430
405 352
405 353
405 354
405 403
405 404
405 406
405 407
405 426
405 427
405 428
405 429
406 350
406 351
406 352
406 353
406 354
406 394
406 404
406 405
406 407
406 408
406 426
406 427
406 428
406 429
407 350
407 351
407 352
407 353
407 354
407 355
407 356
407 405
407 406
407 408
407 409
407 424
407 425
407 426
407 427
408 348
408 349
408 350
408 351
408 406
408 407
408 409
408 410
408 424
408 425
408 426
409 347
409 348
409 349
409 350
409 407
409 408
409 410
409 411
409 422
409 423
409 424
409 425
410 345
410 346
410 347
410 348
410 349
410 408
410 409
410 411
410 412
410 422
410 423
410 424
411 345
411 346
411 347
411 348
411 409
411 410
411 412
411 413
411 420
411 421
411 422
411 423
412 342
412 343
412 344
412 345
412 346
412 347
412 410
412 411
412 413
412 414
412 420
412 421
412 422
412 423
413 342
413 343
413 344
413 345
413 346
413 411
413 412
413 414
413 415
413 417
413 419
413 420
413 421
414 340
414 341
414 342
414 343
414 344
414 412
414 413
414 415
414 416
414 417
414 419
414 420
414 421
415 340
415 341
415 342
415 343
415 413
415 414
415 416
415 417
416 340
416 414
416 415
416 417
416 418
416 468
416 469
416 470
416 471
417 413
417 414
417 415
417 416
417 418
417 419
417 420
417 470
417 471
417 472
417 473
418 416
418 417
418 419
418 420
418 470
418 471
418 472
418 473
419 413
419 414
419 417
419 418
419 420
419 421
419 472
419 473
420 346
420 411
420 412
420 413
420 414
420 417
420 418
420 419
420 421
420 422
421 411
421 412
421 413
421 414
421 419
421 420
421 422
421 423
421 473
422 409
422 410
422 411
422 412
422 420
422 421
422 423
422 424
423 293
423 409
423 410
423 411
423 412
423 421
423 422
423 424
423 425
423 451
424 407
424 408
424 409
424 410
424 422
424 423
424 425
424 426
425 295
425 407
425 408
425 409
425 423
425 424
425 426
425 427
425 449
426 354
426 355
426 405
426 406
426 407
426 408
426 424
426 425
426 427
426 428
427 317
427 318
427 405
427 406
427 407
427 425
427 426
427 428
427 429
427 447
428 316
428 317
428 318
428 403
428 404
428 405
428 406
428 426
428 427
428 429
428 430
429 317
429 318
429 319
429 320
429 394
429 403
429 404
429 405
429 406
429 427
429 428
429 430
429 431
430 317
430 318
430 319
430 320
430 397
430 398
430 402
430 403
430 404
430 428
430 429
430 431
430 432
431 319
431 320
431 321
431 322
431 394
431 395
431 396
431 397
431 398
431 429
431 430
431 432
431 433
432 319
432 320
432 321
432 322
432 397
432 398
432 430
432 431
432 433
432 434
432 436
433 321
433 322
433 397
433 431
433 432
433 434
433 435
433 436
434 321
434 322
434 432
434 433
434 435
434 436
435 433
435 434
435 436
435 437
436 432
436 433
436 434
436 435
436 437
436 438
436 439
437 435
437 436
437 438
437 439
438 436
438 437
438 439
438 440
439 310
439 319
439 436
439 437
439 438
439 440
439 441
440 310
440 438
440 439
440 441
440 442
440 443
441 310
441 439
441 440
441 442
441 443
442 310
442 440
442 441
442 443
442 444
443 310
443 311
443 312
443 313
443 440
443 441
443 442
443 444
443 445
444 310
444 311
444 313
444 442
444 443
444 445
444 446
445 296
445 297
445 308
445 309
445 310
445 311
445 443
445 444
445 446
445 447
446 294
446 295
446 296
446 297
446 311
446 444
446 445
446 447
446 448
447 294
447 295
447 296
447 427
447 445
447 446
447 448
447 449
448 292
448 293
448 294
448 295
448 446
448 447
448 449
448 450
449 292
449 293
449 294
449 425
449 447
449 448
449 450
449 451
449 478
449 479
449 480
450 290
450 291
450 292
450 293
450 448
450 449
450 451
450 452
450 478
450 479
451 290
451 291
451 292
451 293
451 423
451 449
451 450
451 452
451 453
451 476
451 477
451 478
451 479
452 288
452 289
452 290
452 291
452 450
452 451
452 453
452 454
452 476
452 477
452 478
452 479
453 288
453 289
453 290
453 291
453 451
453 452
453 454
453 455
453 473
453 474
453 475
453 476
453 477
454 287
454 288
454 289
454 452
454 453
454 455
454 456
454 473
454 474
454 475
454 476
455 287
455 288
455 289
455 453
455 454
455 456
455 457
455 471
455 472
455 473
455 474
455 475
456 287
456 454
456 455
456 457
456 458
456 471
456 472
456 473
456 474
457 455
457 456
457 458
457 459
457 469
457 470
457 471
457 472
458 456
458 457
458 459
458 460
458 469
458 470
458 471
458 472
459 457
459 458
459 460
459 461
459 469
459 470
460 458
460 459
460 461
460 462
460 463
460 470
461 459
461 460
461 462
461 463
462 460
462 461
462 463
462 464
463 460
463 461
463 462
463 464
463 465
463 466
464 462
464 463
464 465
464 466
465 463
465 464
465 466
465 467
466 463
466 464
466 465
466 467
466 468
467 465
467 466
467 468
467 469
468 416
468 466
468 467
468 469
468 470
469 416
469 457
469 458
469 459
469 467
469 468
469 470
469 471
470 416
470 417
470 418
470 457
470 458
470 459
470 460
470 468
470 469
470 471
470 472
471 416
471 417
471 418
471 455
471 456
471 457
471 458
471 469
471 470
471 472
471 473
472 417
472 418
472 419
472 455
472 456
472 457
472 458
472 470
472 471
472 473
472 474
473 417
473 418
473 419
473 421
473 453
473 454
473 455
473 456
473 471
473 472
473 474
473 475
473 476
474 453
474 454
474 455
474 456
474 472
474 473
474 475
474 476
475 453
475 454
475 455
475 473
475 474
475 476
475 477
476 451
476 452
476 453
476 454
476 473
476 474
476 475
476 477
476 478
477 451
477 452
477 453
477 475
477 476
477 478
477 479
477 481
477 482
478 449
478 450
478 451
478 452
478 476
478 477
478 479
478 480
478 481
478 482
479 449
479 450
479 451
479 452
479 477
479 478
479 480
479 481
479 482
479 483
480 449
480 478
480 479
480 481
480 482
480 483
480 484
481 477
481 478
481 479
481 480
481 482
481 483
481 484
481 485
482 477
482 478
482 479
482 480
482 481
482 483
482 484
482 485
482 486
483 479
483 480
483 481
483 482
483 484
483 485
483 486
483 487
484 480
484 481
484 482
484 483
484 485
484 486
484 487
484 488
485 481
485 482
485 483
485 484
485 486
485 487
485 488
485 489
486 482
486 483
486 484
486 485
486 487
486 488
486 489
486 490
487 483
487 484
487 485
487 486
487 488
487 489
487 490
488 484
488 485
488 486
488 487
488 489
488 490
489 485
489 486
489 487
489 488
489 490
489 491
490 486
490 487
490 488
490 489
490 491
490 492
491 489
491 490
491 492
491 493
492 490
492 491
492 493
492 494
493 491
493 492
493 494
493 495
494 492
494 493
494 495
494 496
495 493
495 494
495 496
495 497
496 494
496 495
496 497
496 498
497 495
497 496
497 498
497 499
498 496
498 497
498 499
498 500
499 497
499 498
499 500
499 501
500 498
500 499
500 501
500 502
501 499
501 500
501 502
501 503
502 500
502 501
502 503
502 504
503 501
503 502
503 504
503 505
504 502
504 503
504 505
504 506
505 503
505 504
505 506
505 507
506 504
506 505
506 507
506 508
507 505
507 506
507 508
507 509
508 506
508 507
508 509
508 510
509 507
509 508
509 510
509 511
509 512
510 508
510 509
510 511
510 512
511 509
511 510
511 512
511 513
512 509
512 510
512 511
512 513
512 514
513 511
513 512
513 514
513 515
514 512
514 513
514 515
514 516
514 517
515 513
515 514
515 516
515 517
516 514
516 515
516 517
516 518
517 514
517 515
517 516
517 518
517 519
518 516
518 517
518 519
518 520
518 784
519 517
519 518
519 520
519 521
519 784
520 518
520 519
520 521
520 522
520 783
520 784
520 785
520 787
520 788
521 519
521 520
521 522
521 523
521 525
521 734
521 735
521 784
521 787
521 788
522 520
522 521
522 523
522 524
522 525
522 613
522 614
522 615
522 734
523 521
523 522
523 524
523 525
523 612
523 613
523 614
523 615
523 616
523 732
523 733
523 734
523 735
523 736
524 522
524 523
524 525
524 526
524 612
524 613
524 614
524 615
524 616
524 733
524 734
524 735
524 736
524 737
525 521
525 522
525 523
525 524
525 526
525 527
525 613
525 615
525 616
525 735
525 736
525 737
526 524
526 525
526 527
526 528
526 736
526 737
526 738
526 791
527 525
527 526
527 528
527 529
527 737
527 738
528 526
528 527
528 529
528 530
528 568
528 737
528 738
529 527
529 528
529 530
529 531
529 532
529 568
530 528
530 529
530 531
530 532
530 567
530 568
530 569
531 529
531 530
531 532
531 533
532 529
532 530
532 531
532 533
532 534
532 536
532 537
532 567
532 568
533 531
533 532
533 534
533 535
533 536
533 537
534 532
534 533
534 535
534 536
534 537
534 538
535 533
535 534
535 536
535 537
535 538
535 539
536 532
536 533
536 534
536 535
536 537
536 538
536 539
536 540
537 532
537 533
537 534
537 535
537 536
537 538
537 539
537 540
537 541
537 567
538 534
538 535
538 536
538 537
538 539
538 540
538 541
538 542
539 535
539 536
539 537
539 538
539 540
539 541
539 542
539 543
540 536
540 537
540 538
540 539
540 541
540 542
540 543
540 544
540 561
541 537
541 538
541 539
541 540
541 542
541 543
541 544
541 545
542 538
542 539
542 540
542 541
542 543
542 544
542 545
542 546
543 539
543 540
543 541
543 542
543 544
543 545
543 546
543 547
543 555
543 557
543 558
544 540
544 541
544 542
544 543
544 545
544 546
544 547
544 548
545 541
545 542
545 543
545 544
545 546
545 547
545 548
545 549
546 542
546 543
546 544
546 545
546 547
546 548
546 549
546 550
546 555
547 543
547 544
547 545
547 546
547 548
547 549
547 550
547 551
547 553
547 554
547 555
548 544
548 545
548 546
548 547
548 549
548 550
548 551
549 545
549 546
549 547
549 548
549 550
549 551
550 546
550 547
550 548
550 549
550 551
550 552
550 553
551 547
551 548
551 549
551 550
551 552
551 553
551 554
551 577
552 550
552 551
552 553
552 554
553 547
553 550
553 551
553 552
553 554
553 555
554 547
554 551
554 552
554 553
554 555
554 556
554 558
555 543
555 546
555 547
555 553
555 554
555 556
555 557
555 558
556 554
556 555
556 557
556 558
556 559
557 543
557 555
557 556
557 558
557 559
557 560
557 561
558 543
558 554
558 555
558 556
558 557
558 559
558 560
558 561
558 562
559 556
559 557
559 558
559 560
559 561
559 562
559 563
559 749
559 750
560 557
560 558
560 559
560 561
560 562
560 563
560 564
561 540
561 557
561 558
561 559
561 560
561 562
561 563
561 564
561 565
561 566
562 558
562 559
562 560
562 561
562 563
562 564
562 565
562 566
562 745
562 746
562 749
563 559
563 560
563 561
563 562
563 564
563 565
563 745
563 746
563 801
563 804
564 560
564 561
564 562
564 563
564 565
564 566
565 561
565 562
565 563
565 564
565 566
565 567
565 742
565 745
566 561
566 562
566 564
566 565
566 567
566 568
566 570
566 571
566 574
566 742
566 745
567 530
567 532
567 537
567 565
567 566
567 568
567 569
567 570
567 571
568 528
568 529
568 530
568 532
568 566
568 567
568 569
568 570
568 571
569 530
569 567
569 568
569 570
569 571
569 572
570 566
570 567
570 568
570 569
570 571
570 572
570 573
570 574
571 566
571 567
571 568
571 569
571 570
571 572
571 573
571 574
571 575
571 660
571 745
572 569
572 570
572 571
572 573
572 574
572 575
572 576
572 657
572 660
572 661
573 570
573 571
573 572
573 574
573 575
573 576
573 577
573 582
573 661
574 566
574 570
574 571
574 572
574 573
574 575
574 576
574 577
574 578
575 571
575 572
575 573
575 574
575 576
575 577
575 578
575 579
575 669
575 745
575 748
576 572
576 573
576 574
576 575
576 577
576 578
576 579
576 580
576 581
576 582
576 665
576 669
577 551
577 573
577 574
577 575
577 576
577 578
577 579
577 580
577 581
577 582
578 574
578 575
578 576
578 577
578 579
578 580
578 581
578 748
578 749
579 575
579 576
579 577
579 578
579 580
579 581
579 582
579 669
579 672
579 673
579 748
580 576
580 577
580 578
580 579
580 581
580 582
581 576
581 577
581 578
581 579
581 580
581 582
581 583
581 584
581 665
581 668
581 669
581 672
582 573
582 576
582 577
582 579
582 580
582 581
582 583
582 584
582 665
583 581
583 582
583 584
583 585
584 581
584 582
584 583
584 585
584 586
584 587
584 588
584 668
585 583
585 584
585 586
585 587
585 588
585 589
586 584
586 585
586 587
586 588
586 589
586 590
587 584
587 585
587 586
587 588
587 589
587 590
587 591
587 664
587 668
588 584
588 585
588 586
588 587
588 589
588 590
588 591
588 592
588 664
588 665
588 667
588 668
589 585
589 586
589 587
589 588
589 590
589 591
589 592
589 593
590 586
590 587
590 588
590 589
590 591
590 592
590 593
590 594
591 587
591 588
591 589
591 590
591 592
591 593
591 594
591 595
591 636
591 664
591 667
592 588
592 589
592 590
592 591
592 593
592 594
592 595
592 596
592 664
593 589
593 590
593 591
593 592
593 594
593 595
593 596
593 597
594 590
594 591
594 592
594 593
594 595
594 596
594 597
594 635
594 636
594 637
594 639
594 640
595 591
595 592
595 593
595 594
595 596
595 597
595 598
595 632
595 633
595 635
595 636
596 592
596 593
596 594
596 595
596 597
596 598
597 593
597 594
597 595
597 596
597 598
597 599
597 636
597 639
598 595
598 596
598 597
598 599
598 600
598 602
598 635
598 639
599 597
599 598
599 600
599 601
599 602
599 635
599 636
599 638
599 639
600 598
600 599
600 601
600 602
601 599
601 600
601 602
601 603
601 604
601 605
601 635
601 638
601 645
601 646
602 598
602 599
602 600
602 601
602 603
602 604
602 605
602 606
602 635
603 601
603 602
603 604
603 605
603 606
603 607
604 601
604 602
604 603
604 605
604 606
604 607
604 608
604 646
604 648
605 601
605 602
605 603
605 604
605 606
605 607
605 608
605 609
605 631
605 634
605 635
605 646
605 648
605 651
606 602
606 603
606 604
606 605
606 607
606 608
606 609
606 610
606 631
607 603
607 604
607 605
607 606
607 608
607 609
607 610
607 611
608 604
608 605
608 606
608 607
608 609
608 610
608 611
608 612
608 648
608 649
608 651
609 605
609 606
609 607
609 608
609 610
609 611
609 612
609 627
609 630
609 631
609 651
610 606
610 607
610 608
610 609
610 611
610 612
610 614
610 622
610 627
611 607
611 608
611 609
611 610
611 612
611 613
611 614
612 523
612 524
612 608
612 609
612 610
612 611
612 613
612 614
612 619
612 651
612 652
612 655
612 733
613 522
613 523
613 524
613 525
613 611
613 612
613 614
613 615
613 616
613 619
613 620
613 652
613 655
613 733
614 522
614 523
614 524
614 610
614 611
614 612
614 613
614 615
614 616
614 617
614 619
614 620
614 621
615 522
615 523
615 524
615 525
615 613
615 614
615 616
615 617
615 619
615 620
616 523
616 524
616 525
616 613
616 614
616 615
616 617
616 618
616 619
616 620
617 614
617 615
617 616
617 618
617 619
617 620
617 621
618 616
618 617
618 619
618 620
618 621
618 624
618 625
618 626
619 612
619 613
619 614
619 615
619 616
619 617
619 618
619 620
619 621
619 622
619 624
619 625
619 626
619 627
620 613
620 614
620 615
620 616
620 617
620 618
620 619
620 621
620 622
620 624
621 614
621 617
621 618
621 619
621 620
621 622
621 623
621 624
621 626
621 627
622 610
622 619
622 620
622 621
622 623
622 624
622 627
623 355
623 621
623 622
623 624
623 625
623 627
623 628
624 618
624 619
624 620
624 621
624 622
624 623
624 625
624 626
624 627
624 628
625 618
625 619
625 623
625 624
625 626
625 627
625 628
625 629
626 618
626 619
626 621
626 624
626 625
626 627
626 628
626 629
626 630
627 609
627 610
627 619
627 621
627 622
627 623
627 624
627 625
627 626
627 628
627 629
627 630
627 631
628 623
628 624
628 625
628 626
628 627
628 629
628 630
628 631
628 632
629 625
629 626
629 627
629 628
629 630
629 631
629 632
629 633
629 663
630 609
630 626
630 627
630 628
630 629
630 631
630 632
630 633
630 634
630 651
630 654
630 655
630 658
630 663
631 605
631 606
631 609
631 627
631 628
631 629
631 630
631 632
631 633
631 634
631 635
632 595
632 628
632 629
632 630
632 631
632 633
632 634
632 635
632 636
633 595
633 629
633 630
633 631
633 632
633 634
633 635
633 636
633 637
633 654
633 663
633 664
633 666
633 667
634 605
634 630
634 631
634 632
634 633
634 635
634 636
634 637
634 638
634 646
634 650
634 651
634 654
635 594
635 595
635 598
635 599
635 601
635 602
635 605
635 631
635 632
635 633
635 634
635 636
635 637
635 638
635 639
635 646
636 591
636 594
636 595
636 597
636 599
636 632
636 633
636 634
636 635
636 637
636 638
636 639
636 640
636 667
637 594
637 633
637 634
637 635
637 636
637 638
637 639
637 640
637 641
637 645
637 646
637 667
637 671
638 599
638 601
638 634
638 635
638 636
638 637
638 639
638 640
638 641
638 642
638 644
638 645
638 646
639 594
639 597
639 598
639 599
639 635
639 636
639 637
639 638
639 640
639 641
639 642
639 645
640 594
640 636
640 637
640 638
640 639
640 641
640 642
640 645
641 637
641 638
641 639
641 640
641 642
641 643
641 644
641 645
641 646
642 638
642 639
642 640
642 641
642 643
642 644
642 645
643 641
643 642
643 644
643 645
644 638
644 641
644 642
644 643
644 645
644 646
644 647
644 680
644 683
644 684
645 601
645 637
645 638
645 639
645 640
645 641
645 642
645 643
645 644
645 646
645 647
646 601
646 604
646 605
646 634
646 635
646 637
646 638
646 641
646 644
646 645
646 647
646 648
646 650
647 644
647 645
647 646
647 648
647 649
647 650
647 683
648 604
648 605
648 608
648 646
648 647
648 649
648 650
648 651
649 608
649 647
649 648
649 650
649 651
649 652
649 653
649 728
649 729
649 733
650 634
650 646
650 647
650 648
650 649
650 651
650 652
650 653
650 654
650 728
650 729
651 605
651 608
651 609
651 612
651 630
651 634
651 648
651 649
651 650
651 652
651 653
651 654
651 655
652 612
652 613
652 649
652 650
652 651
652 653
652 654
652 655
652 656
652 729
652 732
652 733
653 649
653 650
653 651
653 652
653 654
653 655
653 656
653 657
653 670
653 729
653 730
653 732
654 630
654 633
654 634
654 650
654 651
654 652
654 653
654 655
654 656
654 657
654 658
654 666
654 667
654 670
655 612
655 613
655 630
655 651
655 652
655 653
655 654
655 656
655 657
655 658
655 659
656 652
656 653
656 654
656 655
656 657
656 658
656 659
656 660
656 732
656 741
657 572
657 653
657 654
657 655
657 656
657 658
657 659
657 660
657 661
657 666
657 669
657 670
658 630
658 654
658 655
658 656
658 657
658 659
658 660
658 661
658 662
658 663
658 666
659 655
659 656
659 657
659 658
659 660
659 661
660 571
660 572
660 656
660 657
660 658
660 659
660 661
660 662
661 572
661 573
661 657
661 658
661 659
661 660
661 662
661 663
661 665
661 666
662 658
662 660
662 661
662 663
662 664
662 665
662 666
663 629
663 630
663 633
663 658
663 661
663 662
663 664
663 665
663 666
663 667
664 587
664 588
664 591
664 592
664 633
664 662
664 663
664 665
664 666
664 667
664 668
665 576
665 581
665 582
665 588
665 661
665 662
665 663
665 664
665 666
665 667
665 668
665 669
666 633
666 654
666 657
666 658
666 661
666 662
666 663
666 664
666 665
666 667
666 668
666 669
666 670
667 588
667 591
667 633
667 636
667 637
667 654
667 663
667 664
667 665
667 666
667 668
667 669
667 670
667 671
668 581
668 584
668 587
668 588
668 664
668 665
668 666
668 667
668 669
668 670
668 671
668 672
669 575
669 576
669 579
669 581
669 657
669 665
669 666
669 667
669 668
669 670
669 671
669 672
669 673
670 653
670 654
670 657
670 666
670 667
670 668
670 669
670 671
670 672
670 673
670 674
671 637
671 667
671 668
671 669
671 670
671 672
671 673
671 674
671 675
671 676
672 579
672 581
672 668
672 669
672 670
672 671
672 673
672 674
672 675
672 676
672 677
673 579
673 669
673 670
673 671
673 672
673 674
673 675
673 676
673 677
673 678
673 679
673 748
674 670
674 671
674 672
674 673
674 675
674 676
674 677
674 678
674 679
674 680
674 681
675 671
675 672
675 673
675 674
675 676
675 677
675 678
675 679
675 680
676 671
676 672
676 673
676 674
676 675
676 677
676 678
677 672
677 673
677 674
677 675
677 676
677 678
677 679
677 748
677 751
677 752
678 673
678 674
678 675
678 676
678 677
678 679
678 680
678 681
678 682
678 752
679 673
679 674
679 675
679 677
679 678
679 680
679 681
679 682
679 683
679 728
679 752
680 644
680 674
680 675
680 678
680 679
680 681
680 682
680 683
680 684
681 674
681 678
681 679
681 680
681 682
681 683
681 684
681 689
681 690
682 678
682 679
682 680
682 681
682 683
682 684
682 687
682 688
682 689
682 690
682 728
683 644
683 647
683 679
683 680
683 681
683 682
683 684
683 685
683 686
683 687
683 689
683 690
683 728
684 644
684 680
684 681
684 682
684 683
684 685
684 686
684 687
684 688
684 689
685 683
685 684
685 686
685 687
685 688
685 689
686 683
686 684
686 685
686 687
686 688
687 682
687 683
687 684
687 685
687 686
687 688
687 689
687 690
687 691
688 682
688 684
688 685
688 686
688 687
688 689
688 690
688 691
688 692
689 681
689 682
689 683
689 684
689 685
689 687
689 688
689 690
689 691
689 692
689 693
690 681
690 682
690 683
690 687
690 688
690 689
690 691
690 692
690 693
690 694
690 724
690 727
691 687
691 688
691 689
691 690
691 692
691 693
691 694
691 695
691 720
692 688
692 689
692 690
692 691
692 693
692 694
692 695
692 696
692 817
692 820
692 821
693 689
693 690
693 691
693 692
693 694
693 695
693 696
693 697
693 817
694 690
694 691
694 692
694 693
694 695
694 696
694 697
694 698
694 719
694 720
694 723
695 691
695 692
695 693
695 694
695 696
695 697
695 698
695 699
695 719
695 816
695 817
695 820
696 692
696 693
696 694
696 695
696 697
696 698
696 699
696 700
696 813
696 816
696 817
697 693
697 694
697 695
697 696
697 698
697 699
697 700
697 701
697 719
697 756
697 759
697 760
698 694
698 695
698 696
698 697
698 699
698 700
698 701
698 702
698 709
698 719
699 695
699 696
699 697
699 698
699 700
699 701
699 702
699 703
699 816
700 696
700 697
700 698
700 699
700 701
700 702
700 703
700 704
700 705
700 760
701 697
701 698
701 699
701 700
701 702
701 703
701 704
701 705
701 706
701 708
701 709
701 760
702 698
702 699
702 700
702 701
702 703
702 704
702 705
702 706
702 709
702 710
703 699
703 700
703 701
703 702
703 704
703 705
703 706
704 700
704 701
704 702
704 703
704 705
704 706
705 700
705 701
705 702
705 703
705 704
705 706
705 707
705 708
705 709
705 764
705 767
706 701
706 702
706 703
706 704
706 705
706 707
706 708
706 709
706 710
707 705
707 706
707 708
707 709
707 710
707 711
708 701
708 705
708 706
708 707
708 709
708 710
708 711
708 712
708 767
708 770
708 771
709 698
709 701
709 702
709 705
709 706
709 707
709 708
709 710
709 711
709 712
709 713
710 702
710 706
710 707
710 708
710 709
710 711
710 712
710 713
710 714
711 707
711 708
711 709
711 710
711 712
711 713
711 714
711 715
711 771
712 708
712 709
712 710
712 711
712 713
712 714
712 715
712 716
712 717
712 718
713 709
713 710
713 711
713 712
713 714
713 715
713 716
713 717
713 718
714 710
714 711
714 712
714 713
714 715
714 716
714 717
715 711
715 712
715 713
715 714
715 716
715 717
715 774
715 775
716 712
716 713
716 714
716 715
716 717
716 718
716 775
717 712
717 713
717 714
717 715
717 716
717 718
717 719
717 721
717 775
718 712
718 713
718 716
718 717
718 719
718 720
718 721
718 722
719 694
719 695
719 697
719 698
719 717
719 718
719 720
719 721
719 722
719 723
719 724
720 691
720 694
720 718
720 719
720 721
720 722
720 723
720 724
721 717
721 718
721 719
721 720
721 722
721 723
721 724
721 779
722 718
722 719
722 720
722 721
722 723
722 724
722 725
722 726
722 779
722 782
722 783
723 694
723 719
723 720
723 721
723 722
723 724
723 725
723 726
723 727
723 759
724 690
724 719
724 720
724 721
724 722
724 723
724 725
724 726
724 727
724 728
725 722
725 723
725 724
725 726
725 727
725 728
725 729
725 730
725 731
725 733
726 722
726 723
726 724
726 725
726 727
726 728
726 729
726 730
726 731
726 732
726 755
726 759
727 690
727 723
727 724
727 725
727 726
727 728
727 729
727 730
727 731
727 755
728 649
728 650
728 679
728 682
728 683
728 724
728 725
728 726
728 727
728 729
728 730
728 731
729 649
729 650
729 652
729 653
729 725
729 726
729 727
729 728
729 730
729 731
729 732
729 733
730 653
730 725
730 726
730 727
730 728
730 729
730 731
730 732
730 733
730 740
730 743
730 744
730 755
731 725
731 726
731 727
731 728
731 729
731 730
731 732
731 733
731 734
731 735
731 740
731 743
732 523
732 652
732 653
732 656
732 726
732 729
732 730
732 731
732 733
732 734
732 735
732 736
732 737
732 740
733 523
733 524
733 612
733 613
733 649
733 652
733 725
733 729
733 730
733 731
733 732
733 734
733 735
734 521
734 522
734 523
734 524
734 731
734 732
734 733
734 735
734 736
734 787
735 521
735 523
735 524
735 525
735 731
735 732
735 733
735 734
735 736
735 737
735 739
735 740
735 787
735 788
735 790
735 791
736 523
736 524
736 525
736 526
736 732
736 734
736 735
736 737
736 738
736 739
736 740
736 787
736 790
736 791
737 524
737 525
737 526
737 527
737 528
737 732
737 735
737 736
737 738
737 739
737 740
737 741
738 526
738 527
738 528
738 736
738 737
738 739
738 740
738 741
738 742
738 793
738 796
739 735
739 736
739 737
739 738
739 740
739 741
739 742
739 743
739 790
739 793
739 796
739 797
739 800
740 730
740 731
740 732
740 735
740 736
740 737
740 738
740 739
740 741
740 742
740 743
740 744
741 656
741 737
741 738
741 739
741 740
741 742
741 743
741 744
741 745
742 565
742 566
742 738
742 739
742 740
742 741
742 743
742 744
742 745
742 746
742 800
743 730
743 731
743 739
743 740
743 741
743 742
743 744
743 745
743 746
743 747
743 754
743 755
743 758
743 800
744 730
744 740
744 741
744 742
744 743
744 745
744 746
744 747
744 748
745 562
745 563
745 565
745 566
745 571
745 575
745 741
745 742
745 743
745 744
745 746
745 747
745 748
745 749
746 562
746 563
746 742
746 743
746 744
746 745
746 747
746 748
746 749
746 750
746 751
746 754
747 743
747 744
747 745
747 746
747 748
747 749
747 750
747 751
747 752
747 753
747 754
747 755
748 575
748 578
748 579
748 673
748 677
748 744
748 745
748 746
748 747
748 749
748 750
748 751
749 559
749 562
749 578
749 745
749 746
749 747
749 748
749 750
749 751
750 559
750 746
750 747
750 748
750 749
750 751
750 752
750 753
750 754
751 677
751 746
751 747
751 748
751 749
751 750
751 752
751 753
751 754
752 677
752 678
752 679
752 747
752 750
752 751
752 753
752 754
752 755
753 747
753 750
753 751
753 752
753 754
753 755
753 756
753 757
753 808
753 810
754 743
754 746
754 747
754 750
754 751
754 752
754 753
754 755
754 756
754 757
754 758
754 803
755 726
755 727
755 730
755 743
755 747
755 752
755 753
755 754
755 756
755 757
755 758
755 759
756 697
756 753
756 754
756 755
756 757
756 758
756 759
756 760
756 808
757 753
757 754
757 755
757 756
757 758
757 759
757 760
757 761
757 803
757 804
757 806
757 807
757 808
758 743
758 754
758 755
758 756
758 757
758 759
758 760
758 761
758 762
758 799
758 800
758 803
759 697
759 723
759 726
759 755
759 756
759 757
759 758
759 760
759 761
759 762
759 763
760 697
760 700
760 701
760 756
760 757
760 758
760 759
760 761
760 762
760 763
760 764
760 803
761 757
761 758
761 759
761 760
761 762
761 763
761 764
761 765
761 799
761 800
761 802
761 803
761 806
762 758
762 759
762 760
762 761
762 763
762 764
762 765
762 766
762 799
763 759
763 760
763 761
763 762
763 764
763 765
763 766
763 767
764 705
764 760
764 761
764 762
764 763
764 765
764 766
764 767
765 761
765 762
765 763
765 764
765 766
765 767
765 768
765 799
766 762
766 763
766 764
766 765
766 767
766 768
766 769
766 770
766 786
767 705
767 708
767 763
767 764
767 765
767 766
767 768
767 769
767 770
767 771
768 765
768 766
768 767
768 769
768 770
768 771
768 772
769 766
769 767
769 768
769 770
769 771
769 772
769 773
770 708
770 766
770 767
770 768
770 769
770 771
770 772
770 773
770 778
770 781
771 708
771 711
771 767
771 768
771 769
771 770
771 772
771 773
772 768
772 769
772 770
772 771
772 773
772 774
773 769
773 770
773 771
773 772
773 774
773 775
773 776
773 777
773 778
774 715
774 772
774 773
774 775
774 776
774 777
774 778
775 715
775 716
775 717
775 773
775 774
775 776
775 777
775 778
775 779
776 773
776 774
776 775
776 777
776 778
776 779
776 780
777 773
777 774
777 775
777 776
777 778
777 779
777 780
777 781
778 770
778 773
778 774
778 775
778 776
778 777
778 779
778 780
778 781
778 782
779 721
779 722
779 775
779 776
779 777
779 778
779 780
779 781
779 782
779 783
780 776
780 777
780 778
780 779
780 781
780 782
780 783
780 784
780 785
781 770
781 777
781 778
781 779
781 780
781 782
781 783
781 784
781 785
781 786
782 722
782 778
782 779
782 780
782 781
782 783
782 784
782 785
782 786
782 787
783 520
783 722
783 779
783 780
783 781
783 782
783 784
783 785
783 786
783 787
784 518
784 519
784 520
784 521
784 780
784 781
784 782
784 783
784 785
784 786
784 787
784 788
785 520
785 780
785 781
785 782
785 783
785 784
785 786
785 787
785 788
785 789
786 766
786 781
786 782
786 783
786 784
786 785
786 787
786 788
786 789
786 790
787 520
787 521
787 734
787 735
787 736
787 782
787 783
787 784
787 785
787 786
787 788
787 789
787 790
787 791
788 520
788 521
788 735
788 784
788 785
788 786
788 787
788 789
788 790
788 791
789 785
789 786
789 787
789 788
789 790
789 791
789 792
789 795
790 735
790 736
790 739
790 786
790 787
790 788
790 789
790 791
790 792
790 793
790 795
790 796
791 526
791 735
791 736
791 787
791 788
791 789
791 790
791 792
791 793
791 795
791 796
792 789
792 790
792 791
792 793
792 794
792 795
792 796
793 738
793 739
793 790
793 791
793 792
793 794
793 795
793 796
793 797
794 792
794 793
794 795
794 796
794 797
794 798
795 789
795 790
795 791
795 792
795 793
795 794
795 796
795 797
795 798
795 799
796 738
796 739
796 790
796 791
796 792
796 793
796 794
796 795
796 797
796 798
796 799
796 800
797 739
797 793
797 794
797 795
797 796
797 798
797 799
797 800
797 801
798 794
798 795
798 796
798 797
798 799
798 800
798 801
798 802
799 758
799 761
799 762
799 765
799 795
799 796
799 797
799 798
799 800
799 801
799 802
799 803
800 739
800 742
800 743
800 758
800 761
800 796
800 797
800 798
800 799
800 801
800 802
800 803
800 804
801 563
801 797
801 798
801 799
801 800
801 802
801 803
801 804
801 805
802 761
802 798
802 799
802 800
802 801
802 803
802 804
802 805
802 806
803 754
803 757
803 758
803 760
803 761
803 799
803 800
803 801
803 802
803 804
803 805
803 806
804 563
804 757
804 800
804 801
804 802
804 803
804 805
804 806
804 807
805 801
805 802
805 803
805 804
805 806
805 807
806 757
806 761
806 802
806 803
806 804
806 805
806 807
806 808
807 757
807 804
807 805
807 806
807 808
807 809
808 753
808 756
808 757
808 806
808 807
808 809
808 810
808 812
808 813
809 807
809 808
809 810
809 811
809 812
809 813
810 753
810 808
810 809
810 811
810 812
810 813
810 814
811 809
811 810
811 812
811 813
811 814
811 815
812 808
812 809
812 810
812 811
812 813
812 814
812 815
812 816
813 696
813 808
813 809
813 810
813 811
813 812
813 814
813 815
813 816
813 817
814 810
814 811
814 812
814 813
814 815
814 816
814 817
814 818
815 811
815 812
815 813
815 814
815 816
815 817
815 818
815 819
816 695
816 696
816 699
816 812
816 813
816 814
816 815
816 817
816 818
816 819
816 820
817 692
817 693
817 695
817 696
817 813
817 814
817 815
817 816
817 818
817 819
817 820
817 821
818 814
818 815
818 816
818 817
818 819
818 820
818 821
818 822
819 815
819 816
819 817
819 818
819 820
819 821
819 822
819 823
820 692
820 695
820 816
820 817
820 818
820 819
820 821
820 822
820 823
820 824
821 692
821 817
821 818
821 819
821 820
821 822
821 823
821 824
821 825
822 818
822 819
822 820
822 821
822 823
822 824
822 825
822 826
823 819
823 820
823 821
823 822
823 824
823 825
823 826
823 827
824 820
824 821
824 822
824 823
824 825
824 826
824 827
824 828
825 821
825 822
825 823
825 824
825 826
825 827
825 828
825 829
826 822
826 823
826 824
826 825
826 827
826 828
826 829
826 830
827 823
827 824
827 825
827 826
827 828
827 829
827 830
827 831
828 824
828 825
828 826
828 827
828 829
828 830
828 831
829 825
829 826
829 827
829 828
829 830
829 831
829 832
829 833
830 826
830 827
830 828
830 829
830 831
830 832
831 827
831 828
831 829
831 830
831 832
831 833
831 835
831 836
832 829
832 830
832 831
832 833
832 834
832 835
832 836
833 829
833 831
833 832
833 834
833 835
833 836
833 837
834 832
834 833
834 835
834 836
834 837
834 838
835 831
835 832
835 833
835 834
835 836
835 837
835 838
835 839
836 831
836 832
836 833
836 834
836 835
836 837
836 838
836 839
836 840
837 833
837 834
837 835
837 836
837 838
837 839
837 840
837 841
838 834
838 835
838 836
838 837
838 839
838 840
838 841
838 842
839 835
839 836
839 837
839 838
839 840
839 841
839 842
839 843
840 836
840 837
840 838
840 839
840 841
840 842
840 843
840 844
841 837
841 838
841 839
841 840
841 842
841 843
841 844
841 845
842 838
842 839
842 840
842 841
842 843
842 844
842 845
842 846
843 839
843 840
843 841
843 842
843 844
843 845
843 846
843 847
844 840
844 841
844 842
844 843
844 845
844 846
844 847
844 848
845 841
845 842
845 843
845 844
845 846
845 847
845 848
845 849
846 842
846 843
846 844
846 845
846 847
846 848
846 849
846 850
847 843
847 844
847 845
847 846
847 848
847 849
847 850
847 851
848 844
848 845
848 846
848 847
848 849
848 850
848 851
848 852
849 845
849 846
849 847
849 848
849 850
849 851
849 852
849 853
850 846
850 847
850 848
850 849
850 851
850 852
850 853
850 854
851 847
851 848
851 849
851 850
851 852
851 853
851 854
851 855
852 848
852 849
852 850
852 851
852 853
852 854
852 855
852 856
853 849
853 850
853 851
853 852
853 854
853 855
853 856
853 857
854 850
854 851
854 852
854 853
854 855
854 856
854 857
854 858
855 851
855 852
855 853
855 854
855 856
855 857
855 858
855 859
856 852
856 853
856 854
856 855
856 857
856 858
856 859
856 860
857 853
857 854
857 855
857 856
857 858
857 859
857 860
857 861
858 854
858 855
858 856
858 857
858 859
858 860
858 861
858 862
859 855
859 856
859 857
859 858
859 860
859 861
859 862
859 863
860 856
860 857
860 858
860 859
860 861
860 862
860 863
860 864
861 857
861 858
861 859
861 860
861 862
861 863
861 864
861 865
862 858
862 859
862 860
862 861
862 863
862 864
862 865
862 866
863 859
863 860
863 861
863 862
863 864
863 865
863 866
863 867
864 860
864 861
864 862
864 863
864 865
864 866
864 867
864 868
865 861
865 862
865 863
865 864
865 866
865 867
865 868
865 869
866 862
866 863
866 864
866 865
866 867
866 868
866 869
866 870
867 863
867 864
867 865
867 866
867 868
867 869
867 870
867 871
868 864
868 865
868 866
868 867
868 869
868 870
868 871
868 872
869 865
869 866
869 867
869 868
869 870
869 871
869 872
869 873
870 866
870 867
870 868
870 869
870 871
870 872
870 873
870 874
871 867
871 868
871 869
871 870
871 872
871 873
871 874
871 875
872 868
872 869
872 870
872 871
872 873
872 874
872 875
872 876
873 869
873 870
873 871
873 872
873 874
873 875
873 876
873 877
874 870
874 871
874 872
874 873
874 875
874 876
874 877
874 878
875 871
875 872
875 873
875 874
875 876
875 877
875 878
875 879
876 872
876 873
876 874
876 875
876 877
876 878
876 879
876 880
877 873
877 874
877 875
877 876
877 878
877 879
877 880
877 881
878 874
878 875
878 876
878 877
878 879
878 880
878 881
878 882
879 875
879 876
879 877
879 878
879 880
879 881
879 882
879 883
880 876
880 877
880 878
880 879
880 881
880 882
880 883
880 884
881 877
881 878
881 879
881 880
881 882
881 883
881 884
881 885
882 878
882 879
882 880
882 881
882 883
882 884
882 885
882 886
883 879
883 880
883 881
883 882
883 884
883 885
883 886
883 887
884 880
884 881
884 882
884 883
884 885
884 886
884 887
884 888
885 881
885 882
885 883
885 884
885 886
885 887
885 888
885 889
886 882
886 883
886 884
886 885
886 887
886 888
886 889
886 890
887 883
887 884
887 885
887 886
887 888
887 889
887 890
887 891
888 884
888 885
888 886
888 887
888 889
888 890
888 891
888 892
889 885
889 886
889 887
889 888
889 890
889 891
889 892
889 893
890 886
890 887
890 888
890 889
890 891
890 892
890 893
890 894
891 887
891 888
891 889
891 890
891 892
891 893
891 894
891 895
892 888
892 889
892 890
892 891
892 893
892 894
892 895
892 896
893 889
893 890
893 891
893 892
893 894
893 895
893 896
893 897
894 890
894 891
894 892
894 893
894 895
894 896
894 897
894 898
895 891
895 892
895 893
895 894
895 896
895 897
895 898
895 899
896 892
896 893
896 894
896 895
896 897
896 898
896 899
896 900
897 893
897 894
897 895
897 896
897 898
897 899
897 900
897 901
898 894
898 895
898 896
898 897
898 899
898 900
898 901
898 902
899 895
899 896
899 897
899 898
899 900
899 901
899 902
899 903
900 896
900 897
900 898
900 899
900 901
900 902
900 903
900 904
901 897
901 898
901 899
901 900
901 902
901 903
901 904
901 905
902 898
902 899
902 900
902 901
902 903
902 904
902 905
902 906
903 899
903 900
903 901
903 902
903 904
903 905
903 906
903 907
904 900
904 901
904 902
904 903
904 905
904 906
904 907
904 908
905 901
905 902
905 903
905 904
905 906
905 907
905 908
905 909
906 902
906 903
906 904
906 905
906 907
906 908
906 909
906 910
907 903
907 904
907 905
907 906
907 908
907 909
907 910
907 911
908 904
908 905
908 906
908 907
908 909
908 910
908 911
908 912
909 905
909 906
909 907
909 908
909 910
909 911
909 912
909 913
910 906
910 907
910 908
910 909
910 911
910 912
910 913
910 914
911 907
911 908
911 909
911 910
911 912
911 913
911 914
911 915
912 908
912 909
912 910
912 911
912 913
912 914
912 915
912 916
913 909
913 910
913 911
913 912
913 914
913 915
913 916
913 917
914 910
914 911
914 912
914 913
914 915
914 916
914 917
914 918
915 911
915 912
915 913
915 914
915 916
915 917
915 918
915 919
916 912
916 913
916 914
916 915
916 917
916 918
916 919
916 920
917 913
917 914
917 915
917 916
917 918
917 919
917 920
917 921
918 914
918 915
918 916
918 917
918 919
918 920
918 921
918 922
919 915
919 916
919 917
919 918
919 920
919 921
919 922
919 923
920 916
920 917
920 918
920 919
920 921
920 922
920 923
920 924
921 917
921 918
921 919
921 920
921 922
921 923
921 924
921 925
922 918
922 919
922 920
922 921
922 923
922 924
922 925
922 926
923 919
923 920
923 921
923 922
923 924
923 925
923 926
923 927
924 920
924 921
924 922
924 923
924 925
924 926
924 927
924 928
925 921
925 922
925 923
925 924
925 926
925 927
925 928
925 929
926 922
926 923
926 924
926 925
926 927
926 928
926 929
926 930
927 923
927 924
927 925
927 926
927 928
927 929
927 930
927 931
928 924
928 925
928 926
928 927
928 929
928 930
928 931
928 932
929 925
929 926
929 927
929 928
929 930
929 931
929 932
929 933
930 926
930 927
930 928
930 929
930 931
930 932
930 933
930 934
931 927
931 928
931 929
931 930
931 932
931 933
931 934
931 935
932 928
932 929
932 930
932 931
932 933
932 934
932 935
932 936
933 929
933 930
933 931
933 932
933 934
933 935
933 936
933 937
934 930
934 931
934 932
934 933
934 935
934 936
934 937
934 938
935 931
935 932
935 933
935 934
935 936
935 937
935 938
935 939
936 932
936 933
936 934
936 935
936 937
936 938
936 939
936 940
937 933
937 934
937 935
937 936
937 938
937 939
937 940
937 941
938 934
938 935
938 936
938 937
938 939
938 940
938 941
938 942
939 935
939 936
939 937
939 938
939 940
939 941
939 942
939 943
940 936
940 937
940 938
940 939
940 941
940 942
940 943
940 944
941 937
941 938
941 939
941 940
941 942
941 943
941 944
941 945
942 938
942 939
942 940
942 941
942 943
942 944
942 945
942 946
943 939
943 940
943 941
943 942
943 944
943 945
943 946
943 947
944 940
944 941
944 942
944 943
944 945
944 946
944 947
944 948
945 941
945 942
945 943
945 944
945 946
945 947
945 948
945 949
946 942
946 943
946 944
946 945
946 947
946 948
946 949
946 950
947 943
947 944
947 945
947 946
947 948
947 949
947 950
947 951
948 944
948 945
948 946
948 947
948 949
948 950
948 951
948 952
949 945
949 946
949 947
949 948
949 950
949 951
949 952
949 953
950 946
950 947
950 948
950 949
950 951
950 952
950 953
950 954
951 947
951 948
951 949
951 950
951 952
951 953
951 954
951 955
952 948
952 949
952 950
952 951
952 953
952 954
952 955
952 956
953 949
953 950
953 951
953 952
953 954
953 955
953 956
953 957
954 950
954 951
954 952
954 953
954 955
954 956
954 957
954 958
955 951
955 952
955 953
955 954
955 956
955 957
955 958
955 959
956 952
956 953
956 954
956 955
956 957
956 958
956 959
956 960
957 953
957 954
957 955
957 956
957 958
957 959
957 960
957 961
958 954
958 955
958 956
958 957
958 959
958 960
958 961
958 962
959 955
959 956
959 957
959 958
959 960
959 961
959 962
959 963
960 956
960 957
960 958
960 959
960 961
960 962
960 963
960 964
961 957
961 958
961 959
961 960
961 962
961 963
961 964
961 965
962 958
962 959
962 960
962 961
962 963
962 964
962 965
962 966
962 979
963 959
963 960
963 961
963 962
963 964
963 965
963 966
963 967
964 960
964 961
964 962
964 963
964 965
964 966
964 967
964 968
965 961
965 962
965 963
965 964
965 966
965 967
965 968
965 971
965 972
966 962
966 963
966 964
966 965
966 967
966 968
966 969
966 971
966 972
967 963
967 964
967 965
967 966
967 968
967 969
967 972
968 964
968 965
968 966
968 967
968 969
968 970
968 971
968 972
969 966
969 967
969 968
969 970
969 971
969 972
969 973
970 968
970 969
970 971
970 972
970 973
970 974
971 965
971 966
971 968
971 969
971 970
971 972
971 973
971 974
971 975
972 965
972 966
972 967
972 968
972 969
972 970
972 971
972 973
972 974
972 975
972 976
973 969
973 970
973 971
973 972
973 974
973 975
973 976
974 970
974 971
974 972
974 973
974 975
974 976
974 980
974 981
974 982
975 971
975 972
975 973
975 974
975 976
975 977
975 978
975 979
975 980
975 981
975 982
976 972
976 973
976 974
976 975
976 977
976 978
976 979
976 980
976 981
976 982
977 975
977 976
977 978
977 979
977 980
978 975
978 976
978 977
978 979
978 980
979 962
979 975
979 976
979 977
979 978
979 980
979 981
980 974
980 975
980 976
980 977
980 978
980 979
980 981
980 982
981 974
981 975
981 976
981 979
981 980
981 982
981 983
982 974
982 975
982 976
982 980
982 981
982 983
982 984
983 981
983 982
983 984
983 985
984 982
984 983
984 985
984 986
985 983
985 984
985 986
985 987
986 984
986 985
986 987
986 988
987 985
987 986
987 988
987 989
988 986
988 987
988 989
988 990
989 987
989 988
989 990
989 991
990 988
990 989
990 991
990 992
991 989
991 990
991 992
991 993
992 990
992 991
992 993
992 994
992 995
993 991
993 992
993 994
993 995
993 996
993 997
994 992
994 993
994 995
994 996
994 997
995 992
995 993
995 994
995 996
995 997
995 998
995 999
996 993
996 994
996 995
996 997
996 998
996 999
996 1000
997 993
997 994
997 995
997 996
997 998
997 999
997 1000
997 1001
998 995
998 996
998 997
998 999
998 1000
998 1001
998 1002
999 995
999 996
999 997
999 998
999 1000
999 1001
999 1002
999 1003
1000 996
1000 997
1000 998
1000 999
1000 1001
1000 1002
1000 1003
1000 1004
1001 997
1001 998
1001 999
1001 1000
1001 1002
1001 1003
1001 1004
1001 1005
1002 998
1002 999
1002 1000
1002 1001
1002 1003
1002 1004
1002 1005
1002 1006
1003 999
1003 1000
1003 1001
1003 1002
1003 1004
1003 1005
1003 1006
1003 1007
1004 1000
1004 1001
1004 1002
1004 1003
1004 1005
1004 1006
1004 1007
1004 1008
1005 1001
1005 1002
1005 1003
1005 1004
1005 1006
1005 1007
1005 1008
1005 1009
1006 1002
1006 1003
1006 1004
1006 1005
1006 1007
1006 1008
1006 1009
1006 1010
1007 1003
1007 1004
1007 1005
1007 1006
1007 1008
1007 1009
1007 1010
1007 1011
1008 1004
1008 1005
1008 1006
1008 1007
1008 1009
1008 1010
1008 1011
1008 1012
1009 1005
1009 1006
1009 1007
1009 1008
1009 1010
1009 1011
1009 1012
1009 1013
1010 1006
1010 1007
1010 1008
1010 1009
1010 1011
1010 1012
1010 1013
1010 1014
1011 1007
1011 1008
1011 1009
1011 1010
1011 1012
1011 1013
1011 1014
1011 1015
1012 1008
1012 1009
1012 1010
1012 1011
1012 1013
1012 1014
1012 1015
1012 1016
1013 1009
1013 1010
1013 1011
1013 1012
1013 1014
1013 1015
1013 1016
1013 1017
1014 1010
1014 1011
1014 1012
1014 1013
1014 1015
1014 1016
1014 1017
1014 1018
1015 1011
1015 1012
1015 1013
1015 1014
1015 1016
1015 1017
1015 1018
1015 1019
1016 1012
1016 1013
1016 1014
1016 1015
1016 1017
1016 1018
1016 1019
1016 1020
1017 1013
1017 1014
1017 1015
1017 1016
1017 1018
1017 1019
1017 1020
1017 1021
1018 1014
1018 1015
1018 1016
1018 1017
1018 1019
1018 1020
1018 1021
1018 1022
1019 1015
1019 1016
1019 1017
1019 1018
1019 1020
1019 1021
1019 1022
1019 1023
1020 1016
1020 1017
1020 1018
1020 1019
1020 1021
1020 1022
1020 1023
1020 1024
1021 1017
1021 1018
1021 1019
1021 1020
1021 1022
1021 1023
1021 1024
1021 1025
1022 1018
1022 1019
1022 1020
1022 1021
1022 1023
1022 1024
1022 1025
1022 1026
1023 1019
1023 1020
1023 1021
1023 1022
1023 1024
1023 1025
1023 1026
1023 1027
1024 1020
1024 1021
1024 1022
1024 1023
1024 1025
1024 1026
1024 1027
1024 1028
1025 1021
1025 1022
1025 1023
1025 1024
1025 1026
1025 1027
1025 1028
1025 1029
1026 1022
1026 1023
1026 1024
1026 1025
1026 1027
1026 1028
1026 1029
1026 1030
1027 1023
1027 1024
1027 1025
1027 1026
1027 1028
1027 1029
1027 1030
1027 1031
1028 1024
1028 1025
1028 1026
1028 1027
1028 1029
1028 1030
1028 1031
1028 1032
1029 1025
1029 1026
1029 1027
1029 1028
1029 1030
1029 1031
1029 1032
1029 1033
1030 1026
1030 1027
1030 1028
1030 1029
1030 1031
1030 1032
1030 1033
1030 1034
1031 1027
1031 1028
1031 1029
1031 1030
1031 1032
1031 1033
1031 1034
1031 1035
1032 1028
1032 1029
1032 1030
1032 1031
1032 1033
1032 1034
1032 1035
1032 1036
1033 1029
1033 1030
1033 1031
1033 1032
1033 1034
1033 1035
1033 1036
1033 1037
1034 1030
1034 1031
1034 1032
1034 1033
1034 1035
1034 1036
1034 1037
1034 1038
1035 1031
1035 1032
1035 1033
1035 1034
1035 1036
1035 1037
1035 1038
1035 1039
1036 1032
1036 1033
1036 1034
1036 1035
1036 1037
1036 1038
1036 1039
1036 1040
1037 1033
1037 1034
1037 1035
1037 1036
1037 1038
1037 1039
1037 1040
1037 1041
1038 1034
1038 1035
1038 1036
1038 1037
1038 1039
1038 1040
1038 1041
1038 1042
1039 1035
1039 1036
1039 1037
1039 1038
1039 1040
1039 1041
1039 1042
1039 1043
1040 1036
1040 1037
1040 1038
1040 1039
1040 1041
1040 1042
1040 1043
1040 1044
1041 1037
1041 1038
1041 1039
1041 1040
1041 1042
1041 1043
1041 1044
1041 1045
1042 1038
1042 1039
1042 1040
1042 1041
1042 1043
1042 1044
1042 1045
1042 1046
1043 1039
1043 1040
1043 1041
1043 1042
1043 1044
1043 1045
1043 1046
1043 1047
1044 1040
1044 1041
1044 1042
1044 1043
1044 1045
1044 1046
1044 1047
1044 1048
1045 1041
1045 1042
1045 1043
1045 1044
1045 1046
1045 1047
1045 1048
1045 1049
1046 1042
1046 1043
1046 1044
1046 1045
1046 1047
1046 1048
1046 1049
1046 1050
1047 1043
1047 1044
1047 1045
1047 1046
1047 1048
1047 1049
1047 1050
1047 1051
1048 1044
1048 1045
1048 1046
1048 1047
1048 1049
1048 1050
1048 1051
1048 1052
1049 1045
1049 1046
1049 1047
1049 1048
1049 1050
1049 1051
1049 1052
1049 1053
1050 1046
1050 1047
1050 1048
1050 1049
1050 1051
1050 1052
1050 1053
1050 1054
1051 1047
1051 1048
1051 1049
1051 1050
1051 1052
1051 1053
1051 1054
1051 1055
1052 1048
1052 1049
1052 1050
1052 1051
1052 1053
1052 1054
1052 1055
1052 1056
1053 1049
1053 1050
1053 1051
1053 1052
1053 1054
1053 1055
1053 1056
1053 1057
1054 1050
1054 1051
1054 1052
1054 1053
1054 1055
1054 1056
1054 1057
1054 1058
1055 1051
1055 1052
1055 1053
1055 1054
1055 1056
1055 1057
1055 1058
1055 1059
1056 1052
1056 1053
1056 1054
1056 1055
1056 1057
1056 1058
1056 1059
1056 1060
1057 1053
1057 1054
1057 1055
1057 1056
1057 1058
1057 1059
1057 1060
1057 1061
1057 1062
1058 1054
1058 1055
1058 1056
1058 1057
1058 1059
1058 1060
1058 1061
1058 1062
1058 1063
1059 1055
1059 1056
1059 1057
1059 1058
1059 1060
1059 1061
1060 1056
1060 1057
1060 1058
1060 1059
1060 1061
1060 1062
1061 1057
1061 1058
1061 1059
1061 1060
1061 1062
1061 1063
1062 1057
1062 1058
1062 1060
1062 1061
1062 1063
1062 1064
1063 1058
1063 1061
1063 1062
1063 1064
1063 1065
1064 1062
1064 1063
1064 1065
1064 1066
1065 1063
1065 1064
1065 1066
1065 1067
1066 1064
1066 1065
1066 1067
1066 1068
1067 1065
1067 1066
1067 1068
1068 1066
1068 1067
