0 1
0 2
0 3
0 4
1 0
1 2
1 3
1 4
1 5
2 0
2 1
2 3
2 4
2 5
2 6
3 0
3 1
3 2
3 4
3 5
3 6
3 7
4 0
4 1
4 2
4 3
4 5
4 6
4 7
4 8
5 1
5 2
5 3
5 4
5 6
5 7
5 8
5 9
6 2
6 3
6 4
6 5
6 7
6 8
6 9
6 10
7 3
7 4
7 5
7 6
7 8
7 9
7 10
7 11
8 4
8 5
8 6
8 7
8 9
8 10
8 11
8 12
9 5
9 6
9 7
9 8
9 10
9 11
9 12
9 13
10 6
10 7
10 8
10 9
10 11
10 12
10 13
10 14
11 7
11 8
11 9
11 10
11 12
11 13
11 14
11 15
11 16
12 8
12 9
12 10
12 11
12 13
12 14
12 15
12 16
13 9
13 10
13 11
13 12
13 14
13 15
13 16
14 10
14 11
14 12
14 13
14 15
14 16
15 11
15 12
15 13
15 14
15 16
15 17
16 11
16 12
16 13
16 14
16 15
16 17
16 18
17 15
17 16
17 18
17 19
18 16
18 17
18 19
18 20
19 17
19 18
19 20
19 21
20 18
20 19
20 21
20 22
20 23
20 24
21 19
21 20
21 22
21 23
21 24
21 25
22 20
22 21
22 23
22 24
22 25
22 26
22 148
23 20
23 21
23 22
23 24
23 25
23 26
23 27
23 145
23 148
24 20
24 21
24 22
24 23
24 25
24 26
24 27
24 32
25 21
25 22
25 23
25 24
25 26
25 27
26 22
26 23
26 24
26 25
26 27
26 28
27 23
27 24
27 25
27 26
27 28
27 29
27 30
27 31
27 32
28 26
28 27
28 29
28 30
28 31
28 32
29 27
29 28
29 30
29 31
29 32
29 33
30 27
30 28
30 29
30 31
30 32
30 33
30 34
31 27
31 28
31 29
31 30
31 32
31 33
31 34
31 35
31 212
32 24
32 27
32 28
32 29
32 30
32 31
32 33
32 34
32 35
32 36
33 29
33 30
33 31
33 32
33 34
33 35
33 36
33 37
34 30
34 31
34 32
34 33
34 35
34 36
34 37
34 38
34 212
34 216
35 31
35 32
35 33
35 34
35 36
35 37
35 38
35 39
35 212
36 32
36 33
36 34
36 35
36 37
36 38
36 39
36 40
37 33
37 34
37 35
37 36
37 38
37 39
37 40
37 41
38 34
38 35
38 36
38 37
38 39
38 40
38 41
38 42
38 134
38 138
39 35
39 36
39 37
39 38
39 40
39 41
39 42
39 43
39 134
40 36
40 37
40 38
40 39
40 41
40 42
40 43
40 44
41 37
41 38
41 39
41 40
41 42
41 43
41 44
41 45
42 38
42 39
42 40
42 41
42 43
42 44
42 45
42 46
42 129
42 130
42 134
42 135
43 39
43 40
43 41
43 42
43 44
43 45
43 46
43 47
43 130
44 40
44 41
44 42
44 43
44 45
44 46
44 47
44 48
45 41
45 42
45 43
45 44
45 46
45 47
45 48
45 49
45 126
45 127
45 129
45 130
46 42
46 43
46 44
46 45
46 47
46 48
46 49
46 50
46 126
46 127
46 130
46 131
47 43
47 44
47 45
47 46
47 48
47 49
47 50
47 51
48 44
48 45
48 46
48 47
48 49
48 50
48 51
48 52
49 45
49 46
49 47
49 48
49 50
49 51
49 52
49 53
49 123
49 126
49 127
50 46
50 47
50 48
50 49
50 51
50 52
50 53
50 54
51 47
51 48
51 49
51 50
51 52
51 53
51 54
51 55
52 48
52 49
52 50
52 51
52 53
52 54
52 55
52 56
52 123
53 49
53 50
53 51
53 52
53 54
53 55
53 56
53 119
53 123
54 50
54 51
54 52
54 53
54 55
54 56
54 57
55 51
55 52
55 53
55 54
55 56
55 57
56 52
56 53
56 54
56 55
56 57
56 58
56 59
56 60
56 115
57 54
57 55
57 56
57 58
57 59
57 70
57 71
58 56
58 57
58 59
58 60
58 67
58 68
58 70
58 71
58 112
58 115
59 56
59 57
59 58
59 60
59 61
59 62
59 66
59 67
59 70
60 56
60 58
60 59
60 61
60 62
60 67
60 116
60 119
61 59
61 60
61 62
61 63
62 59
62 60
62 61
62 63
62 64
62 66
62 67
63 61
63 62
63 64
63 65
63 66
63 67
64 62
64 63
64 65
64 66
64 67
64 68
64 109
64 112
64 113
64 116
65 63
65 64
65 66
65 67
65 68
65 69
66 59
66 62
66 63
66 64
66 65
66 67
66 68
66 69
66 70
67 58
67 59
67 60
67 62
67 63
67 64
67 65
67 66
67 68
67 69
67 70
67 71
67 112
68 58
68 64
68 65
68 66
68 67
68 69
68 70
68 71
68 74
68 108
68 109
68 111
68 112
69 65
69 66
69 67
69 68
69 70
69 71
69 74
69 75
70 57
70 58
70 59
70 66
70 67
70 68
70 69
70 71
70 72
70 74
70 75
71 57
71 58
71 67
71 68
71 69
71 70
71 72
71 73
71 74
71 75
71 108
72 70
72 71
72 73
72 74
72 75
72 76
73 71
73 72
73 74
73 75
73 76
73 77
73 104
73 105
73 107
73 108
74 68
74 69
74 70
74 71
74 72
74 73
74 75
74 76
74 77
74 78
74 104
74 105
74 108
75 69
75 70
75 71
75 72
75 73
75 74
75 76
75 77
75 78
75 79
76 72
76 73
76 74
76 75
76 77
76 78
76 79
76 80
76 101
76 104
77 73
77 74
77 75
77 76
77 78
77 79
77 80
77 81
77 100
77 101
77 102
77 104
77 105
78 74
78 75
78 76
78 77
78 79
78 80
78 81
78 82
78 101
79 75
79 76
79 77
79 78
79 80
79 81
79 82
79 83
80 76
80 77
80 78
80 79
80 81
80 82
80 83
80 84
80 97
80 98
80 100
80 101
81 77
81 78
81 79
81 80
81 82
81 83
81 84
81 85
81 97
81 98
81 101
82 78
82 79
82 80
82 81
82 83
82 84
82 85
82 86
83 79
83 80
83 81
83 82
83 84
83 85
83 86
83 87
84 80
84 81
84 82
84 83
84 85
84 86
84 87
84 88
84 89
84 94
84 97
84 98
85 81
85 82
85 83
85 84
85 86
85 87
85 88
85 89
86 82
86 83
86 84
86 85
86 87
86 88
87 83
87 84
87 85
87 86
87 88
87 89
87 91
87 93
87 94
88 84
88 85
88 86
88 87
88 89
88 90
88 91
88 94
89 84
89 85
89 87
89 88
89 90
89 91
89 92
89 94
89 95
90 88
90 89
90 91
90 92
90 94
90 95
91 87
91 88
91 89
91 90
91 92
91 93
91 94
91 95
92 89
92 90
92 91
92 93
92 94
92 95
92 96
92 254
92 255
93 87
93 91
93 92
93 94
93 95
93 96
93 97
94 84
94 87
94 88
94 89
94 90
94 91
94 92
94 93
94 95
94 96
94 97
94 98
95 89
95 90
95 91
95 92
95 93
95 94
95 96
95 97
95 98
95 99
96 92
96 93
96 94
96 95
96 97
96 98
96 99
96 100
96 251
97 80
97 81
97 84
97 93
97 94
97 95
97 96
97 98
97 99
97 100
97 101
98 80
98 81
98 84
98 94
98 95
98 96
98 97
98 99
98 100
98 101
98 102
99 95
99 96
99 97
99 98
99 100
99 101
99 102
99 103
99 247
99 251
100 77
100 80
100 96
100 97
100 98
100 99
100 101
100 102
100 103
100 104
101 76
101 77
101 78
101 80
101 81
101 97
101 98
101 99
101 100
101 102
101 103
101 104
101 105
102 77
102 98
102 99
102 100
102 101
102 103
102 104
102 105
102 106
103 99
103 100
103 101
103 102
103 104
103 105
103 106
103 107
103 243
103 244
103 247
104 73
104 74
104 76
104 77
104 100
104 101
104 102
104 103
104 105
104 106
104 107
104 108
105 73
105 74
105 77
105 101
105 102
105 103
105 104
105 106
105 107
105 108
105 109
106 102
106 103
106 104
106 105
106 107
106 108
106 109
106 110
106 243
107 73
107 103
107 104
107 105
107 106
107 108
107 109
107 110
107 111
107 240
107 243
108 68
108 71
108 73
108 74
108 104
108 105
108 106
108 107
108 109
108 110
108 111
108 112
109 64
109 68
109 105
109 106
109 107
109 108
109 110
109 111
109 112
109 113
110 106
110 107
110 108
110 109
110 111
110 112
110 113
110 114
110 236
110 239
110 240
111 68
111 107
111 108
111 109
111 110
111 112
111 113
111 114
111 115
111 236
112 58
112 64
112 67
112 68
112 108
112 109
112 110
112 111
112 113
112 114
112 115
112 116
113 64
113 109
113 110
113 111
113 112
113 114
113 115
113 116
113 117
114 110
114 111
114 112
114 113
114 115
114 116
114 117
114 118
114 232
114 233
114 236
115 56
115 58
115 111
115 112
115 113
115 114
115 116
115 117
115 118
115 119
116 60
116 64
116 112
116 113
116 114
116 115
116 117
116 118
116 119
116 120
117 113
117 114
117 115
117 116
117 118
117 119
117 120
117 121
117 122
117 232
118 114
118 115
118 116
118 117
118 119
118 120
118 121
118 122
118 123
118 229
118 232
119 53
119 60
119 115
119 116
119 117
119 118
119 120
119 121
119 122
119 123
119 124
120 116
120 117
120 118
120 119
120 121
120 122
120 123
120 124
120 125
121 117
121 118
121 119
121 120
121 122
121 123
121 124
121 125
121 225
121 228
122 117
122 118
122 119
122 120
122 121
122 123
122 124
122 125
122 126
122 225
122 226
122 228
122 229
123 49
123 52
123 53
123 118
123 119
123 120
123 121
123 122
123 124
123 125
123 126
123 127
124 119
124 120
124 121
124 122
124 123
124 125
124 126
124 127
124 128
125 120
125 121
125 122
125 123
125 124
125 126
125 127
125 128
125 129
125 225
126 45
126 46
126 49
126 122
126 123
126 124
126 125
126 127
126 128
126 129
126 130
126 225
127 45
127 46
127 49
127 123
127 124
127 125
127 126
127 128
127 129
127 130
127 131
127 132
128 124
128 125
128 126
128 127
128 129
128 130
128 131
128 132
128 133
129 42
129 45
129 125
129 126
129 127
129 128
129 130
129 131
129 132
129 133
129 134
130 42
130 43
130 45
130 46
130 126
130 127
130 128
130 129
130 131
130 132
130 133
130 134
130 135
131 46
131 127
131 128
131 129
131 130
131 132
131 133
131 134
131 135
132 127
132 128
132 129
132 130
132 131
132 133
132 134
132 135
132 136
133 128
133 129
133 130
133 131
133 132
133 134
133 135
133 136
133 137
134 38
134 39
134 42
134 129
134 130
134 131
134 132
134 133
134 135
134 136
134 137
134 138
135 42
135 130
135 131
135 132
135 133
135 134
135 136
135 137
135 138
135 139
136 132
136 133
136 134
136 135
136 137
136 138
136 139
136 140
137 133
137 134
137 135
137 136
137 138
137 139
137 140
137 141
137 208
137 211
137 212
138 38
138 134
138 135
138 136
138 137
138 139
138 140
138 141
138 142
139 135
139 136
139 137
139 138
139 140
139 141
139 142
139 143
140 136
140 137
140 138
140 139
140 141
140 142
140 143
140 144
140 204
140 207
140 208
141 137
141 138
141 139
141 140
141 142
141 143
141 144
141 145
141 208
142 138
142 139
142 140
142 141
142 143
142 144
142 145
142 146
143 139
143 140
143 141
143 142
143 144
143 145
143 146
143 147
143 204
144 140
144 141
144 142
144 143
144 145
144 146
144 147
144 148
144 201
144 204
144 205
144 208
145 23
145 141
145 142
145 143
145 144
145 146
145 147
145 148
145 149
146 142
146 143
146 144
146 145
146 147
146 148
146 149
146 150
147 143
147 144
147 145
147 146
147 148
147 149
147 150
147 151
147 197
147 200
147 201
148 22
148 23
148 144
148 145
148 146
148 147
148 149
148 150
148 151
148 152
148 201
149 145
149 146
149 147
149 148
149 150
149 151
149 152
149 153
150 146
150 147
150 148
150 149
150 151
150 152
150 153
150 154
150 197
151 147
151 148
151 149
151 150
151 152
151 153
151 154
151 155
151 194
151 197
151 198
151 201
152 148
152 149
152 150
152 151
152 153
152 154
152 155
152 156
153 149
153 150
153 151
153 152
153 154
153 155
153 156
153 157
154 150
154 151
154 152
154 153
154 155
154 156
154 157
154 158
154 190
154 193
154 194
155 151
155 152
155 153
155 154
155 156
155 157
155 158
155 159
155 194
156 152
156 153
156 154
156 155
156 157
156 158
156 159
156 160
157 153
157 154
157 155
157 156
157 158
157 159
157 160
157 161
157 190
158 154
158 155
158 156
158 157
158 159
158 160
158 161
158 162
158 187
158 190
158 191
159 155
159 156
159 157
159 158
159 160
159 161
159 162
159 163
160 156
160 157
160 158
160 159
160 161
160 162
160 163
160 164
161 157
161 158
161 159
161 160
161 162
161 163
161 164
161 165
161 183
161 186
161 187
162 158
162 159
162 160
162 161
162 163
162 164
162 165
162 166
162 187
163 159
163 160
163 161
163 162
163 164
163 165
163 166
163 167
164 160
164 161
164 162
164 163
164 165
164 166
164 167
164 168
165 161
165 162
165 163
165 164
165 166
165 167
165 168
165 180
165 183
165 184
166 162
166 163
166 164
166 165
166 167
166 168
166 169
167 163
167 164
167 165
167 166
167 168
167 169
167 170
168 164
168 165
168 166
168 167
168 169
168 170
169 166
169 167
169 168
169 170
169 171
170 167
170 168
170 169
170 171
170 172
171 169
171 170
171 172
171 173
172 170
172 171
172 173
172 174
173 171
173 172
173 174
173 175
174 172
174 173
174 175
174 176
175 173
175 174
175 176
175 177
176 174
176 175
176 177
176 178
176 179
176 180
177 175
177 176
177 178
177 179
177 180
177 181
178 176
178 177
178 179
178 180
178 181
178 182
179 176
179 177
179 178
179 180
179 181
179 182
179 183
180 165
180 176
180 177
180 178
180 179
180 181
180 182
180 183
180 184
181 177
181 178
181 179
181 180
181 182
181 183
181 184
181 185
182 178
182 179
182 180
182 181
182 183
182 184
182 185
182 186
183 161
183 165
183 179
183 180
183 181
183 182
183 184
183 185
183 186
183 187
184 165
184 180
184 181
184 182
184 183
184 185
184 186
184 187
184 188
185 181
185 182
185 183
185 184
185 186
185 187
185 188
185 189
186 161
186 182
186 183
186 184
186 185
186 187
186 188
186 189
186 190
187 158
187 161
187 162
187 183
187 184
187 185
187 186
187 188
187 189
187 190
187 191
188 184
188 185
188 186
188 187
188 189
188 190
188 191
188 192
189 185
189 186
189 187
189 188
189 190
189 191
189 192
189 193
190 154
190 157
190 158
190 186
190 187
190 188
190 189
190 191
190 192
190 193
190 194
191 158
191 187
191 188
191 189
191 190
191 192
191 193
191 194
191 195
192 188
192 189
192 190
192 191
192 193
192 194
192 195
192 196
193 154
193 189
193 190
193 191
193 192
193 194
193 195
193 196
193 197
194 151
194 154
194 155
194 190
194 191
194 192
194 193
194 195
194 196
194 197
194 198
195 191
195 192
195 193
195 194
195 196
195 197
195 198
195 199
196 192
196 193
196 194
196 195
196 197
196 198
196 199
196 200
197 147
197 150
197 151
197 193
197 194
197 195
197 196
197 198
197 199
197 200
197 201
198 151
198 194
198 195
198 196
198 197
198 199
198 200
198 201
198 202
199 195
199 196
199 197
199 198
199 200
199 201
199 202
199 203
200 147
200 196
200 197
200 198
200 199
200 201
200 202
200 203
200 204
201 144
201 147
201 148
201 151
201 197
201 198
201 199
201 200
201 202
201 203
201 204
201 205
202 198
202 199
202 200
202 201
202 203
202 204
202 205
202 206
203 199
203 200
203 201
203 202
203 204
203 205
203 206
203 207
204 140
204 143
204 144
204 200
204 201
204 202
204 203
204 205
204 206
204 207
204 208
205 144
205 201
205 202
205 203
205 204
205 206
205 207
205 208
205 209
206 202
206 203
206 204
206 205
206 207
206 208
206 209
206 210
207 140
207 203
207 204
207 205
207 206
207 208
207 209
207 210
207 211
208 137
208 140
208 141
208 144
208 204
208 205
208 206
208 207
208 209
208 210
208 211
208 212
209 205
209 206
209 207
209 208
209 210
209 211
209 212
209 213
210 206
210 207
210 208
210 209
210 211
210 212
210 213
210 214
211 137
211 207
211 208
211 209
211 210
211 212
211 213
211 214
211 215
212 31
212 34
212 35
212 137
212 208
212 209
212 210
212 211
212 213
212 214
212 215
212 216
213 209
213 210
213 211
213 212
213 214
213 215
213 216
213 217
214 210
214 211
214 212
214 213
214 215
214 216
214 217
214 218
215 211
215 212
215 213
215 214
215 216
215 217
215 218
215 219
216 34
216 212
216 213
216 214
216 215
216 217
216 218
216 219
217 213
217 214
217 215
217 216
217 218
217 219
217 220
218 214
218 215
218 216
218 217
218 219
218 220
218 221
218 222
219 215
219 216
219 217
219 218
219 220
219 221
219 222
219 223
220 217
220 218
220 219
220 221
220 222
220 223
220 224
221 218
221 219
221 220
221 222
221 223
221 224
221 225
222 218
222 219
222 220
222 221
222 223
222 224
222 225
222 226
223 219
223 220
223 221
223 222
223 224
223 225
223 226
223 227
224 220
224 221
224 222
224 223
224 225
224 226
224 227
224 228
225 121
225 122
225 125
225 126
225 221
225 222
225 223
225 224
225 226
225 227
225 228
225 229
226 122
226 222
226 223
226 224
226 225
226 227
226 228
226 229
226 230
227 223
227 224
227 225
227 226
227 228
227 229
227 230
227 231
228 121
228 122
228 224
228 225
228 226
228 227
228 229
228 230
228 231
228 232
229 118
229 122
229 225
229 226
229 227
229 228
229 230
229 231
229 232
229 233
230 226
230 227
230 228
230 229
230 231
230 232
230 233
230 234
231 227
231 228
231 229
231 230
231 232
231 233
231 234
231 235
232 114
232 117
232 118
232 228
232 229
232 230
232 231
232 233
232 234
232 235
232 236
233 114
233 229
233 230
233 231
233 232
233 234
233 235
233 236
233 237
234 230
234 231
234 232
234 233
234 235
234 236
234 237
234 238
235 231
235 232
235 233
235 234
235 236
235 237
235 238
235 239
236 110
236 111
236 114
236 232
236 233
236 234
236 235
236 237
236 238
236 239
236 240
237 233
237 234
237 235
237 236
237 238
237 239
237 240
237 241
238 234
238 235
238 236
238 237
238 239
238 240
238 241
238 242
239 110
239 235
239 236
239 237
239 238
239 240
239 241
239 242
239 243
240 107
240 110
240 236
240 237
240 238
240 239
240 241
240 242
240 243
240 244
241 237
241 238
241 239
241 240
241 242
241 243
241 244
241 245
242 238
242 239
242 240
242 241
242 243
242 244
242 245
242 246
243 103
243 106
243 107
243 239
243 240
243 241
243 242
243 244
243 245
243 246
243 247
244 103
244 240
244 241
244 242
244 243
244 245
244 246
244 247
244 248
245 241
245 242
245 243
245 244
245 246
245 247
245 248
245 249
246 242
246 243
246 244
246 245
246 247
246 248
246 249
246 250
247 99
247 103
247 243
247 244
247 245
247 246
247 248
247 249
247 250
247 251
248 244
248 245
248 246
248 247
248 249
248 250
248 251
248 252
249 245
249 246
249 247
249 248
249 250
249 251
249 252
249 253
250 246
250 247
250 248
250 249
250 251
250 252
250 253
250 254
251 96
251 99
251 247
251 248
251 249
251 250
251 252
251 253
251 254
251 255
252 248
252 249
252 250
252 251
252 253
252 254
252 255
252 256
253 249
253 250
253 251
253 252
253 254
253 255
253 256
253 257
254 92
254 250
254 251
254 252
254 253
254 255
254 256
254 257
254 258
255 92
255 251
255 252
255 253
255 254
255 256
255 257
255 258
256 252
256 253
256 254
256 255
256 257
256 258
256 259
256 260
257 253
257 254
257 255
257 256
257 258
257 259
257 260
257 261
258 254
258 255
258 256
258 257
258 259
258 260
258 261
259 256
259 257
259 258
259 260
259 261
260 256
260 257
260 258
260 259
260 261
260 262
261 257
261 258
261 259
261 260
261 262
261 263
262 260
262 261
262 263
262 264
263 261
263 262
263 264
263 265
264 262
264 263
264 265
264 266
265 263
265 264
265 266
265 267
266 264
266 265
266 267
266 268
267 265
267 266
267 268
267 269
268 266
268 267
268 269
268 270
268 328
269 267
269 268
269 270
269 271
269 272
269 284
269 327
269 328
269 329
270 268
270 269
270 271
270 272
270 280
270 283
270 327
271 269
271 270
271 272
271 273
271 274
271 275
271 280
271 327
272 269
272 270
272 271
272 273
272 274
272 275
272 280
272 290
272 291
272 326
272 327
273 271
273 272
273 274
273 275
273 350
273 353
273 354
274 271
274 272
274 273
274 275
274 276
274 350
274 353
274 354
274 355
275 271
275 272
275 273
275 274
275 276
275 277
275 279
275 280
275 354
275 355
276 274
276 275
276 277
276 278
276 279
276 280
276 354
276 355
276 356
277 275
277 276
277 278
277 279
277 280
277 281
277 289
277 354
277 393
277 394
278 276
278 277
278 279
278 280
278 281
278 282
278 393
279 275
279 276
279 277
279 278
279 280
279 281
279 282
279 283
280 270
280 271
280 272
280 275
280 276
280 277
280 278
280 279
280 281
280 282
280 283
280 284
280 289
281 277
281 278
281 279
281 280
281 282
281 283
281 284
281 285
281 286
281 287
281 288
281 289
281 393
282 278
282 279
282 280
282 281
282 283
282 284
282 285
282 286
283 270
283 279
283 280
283 281
283 282
283 284
283 285
284 269
284 280
284 281
284 282
284 283
284 285
284 286
285 281
285 282
285 283
285 284
285 286
285 287
286 281
286 282
286 284
286 285
286 287
286 288
286 289
286 477
287 281
287 285
287 286
287 288
287 289
287 393
287 396
287 397
288 281
288 286
288 287
288 289
288 290
288 292
288 293
288 393
288 396
288 397
288 400
288 476
289 277
289 280
289 281
289 286
289 287
289 288
289 290
289 291
289 292
289 293
289 397
290 272
290 288
290 289
290 291
290 292
290 293
290 294
290 326
291 272
291 289
291 290
291 292
291 293
291 294
291 295
291 326
291 346
291 347
291 350
292 288
292 289
292 290
292 291
292 293
292 294
292 295
292 296
292 347
292 397
292 401
293 288
293 289
293 290
293 291
293 292
293 294
293 295
293 296
293 297
293 474
293 475
293 476
294 290
294 291
294 292
294 293
294 295
294 296
294 297
294 298
294 330
294 480
295 291
295 292
295 293
295 294
295 296
295 297
295 298
295 299
295 343
295 344
295 346
295 347
296 292
296 293
296 294
296 295
296 297
296 298
296 299
296 300
296 401
296 404
296 474
297 293
297 294
297 295
297 296
297 298
297 299
297 300
297 301
297 474
297 475
297 480
298 294
298 295
298 296
298 297
298 299
298 300
298 301
298 302
298 303
298 334
298 336
298 337
298 340
298 343
299 295
299 296
299 297
299 298
299 300
299 301
299 302
299 303
299 304
299 337
299 340
299 343
299 344
300 296
300 297
300 298
300 299
300 301
300 302
300 303
300 304
300 483
301 297
301 298
301 299
301 300
301 302
301 303
301 304
301 337
301 483
302 298
302 299
302 300
302 301
302 303
302 304
302 305
302 337
302 338
302 340
303 298
303 299
303 300
303 301
303 302
303 304
303 305
303 306
303 337
303 340
304 299
304 300
304 301
304 302
304 303
304 305
304 306
304 408
304 411
304 415
305 302
305 303
305 304
305 306
305 307
305 411
305 414
305 415
306 303
306 304
306 305
306 307
306 308
306 309
306 340
306 414
306 415
307 305
307 306
307 308
307 309
307 414
307 415
307 416
307 417
308 306
308 307
308 309
308 310
308 311
308 312
308 415
308 416
308 417
309 306
309 307
309 308
309 310
309 311
309 312
309 340
309 341
309 344
309 415
309 417
310 308
310 309
310 311
310 312
310 313
310 341
310 344
310 345
310 348
310 422
310 425
310 426
311 308
311 309
311 310
311 312
311 313
311 425
312 308
312 309
312 310
312 311
312 313
312 314
312 341
313 310
313 311
313 312
313 314
313 315
313 341
313 342
313 345
314 312
314 313
314 315
314 316
314 318
314 319
314 339
314 341
314 342
314 345
315 313
315 314
315 316
315 317
315 318
315 319
315 342
316 314
316 315
316 317
316 318
316 319
316 320
317 315
317 316
317 318
317 319
317 320
317 321
318 314
318 315
318 316
318 317
318 319
318 320
318 321
318 322
318 342
319 314
319 315
319 316
319 317
319 318
319 320
319 321
319 322
319 323
319 342
319 343
319 345
319 346
320 316
320 317
320 318
320 319
320 321
320 322
320 323
320 324
321 317
321 318
321 319
321 320
321 322
321 323
321 324
321 325
322 318
322 319
322 320
322 321
322 323
322 324
322 325
322 326
322 333
322 336
322 342
322 343
322 346
323 319
323 320
323 321
323 322
323 324
323 325
323 326
323 327
323 346
324 320
324 321
324 322
324 323
324 325
324 326
324 327
324 328
325 321
325 322
325 323
325 324
325 326
325 327
325 328
325 329
325 330
325 332
325 333
326 272
326 290
326 291
326 322
326 323
326 324
326 325
326 327
326 328
326 329
326 330
326 333
327 269
327 270
327 271
327 272
327 323
327 324
327 325
327 326
327 328
327 329
327 330
328 268
328 269
328 324
328 325
328 326
328 327
328 329
328 330
329 269
329 325
329 326
329 327
329 328
329 330
329 331
329 332
329 333
330 294
330 325
330 326
330 327
330 328
330 329
330 331
330 332
330 333
331 329
331 330
331 332
331 333
331 334
331 479
331 480
332 325
332 329
332 330
332 331
332 333
332 334
332 335
333 322
333 325
333 326
333 329
333 330
333 331
333 332
333 334
333 335
333 336
333 337
334 298
334 331
334 332
334 333
334 335
334 336
334 337
335 332
335 333
335 334
335 336
335 337
335 338
336 298
336 322
336 333
336 334
336 335
336 337
336 338
336 339
336 340
336 342
336 343
337 298
337 299
337 301
337 302
337 303
337 333
337 334
337 335
337 336
337 338
337 339
337 340
337 343
338 302
338 335
338 336
338 337
338 339
338 340
339 314
339 336
339 337
339 338
339 340
339 341
339 342
339 343
340 298
340 299
340 302
340 303
340 306
340 309
340 336
340 337
340 338
340 339
340 341
340 342
340 343
340 344
341 309
341 310
341 312
341 313
341 314
341 339
341 340
341 342
341 343
341 344
341 345
342 313
342 314
342 315
342 318
342 319
342 322
342 336
342 339
342 340
342 341
342 343
342 344
342 345
342 346
343 295
343 298
343 299
343 319
343 322
343 336
343 337
343 339
343 340
343 341
343 342
343 344
343 345
343 346
343 347
344 295
344 299
344 309
344 310
344 340
344 341
344 342
344 343
344 345
344 346
344 347
344 348
345 310
345 313
345 314
345 319
345 341
345 342
345 343
345 344
345 346
345 347
345 348
345 349
346 291
346 295
346 319
346 322
346 323
346 342
346 343
346 344
346 345
346 347
346 348
346 349
346 350
347 291
347 292
347 295
347 343
347 344
347 345
347 346
347 348
347 349
347 350
347 351
348 310
348 344
348 345
348 346
348 347
348 349
348 350
348 351
348 352
348 426
348 429
349 345
349 346
349 347
349 348
349 350
349 351
349 352
349 353
349 429
350 273
350 274
350 291
350 346
350 347
350 348
350 349
350 351
350 352
350 353
350 354
351 347
351 348
351 349
351 350
351 352
351 353
351 354
351 357
351 358
351 429
351 430
352 348
352 349
352 350
352 351
352 353
352 354
352 357
352 428
352 429
352 430
353 273
353 274
353 349
353 350
353 351
353 352
353 354
353 355
354 273
354 274
354 275
354 276
354 277
354 350
354 351
354 352
354 353
354 355
354 356
354 357
354 358
355 274
355 275
355 276
355 353
355 354
355 356
355 357
356 276
356 354
356 355
356 357
356 358
356 360
356 361
357 351
357 352
357 354
357 355
357 356
357 358
357 359
357 360
357 361
357 429
357 430
357 431
357 432
358 351
358 354
358 356
358 357
358 359
358 360
358 394
358 397
358 398
358 430
358 431
359 357
359 358
359 360
359 361
359 363
359 364
359 390
359 394
359 398
359 430
359 431
360 356
360 357
360 358
360 359
360 361
360 362
360 363
360 364
360 390
360 394
360 431
361 356
361 357
361 359
361 360
361 362
361 363
361 364
361 431
361 432
361 433
361 434
362 360
362 361
362 363
362 364
362 365
363 359
363 360
363 361
363 362
363 364
363 365
363 366
363 367
363 386
363 390
364 359
364 360
364 361
364 362
364 363
364 365
364 366
364 367
364 368
364 431
364 432
364 433
365 362
365 363
365 364
365 366
365 367
365 368
365 369
366 363
366 364
366 365
366 367
366 368
366 369
366 370
366 386
367 363
367 364
367 365
367 366
367 368
367 369
367 370
367 371
367 383
367 386
367 453
367 456
368 364
368 365
368 366
368 367
368 369
368 370
368 371
368 372
368 449
368 452
368 453
368 456
369 365
369 366
369 367
369 368
369 370
369 371
369 372
369 373
370 366
370 367
370 368
370 369
370 371
370 372
370 373
370 379
370 382
370 383
370 456
371 367
371 368
371 369
371 370
371 372
371 373
371 379
371 452
371 453
371 455
371 456
372 368
372 369
372 370
372 371
372 373
372 374
372 379
372 452
373 369
373 370
373 371
373 372
373 374
373 375
373 376
373 378
373 379
374 372
374 373
374 375
374 376
374 378
374 379
375 373
375 374
375 376
375 377
375 378
375 379
376 373
376 374
376 375
376 377
376 378
376 379
376 380
377 375
377 376
377 378
377 379
377 380
377 381
378 373
378 374
378 375
378 376
378 377
378 379
378 380
378 381
378 382
379 370
379 371
379 372
379 373
379 374
379 375
379 376
379 377
379 378
379 380
379 381
379 382
379 383
380 376
380 377
380 378
380 379
380 381
380 382
380 383
380 384
380 459
380 463
380 467
381 377
381 378
381 379
381 380
381 382
381 383
381 384
381 385
382 370
382 378
382 379
382 380
382 381
382 383
382 384
382 385
382 386
383 367
383 370
383 379
383 380
383 381
383 382
383 384
383 385
383 386
383 387
383 460
383 467
384 380
384 381
384 382
384 383
384 385
384 386
384 387
384 388
384 467
385 381
385 382
385 383
385 384
385 386
385 387
385 388
385 389
386 363
386 366
386 367
386 382
386 383
386 384
386 385
386 387
386 388
386 389
386 390
387 383
387 384
387 385
387 386
387 388
387 389
387 390
387 395
388 384
388 385
388 386
388 387
388 389
388 390
388 395
389 385
389 386
389 387
389 388
389 390
389 391
390 359
390 360
390 363
390 386
390 387
390 388
390 389
390 391
390 392
390 394
390 395
391 389
391 390
391 392
391 393
391 394
391 395
392 390
392 391
392 393
392 394
392 395
392 396
393 277
393 278
393 281
393 287
393 288
393 391
393 392
393 394
393 395
393 396
393 397
394 277
394 358
394 359
394 360
394 390
394 391
394 392
394 393
394 395
394 396
394 397
394 398
395 387
395 388
395 390
395 391
395 392
395 393
395 394
395 396
395 397
395 398
395 399
396 287
396 288
396 392
396 393
396 394
396 395
396 397
396 398
396 399
396 400
397 287
397 288
397 289
397 292
397 358
397 393
397 394
397 395
397 396
397 398
397 399
397 400
397 401
398 358
398 359
398 394
398 395
398 396
398 397
398 399
398 400
398 401
398 402
399 395
399 396
399 397
399 398
399 400
399 401
399 402
399 403
399 464
399 468
400 288
400 396
400 397
400 398
400 399
400 401
400 402
400 403
400 404
400 472
400 474
401 292
401 296
401 397
401 398
401 399
401 400
401 402
401 403
401 404
401 405
402 398
402 399
402 400
402 401
402 403
402 404
402 405
402 406
402 460
402 461
402 464
403 399
403 400
403 401
403 402
403 404
403 405
403 406
403 407
403 461
403 464
403 465
403 472
404 296
404 400
404 401
404 402
404 403
404 405
404 406
404 407
404 408
405 401
405 402
405 403
405 404
405 406
405 407
405 408
405 409
405 419
405 422
405 461
406 402
406 403
406 404
406 405
406 407
406 408
406 409
406 410
406 419
406 461
406 462
406 464
407 403
407 404
407 405
407 406
407 408
407 409
407 410
407 411
408 304
408 404
408 405
408 406
408 407
408 409
408 410
408 411
408 412
408 417
409 405
409 406
409 407
409 408
409 410
409 411
409 412
409 417
409 418
409 419
410 406
410 407
410 408
410 409
410 411
410 412
410 413
411 304
411 305
411 407
411 408
411 409
411 410
411 412
411 413
411 414
411 415
411 416
411 417
412 408
412 409
412 410
412 411
412 413
412 414
412 415
412 416
412 417
412 418
413 410
413 411
413 412
413 414
413 415
413 416
414 305
414 306
414 307
414 411
414 412
414 413
414 415
414 416
415 304
415 305
415 306
415 307
415 308
415 309
415 411
415 412
415 413
415 414
415 416
415 417
416 307
416 308
416 411
416 412
416 413
416 414
416 415
416 417
416 418
417 307
417 308
417 309
417 408
417 409
417 411
417 412
417 415
417 416
417 418
417 419
417 420
417 421
417 422
418 409
418 412
418 416
418 417
418 419
418 420
418 421
418 422
419 405
419 406
419 409
419 417
419 418
419 420
419 421
419 422
419 423
419 458
419 461
419 462
420 417
420 418
420 419
420 421
420 422
420 423
420 424
420 454
420 455
420 458
421 417
421 418
421 419
421 420
421 422
421 423
421 424
421 425
422 310
422 405
422 417
422 418
422 419
422 420
422 421
422 423
422 424
422 425
422 426
422 458
423 419
423 420
423 421
423 422
423 424
423 425
423 426
423 427
423 454
423 455
423 457
423 458
424 420
424 421
424 422
424 423
424 425
424 426
424 427
424 428
424 454
425 310
425 311
425 421
425 422
425 423
425 424
425 426
425 427
425 428
426 310
426 348
426 422
426 423
426 424
426 425
426 427
426 428
426 429
426 430
426 457
427 423
427 424
427 425
427 426
427 428
427 429
427 430
427 431
427 450
427 453
427 454
427 457
428 352
428 424
428 425
428 426
428 427
428 429
428 430
428 431
428 432
428 450
428 453
428 454
429 348
429 349
429 351
429 352
429 357
429 426
429 427
429 428
429 430
429 431
429 432
430 351
430 352
430 357
430 358
430 359
430 426
430 427
430 428
430 429
430 431
430 432
431 357
431 358
431 359
431 360
431 361
431 364
431 427
431 428
431 429
431 430
431 432
431 433
431 453
432 357
432 361
432 364
432 428
432 429
432 430
432 431
432 433
432 434
432 453
433 361
433 364
433 431
433 432
433 434
433 435
434 361
434 432
434 433
434 435
434 436
435 433
435 434
435 436
435 437
436 434
436 435
436 437
436 438
436 439
437 435
437 436
437 438
437 439
438 436
438 437
438 439
438 440
439 436
439 437
439 438
439 440
439 441
439 442
440 438
440 439
440 441
440 442
441 439
441 440
441 442
441 443
441 444
441 445
442 439
442 440
442 441
442 443
442 444
442 445
442 446
443 441
443 442
443 444
443 445
443 446
443 447
444 441
444 442
444 443
444 445
444 446
444 447
444 448
445 441
445 442
445 443
445 444
445 446
445 447
445 448
445 449
446 442
446 443
446 444
446 445
446 447
446 448
446 449
446 450
447 443
447 444
447 445
447 446
447 448
447 449
447 450
447 451
448 444
448 445
448 446
448 447
448 449
448 450
448 451
448 452
449 368
449 445
449 446
449 447
449 448
449 450
449 451
449 452
449 453
450 427
450 428
450 446
450 447
450 448
450 449
450 451
450 452
450 453
450 454
451 447
451 448
451 449
451 450
451 452
451 453
451 454
451 455
452 368
452 371
452 372
452 448
452 449
452 450
452 451
452 453
452 454
452 455
452 456
453 367
453 368
453 371
453 427
453 428
453 431
453 432
453 449
453 450
453 451
453 452
453 454
453 455
453 456
453 457
454 420
454 423
454 424
454 427
454 428
454 450
454 451
454 452
454 453
454 455
454 456
454 457
454 458
455 371
455 420
455 423
455 451
455 452
455 453
455 454
455 456
455 457
455 458
455 459
456 367
456 368
456 370
456 371
456 452
456 453
456 454
456 455
456 457
456 458
456 459
456 460
457 423
457 426
457 427
457 453
457 454
457 455
457 456
457 458
457 459
457 460
457 461
458 419
458 420
458 422
458 423
458 454
458 455
458 456
458 457
458 459
458 460
458 461
458 462
459 380
459 455
459 456
459 457
459 458
459 460
459 461
459 462
459 463
460 383
460 402
460 456
460 457
460 458
460 459
460 461
460 462
460 463
460 464
460 467
461 402
461 403
461 405
461 406
461 419
461 457
461 458
461 459
461 460
461 462
461 463
461 464
462 406
462 419
462 458
462 459
462 460
462 461
462 463
462 464
463 380
463 459
463 460
463 461
463 462
463 464
463 465
463 466
463 467
464 399
464 402
464 403
464 406
464 460
464 461
464 462
464 463
464 465
464 466
464 467
464 468
464 469
465 403
465 463
465 464
465 466
465 467
465 468
465 469
465 470
466 463
466 464
466 465
466 467
466 468
466 469
467 380
467 383
467 384
467 460
467 463
467 464
467 465
467 466
467 468
467 469
468 399
468 464
468 465
468 466
468 467
468 469
468 470
469 464
469 465
469 466
469 467
469 468
469 470
469 471
470 465
470 468
470 469
470 471
470 472
471 469
471 470
471 472
471 473
472 400
472 403
472 470
472 471
472 473
472 474
473 471
473 472
473 474
473 475
473 476
474 293
474 296
474 297
474 400
474 472
474 473
474 475
474 476
475 293
475 297
475 473
475 474
475 476
475 477
475 478
475 479
475 480
475 482
476 288
476 293
476 473
476 474
476 475
476 477
476 478
477 286
477 475
477 476
477 478
477 479
477 480
478 475
478 476
478 477
478 479
478 480
478 481
478 482
479 331
479 475
479 477
479 478
479 480
479 481
480 294
480 297
480 331
480 475
480 477
480 478
480 479
480 481
480 482
481 478
481 479
481 480
481 482
481 483
482 475
482 478
482 480
482 481
482 483
482 484
483 300
483 301
483 481
483 482
483 484
483 485
484 482
484 483
484 485
484 486
485 483
485 484
485 486
485 487
486 484
486 485
486 487
486 488
487 485
487 486
487 488
487 489
487 490
488 486
488 487
488 489
488 490
489 487
489 488
489 490
489 491
490 487
490 488
490 489
490 491
490 492
491 489
491 490
491 492
491 493
492 490
492 491
492 493
492 494
493 491
493 492
493 494
493 495
494 492
494 493
494 495
494 496
495 493
495 494
495 496
495 497
496 494
496 495
496 497
496 498
497 495
497 496
497 498
497 499
498 496
498 497
498 499
498 500
499 497
499 498
499 500
499 501
500 498
500 499
500 501
500 502
501 499
501 500
501 502
501 503
502 500
502 501
502 503
502 504
503 501
503 502
503 504
503 505
504 502
504 503
504 505
504 506
505 503
505 504
505 506
505 507
506 504
506 505
506 507
506 508
507 505
507 506
507 508
507 509
508 506
508 507
508 509
508 510
509 507
509 508
509 510
509 511
510 508
510 509
510 511
510 512
511 509
511 510
511 512
511 513
512 510
512 511
512 513
512 514
513 511
513 512
513 514
513 515
514 512
514 513
514 515
514 516
515 513
515 514
515 516
515 517
516 514
516 515
516 517
516 518
517 515
517 516
517 518
517 519
518 516
518 517
518 519
518 520
519 517
519 518
519 520
519 521
520 518
520 519
520 521
520 522
521 519
521 520
521 522
521 523
522 520
522 521
522 523
522 524
523 521
523 522
523 524
523 525
524 522
524 523
524 525
524 526
525 523
525 524
525 526
525 527
526 524
526 525
526 527
526 528
527 525
527 526
527 528
527 529
528 526
528 527
528 529
528 530
529 527
529 528
529 530
529 531
530 528
530 529
530 531
530 532
531 529
531 530
531 532
531 533
532 530
532 531
532 533
532 534
533 531
533 532
533 534
533 535
534 532
534 533
534 535
534 536
535 533
535 534
535 536
535 537
536 534
536 535
536 537
536 538
537 535
537 536
537 538
537 539
538 536
538 537
538 539
538 540
539 537
539 538
539 540
539 541
540 538
540 539
540 541
540 542
541 539
541 540
541 542
541 543
542 540
542 541
542 543
542 544
543 541
543 542
543 544
543 545
544 542
544 543
544 545
544 546
545 543
545 544
545 546
545 547
546 544
546 545
546 547
546 548
547 545
547 546
547 548
547 549
548 546
548 547
548 549
548 550
549 547
549 548
549 550
549 551
550 548
550 549
550 551
550 552
551 549
551 550
551 552
551 553
552 550
552 551
552 553
552 554
553 551
553 552
553 554
553 555
554 552
554 553
554 555
554 556
555 553
555 554
555 556
555 557
556 554
556 555
556 557
556 558
557 555
557 556
557 558
557 559
558 556
558 557
558 559
558 560
559 557
559 558
559 560
559 561
560 558
560 559
560 561
560 562
561 559
561 560
561 562
561 563
562 560
562 561
562 563
562 564
563 561
563 562
563 564
563 565
564 562
564 563
564 565
564 566
565 563
565 564
565 566
565 567
566 564
566 565
566 567
566 568
567 565
567 566
567 568
567 569
568 566
568 567
568 569
568 570
569 567
569 568
569 570
569 571
570 568
570 569
570 571
570 572
571 569
571 570
571 572
571 573
572 570
572 571
572 573
572 574
573 571
573 572
573 574
573 575
574 572
574 573
574 575
574 576
575 573
575 574
575 576
575 577
576 574
576 575
576 577
576 578
577 575
577 576
577 578
577 579
578 576
578 577
578 579
578 580
579 577
579 578
579 580
579 581
580 578
580 579
580 581
580 582
581 579
581 580
581 582
581 583
582 580
582 581
582 583
582 584
583 581
583 582
583 584
583 585
584 582
584 583
584 585
584 586
585 583
585 584
585 586
585 587
586 584
586 585
586 587
586 588
587 585
587 586
587 588
587 589
588 586
588 587
588 589
588 590
589 587
589 588
589 590
589 591
590 588
590 589
590 591
590 592
591 589
591 590
591 592
591 593
592 590
592 591
592 593
592 594
593 591
593 592
593 594
593 595
594 592
594 593
594 595
594 596
595 593
595 594
595 596
595 597
596 594
596 595
596 597
596 598
597 595
597 596
597 598
597 599
598 596
598 597
598 599
598 600
599 597
599 598
599 600
599 601
600 598
600 599
600 601
600 602
601 599
601 600
601 602
601 603
602 600
602 601
602 603
602 604
603 601
603 602
603 604
603 605
604 602
604 603
604 605
604 606
605 603
605 604
605 606
605 607
606 604
606 605
606 607
606 608
607 605
607 606
607 608
607 609
608 606
608 607
608 609
608 610
609 607
609 608
609 610
609 611
610 608
610 609
610 611
610 612
611 609
611 610
611 612
611 613
612 610
612 611
612 613
612 614
613 611
613 612
613 614
613 615
614 612
614 613
614 615
614 616
615 613
615 614
615 616
615 617
616 614
616 615
616 617
616 618
617 615
617 616
617 618
617 619
618 616
618 617
618 619
618 620
619 617
619 618
619 620
619 621
620 618
620 619
620 621
620 622
621 619
621 620
621 622
621 623
622 620
622 621
622 623
622 624
623 621
623 622
623 624
623 625
624 622
624 623
624 625
624 626
625 623
625 624
625 626
625 627
626 624
626 625
626 627
626 628
627 625
627 626
627 628
627 629
628 626
628 627
628 629
628 630
629 627
629 628
629 630
629 631
630 628
630 629
630 631
630 632
631 629
631 630
631 632
631 633
632 630
632 631
632 633
632 634
633 631
633 632
633 634
633 635
634 632
634 633
634 635
634 636
635 633
635 634
635 636
635 637
636 634
636 635
636 637
636 638
637 635
637 636
637 638
637 639
638 636
638 637
638 639
638 640
639 637
639 638
639 640
639 641
640 638
640 639
640 641
640 642
641 639
641 640
641 642
641 643
642 640
642 641
642 643
642 644
643 641
643 642
643 644
643 645
644 642
644 643
644 645
644 646
645 643
645 644
645 646
645 647
646 644
646 645
646 647
646 648
647 645
647 646
647 648
647 649
648 646
648 647
648 649
648 650
649 647
649 648
649 650
649 651
650 648
650 649
650 651
650 652
651 649
651 650
651 652
651 653
652 650
652 651
652 653
652 654
653 651
653 652
653 654
653 655
654 652
654 653
654 655
654 656
655 653
655 654
655 656
655 657
656 654
656 655
656 657
656 658
657 655
657 656
657 658
657 659
658 656
658 657
658 659
658 660
659 657
659 658
659 660
659 661
660 658
660 659
660 661
660 662
661 659
661 660
661 662
661 663
662 660
662 661
662 663
662 664
663 661
663 662
663 664
663 665
664 662
664 663
664 665
664 666
665 663
665 664
665 666
665 667
666 664
666 665
666 667
666 668
667 665
667 666
667 668
667 669
668 666
668 667
668 669
668 670
669 667
669 668
669 670
669 671
670 668
670 669
670 671
670 672
671 669
671 670
671 672
671 673
672 670
672 671
672 673
672 674
673 671
673 672
673 674
673 675
674 672
674 673
674 675
674 676
675 673
675 674
675 676
675 677
676 674
676 675
676 677
676 678
677 675
677 676
677 678
677 679
678 676
678 677
678 679
678 680
679 677
679 678
679 680
679 681
680 678
680 679
680 681
680 682
681 679
681 680
681 682
681 683
682 680
682 681
682 683
682 684
683 681
683 682
683 684
683 685
684 682
684 683
684 685
684 686
685 683
685 684
685 686
685 687
686 684
686 685
686 687
686 688
687 685
687 686
687 688
687 689
688 686
688 687
688 689
688 690
689 687
689 688
689 690
689 691
690 688
690 689
690 691
690 692
691 689
691 690
691 692
691 693
692 690
692 691
692 693
692 694
693 691
693 692
693 694
693 695
694 692
694 693
694 695
694 696
695 693
695 694
695 696
695 697
696 694
696 695
696 697
696 698
697 695
697 696
697 698
697 699
698 696
698 697
698 699
698 700
699 697
699 698
699 700
700 698
700 699
