0 1
0 2
1 0
1 2
1 3
2 0
2 1
2 3
2 4
3 1
3 2
3 4
3 5
4 2
4 3
4 5
4 6
5 3
5 4
5 6
5 7
6 4
6 5
6 7
6 8
7 5
7 6
7 8
7 9
8 6
8 7
8 9
8 10
9 7
9 8
9 10
9 11
10 8
10 9
10 11
10 12
11 9
11 10
11 12
11 13
12 10
12 11
12 13
12 14
13 11
13 12
13 14
13 15
14 12
14 13
14 15
14 16
15 13
15 14
15 16
15 17
16 14
16 15
16 17
16 18
17 15
17 16
17 18
17 19
18 16
18 17
18 19
18 20
19 17
19 18
19 20
19 21
20 18
20 19
20 21
20 22
21 19
21 20
21 22
21 23
22 20
22 21
22 23
22 24
23 21
23 22
23 24
23 25
24 22
24 23
24 25
24 26
25 23
25 24
25 26
25 27
26 24
26 25
26 27
26 28
27 25
27 26
27 28
27 29
28 26
28 27
28 29
28 30
29 27
29 28
29 30
29 31
30 28
30 29
30 31
30 32
31 29
31 30
31 32
31 33
32 30
32 31
32 33
32 34
33 31
33 32
33 34
33 35
34 32
34 33
34 35
34 36
35 33
35 34
35 36
35 37
36 34
36 35
36 37
36 38
37 35
37 36
37 38
37 39
38 36
38 37
38 39
38 40
39 37
39 38
39 40
39 41
40 38
40 39
40 41
40 42
41 39
41 40
41 42
41 43
42 40
42 41
42 43
42 44
43 41
43 42
43 44
43 45
44 42
44 43
44 45
44 46
45 43
45 44
45 46
45 47
46 44
46 45
46 47
46 48
47 45
47 46
47 48
47 49
48 46
48 47
48 49
48 50
49 47
49 48
49 50
49 51
50 48
50 49
50 51
50 52
50 53
51 49
51 50
51 52
51 53
51 54
51 55
52 50
52 51
52 53
52 54
52 55
52 56
53 50
53 51
53 52
53 54
53 55
53 56
53 57
54 51
54 52
54 53
54 55
54 56
54 57
54 58
55 51
55 52
55 53
55 54
55 56
55 57
55 58
55 59
56 52
56 53
56 54
56 55
56 57
56 58
56 59
56 60
57 53
57 54
57 55
57 56
57 58
57 59
57 60
57 61
58 54
58 55
58 56
58 57
58 59
58 60
58 61
58 62
59 55
59 56
59 57
59 58
59 60
59 61
59 62
59 63
60 56
60 57
60 58
60 59
60 61
60 62
60 63
60 64
61 57
61 58
61 59
61 60
61 62
61 63
61 64
61 65
62 58
62 59
62 60
62 61
62 63
62 64
62 65
62 66
63 59
63 60
63 61
63 62
63 64
63 65
63 66
63 67
64 60
64 61
64 62
64 63
64 65
64 66
64 67
64 68
65 61
65 62
65 63
65 64
65 66
65 67
65 68
65 69
66 62
66 63
66 64
66 65
66 67
66 68
66 69
66 70
67 63
67 64
67 65
67 66
67 68
67 69
67 70
67 71
68 64
68 65
68 66
68 67
68 69
68 70
68 71
68 72
69 65
69 66
69 67
69 68
69 70
69 71
69 72
69 73
70 66
70 67
70 68
70 69
70 71
70 72
70 73
70 74
71 67
71 68
71 69
71 70
71 72
71 73
71 74
71 75
72 68
72 69
72 70
72 71
72 73
72 74
72 75
72 76
73 69
73 70
73 71
73 72
73 74
73 75
73 76
73 77
74 70
74 71
74 72
74 73
74 75
74 76
74 77
74 78
75 71
75 72
75 73
75 74
75 76
75 77
75 78
75 79
75 80
76 72
76 73
76 74
76 75
76 77
76 78
76 79
76 80
76 81
77 73
77 74
77 75
77 76
77 78
77 79
77 80
77 81
78 74
78 75
78 76
78 77
78 79
78 80
78 81
78 82
79 75
79 76
79 77
79 78
79 80
79 81
79 82
79 83
80 75
80 76
80 77
80 78
80 79
80 81
80 82
80 83
80 162
81 76
81 77
81 78
81 79
81 80
81 82
81 83
81 161
81 162
81 163
82 78
82 79
82 80
82 81
82 83
82 84
82 161
82 162
83 79
83 80
83 81
83 82
83 84
83 85
83 161
83 162
84 82
84 83
84 85
84 86
84 159
84 160
84 161
84 162
85 83
85 84
85 86
85 87
85 159
85 160
85 161
85 162
86 84
86 85
86 87
86 88
86 157
86 158
86 159
86 160
87 85
87 86
87 88
87 89
87 157
87 158
87 159
87 160
87 199
87 200
88 86
88 87
88 89
88 90
88 155
88 156
88 157
88 158
88 199
88 200
88 205
89 87
89 88
89 90
89 91
89 155
89 156
89 157
89 172
89 197
89 198
89 199
89 200
90 88
90 89
90 91
90 92
90 153
90 154
90 155
90 156
90 197
90 198
90 199
90 200
90 282
90 283
90 284
91 89
91 90
91 92
91 93
91 153
91 154
91 155
91 195
91 196
91 197
91 198
91 282
91 284
92 90
92 91
92 93
92 94
92 151
92 152
92 153
92 154
92 194
92 195
92 196
92 197
93 91
93 92
93 94
93 95
93 119
93 151
93 152
93 153
93 154
93 192
93 193
93 194
93 195
93 196
94 92
94 93
94 95
94 96
94 149
94 150
94 151
94 152
94 192
94 193
94 194
94 195
95 93
95 94
95 96
95 97
95 98
95 149
95 150
95 151
95 152
95 190
95 191
95 192
95 193
95 194
96 94
96 95
96 97
96 98
96 99
96 149
96 150
96 191
96 192
96 193
97 95
97 96
97 98
97 99
97 149
97 189
97 190
97 191
98 95
98 96
98 97
98 99
98 100
98 149
98 150
98 190
99 96
99 97
99 98
99 100
99 101
99 149
99 150
100 98
100 99
100 101
100 102
100 104
100 146
100 147
100 149
100 150
101 99
101 100
101 102
101 103
101 104
102 100
102 101
102 103
102 104
102 105
102 106
103 101
103 102
103 104
103 105
103 106
103 109
103 111
103 112
104 100
104 101
104 102
104 103
104 105
104 106
104 107
104 109
104 111
104 112
104 144
104 145
104 146
105 102
105 103
105 104
105 106
105 107
105 112
105 144
105 145
105 146
105 216
106 102
106 103
106 104
106 105
106 107
106 108
106 109
106 112
107 104
107 105
107 106
107 108
107 109
107 112
107 113
107 143
107 144
108 106
108 107
108 109
108 110
108 112
108 113
109 103
109 104
109 106
109 107
109 108
109 110
109 111
109 112
109 113
110 108
110 109
110 111
110 112
110 113
110 114
111 103
111 104
111 109
111 110
111 112
111 113
111 114
111 115
112 103
112 104
112 105
112 106
112 107
112 108
112 109
112 110
112 111
112 113
112 114
112 115
112 116
113 107
113 108
113 109
113 110
113 111
113 112
113 114
113 115
113 116
113 117
114 110
114 111
114 112
114 113
114 115
114 116
114 117
114 118
115 111
115 112
115 113
115 114
115 116
115 117
115 118
115 119
116 112
116 113
116 114
116 115
116 117
116 118
116 119
116 120
116 141
116 142
116 152
117 113
117 114
117 115
117 116
117 118
117 119
117 120
117 121
118 114
118 115
118 116
118 117
118 119
118 120
118 121
118 122
118 186
118 187
119 93
119 115
119 116
119 117
119 118
119 120
119 121
119 122
119 123
119 142
119 152
120 116
120 117
120 118
120 119
120 121
120 122
120 123
120 124
120 140
120 141
120 142
121 117
121 118
121 119
121 120
121 122
121 123
121 124
121 125
122 118
122 119
122 120
122 121
122 123
122 124
122 125
122 126
122 180
122 187
123 119
123 120
123 121
123 122
123 124
123 125
123 126
123 127
123 140
124 120
124 121
124 122
124 123
124 125
124 126
124 127
124 128
124 134
124 137
125 121
125 122
125 123
125 124
125 126
125 127
125 128
125 129
125 180
126 122
126 123
126 124
126 125
126 127
126 128
126 129
126 130
126 180
127 123
127 124
127 125
127 126
127 128
127 129
127 130
127 133
127 134
127 137
128 124
128 125
128 126
128 127
128 129
128 130
128 131
128 133
128 134
128 135
129 125
129 126
129 127
129 128
129 130
129 131
129 134
130 126
130 127
130 128
130 129
130 131
130 132
130 133
130 134
131 128
131 129
131 130
131 132
131 133
131 134
131 135
132 130
132 131
132 133
132 134
132 135
132 136
132 164
133 127
133 128
133 130
133 131
133 132
133 134
133 135
133 136
133 137
133 158
133 160
133 168
134 124
134 127
134 128
134 129
134 130
134 131
134 132
134 133
134 135
134 136
134 137
135 128
135 131
135 132
135 133
135 134
135 136
135 137
136 132
136 133
136 134
136 135
136 137
136 138
136 158
136 159
136 160
137 124
137 127
137 133
137 134
137 135
137 136
137 138
137 139
137 156
137 157
137 158
137 159
138 136
138 137
138 139
138 140
138 156
138 157
138 158
138 159
139 137
139 138
139 140
139 141
139 156
139 157
139 158
140 120
140 123
140 138
140 139
140 141
140 142
140 154
140 155
140 156
140 157
141 116
141 120
141 139
141 140
141 142
141 143
141 154
141 155
141 156
142 116
142 119
142 120
142 140
142 141
142 143
142 144
142 145
142 152
142 153
142 154
142 155
143 107
143 141
143 142
143 144
143 145
143 152
143 153
143 154
143 155
143 281
143 282
144 104
144 105
144 107
144 142
144 143
144 145
144 146
144 152
144 153
144 154
144 281
144 282
145 104
145 105
145 142
145 143
145 144
145 146
145 147
145 150
145 151
145 152
145 153
145 281
146 100
146 104
146 105
146 144
146 145
146 147
146 148
146 149
146 150
146 151
146 152
146 310
147 100
147 145
147 146
147 148
147 149
147 150
147 151
147 251
148 146
148 147
148 149
148 150
148 151
148 251
149 94
149 95
149 96
149 97
149 98
149 99
149 100
149 146
149 147
149 148
149 150
149 151
150 94
150 95
150 96
150 98
150 99
150 100
150 145
150 146
150 147
150 148
150 149
150 151
150 152
151 92
151 93
151 94
151 95
151 145
151 146
151 147
151 148
151 149
151 150
151 152
151 153
152 92
152 93
152 94
152 95
152 116
152 119
152 142
152 143
152 144
152 145
152 146
152 150
152 151
152 153
152 154
153 90
153 91
153 92
153 93
153 142
153 143
153 144
153 145
153 151
153 152
153 154
153 155
153 281
153 282
154 90
154 91
154 92
154 93
154 140
154 141
154 142
154 143
154 144
154 152
154 153
154 155
154 156
154 282
155 88
155 89
155 90
155 91
155 140
155 141
155 142
155 143
155 153
155 154
155 156
155 157
156 88
156 89
156 90
156 137
156 138
156 139
156 140
156 141
156 154
156 155
156 157
156 158
157 86
157 87
157 88
157 89
157 137
157 138
157 139
157 140
157 155
157 156
157 158
157 159
158 86
158 87
158 88
158 133
158 136
158 137
158 138
158 139
158 156
158 157
158 159
158 160
159 84
159 85
159 86
159 87
159 136
159 137
159 138
159 157
159 158
159 160
159 161
160 84
160 85
160 86
160 87
160 133
160 136
160 158
160 159
160 161
160 162
160 164
160 165
161 81
161 82
161 83
161 84
161 85
161 159
161 160
161 162
161 163
161 164
161 165
162 80
162 81
162 82
162 83
162 84
162 85
162 160
162 161
162 163
162 164
162 165
163 81
163 161
163 162
163 164
163 165
163 166
164 132
164 160
164 161
164 162
164 163
164 165
164 166
164 167
164 168
165 160
165 161
165 162
165 163
165 164
165 166
165 167
165 168
165 169
166 163
166 164
166 165
166 167
166 168
166 169
166 170
167 164
167 165
167 166
167 168
167 169
167 170
167 171
168 133
168 164
168 165
168 166
168 167
168 169
168 170
168 171
168 172
169 165
169 166
169 167
169 168
169 170
169 171
169 172
169 173
169 198
169 199
170 166
170 167
170 168
170 169
170 171
170 172
170 173
170 174
171 167
171 168
171 169
171 170
171 172
171 173
171 174
172 89
172 168
172 169
172 170
172 171
172 173
172 174
172 175
172 196
172 197
172 198
173 169
173 170
173 171
173 172
173 174
173 175
173 196
173 197
173 198
174 170
174 171
174 172
174 173
174 175
174 176
174 196
174 197
175 172
175 173
175 174
175 176
175 177
175 194
175 195
175 196
176 174
176 175
176 177
176 178
176 193
176 194
176 195
176 196
177 175
177 176
177 178
177 179
177 192
177 193
177 194
177 195
178 176
178 177
178 179
178 180
178 192
178 193
178 194
178 195
179 177
179 178
179 180
179 181
179 191
179 192
179 193
180 122
180 125
180 126
180 178
180 179
180 181
180 182
180 184
180 187
180 190
180 191
180 192
181 179
181 180
181 182
181 183
181 184
182 180
182 181
182 183
182 184
182 185
182 188
183 181
183 182
183 184
183 185
184 180
184 181
184 182
184 183
184 185
184 186
184 187
184 188
185 182
185 183
185 184
185 186
185 187
185 188
186 118
186 184
186 185
186 187
186 188
186 189
187 118
187 122
187 180
187 184
187 185
187 186
187 188
187 189
187 190
188 182
188 184
188 185
188 186
188 187
188 189
188 190
189 97
189 186
189 187
189 188
189 190
189 191
190 95
190 97
190 98
190 180
190 187
190 188
190 189
190 191
190 192
191 95
191 96
191 97
191 179
191 180
191 189
191 190
191 192
191 193
192 93
192 94
192 95
192 96
192 177
192 178
192 179
192 180
192 190
192 191
192 193
192 194
192 195
193 93
193 94
193 95
193 96
193 176
193 177
193 178
193 179
193 191
193 192
193 194
193 195
194 92
194 93
194 94
194 95
194 175
194 176
194 177
194 178
194 192
194 193
194 195
194 196
195 91
195 92
195 93
195 94
195 175
195 176
195 177
195 178
195 192
195 193
195 194
195 196
195 197
196 91
196 92
196 93
196 172
196 173
196 174
196 175
196 176
196 194
196 195
196 197
196 198
197 89
197 90
197 91
197 92
197 172
197 173
197 174
197 195
197 196
197 198
197 199
197 284
198 89
198 90
198 91
198 169
198 172
198 173
198 196
198 197
198 199
198 200
198 284
198 285
198 286
199 87
199 88
199 89
199 90
199 169
199 197
199 198
199 200
199 201
199 284
200 87
200 88
200 89
200 90
200 198
200 199
200 201
200 202
200 204
200 205
200 283
200 284
200 285
201 199
201 200
201 202
201 203
201 204
201 205
202 200
202 201
202 203
202 204
202 205
203 201
203 202
203 204
203 205
203 316
204 200
204 201
204 202
204 203
204 205
204 206
204 283
204 316
205 88
205 200
205 201
205 202
205 203
205 204
205 206
205 207
206 204
206 205
206 207
206 208
206 210
207 205
207 206
207 208
207 209
207 210
208 206
208 207
208 209
208 210
209 207
209 208
209 210
209 211
210 206
210 207
210 208
210 209
210 211
210 212
210 240
210 241
210 242
211 209
211 210
211 212
211 213
211 238
211 239
211 240
211 241
211 242
212 210
212 211
212 213
212 214
212 241
212 242
212 243
213 211
213 212
213 214
213 215
213 241
213 242
213 243
213 244
214 212
214 213
214 215
214 216
214 243
214 244
214 245
214 246
215 213
215 214
215 216
215 217
215 244
215 245
215 246
216 105
216 214
216 215
216 217
216 218
216 245
216 246
216 247
216 248
217 215
217 216
217 218
217 219
217 245
217 246
217 247
217 248
218 216
218 217
218 219
218 220
218 247
218 248
218 249
219 217
219 218
219 220
219 221
219 222
219 223
219 224
219 225
219 247
219 248
219 249
219 250
219 330
219 331
219 332
220 218
220 219
220 221
220 222
220 223
220 249
220 250
220 331
220 332
221 219
221 220
221 222
221 223
221 250
221 332
222 219
222 220
222 221
222 223
222 224
222 331
222 332
222 333
223 219
223 220
223 221
223 222
223 224
223 225
223 331
223 332
224 219
224 222
224 223
224 225
224 226
224 329
224 330
224 331
225 219
225 223
225 224
225 226
225 227
225 329
225 330
225 331
226 224
226 225
226 227
226 228
226 327
226 328
226 329
226 330
227 225
227 226
227 228
227 229
227 327
227 328
227 329
228 226
228 227
228 229
228 230
228 231
228 232
228 325
228 326
228 327
228 328
229 227
229 228
229 230
229 231
229 232
229 237
229 324
229 325
229 326
229 327
230 228
230 229
230 231
230 232
230 236
230 237
230 238
231 228
231 229
231 230
231 232
231 233
231 234
231 235
231 236
231 237
231 238
231 324
232 228
232 229
232 230
232 231
232 233
232 234
232 235
232 236
232 237
232 324
232 325
232 326
232 327
233 231
233 232
233 234
233 235
233 236
233 324
233 325
233 326
234 231
234 232
234 233
234 235
234 236
234 324
235 231
235 232
235 233
235 234
235 236
235 237
235 324
236 230
236 231
236 232
236 233
236 234
236 235
236 237
236 238
236 322
236 323
236 324
236 325
237 229
237 230
237 231
237 232
237 235
237 236
237 238
237 239
237 322
237 323
237 324
237 325
238 211
238 230
238 231
238 236
238 237
238 239
238 240
238 241
238 317
239 211
239 237
239 238
239 240
239 241
239 317
239 318
239 319
239 320
239 321
240 210
240 211
240 238
240 239
240 241
240 242
240 316
240 317
240 318
240 319
240 320
241 210
241 211
241 212
241 213
241 238
241 239
241 240
241 242
241 243
241 315
241 316
241 317
241 318
242 210
242 211
242 212
242 213
242 240
242 241
242 243
242 244
242 314
242 315
242 316
242 317
243 212
243 213
243 214
243 241
243 242
243 244
243 245
243 314
243 315
243 316
244 213
244 214
244 215
244 242
244 243
244 245
244 246
244 312
244 313
244 314
244 315
245 214
245 215
245 216
245 217
245 243
245 244
245 246
245 247
245 312
245 313
245 314
246 214
246 215
246 216
246 217
246 244
246 245
246 247
246 248
246 281
246 310
246 311
246 312
246 313
247 216
247 217
247 218
247 219
247 245
247 246
247 248
247 249
247 310
247 311
247 312
247 313
248 216
248 217
248 218
248 219
248 246
248 247
248 249
248 250
248 255
248 309
248 310
248 311
249 218
249 219
249 220
249 247
249 248
249 250
249 251
249 253
249 254
249 255
249 309
249 310
249 331
249 332
250 219
250 220
250 221
250 248
250 249
250 251
250 252
250 253
250 309
250 332
251 147
251 148
251 249
251 250
251 252
251 253
251 309
252 250
252 251
252 253
252 254
252 308
252 309
252 334
252 335
253 249
253 250
253 251
253 252
253 254
253 255
253 308
253 309
253 332
253 333
253 334
253 335
254 249
254 252
254 253
254 255
254 256
254 305
254 306
254 307
254 308
254 309
254 310
254 332
254 333
254 334
254 335
255 248
255 249
255 253
255 254
255 256
255 257
255 305
255 306
255 307
255 308
255 309
255 310
255 311
255 330
255 331
255 332
255 333
256 254
256 255
256 257
256 258
256 303
256 304
256 305
256 306
256 330
256 331
256 332
256 333
257 255
257 256
257 258
257 259
257 303
257 304
257 305
257 328
257 329
257 330
257 331
258 256
258 257
258 259
258 260
258 301
258 302
258 303
258 304
258 328
258 329
258 330
259 257
259 258
259 260
259 261
259 262
259 302
259 303
259 326
259 327
259 328
259 329
260 258
260 259
260 261
260 262
260 298
260 302
260 326
260 327
260 328
260 329
261 259
261 260
261 262
261 263
261 296
261 297
261 298
261 325
261 326
261 327
261 328
262 259
262 260
262 261
262 263
262 264
262 294
262 295
262 296
262 297
262 325
262 326
262 327
263 261
263 262
263 264
263 265
263 293
263 294
263 295
263 296
263 323
263 324
263 325
263 326
264 262
264 263
264 265
264 266
264 273
264 274
264 293
264 294
264 295
264 323
264 324
264 325
264 326
265 263
265 264
265 266
265 267
265 272
265 273
265 293
265 294
265 295
265 319
265 321
265 323
266 264
266 265
266 267
266 268
266 272
266 273
266 293
266 294
266 295
267 265
267 266
267 268
267 269
267 271
267 272
267 273
267 293
267 294
268 266
268 267
268 269
268 270
268 271
268 272
269 267
269 268
269 270
269 271
269 272
270 268
270 269
270 271
270 272
271 267
271 268
271 269
271 270
271 272
271 273
271 318
272 265
272 266
272 267
272 268
272 269
272 270
272 271
272 273
272 274
272 293
272 317
272 318
272 319
273 264
273 265
273 266
273 267
273 271
273 272
273 274
273 275
273 293
273 315
273 316
273 317
273 318
273 319
274 264
274 272
274 273
274 275
274 276
274 291
274 292
274 293
274 315
274 316
274 317
275 273
275 274
275 276
275 277
275 291
275 292
275 293
275 313
275 314
275 315
275 316
276 274
276 275
276 277
276 278
276 288
276 289
276 290
276 291
276 292
276 313
276 314
276 315
277 275
277 276
277 278
277 279
277 288
277 289
277 290
277 291
277 311
277 312
277 313
277 314
278 276
278 277
278 279
278 280
278 281
278 282
278 283
278 284
278 285
278 287
278 288
278 289
278 290
278 311
278 312
278 313
279 277
279 278
279 280
279 281
279 287
279 288
279 289
279 306
279 307
279 308
279 310
279 311
279 312
280 278
280 279
280 281
280 282
280 283
280 284
280 287
280 310
280 311
280 312
281 143
281 144
281 145
281 153
281 246
281 278
281 279
281 280
281 282
281 283
281 310
281 311
281 312
282 90
282 91
282 143
282 144
282 153
282 154
282 278
282 280
282 281
282 283
282 284
282 312
283 90
283 200
283 204
283 278
283 280
283 281
283 282
283 284
283 285
283 287
283 288
283 312
283 314
284 90
284 91
284 197
284 198
284 199
284 200
284 278
284 280
284 282
284 283
284 285
284 286
284 287
284 288
285 198
285 200
285 278
285 283
285 284
285 286
285 287
285 288
285 433
286 198
286 284
286 285
286 287
286 288
286 432
286 433
287 278
287 279
287 280
287 283
287 284
287 285
287 286
287 288
287 289
287 432
287 433
287 434
288 276
288 277
288 278
288 279
288 283
288 284
288 285
288 286
288 287
288 289
288 290
288 291
288 432
288 433
288 434
289 276
289 277
289 278
289 279
289 287
289 288
289 290
289 291
289 304
289 361
289 433
289 434
289 435
290 276
290 277
290 278
290 288
290 289
290 291
290 292
290 433
290 434
290 435
291 274
291 275
291 276
291 277
291 288
291 289
291 290
291 292
291 293
292 274
292 275
292 276
292 290
292 291
292 293
292 294
293 263
293 264
293 265
293 266
293 267
293 272
293 273
293 274
293 275
293 291
293 292
293 294
293 295
294 262
294 263
294 264
294 265
294 266
294 267
294 292
294 293
294 295
294 296
295 262
295 263
295 264
295 265
295 266
295 293
295 294
295 296
295 297
296 261
296 262
296 263
296 294
296 295
296 297
296 298
296 300
297 261
297 262
297 295
297 296
297 298
297 299
297 300
298 260
298 261
298 296
298 297
298 299
298 300
298 301
299 297
299 298
299 300
299 301
300 296
300 297
300 298
300 299
300 301
300 302
301 258
301 298
301 299
301 300
301 302
301 303
301 356
301 357
302 258
302 259
302 260
302 300
302 301
302 303
302 304
302 357
302 358
303 256
303 257
303 258
303 259
303 301
303 302
303 304
303 305
303 357
303 358
304 256
304 257
304 258
304 289
304 302
304 303
304 305
304 306
304 357
304 358
304 359
304 360
304 435
305 254
305 255
305 256
305 257
305 303
305 304
305 306
305 307
305 357
305 358
305 359
305 360
305 361
306 254
306 255
306 256
306 279
306 304
306 305
306 307
306 308
306 309
306 310
306 311
306 360
306 361
307 254
307 255
307 279
307 305
307 306
307 308
307 309
307 360
307 361
307 362
307 363
308 252
308 253
308 254
308 255
308 279
308 306
308 307
308 309
308 310
308 335
309 248
309 249
309 250
309 251
309 252
309 253
309 254
309 255
309 306
309 307
309 308
309 310
309 311
309 332
310 146
310 246
310 247
310 248
310 249
310 254
310 255
310 279
310 280
310 281
310 306
310 308
310 309
310 311
310 312
311 246
311 247
311 248
311 255
311 277
311 278
311 279
311 280
311 281
311 306
311 309
311 310
311 312
311 313
312 244
312 245
312 246
312 247
312 277
312 278
312 279
312 280
312 281
312 282
312 283
312 310
312 311
312 313
312 314
313 244
313 245
313 246
313 247
313 275
313 276
313 277
313 278
313 311
313 312
313 314
313 315
314 242
314 243
314 244
314 245
314 275
314 276
314 277
314 283
314 312
314 313
314 315
314 316
315 241
315 242
315 243
315 244
315 273
315 274
315 275
315 276
315 313
315 314
315 316
315 317
316 203
316 204
316 240
316 241
316 242
316 243
316 273
316 274
316 275
316 314
316 315
316 317
316 318
317 238
317 239
317 240
317 241
317 242
317 272
317 273
317 274
317 315
317 316
317 318
317 319
318 239
318 240
318 241
318 271
318 272
318 273
318 316
318 317
318 319
318 320
319 239
319 240
319 265
319 272
319 273
319 317
319 318
319 320
319 321
320 239
320 240
320 318
320 319
320 321
320 322
321 239
321 265
321 319
321 320
321 322
321 323
322 236
322 237
322 320
322 321
322 323
322 324
323 236
323 237
323 263
323 264
323 265
323 321
323 322
323 324
323 325
324 229
324 231
324 232
324 233
324 234
324 235
324 236
324 237
324 263
324 264
324 322
324 323
324 325
324 326
325 228
325 229
325 232
325 233
325 236
325 237
325 261
325 262
325 263
325 264
325 323
325 324
325 326
325 327
326 228
326 229
326 232
326 233
326 259
326 260
326 261
326 262
326 263
326 264
326 324
326 325
326 327
326 328
327 226
327 227
327 228
327 229
327 232
327 259
327 260
327 261
327 262
327 325
327 326
327 328
327 329
328 226
328 227
328 228
328 257
328 258
328 259
328 260
328 261
328 326
328 327
328 329
328 330
329 224
329 225
329 226
329 227
329 257
329 258
329 259
329 260
329 327
329 328
329 330
329 331
330 219
330 224
330 225
330 226
330 255
330 256
330 257
330 258
330 328
330 329
330 331
330 332
331 219
331 220
331 222
331 223
331 224
331 225
331 249
331 255
331 256
331 257
331 329
331 330
331 332
331 333
332 219
332 220
332 221
332 222
332 223
332 249
332 250
332 253
332 254
332 255
332 256
332 309
332 330
332 331
332 333
332 334
333 222
333 253
333 254
333 255
333 256
333 331
333 332
333 334
333 335
334 252
334 253
334 254
334 332
334 333
334 335
334 336
335 252
335 253
335 254
335 308
335 333
335 334
335 336
335 337
336 334
336 335
336 337
336 338
336 339
337 335
337 336
337 338
337 339
338 336
338 337
338 339
338 340
338 365
339 336
339 337
339 338
339 340
339 341
339 353
339 364
339 365
339 366
340 338
340 339
340 341
340 342
340 365
340 366
340 367
340 368
341 339
341 340
341 342
341 343
341 366
341 367
341 368
342 340
342 341
342 343
342 344
342 367
342 368
342 369
342 370
343 341
343 342
343 344
343 345
343 348
343 367
343 368
343 369
343 370
344 342
344 343
344 345
344 346
344 369
344 370
344 371
345 343
345 344
345 346
345 347
345 348
345 370
345 371
346 344
346 345
346 347
346 348
346 371
346 372
346 444
346 445
347 345
347 346
347 348
347 349
347 442
347 443
347 444
347 445
348 343
348 345
348 346
348 347
348 349
348 350
348 442
348 443
348 444
349 347
349 348
349 350
349 351
349 440
349 441
349 442
349 443
350 348
350 349
350 351
350 352
350 440
350 441
350 442
351 349
351 350
351 352
351 353
351 355
351 438
351 439
351 440
351 441
352 350
352 351
352 353
352 354
352 355
352 359
352 428
352 438
352 439
352 440
353 339
353 351
353 352
353 354
353 355
353 359
353 360
354 352
354 353
354 355
354 356
354 357
354 358
354 359
355 351
355 352
355 353
355 354
355 356
355 357
355 358
355 359
355 437
355 438
355 439
355 440
356 301
356 354
356 355
356 357
356 358
356 437
356 438
356 439
357 301
357 302
357 303
357 304
357 305
357 354
357 355
357 356
357 358
357 359
357 437
357 438
358 302
358 303
358 304
358 305
358 354
358 355
358 356
358 357
358 359
358 360
358 435
358 436
358 437
358 438
359 304
359 305
359 352
359 353
359 354
359 355
359 357
359 358
359 360
359 361
359 435
359 436
359 437
359 438
360 304
360 305
360 306
360 307
360 353
360 358
360 359
360 361
360 362
360 363
360 430
360 435
361 289
361 305
361 306
361 307
361 359
361 360
361 362
361 363
361 430
361 431
361 432
361 433
361 434
361 435
362 307
362 360
362 361
362 363
362 364
362 429
362 430
362 431
362 432
362 433
363 307
363 360
363 361
363 362
363 364
363 365
363 428
363 429
363 430
363 431
364 339
364 362
364 363
364 365
364 366
364 427
364 428
364 429
364 430
365 338
365 339
365 340
365 363
365 364
365 366
365 367
365 427
365 428
365 429
366 339
366 340
366 341
366 364
366 365
366 367
366 368
366 425
366 426
366 427
366 428
367 340
367 341
367 342
367 343
367 365
367 366
367 368
367 369
367 425
367 426
367 427
368 340
368 341
368 342
368 343
368 366
368 367
368 369
368 370
368 423
368 424
368 425
368 426
369 342
369 343
369 344
369 367
369 368
369 370
369 371
369 377
369 423
369 424
369 425
369 426
370 342
370 343
370 344
370 345
370 368
370 369
370 371
370 372
370 377
370 422
370 423
370 424
371 344
371 345
371 346
371 369
371 370
371 372
371 373
371 375
371 376
371 377
371 422
371 423
371 445
372 346
372 370
372 371
372 373
372 374
372 375
372 422
372 445
373 371
373 372
373 374
373 375
373 376
373 422
374 372
374 373
374 375
374 376
374 422
374 447
374 448
375 371
375 372
375 373
375 374
375 376
375 377
375 421
375 422
375 445
375 446
375 447
375 448
376 371
376 373
376 374
376 375
376 377
376 378
376 418
376 419
376 420
376 421
376 422
376 423
376 445
376 446
376 447
376 448
377 369
377 370
377 371
377 375
377 376
377 378
377 379
377 418
377 419
377 420
377 421
377 422
377 423
377 424
377 443
377 444
377 445
377 446
378 376
378 377
378 379
378 380
378 416
378 417
378 418
378 419
378 443
378 444
378 445
378 446
379 377
379 378
379 380
379 381
379 416
379 417
379 418
379 441
379 442
379 443
379 444
380 378
380 379
380 381
380 382
380 414
380 415
380 416
380 417
380 441
380 442
380 443
381 379
381 380
381 382
381 383
381 384
381 414
381 415
381 416
381 439
381 440
381 441
381 442
382 380
382 381
382 383
382 384
382 413
382 414
382 415
382 439
382 440
382 441
382 442
383 381
383 382
383 384
383 385
383 412
383 413
383 414
383 438
383 439
383 440
383 441
384 381
384 382
384 383
384 385
384 386
384 410
384 411
384 412
384 413
384 414
384 437
384 438
384 439
384 440
385 383
385 384
385 386
385 387
385 409
385 410
385 411
385 412
385 436
385 437
385 438
385 439
386 384
386 385
386 387
386 388
386 399
386 400
386 409
386 410
386 411
386 435
386 436
386 437
386 438
386 439
387 385
387 386
387 388
387 389
387 409
387 410
387 411
387 436
388 386
388 387
388 389
388 390
388 391
388 399
388 410
388 434
388 435
388 436
389 387
389 388
389 390
389 391
389 434
390 388
390 389
390 391
390 392
391 388
391 389
391 390
391 392
391 393
391 395
391 396
392 390
392 391
392 393
392 394
392 395
393 391
393 392
393 394
393 395
393 396
393 410
394 392
394 393
394 395
394 396
394 408
394 409
394 410
395 391
395 392
395 393
395 394
395 396
395 397
396 391
396 393
396 394
396 395
396 397
396 398
396 399
396 400
396 407
396 408
396 409
397 395
397 396
397 398
397 399
397 400
398 396
398 397
398 399
398 400
398 429
398 430
398 431
399 386
399 388
399 396
399 397
399 398
399 400
399 401
399 409
399 428
399 429
399 430
399 431
400 386
400 396
400 397
400 398
400 399
400 401
400 402
400 407
400 408
400 409
400 428
400 429
400 430
401 399
401 400
401 402
401 403
401 407
401 408
401 409
401 426
401 427
401 428
401 429
402 400
402 401
402 403
402 404
402 405
402 406
402 407
402 408
402 426
402 427
402 428
403 401
403 402
403 404
403 405
403 406
403 407
403 417
403 424
403 425
403 426
403 427
404 402
404 403
404 405
404 406
404 424
404 425
404 426
405 402
405 403
405 404
405 406
405 407
406 402
406 403
406 404
406 405
406 407
406 408
407 396
407 400
407 401
407 402
407 403
407 405
407 406
407 408
407 409
408 394
408 396
408 400
408 401
408 402
408 406
408 407
408 409
408 410
409 385
409 386
409 387
409 394
409 396
409 399
409 400
409 401
409 407
409 408
409 410
409 411
410 384
410 385
410 386
410 387
410 388
410 393
410 394
410 408
410 409
410 411
410 412
411 384
411 385
411 386
411 387
411 409
411 410
411 412
411 413
412 383
412 384
412 385
412 410
412 411
412 413
412 414
412 415
413 382
413 383
413 384
413 411
413 412
413 414
413 415
414 380
414 381
414 382
414 383
414 384
414 412
414 413
414 415
414 416
415 380
415 381
415 382
415 412
415 413
415 414
415 416
415 417
416 378
416 379
416 380
416 381
416 414
416 415
416 417
416 418
417 378
417 379
417 380
417 403
417 415
417 416
417 418
417 419
418 376
418 377
418 378
418 379
418 416
418 417
418 419
418 420
419 376
419 377
419 378
419 417
419 418
419 420
419 421
419 422
419 423
419 424
420 376
420 377
420 418
420 419
420 421
420 422
421 375
421 376
421 377
421 419
421 420
421 422
421 423
421 424
422 370
422 371
422 372
422 373
422 374
422 375
422 376
422 377
422 419
422 420
422 421
422 423
422 424
422 445
423 368
423 369
423 370
423 371
423 376
423 377
423 419
423 421
423 422
423 424
423 425
424 368
424 369
424 370
424 377
424 403
424 404
424 419
424 421
424 422
424 423
424 425
424 426
425 366
425 367
425 368
425 369
425 403
425 404
425 423
425 424
425 426
425 427
426 366
426 367
426 368
426 369
426 401
426 402
426 403
426 404
426 424
426 425
426 427
426 428
427 364
427 365
427 366
427 367
427 401
427 402
427 403
427 425
427 426
427 428
427 429
428 352
428 363
428 364
428 365
428 366
428 399
428 400
428 401
428 402
428 426
428 427
428 429
428 430
429 362
429 363
429 364
429 365
429 398
429 399
429 400
429 401
429 427
429 428
429 430
429 431
430 360
430 361
430 362
430 363
430 364
430 398
430 399
430 400
430 428
430 429
430 431
430 432
430 433
430 435
431 361
431 362
431 363
431 398
431 399
431 429
431 430
431 432
431 433
431 434
432 286
432 287
432 288
432 361
432 362
432 430
432 431
432 433
432 434
433 285
433 286
433 287
433 288
433 289
433 290
433 361
433 362
433 430
433 431
433 432
433 434
433 435
434 287
434 288
434 289
434 290
434 361
434 388
434 389
434 431
434 432
434 433
434 435
434 436
435 289
435 290
435 304
435 358
435 359
435 360
435 361
435 386
435 388
435 430
435 433
435 434
435 436
435 437
435 438
436 358
436 359
436 385
436 386
436 387
436 388
436 434
436 435
436 437
436 438
437 355
437 356
437 357
437 358
437 359
437 384
437 385
437 386
437 435
437 436
437 438
437 439
438 351
438 352
438 355
438 356
438 357
438 358
438 359
438 383
438 384
438 385
438 386
438 435
438 436
438 437
438 439
438 440
439 351
439 352
439 355
439 356
439 381
439 382
439 383
439 384
439 385
439 386
439 437
439 438
439 440
439 441
440 349
440 350
440 351
440 352
440 355
440 381
440 382
440 383
440 384
440 438
440 439
440 441
440 442
441 349
441 350
441 351
441 379
441 380
441 381
441 382
441 383
441 439
441 440
441 442
441 443
442 347
442 348
442 349
442 350
442 379
442 380
442 381
442 382
442 440
442 441
442 443
442 444
443 347
443 348
443 349
443 377
443 378
443 379
443 380
443 441
443 442
443 444
443 445
444 346
444 347
444 348
444 377
444 378
444 379
444 442
444 443
444 445
444 446
445 346
445 347
445 371
445 372
445 375
445 376
445 377
445 378
445 422
445 443
445 444
445 446
445 447
446 375
446 376
446 377
446 378
446 444
446 445
446 447
446 448
446 450
446 451
446 452
446 453
447 374
447 375
447 376
447 445
447 446
447 448
447 449
447 450
447 451
447 452
447 453
448 374
448 375
448 376
448 446
448 447
448 449
448 450
448 451
449 447
449 448
449 450
449 451
450 446
450 447
450 448
450 449
450 451
450 452
450 453
451 446
451 447
451 448
451 449
451 450
451 452
451 453
451 457
451 461
451 463
452 446
452 447
452 450
452 451
452 453
452 454
452 455
452 456
452 457
452 463
453 446
453 447
453 450
453 451
453 452
453 454
453 455
453 456
454 452
454 453
454 455
454 456
454 465
454 466
455 452
455 453
455 454
455 456
455 457
455 463
455 464
455 465
455 466
456 452
456 453
456 454
456 455
456 457
456 458
456 463
456 464
456 465
456 466
456 469
456 481
457 451
457 452
457 455
457 456
457 458
457 459
457 460
457 461
457 462
457 463
457 464
457 481
458 456
458 457
458 459
458 460
458 461
458 462
458 463
458 464
458 476
458 477
458 478
458 479
458 480
458 481
459 457
459 458
459 460
459 461
459 462
459 476
459 478
459 480
460 457
460 458
460 459
460 461
460 462
460 476
460 477
460 478
461 451
461 457
461 458
461 459
461 460
461 462
461 463
462 457
462 458
462 459
462 460
462 461
462 463
462 464
462 476
463 451
463 452
463 455
463 456
463 457
463 458
463 461
463 462
463 464
463 465
464 455
464 456
464 457
464 458
464 462
464 463
464 465
464 466
464 468
464 469
464 475
464 476
465 454
465 455
465 456
465 463
465 464
465 466
465 467
465 468
465 469
466 454
466 455
466 456
466 464
466 465
466 467
466 468
466 469
467 465
467 466
467 468
467 469
467 470
467 471
468 464
468 465
468 466
468 467
468 469
468 470
468 471
468 473
468 475
468 481
469 456
469 464
469 465
469 466
469 467
469 468
469 470
469 471
469 472
469 481
469 482
470 467
470 468
470 469
470 471
470 472
470 473
470 481
470 482
470 483
470 485
470 486
470 487
470 499
470 500
471 467
471 468
471 469
471 470
471 472
471 473
471 482
471 492
471 500
471 501
471 502
472 469
472 470
472 471
472 473
472 474
472 482
472 499
472 500
472 501
472 502
473 468
473 470
473 471
473 472
473 474
473 475
473 482
473 501
474 472
474 473
474 475
474 476
474 477
474 478
474 479
474 480
474 481
474 482
475 464
475 468
475 473
475 474
475 476
475 477
475 479
475 481
476 458
476 459
476 460
476 462
476 464
476 474
476 475
476 477
476 478
476 479
476 480
476 481
477 458
477 460
477 474
477 475
477 476
477 478
477 479
477 480
478 458
478 459
478 460
478 474
478 476
478 477
478 479
478 480
479 458
479 474
479 475
479 476
479 477
479 478
479 480
479 481
479 482
479 483
480 458
480 459
480 474
480 476
480 477
480 478
480 479
480 481
480 482
480 483
481 456
481 457
481 458
481 468
481 469
481 470
481 474
481 475
481 476
481 479
481 480
481 482
481 483
482 469
482 470
482 471
482 472
482 473
482 474
482 479
482 480
482 481
482 483
482 484
482 485
482 499
482 500
483 470
483 479
483 480
483 481
483 482
483 484
483 485
483 498
483 499
484 482
484 483
484 485
484 486
484 498
484 499
485 470
485 482
485 483
485 484
485 486
485 487
485 498
485 499
485 500
486 470
486 484
486 485
486 487
486 488
486 494
486 498
486 500
487 470
487 485
487 486
487 488
487 489
487 492
487 493
487 494
487 499
487 500
487 501
488 486
488 487
488 489
488 490
488 491
488 492
488 493
489 487
489 488
489 490
489 491
489 492
489 493
489 494
490 488
490 489
490 491
490 492
491 488
491 489
491 490
491 492
491 493
491 502
491 503
492 471
492 487
492 488
492 489
492 490
492 491
492 493
492 494
492 500
492 501
492 502
492 503
493 487
493 488
493 489
493 491
493 492
493 494
493 495
493 500
493 501
493 502
493 503
493 506
493 518
494 486
494 487
494 489
494 492
494 493
494 495
494 496
494 498
494 499
494 500
494 501
494 517
494 518
495 493
495 494
495 496
495 497
495 498
495 499
495 500
495 501
495 513
495 515
495 516
495 517
495 518
496 494
496 495
496 497
496 498
496 499
496 515
496 517
497 495
497 496
497 498
497 499
497 513
497 515
498 483
498 484
498 485
498 486
498 494
498 495
498 496
498 497
498 499
498 500
499 470
499 472
499 482
499 483
499 484
499 485
499 487
499 494
499 495
499 496
499 497
499 498
499 500
499 501
499 513
500 470
500 471
500 472
500 482
500 485
500 486
500 487
500 492
500 493
500 494
500 495
500 498
500 499
500 501
500 502
500 513
501 471
501 472
501 473
501 487
501 492
501 493
501 494
501 495
501 499
501 500
501 502
501 503
501 505
501 506
501 512
501 513
501 518
502 471
502 472
502 491
502 492
502 493
502 500
502 501
502 503
502 504
502 505
502 506
503 491
503 492
503 493
503 501
503 502
503 504
503 505
503 506
504 502
504 503
504 505
504 506
504 507
504 508
505 501
505 502
505 503
505 504
505 506
505 507
505 508
505 510
505 512
505 518
506 493
506 501
506 502
506 503
506 504
506 505
506 507
506 508
506 518
506 519
506 522
507 504
507 505
507 506
507 508
507 509
507 510
507 518
507 519
507 520
507 522
508 504
508 505
508 506
508 507
508 509
508 510
508 519
509 507
509 508
509 510
509 511
509 519
510 505
510 507
510 508
510 509
510 511
510 512
510 516
510 519
511 509
511 510
511 512
511 513
511 514
511 515
511 516
511 517
511 518
511 519
512 501
512 505
512 510
512 511
512 513
512 514
512 516
512 518
513 495
513 497
513 499
513 500
513 501
513 511
513 512
513 514
513 515
513 516
513 517
513 518
514 511
514 512
514 513
514 515
514 516
514 517
515 495
515 496
515 497
515 511
515 513
515 514
515 516
515 517
516 495
516 510
516 511
516 512
516 513
516 514
516 515
516 517
516 518
516 519
516 520
517 494
517 495
517 496
517 511
517 513
517 514
517 515
517 516
517 518
517 519
517 520
518 493
518 494
518 495
518 501
518 505
518 506
518 507
518 511
518 512
518 513
518 516
518 517
518 519
518 520
518 522
519 506
519 507
519 508
519 509
519 510
519 511
519 516
519 517
519 518
519 520
519 521
519 522
520 507
520 516
520 517
520 518
520 519
520 521
520 522
520 523
521 519
521 520
521 522
521 523
522 506
522 507
522 518
522 519
522 520
522 521
522 523
522 524
523 520
523 521
523 522
523 524
523 525
523 526
524 522
524 523
524 525
524 526
524 528
524 529
524 530
524 536
525 523
525 524
525 526
525 527
525 528
526 523
526 524
526 525
526 527
526 528
527 525
527 526
527 528
527 529
527 538
527 539
528 524
528 525
528 526
528 527
528 529
528 530
528 536
528 537
528 538
528 539
529 524
529 527
529 528
529 530
529 531
529 536
529 537
529 538
529 539
529 541
529 542
529 554
530 524
530 528
530 529
530 531
530 532
530 534
530 535
530 536
530 537
530 553
530 554
531 529
531 530
531 532
531 533
531 534
531 535
531 536
531 537
531 549
531 551
531 552
531 553
531 554
532 530
532 531
532 533
532 534
532 535
532 551
532 553
532 739
533 531
533 532
533 534
533 535
533 549
533 551
534 530
534 531
534 532
534 533
534 535
534 536
535 530
535 531
535 532
535 533
535 534
535 536
535 537
535 549
536 524
536 528
536 529
536 530
536 531
536 534
536 535
536 537
536 538
537 528
537 529
537 530
537 531
537 535
537 536
537 538
537 539
537 541
537 542
537 548
537 549
538 527
538 528
538 529
538 536
538 537
538 539
538 540
538 541
538 542
539 527
539 528
539 529
539 537
539 538
539 540
539 541
539 542
540 538
540 539
540 541
540 542
540 543
540 544
541 529
541 537
541 538
541 539
541 540
541 542
541 543
541 544
541 546
541 548
541 554
542 529
542 537
542 538
542 539
542 540
542 541
542 543
542 544
542 554
542 555
542 558
543 540
543 541
543 542
543 544
543 545
543 546
543 554
543 555
543 556
543 557
543 558
544 540
544 541
544 542
544 543
544 545
544 546
544 555
545 543
545 544
545 546
545 547
545 555
546 541
546 543
546 544
546 545
546 547
546 548
546 552
546 554
546 555
547 545
547 546
547 548
547 549
547 550
547 551
547 552
547 553
547 554
547 555
548 537
548 541
548 546
548 547
548 549
548 550
548 552
548 554
549 531
549 533
549 535
549 537
549 547
549 548
549 550
549 551
549 552
549 553
549 554
550 547
550 548
550 549
550 551
550 552
551 531
551 532
551 533
551 547
551 549
551 550
551 552
551 553
552 531
552 546
552 547
552 548
552 549
552 550
552 551
552 553
552 554
552 555
552 556
553 530
553 531
553 532
553 547
553 549
553 551
553 552
553 554
553 555
553 556
553 557
554 529
554 530
554 531
554 541
554 542
554 543
554 546
554 547
554 548
554 549
554 552
554 553
554 555
554 556
554 557
554 558
555 542
555 543
555 544
555 545
555 546
555 547
555 552
555 553
555 554
555 556
555 557
555 558
555 580
555 581
556 543
556 552
556 553
556 554
556 555
556 557
556 558
556 580
556 581
556 582
557 543
557 553
557 554
557 555
557 556
557 558
557 559
557 580
557 581
557 582
558 542
558 543
558 554
558 555
558 556
558 557
558 559
558 560
558 561
558 562
558 580
558 581
559 557
559 558
559 560
559 561
560 558
560 559
560 561
560 562
561 558
561 559
561 560
561 562
561 563
561 579
561 580
561 581
561 591
562 558
562 560
562 561
562 563
562 564
562 579
562 580
563 561
563 562
563 564
563 565
563 577
563 578
563 579
563 580
564 562
564 563
564 565
564 566
564 570
564 577
564 578
564 579
564 580
565 563
565 564
565 566
565 567
565 578
566 564
566 565
566 567
566 568
566 569
566 570
566 571
566 572
566 577
566 578
566 579
567 565
567 566
567 568
567 569
567 570
568 566
568 567
568 569
568 570
568 735
569 566
569 567
569 568
569 570
569 571
569 580
569 582
569 734
569 735
570 564
570 566
570 567
570 568
570 569
570 571
570 572
570 578
570 579
570 580
570 581
570 582
570 735
571 566
571 569
571 570
571 572
571 573
571 578
571 579
571 580
571 581
571 582
571 583
571 584
571 585
571 733
571 735
572 566
572 570
572 571
572 573
572 574
572 576
572 577
572 578
572 579
573 571
573 572
573 574
573 575
573 576
573 577
573 578
573 579
573 592
573 594
573 596
573 597
574 572
574 573
574 575
574 576
574 577
574 594
574 596
575 573
575 574
575 576
575 577
575 594
576 572
576 573
576 574
576 575
576 577
576 578
577 563
577 564
577 566
577 572
577 573
577 574
577 575
577 576
577 578
577 579
577 592
578 563
578 564
578 565
578 566
578 570
578 571
578 572
578 573
578 576
578 577
578 579
578 580
579 561
579 562
579 563
579 564
579 566
579 570
579 571
579 572
579 573
579 577
579 578
579 580
579 581
579 591
579 592
580 555
580 556
580 557
580 558
580 561
580 562
580 563
580 564
580 569
580 570
580 571
580 578
580 579
580 581
580 582
581 555
581 556
581 557
581 558
581 561
581 570
581 571
581 579
581 580
581 582
581 583
581 584
582 556
582 557
582 569
582 570
582 571
582 580
582 581
582 583
582 584
582 733
582 735
582 736
583 571
583 581
583 582
583 584
583 585
583 586
583 587
583 732
583 733
583 735
583 736
584 571
584 581
584 582
584 583
584 585
584 586
584 587
584 589
584 591
584 597
584 598
585 571
585 583
585 584
585 586
585 587
585 596
585 597
585 598
585 599
585 732
585 733
586 583
586 584
586 585
586 587
586 588
586 589
586 597
586 598
586 599
586 601
587 583
587 584
587 585
587 586
587 588
587 589
587 598
587 813
587 814
588 586
588 587
588 589
588 590
588 598
588 814
589 584
589 586
589 587
589 588
589 590
589 591
589 598
590 588
590 589
590 591
590 592
590 593
590 594
590 595
590 596
590 597
590 598
591 561
591 579
591 584
591 589
591 590
591 592
591 593
591 595
591 597
592 573
592 577
592 579
592 590
592 591
592 593
592 594
592 595
592 596
592 597
593 590
593 591
593 592
593 594
593 595
593 596
594 573
594 574
594 575
594 590
594 592
594 593
594 595
594 596
595 590
595 591
595 592
595 593
595 594
595 596
595 597
595 598
595 599
596 573
596 574
596 585
596 590
596 592
596 593
596 594
596 595
596 597
596 598
596 599
597 573
597 584
597 585
597 586
597 590
597 591
597 592
597 595
597 596
597 598
597 599
598 584
598 585
598 586
598 587
598 588
598 589
598 590
598 595
598 596
598 597
598 599
598 600
598 601
599 585
599 586
599 595
599 596
599 597
599 598
599 600
599 601
600 598
600 599
600 601
600 602
601 586
601 598
601 599
601 600
601 602
601 603
602 600
602 601
602 603
602 604
602 605
602 728
603 601
603 602
603 604
603 605
603 645
603 727
603 728
603 729
603 730
603 816
603 817
604 602
604 603
604 605
604 606
604 727
604 728
604 729
604 730
604 816
604 817
604 818
605 602
605 603
605 604
605 606
605 607
605 727
605 728
605 729
605 815
605 816
605 817
606 604
606 605
606 607
606 608
606 609
606 623
606 624
606 625
606 626
607 605
607 606
607 608
607 609
607 623
607 624
607 626
607 724
607 725
608 606
608 607
608 609
608 610
608 621
608 622
608 623
608 624
609 606
609 607
609 608
609 610
609 611
609 624
610 608
610 609
610 611
610 612
611 609
611 610
611 612
611 613
612 610
612 611
612 613
612 614
613 611
613 612
613 614
613 615
614 612
614 613
614 615
614 616
614 618
615 613
615 614
615 616
615 617
615 618
615 765
615 766
616 614
616 615
616 617
616 618
616 765
616 796
616 797
617 615
617 616
617 618
617 619
617 752
617 763
617 764
617 765
617 766
617 797
618 614
618 615
618 616
618 617
618 619
618 620
618 763
618 764
618 765
619 617
619 618
619 620
619 621
619 761
619 762
619 763
619 764
620 618
620 619
620 621
620 622
620 624
620 625
620 761
620 762
620 763
620 764
621 608
621 619
621 620
621 622
621 623
621 624
622 608
622 620
622 621
622 623
622 624
622 625
622 678
622 725
623 606
623 607
623 608
623 621
623 622
623 624
623 625
623 626
623 676
623 678
623 724
623 725
623 726
624 606
624 607
624 608
624 609
624 620
624 621
624 622
624 623
624 625
624 626
624 725
625 606
625 620
625 622
625 623
625 624
625 626
625 627
625 628
625 725
626 606
626 607
626 623
626 624
626 625
626 627
626 628
626 675
626 676
626 724
626 725
626 726
626 727
626 728
627 625
627 626
627 628
627 629
627 643
627 644
627 645
627 675
627 676
627 726
627 727
627 728
627 729
628 625
628 626
628 627
628 629
628 630
628 641
628 642
628 643
628 644
628 675
628 676
628 677
628 747
628 748
628 806
628 807
629 627
629 628
629 630
629 631
629 641
629 642
629 643
629 644
629 673
629 674
629 675
629 676
629 677
629 806
630 628
630 629
630 631
630 632
630 638
630 639
630 640
630 641
630 642
630 673
630 674
630 675
630 677
631 629
631 630
631 632
631 633
631 638
631 639
631 640
631 641
631 642
631 671
631 672
631 673
631 674
632 630
632 631
632 633
632 634
632 636
632 637
632 638
632 639
632 640
632 671
632 672
632 673
632 674
633 631
633 632
633 634
633 635
633 636
633 637
633 638
633 639
633 665
633 670
633 671
633 672
634 632
634 633
634 635
634 636
634 637
634 670
634 671
634 672
635 633
635 634
635 636
635 637
636 632
636 633
636 634
636 635
636 637
636 638
636 639
637 632
637 633
637 634
637 635
637 636
637 638
637 639
638 630
638 631
638 632
638 633
638 636
638 637
638 639
638 640
638 802
639 630
639 631
639 632
639 633
639 636
639 637
639 638
639 640
639 641
639 656
639 802
639 804
640 630
640 631
640 632
640 638
640 639
640 641
640 642
640 652
640 656
640 802
640 803
640 804
640 805
640 806
641 628
641 629
641 630
641 631
641 639
641 640
641 642
641 643
641 652
641 748
641 749
641 802
641 803
641 804
641 805
641 806
641 807
642 628
642 629
642 630
642 631
642 640
642 641
642 643
642 644
642 650
642 651
642 652
642 653
642 805
642 806
642 807
643 627
643 628
643 629
643 641
643 642
643 644
643 645
643 650
643 651
643 652
643 728
643 729
643 805
643 806
643 807
644 627
644 628
644 629
644 642
644 643
644 645
644 646
644 647
644 649
644 650
644 651
644 727
644 728
644 729
645 603
645 627
645 643
645 644
645 646
645 647
645 649
645 650
645 651
645 728
645 729
645 730
645 731
645 854
646 644
646 645
646 647
646 648
646 649
646 650
646 728
646 854
647 644
647 645
647 646
647 648
647 649
647 719
647 720
647 721
647 722
647 728
648 646
648 647
648 649
648 650
648 715
648 716
648 717
648 718
648 719
648 720
649 644
649 645
649 646
649 647
649 648
649 650
649 651
649 713
649 714
649 715
649 716
649 852
650 642
650 643
650 644
650 645
650 646
650 648
650 649
650 651
650 652
650 713
650 714
650 715
650 716
651 642
651 643
651 644
651 645
651 649
651 650
651 652
651 653
651 711
651 712
651 713
651 714
651 805
652 640
652 641
652 642
652 643
652 650
652 651
652 653
652 654
652 656
652 711
652 712
652 713
652 714
652 804
652 805
652 806
652 807
652 822
653 642
653 651
653 652
653 654
653 655
653 656
653 657
653 698
653 710
653 711
653 712
653 804
653 805
653 806
653 822
653 823
653 824
654 652
654 653
654 655
654 656
654 657
654 658
654 698
654 699
654 702
654 709
654 710
654 711
654 712
654 805
655 653
655 654
655 656
655 657
655 658
655 704
655 707
655 710
655 711
655 824
656 639
656 640
656 652
656 653
656 654
656 655
656 657
656 658
656 665
656 804
656 805
657 653
657 654
657 655
657 656
657 658
657 659
657 664
657 665
657 666
657 667
657 696
657 698
658 654
658 655
658 656
658 657
658 659
658 660
658 664
658 665
658 666
659 657
659 658
659 660
659 661
659 662
659 663
659 664
659 665
659 666
660 658
660 659
660 661
660 662
660 663
660 664
660 665
661 659
661 660
661 662
661 663
662 659
662 660
662 661
662 663
662 664
663 659
663 660
663 661
663 662
663 664
663 665
664 657
664 658
664 659
664 660
664 662
664 663
664 665
664 666
664 667
664 670
665 633
665 656
665 657
665 658
665 659
665 660
665 663
665 664
665 666
665 667
665 668
665 670
665 671
666 657
666 658
666 659
666 664
666 665
666 667
666 668
666 696
667 657
667 664
667 665
667 666
667 668
667 669
667 670
667 671
667 695
667 696
668 665
668 666
668 667
668 669
668 670
668 671
668 692
668 693
668 694
668 695
668 696
669 667
669 668
669 670
669 671
669 692
669 693
669 694
670 633
670 634
670 664
670 665
670 667
670 668
670 669
670 671
670 672
671 631
671 632
671 633
671 634
671 665
671 667
671 668
671 669
671 670
671 672
671 673
671 692
671 693
672 631
672 632
672 633
672 634
672 670
672 671
672 673
672 674
672 690
672 691
672 692
672 693
673 629
673 630
673 631
673 632
673 671
673 672
673 674
673 675
673 690
673 691
673 692
673 693
674 629
674 630
674 631
674 632
674 672
674 673
674 675
674 676
674 677
674 683
674 688
674 689
674 690
674 691
675 626
675 627
675 628
675 629
675 630
675 673
675 674
675 676
675 677
675 688
675 689
675 690
675 691
675 720
675 726
676 623
676 626
676 627
676 628
676 629
676 674
676 675
676 677
676 678
676 687
676 688
676 689
676 725
676 726
677 628
677 629
677 630
677 674
677 675
677 676
677 678
677 679
677 680
677 682
677 683
677 685
677 687
677 688
677 689
677 725
678 622
678 623
678 676
678 677
678 679
678 680
678 682
678 761
678 762
679 677
679 678
679 680
679 681
679 682
679 683
679 760
679 761
679 762
680 677
680 678
680 679
680 681
680 682
680 683
680 749
680 760
680 761
681 679
681 680
681 682
681 683
681 760
682 677
682 678
682 679
682 680
682 681
682 683
682 684
682 685
683 674
683 677
683 679
683 680
683 681
683 682
683 684
683 685
683 688
684 682
684 683
684 685
684 686
684 688
685 677
685 682
685 683
685 684
685 686
685 687
685 688
686 684
686 685
686 687
686 688
687 676
687 677
687 685
687 686
687 688
687 689
687 723
687 724
687 725
687 726
688 674
688 675
688 676
688 677
688 683
688 684
688 685
688 686
688 687
688 689
688 690
688 725
689 674
689 675
689 676
689 677
689 687
689 688
689 690
689 691
689 720
690 672
690 673
690 674
690 675
690 688
690 689
690 691
690 692
691 672
691 673
691 674
691 675
691 689
691 690
691 692
691 693
691 716
691 717
691 718
691 720
692 668
692 669
692 671
692 672
692 673
692 690
692 691
692 693
692 694
692 716
692 717
692 718
693 668
693 669
693 671
693 672
693 673
693 691
693 692
693 694
693 695
693 696
693 714
693 715
693 716
693 717
694 668
694 669
694 692
694 693
694 695
694 696
694 714
694 715
694 716
694 717
695 667
695 668
695 693
695 694
695 696
695 697
695 714
695 715
695 716
696 657
696 666
696 667
696 668
696 693
696 694
696 695
696 697
696 698
696 712
696 713
696 714
696 715
697 695
697 696
697 698
697 699
697 712
697 713
697 714
698 653
698 654
698 657
698 696
698 697
698 699
698 700
698 702
698 710
698 711
698 712
698 713
699 654
699 697
699 698
699 700
699 701
699 702
699 709
699 710
699 711
699 712
700 698
700 699
700 701
700 702
701 699
701 700
701 702
701 703
701 708
701 709
702 654
702 698
702 699
702 700
702 701
702 703
702 704
702 707
702 708
702 709
702 710
702 711
703 701
703 702
703 704
703 705
703 706
703 707
703 708
703 709
703 710
704 655
704 702
704 703
704 705
704 706
704 707
704 708
705 703
705 704
705 706
705 707
706 703
706 704
706 705
706 707
706 708
706 782
707 655
707 702
707 703
707 704
707 705
707 706
707 708
707 709
707 710
707 824
707 825
708 701
708 702
708 703
708 704
708 706
708 707
708 709
708 710
708 784
708 786
708 787
709 654
709 699
709 701
709 702
709 703
709 707
709 708
709 710
709 711
709 786
709 839
710 653
710 654
710 655
710 698
710 699
710 702
710 703
710 707
710 708
710 709
710 711
710 712
710 824
710 839
711 651
711 652
711 653
711 654
711 655
711 698
711 699
711 702
711 709
711 710
711 712
711 713
711 805
711 822
711 839
712 651
712 652
712 653
712 654
712 696
712 697
712 698
712 699
712 710
712 711
712 713
712 714
713 649
713 650
713 651
713 652
713 696
713 697
713 698
713 711
713 712
713 714
713 715
713 848
714 649
714 650
714 651
714 652
714 693
714 694
714 695
714 696
714 697
714 712
714 713
714 715
714 716
715 648
715 649
715 650
715 693
715 694
715 695
715 696
715 713
715 714
715 716
715 717
716 648
716 649
716 650
716 691
716 692
716 693
716 694
716 695
716 714
716 715
716 717
716 718
716 719
716 720
717 648
717 691
717 692
717 693
717 694
717 715
717 716
717 718
717 719
718 648
718 691
718 692
718 716
718 717
718 719
718 720
719 647
719 648
719 716
719 717
719 718
719 720
719 721
720 647
720 648
720 675
720 689
720 691
720 716
720 718
720 719
720 721
720 722
720 726
721 647
721 719
721 720
721 722
721 723
721 726
722 647
722 720
722 721
722 723
722 724
722 725
722 726
722 727
723 687
723 721
723 722
723 724
723 725
723 726
723 727
724 607
724 623
724 626
724 687
724 722
724 723
724 725
724 726
724 727
725 607
725 622
725 623
725 624
725 625
725 626
725 676
725 677
725 687
725 688
725 722
725 723
725 724
725 726
725 727
726 623
726 626
726 627
726 675
726 676
726 687
726 720
726 721
726 722
726 723
726 724
726 725
726 727
726 728
727 603
727 604
727 605
727 626
727 627
727 644
727 722
727 723
727 724
727 725
727 726
727 728
727 729
728 602
728 603
728 604
728 605
728 626
728 627
728 643
728 644
728 645
728 646
728 647
728 726
728 727
728 729
728 730
729 603
729 604
729 605
729 627
729 643
729 644
729 645
729 727
729 728
729 730
729 731
729 817
729 818
729 819
730 603
730 604
730 645
730 728
730 729
730 731
730 732
730 816
730 817
730 818
730 819
731 645
731 729
731 730
731 732
731 733
731 818
731 819
731 841
731 842
731 845
732 583
732 585
732 730
732 731
732 733
732 734
732 736
732 818
732 819
732 820
732 841
732 842
732 845
733 571
733 582
733 583
733 585
733 731
733 732
733 734
733 735
733 736
733 842
733 845
734 569
734 732
734 733
734 735
734 736
734 842
734 843
734 844
734 845
734 846
735 568
735 569
735 570
735 571
735 582
735 583
735 733
735 734
735 736
735 737
735 842
736 582
736 583
736 732
736 733
736 734
736 735
736 737
736 738
736 842
737 735
737 736
737 738
737 739
737 842
738 736
738 737
738 739
738 740
738 742
738 769
738 820
739 532
739 737
739 738
739 740
739 741
739 742
739 769
740 738
740 739
740 741
740 742
740 768
740 769
740 770
740 771
741 739
741 740
741 742
741 743
741 768
741 769
741 770
741 771
742 738
742 739
742 740
742 741
742 743
742 744
742 768
742 769
743 741
743 742
743 744
743 745
743 766
743 767
743 768
743 769
743 810
744 742
744 743
744 745
744 746
744 766
744 767
744 768
744 769
744 808
744 809
744 810
744 811
745 743
745 744
745 746
745 747
745 764
745 765
745 766
745 767
745 808
745 809
745 810
746 744
746 745
746 747
746 748
746 764
746 765
746 766
746 767
746 798
746 799
746 806
746 807
746 808
746 809
747 628
747 745
747 746
747 748
747 749
747 762
747 763
747 764
747 765
747 799
747 803
747 806
747 807
747 808
748 628
748 641
748 746
748 747
748 749
748 750
748 762
748 763
748 764
748 802
748 803
748 806
749 641
749 680
749 747
749 748
749 750
749 751
749 758
749 759
749 760
749 761
749 762
749 763
749 802
749 803
750 748
750 749
750 751
750 752
750 757
750 758
750 759
750 799
750 800
750 801
750 802
750 803
751 749
751 750
751 752
751 753
751 754
751 755
751 756
751 757
751 758
751 759
751 800
751 801
751 802
751 803
752 617
752 750
752 751
752 753
752 754
752 756
752 757
752 758
752 759
752 800
753 751
753 752
753 754
753 755
753 756
753 757
753 800
753 829
754 751
754 752
754 753
754 755
754 756
754 800
754 801
754 828
754 829
755 751
755 753
755 754
755 756
755 757
755 801
756 751
756 752
756 753
756 754
756 755
756 757
756 758
757 750
757 751
757 752
757 753
757 755
757 756
757 758
757 759
758 749
758 750
758 751
758 752
758 756
758 757
758 759
758 760
758 801
758 802
759 749
759 750
759 751
759 752
759 757
759 758
759 760
759 761
759 762
759 763
760 679
760 680
760 681
760 749
760 758
760 759
760 761
760 762
761 619
761 620
761 678
761 679
761 680
761 749
761 759
761 760
761 762
761 763
762 619
762 620
762 678
762 679
762 747
762 748
762 749
762 759
762 760
762 761
762 763
762 764
763 617
763 618
763 619
763 620
763 747
763 748
763 749
763 759
763 761
763 762
763 764
763 765
764 617
764 618
764 619
764 620
764 745
764 746
764 747
764 748
764 762
764 763
764 765
764 766
765 615
765 616
765 617
765 618
765 745
765 746
765 747
765 763
765 764
765 766
765 767
765 797
765 798
766 615
766 617
766 743
766 744
766 745
766 746
766 764
766 765
766 767
766 768
766 797
767 743
767 744
767 745
767 746
767 765
767 766
767 768
767 769
767 790
767 791
767 792
767 797
767 798
768 740
768 741
768 742
768 743
768 744
768 766
768 767
768 769
768 770
768 790
768 791
768 792
769 738
769 739
769 740
769 741
769 742
769 743
769 744
769 767
769 768
769 770
769 771
769 788
769 789
769 790
769 791
770 740
770 741
770 768
770 769
770 771
770 772
770 774
770 775
770 788
770 789
770 790
770 791
770 792
771 740
771 741
771 769
771 770
771 772
771 773
771 774
771 775
771 789
772 770
772 771
772 773
772 774
772 775
772 776
772 788
772 789
773 771
773 772
773 774
773 775
773 776
773 777
774 770
774 771
774 772
774 773
774 775
774 776
774 777
774 778
775 770
775 771
775 772
775 773
775 774
775 776
775 777
775 778
775 779
775 783
775 788
775 789
776 772
776 773
776 774
776 775
776 777
776 778
776 779
776 780
776 781
776 782
776 783
777 773
777 774
777 775
777 776
777 778
777 779
777 780
778 774
778 775
778 776
778 777
778 779
778 780
778 833
778 834
779 775
779 776
779 777
779 778
779 780
779 781
779 782
779 783
779 834
780 776
780 777
780 778
780 779
780 781
780 782
780 783
781 776
781 779
781 780
781 782
781 783
782 706
782 776
782 779
782 780
782 781
782 783
782 784
783 775
783 776
783 779
783 780
783 781
783 782
783 784
783 785
783 787
783 788
784 708
784 782
784 783
784 785
784 786
784 787
785 783
785 784
785 786
785 787
785 788
786 708
786 709
786 784
786 785
786 787
786 788
786 839
786 840
786 843
787 708
787 783
787 784
787 785
787 786
787 788
787 789
787 837
787 838
787 839
787 840
788 769
788 770
788 772
788 775
788 783
788 785
788 786
788 787
788 789
788 790
788 837
788 838
788 839
788 840
789 769
789 770
789 771
789 772
789 775
789 787
789 788
789 790
789 791
789 835
789 836
789 837
789 838
790 767
790 768
790 769
790 770
790 788
790 789
790 791
790 792
790 798
790 835
790 836
790 837
790 838
791 767
791 768
791 769
791 770
791 789
791 790
791 792
791 793
791 795
791 797
791 798
791 830
791 835
791 836
792 767
792 768
792 770
792 790
792 791
792 793
792 794
792 795
792 796
792 797
792 798
792 832
792 833
792 835
793 791
793 792
793 794
793 795
793 832
793 833
793 834
793 835
794 792
794 793
794 795
794 796
794 831
794 832
794 833
795 791
795 792
795 793
795 794
795 796
795 797
795 798
795 830
795 831
795 832
795 833
795 834
795 835
796 616
796 792
796 794
796 795
796 797
796 798
796 830
796 831
796 832
797 616
797 617
797 765
797 766
797 767
797 791
797 792
797 795
797 796
797 798
797 799
797 830
798 746
798 765
798 767
798 790
798 791
798 792
798 795
798 796
798 797
798 799
798 800
798 829
798 830
798 835
798 836
799 746
799 747
799 750
799 797
799 798
799 800
799 801
799 803
799 823
799 829
799 830
799 836
800 750
800 751
800 752
800 753
800 754
800 798
800 799
800 801
800 802
800 803
800 804
800 826
800 828
800 829
801 750
801 751
801 754
801 755
801 758
801 799
801 800
801 802
801 803
801 804
802 638
802 639
802 640
802 641
802 748
802 749
802 750
802 751
802 758
802 800
802 801
802 803
802 804
803 640
803 641
803 747
803 748
803 749
803 750
803 751
803 799
803 800
803 801
803 802
803 804
803 805
803 806
803 823
804 639
804 640
804 641
804 652
804 653
804 656
804 800
804 801
804 802
804 803
804 805
804 806
804 822
804 823
804 824
804 825
805 640
805 641
805 642
805 643
805 651
805 652
805 653
805 654
805 656
805 711
805 803
805 804
805 806
805 807
805 822
805 823
805 824
806 628
806 629
806 640
806 641
806 642
806 643
806 652
806 653
806 746
806 747
806 748
806 803
806 804
806 805
806 807
806 808
806 822
806 823
807 628
807 641
807 642
807 643
807 652
807 746
807 747
807 805
807 806
807 808
807 809
807 819
807 820
807 821
807 822
807 823
808 744
808 745
808 746
808 747
808 806
808 807
808 809
808 810
808 819
808 820
808 821
808 822
808 823
809 744
809 745
809 746
809 807
809 808
809 810
809 811
809 817
809 818
809 819
809 820
809 821
810 743
810 744
810 745
810 808
810 809
810 811
810 812
810 817
810 818
810 819
810 820
811 744
811 809
811 810
811 812
811 813
811 815
811 816
811 817
811 818
812 810
812 811
812 813
812 814
812 815
812 816
812 817
812 818
813 587
813 811
813 812
813 814
813 815
813 816
814 587
814 588
814 812
814 813
814 815
814 816
815 605
815 811
815 812
815 813
815 814
815 816
815 817
816 603
816 604
816 605
816 730
816 811
816 812
816 813
816 814
816 815
816 817
816 818
817 603
817 604
817 605
817 729
817 730
817 809
817 810
817 811
817 812
817 815
817 816
817 818
817 819
818 604
818 729
818 730
818 731
818 732
818 809
818 810
818 811
818 812
818 816
818 817
818 819
818 820
819 729
819 730
819 731
819 732
819 807
819 808
819 809
819 810
819 817
819 818
819 820
819 821
819 822
819 841
820 732
820 738
820 807
820 808
820 809
820 810
820 818
820 819
820 821
820 822
820 840
820 841
820 842
821 807
821 808
821 809
821 819
821 820
821 822
821 823
821 838
821 839
821 840
821 841
821 842
822 652
822 653
822 711
822 804
822 805
822 806
822 807
822 808
822 819
822 820
822 821
822 823
822 824
822 838
822 839
822 840
822 841
823 653
823 799
823 803
823 804
823 805
823 806
823 807
823 808
823 821
823 822
823 824
823 825
823 836
823 837
823 838
823 839
824 653
824 655
824 707
824 710
824 804
824 805
824 822
824 823
824 825
824 826
824 836
824 837
824 838
824 839
825 707
825 804
825 823
825 824
825 826
825 827
825 836
825 837
825 838
826 800
826 824
826 825
826 827
826 828
826 829
826 834
826 835
826 836
826 837
827 825
827 826
827 828
827 829
827 831
827 834
827 835
827 836
828 754
828 800
828 826
828 827
828 829
828 830
828 831
828 834
829 753
829 754
829 798
829 799
829 800
829 826
829 827
829 828
829 830
829 831
829 834
829 835
829 836
830 791
830 795
830 796
830 797
830 798
830 799
830 828
830 829
830 831
830 832
830 834
830 835
830 836
831 794
831 795
831 796
831 827
831 828
831 829
831 830
831 832
831 833
831 834
831 835
832 792
832 793
832 794
832 795
832 796
832 830
832 831
832 833
832 834
832 835
833 778
833 792
833 793
833 794
833 795
833 831
833 832
833 834
833 835
834 778
834 779
834 793
834 795
834 826
834 827
834 828
834 829
834 830
834 831
834 832
834 833
834 835
834 836
835 789
835 790
835 791
835 792
835 793
835 795
835 798
835 826
835 827
835 829
835 830
835 831
835 832
835 833
835 834
835 836
835 837
836 789
836 790
836 791
836 798
836 799
836 823
836 824
836 825
836 826
836 827
836 829
836 830
836 834
836 835
836 837
836 838
837 787
837 788
837 789
837 790
837 823
837 824
837 825
837 826
837 835
837 836
837 838
837 839
838 787
838 788
838 789
838 790
838 821
838 822
838 823
838 824
838 825
838 836
838 837
838 839
838 840
839 709
839 710
839 711
839 786
839 787
839 788
839 821
839 822
839 823
839 824
839 837
839 838
839 840
839 841
840 786
840 787
840 788
840 820
840 821
840 822
840 838
840 839
840 841
840 842
840 843
840 844
841 731
841 732
841 819
841 820
841 821
841 822
841 839
841 840
841 842
841 843
841 844
841 845
842 731
842 732
842 733
842 734
842 735
842 736
842 737
842 820
842 821
842 840
842 841
842 843
842 844
842 845
843 734
843 786
843 840
843 841
843 842
843 844
843 845
843 846
844 734
844 840
844 841
844 842
844 843
844 845
844 846
844 847
844 848
845 731
845 732
845 733
845 734
845 841
845 842
845 843
845 844
845 846
845 847
845 848
845 849
846 734
846 843
846 844
846 845
846 847
846 848
846 849
846 850
847 844
847 845
847 846
847 848
847 849
847 850
847 851
848 713
848 844
848 845
848 846
848 847
848 849
848 850
848 851
848 852
848 853
848 854
849 845
849 846
849 847
849 848
849 850
849 851
849 852
849 853
849 854
850 846
850 847
850 848
850 849
850 851
850 852
850 853
851 847
851 848
851 849
851 850
851 852
851 853
852 649
852 848
852 849
852 850
852 851
852 853
852 854
853 848
853 849
853 850
853 851
853 852
853 854
854 645
854 646
854 848
854 849
854 852
854 853
