0 1
0 2
1 0
1 2
1 3
2 0
2 1
2 3
2 4
3 1
3 2
3 4
3 5
4 2
4 3
4 5
4 6
5 3
5 4
5 6
5 7
6 4
6 5
6 7
6 8
7 5
7 6
7 8
7 9
8 6
8 7
8 9
8 10
9 7
9 8
9 10
9 11
10 8
10 9
10 11
10 12
11 9
11 10
11 12
11 13
12 10
12 11
12 13
12 14
13 11
13 12
13 14
13 15
14 12
14 13
14 15
14 16
15 13
15 14
15 16
15 17
16 14
16 15
16 17
16 18
17 15
17 16
17 18
17 19
18 16
18 17
18 19
18 20
19 17
19 18
19 20
19 21
20 18
20 19
20 21
20 22
21 19
21 20
21 22
21 23
22 20
22 21
22 23
22 24
23 21
23 22
23 24
23 25
24 22
24 23
24 25
24 26
25 23
25 24
25 26
25 27
26 24
26 25
26 27
26 28
27 25
27 26
27 28
27 29
28 26
28 27
28 29
28 30
29 27
29 28
29 30
29 31
30 28
30 29
30 31
30 32
31 29
31 30
31 32
31 33
32 30
32 31
32 33
32 34
33 31
33 32
33 34
33 35
34 32
34 33
34 35
34 36
35 33
35 34
35 36
35 37
36 34
36 35
36 37
36 38
37 35
37 36
37 38
37 39
38 36
38 37
38 39
38 40
39 37
39 38
39 40
39 41
40 38
40 39
40 41
40 42
41 39
41 40
41 42
41 43
42 40
42 41
42 43
42 44
43 41
43 42
43 44
43 45
44 42
44 43
44 45
44 46
45 43
45 44
45 46
45 47
46 44
46 45
46 47
46 48
47 45
47 46
47 48
47 49
48 46
48 47
48 49
48 50
49 47
49 48
49 50
49 51
50 48
50 49
50 51
50 52
51 49
51 50
51 52
51 53
52 50
52 51
52 53
52 54
53 51
53 52
53 54
53 55
54 52
54 53
54 55
54 56
55 53
55 54
55 56
55 57
56 54
56 55
56 57
56 58
57 55
57 56
57 58
57 59
57 60
57 145
58 56
58 57
58 59
58 60
58 144
58 145
58 146
59 57
59 58
59 60
59 61
59 145
59 146
59 147
59 148
60 57
60 58
60 59
60 61
60 62
60 74
60 75
60 145
60 146
60 147
60 148
61 59
61 60
61 62
61 63
61 74
61 147
61 148
61 149
61 150
62 60
62 61
62 63
62 64
62 74
62 147
62 148
62 149
62 150
63 61
63 62
63 64
63 65
63 66
63 149
63 150
63 151
63 152
64 62
64 63
64 65
64 66
64 115
64 116
64 117
64 118
64 149
64 150
64 151
64 152
65 63
65 64
65 66
65 67
65 115
65 116
65 117
66 63
66 64
66 65
66 67
66 68
66 72
66 115
66 116
67 65
67 66
67 68
67 69
67 115
68 66
68 67
68 69
68 70
68 71
68 72
69 67
69 68
69 70
69 71
70 68
70 69
70 71
70 72
71 68
71 69
71 70
71 72
71 73
71 111
71 112
71 113
71 114
72 66
72 68
72 70
72 71
72 73
72 74
72 111
72 112
72 113
72 114
73 71
73 72
73 74
73 75
73 109
73 110
73 111
73 112
74 60
74 61
74 62
74 72
74 73
74 75
74 76
74 109
74 110
74 111
74 112
75 60
75 73
75 74
75 76
75 77
75 109
75 110
75 111
76 74
76 75
76 77
76 78
76 107
76 108
76 109
76 110
77 75
77 76
77 78
77 79
77 90
77 107
77 108
77 109
77 110
78 76
78 77
78 79
78 80
78 82
78 107
78 108
78 130
79 77
79 78
79 80
79 81
79 82
79 130
79 140
80 78
80 79
80 81
80 82
80 83
81 79
81 80
81 82
81 83
81 139
82 78
82 79
82 80
82 81
82 83
82 84
82 85
82 86
82 87
82 88
83 80
83 81
83 82
83 84
83 85
83 86
83 87
84 82
84 83
84 85
84 86
84 87
85 82
85 83
85 84
85 86
85 87
86 82
86 83
86 84
86 85
86 87
86 88
86 89
86 106
87 82
87 83
87 84
87 85
87 86
87 88
87 89
87 132
87 133
87 134
88 82
88 86
88 87
88 89
88 90
88 106
88 130
88 131
88 132
88 133
89 86
89 87
89 88
89 90
89 91
89 105
89 106
89 108
89 130
89 131
89 132
89 133
90 77
90 88
90 89
90 91
90 92
90 103
90 104
90 105
90 106
90 107
90 108
90 128
90 129
90 130
90 131
91 89
91 90
91 92
91 93
91 103
91 105
91 128
91 129
91 130
91 131
92 90
92 91
92 93
92 94
92 97
92 98
92 102
92 103
92 126
92 127
92 128
92 129
93 91
93 92
93 94
93 95
93 97
93 98
93 126
93 127
93 128
94 92
94 93
94 95
94 96
94 97
94 125
94 126
94 127
95 93
95 94
95 96
95 97
95 124
95 125
95 126
96 94
96 95
96 97
96 98
96 99
96 100
96 101
96 124
96 126
97 92
97 93
97 94
97 95
97 96
97 98
97 99
97 100
97 101
97 102
97 126
98 92
98 93
98 96
98 97
98 99
98 100
98 101
98 102
98 103
99 96
99 97
99 98
99 100
99 101
99 102
99 113
100 96
100 97
100 98
100 99
100 101
100 102
100 112
100 113
100 114
101 96
101 97
101 98
101 99
101 100
101 102
101 103
101 110
101 111
101 112
101 113
102 92
102 97
102 98
102 99
102 100
102 101
102 103
102 104
102 110
102 111
102 112
102 113
103 90
103 91
103 92
103 98
103 101
103 102
103 104
103 105
103 108
103 109
103 110
103 111
104 90
104 102
104 103
104 105
104 106
104 107
104 108
104 109
104 110
105 89
105 90
105 91
105 103
105 104
105 106
105 107
105 108
106 86
106 88
106 89
106 90
106 104
106 105
106 107
106 108
107 76
107 77
107 78
107 90
107 104
107 105
107 106
107 108
107 109
108 76
108 77
108 78
108 89
108 90
108 103
108 104
108 105
108 106
108 107
108 109
108 110
109 73
109 74
109 75
109 76
109 77
109 103
109 104
109 107
109 108
109 110
109 111
110 73
110 74
110 75
110 76
110 77
110 101
110 102
110 103
110 104
110 108
110 109
110 111
110 112
111 71
111 72
111 73
111 74
111 75
111 101
111 102
111 103
111 109
111 110
111 112
111 113
112 71
112 72
112 73
112 74
112 100
112 101
112 102
112 110
112 111
112 113
112 114
112 115
113 71
113 72
113 99
113 100
113 101
113 102
113 111
113 112
113 114
113 115
114 71
114 72
114 100
114 112
114 113
114 115
114 116
115 64
115 65
115 66
115 67
115 112
115 113
115 114
115 116
115 117
116 64
116 65
116 66
116 114
116 115
116 117
116 118
116 121
116 149
117 64
117 65
117 115
117 116
117 118
117 119
117 120
117 121
117 122
117 149
118 64
118 116
118 117
118 119
118 120
118 121
118 122
118 123
118 149
118 150
118 151
119 117
119 118
119 120
119 121
119 122
119 186
119 187
120 117
120 118
120 119
120 121
120 122
121 116
121 117
121 118
121 119
121 120
121 122
121 123
121 124
121 149
122 117
122 118
122 119
122 120
122 121
122 123
122 124
122 148
122 149
122 150
123 118
123 121
123 122
123 124
123 125
123 146
123 147
123 148
123 149
124 95
124 96
124 121
124 122
124 123
124 125
124 126
124 146
124 147
124 148
125 94
125 95
125 123
125 124
125 126
125 127
125 144
125 145
125 146
125 147
126 92
126 93
126 94
126 95
126 96
126 97
126 124
126 125
126 127
126 128
126 144
126 145
126 146
126 147
127 92
127 93
127 94
127 125
127 126
127 128
127 129
127 142
127 143
127 144
127 145
128 90
128 91
128 92
128 93
128 126
128 127
128 129
128 130
128 142
128 143
128 144
129 90
129 91
129 92
129 127
129 128
129 130
129 131
129 138
129 140
129 141
129 142
129 143
130 78
130 79
130 88
130 89
130 90
130 91
130 128
130 129
130 131
130 132
130 138
130 139
130 140
130 141
130 142
131 88
131 89
131 90
131 91
131 129
131 130
131 132
131 133
131 136
131 137
131 138
131 139
131 140
132 87
132 88
132 89
132 130
132 131
132 133
132 134
132 135
132 136
132 137
132 138
132 139
133 87
133 88
133 89
133 131
133 132
133 134
133 135
133 136
134 87
134 132
134 133
134 135
134 136
135 132
135 133
135 134
135 136
135 137
136 131
136 132
136 133
136 134
136 135
136 137
136 138
137 131
137 132
137 135
137 136
137 138
137 139
138 129
138 130
138 131
138 132
138 136
138 137
138 139
138 140
138 141
139 81
139 130
139 131
139 132
139 137
139 138
139 140
139 141
140 79
140 129
140 130
140 131
140 138
140 139
140 141
140 142
141 129
141 130
141 138
141 139
141 140
141 142
141 143
142 127
142 128
142 129
142 130
142 140
142 141
142 143
142 144
143 127
143 128
143 129
143 141
143 142
143 144
143 145
144 58
144 125
144 126
144 127
144 128
144 142
144 143
144 145
144 146
145 57
145 58
145 59
145 60
145 125
145 126
145 127
145 143
145 144
145 146
145 147
146 58
146 59
146 60
146 123
146 124
146 125
146 126
146 144
146 145
146 147
146 148
147 59
147 60
147 61
147 62
147 123
147 124
147 125
147 126
147 145
147 146
147 148
147 149
148 59
148 60
148 61
148 62
148 122
148 123
148 124
148 146
148 147
148 149
148 150
149 61
149 62
149 63
149 64
149 116
149 117
149 118
149 121
149 122
149 123
149 147
149 148
149 150
149 151
150 61
150 62
150 63
150 64
150 118
150 122
150 148
150 149
150 151
150 152
150 191
151 63
151 64
151 118
151 149
151 150
151 152
151 153
151 187
151 188
151 191
152 63
152 64
152 150
152 151
152 153
152 154
152 187
152 194
153 151
153 152
153 154
153 155
153 156
153 187
153 194
153 195
153 247
154 152
154 153
154 155
154 156
154 187
154 248
155 153
155 154
155 156
155 157
155 185
155 186
155 187
155 248
156 153
156 154
156 155
156 157
156 158
156 185
156 186
156 239
156 240
156 248
156 249
156 250
157 155
157 156
157 158
157 159
157 183
157 184
157 185
157 186
157 195
157 197
157 238
157 239
157 240
157 248
157 249
157 250
158 156
158 157
158 159
158 160
158 183
158 184
158 185
158 238
158 250
158 251
159 157
159 158
159 160
159 161
159 162
159 181
159 182
159 183
159 184
159 250
159 251
159 252
160 158
160 159
160 161
160 162
160 182
160 183
160 184
161 159
161 160
161 162
161 163
161 164
161 252
162 159
162 160
162 161
162 163
162 164
162 252
162 253
163 161
163 162
163 164
163 165
163 252
163 253
163 254
163 255
164 161
164 162
164 163
164 165
164 166
164 181
164 252
164 253
164 254
164 255
165 163
165 164
165 166
165 167
165 254
165 255
165 256
166 164
166 165
166 167
166 168
166 178
166 179
166 254
166 255
166 256
166 257
167 165
167 166
167 168
167 169
167 178
167 256
167 257
167 258
167 259
168 166
168 167
168 169
168 170
168 172
168 178
168 256
168 257
168 258
168 259
169 167
169 168
169 170
169 171
169 172
169 258
169 259
169 260
169 261
170 168
170 169
170 171
170 172
170 223
170 224
170 225
170 226
170 258
170 259
170 260
170 261
171 169
171 170
171 172
171 173
171 222
171 223
171 224
171 225
171 261
172 168
172 169
172 170
172 171
172 173
172 174
172 176
172 219
172 222
172 223
172 224
173 171
173 172
173 174
173 175
173 176
173 219
173 222
173 223
174 172
174 173
174 175
174 176
174 218
174 219
174 220
174 221
174 222
175 173
175 174
175 176
175 177
175 218
175 219
175 220
176 172
176 173
176 174
176 175
176 177
176 178
176 218
176 219
177 175
177 176
177 178
177 179
177 216
177 217
177 218
177 219
178 166
178 167
178 168
178 176
178 177
178 179
178 180
178 216
178 217
178 218
178 219
179 166
179 177
179 178
179 180
179 181
179 216
179 217
179 218
180 178
180 179
180 181
180 182
180 214
180 215
180 216
180 217
181 159
181 164
181 179
181 180
181 182
181 183
181 214
181 215
181 216
181 217
182 159
182 160
182 180
182 181
182 183
182 184
182 214
182 215
183 157
183 158
183 159
183 160
183 181
183 182
183 184
183 185
183 197
183 238
184 157
184 158
184 159
184 160
184 182
184 183
184 185
184 186
184 195
185 155
185 156
185 157
185 158
185 183
185 184
185 186
185 187
185 195
185 196
185 197
185 240
186 119
186 155
186 156
186 157
186 184
186 185
186 187
186 188
186 195
187 119
187 151
187 152
187 153
187 154
187 155
187 185
187 186
187 188
187 189
187 194
187 195
188 151
188 186
188 187
188 189
188 190
188 191
188 194
188 195
189 187
189 188
189 190
189 191
189 192
189 193
189 194
189 195
189 196
189 662
189 663
190 188
190 189
190 191
190 192
190 193
190 663
190 664
190 665
190 666
191 150
191 151
191 188
191 189
191 190
191 192
191 193
191 194
191 665
191 666
192 189
192 190
192 191
192 193
192 194
192 666
193 189
193 190
193 191
193 192
193 194
193 195
193 196
193 240
193 241
193 242
194 152
194 153
194 187
194 188
194 189
194 191
194 192
194 193
194 195
194 196
194 240
194 241
194 242
195 153
195 157
195 184
195 185
195 186
195 187
195 188
195 189
195 193
195 194
195 196
195 197
195 240
195 241
196 185
196 189
196 193
196 194
196 195
196 197
196 198
196 239
196 240
196 241
196 242
197 157
197 183
197 185
197 195
197 196
197 198
197 199
197 213
197 238
197 239
197 240
197 241
197 242
197 243
198 196
198 197
198 199
198 200
198 212
198 213
198 215
198 238
198 239
198 240
198 242
198 243
199 197
199 198
199 200
199 201
199 210
199 211
199 212
199 213
199 214
199 215
199 236
199 237
199 238
199 239
199 243
200 198
200 199
200 201
200 202
200 210
200 211
200 212
200 236
200 237
200 238
200 239
201 199
201 200
201 202
201 203
201 204
201 205
201 209
201 210
201 234
201 235
201 236
201 237
202 200
202 201
202 203
202 204
202 234
202 235
202 236
202 237
203 201
203 202
203 204
203 205
203 233
203 234
203 235
203 236
204 201
204 202
204 203
204 205
204 206
204 207
204 208
204 232
204 233
204 234
204 235
205 201
205 203
205 204
205 206
205 207
205 208
205 209
205 220
205 234
206 204
206 205
206 207
206 208
206 209
206 220
206 221
207 204
207 205
207 206
207 208
207 209
207 219
207 220
207 221
207 224
208 204
208 205
208 206
208 207
208 209
208 210
208 217
208 218
208 219
208 220
208 221
208 234
209 201
209 205
209 206
209 207
209 208
209 210
209 211
209 217
209 218
209 219
209 220
210 199
210 200
210 201
210 208
210 209
210 211
210 212
210 215
210 216
210 217
210 218
211 199
211 200
211 209
211 210
211 212
211 213
211 214
211 215
211 216
211 217
211 218
212 198
212 199
212 200
212 210
212 211
212 213
212 214
212 215
212 216
213 197
213 198
213 199
213 211
213 212
213 214
213 215
214 180
214 181
214 182
214 199
214 211
214 212
214 213
214 215
214 216
215 180
215 181
215 182
215 198
215 199
215 210
215 211
215 212
215 213
215 214
215 216
215 217
216 177
216 178
216 179
216 180
216 181
216 210
216 211
216 212
216 214
216 215
216 217
216 218
217 177
217 178
217 179
217 180
217 181
217 208
217 209
217 210
217 211
217 215
217 216
217 218
217 219
218 174
218 175
218 176
218 177
218 178
218 179
218 208
218 209
218 210
218 211
218 216
218 217
218 219
218 220
219 172
219 173
219 174
219 175
219 176
219 177
219 178
219 207
219 208
219 209
219 217
219 218
219 220
219 221
219 222
220 174
220 175
220 205
220 206
220 207
220 208
220 209
220 218
220 219
220 221
220 222
221 174
221 206
221 207
221 208
221 219
221 220
221 222
221 223
221 224
222 171
222 172
222 173
222 174
222 219
222 220
222 221
222 223
222 224
223 170
223 171
223 172
223 173
223 221
223 222
223 224
223 225
224 170
224 171
224 172
224 207
224 221
224 222
224 223
224 225
224 226
225 170
225 171
225 223
225 224
225 226
225 227
225 228
225 229
225 230
225 258
226 170
226 224
226 225
226 227
226 228
226 229
226 230
226 231
226 258
226 259
226 260
227 225
227 226
227 228
227 229
227 230
227 295
227 296
228 225
228 226
228 227
228 229
228 230
229 225
229 226
229 227
229 228
229 230
229 231
229 232
229 258
230 225
230 226
230 227
230 228
230 229
230 231
230 232
230 257
230 258
230 259
231 226
231 229
231 230
231 232
231 233
231 255
231 256
231 257
231 258
232 204
232 229
232 230
232 231
232 233
232 234
232 255
232 256
232 257
233 203
233 204
233 231
233 232
233 234
233 235
233 253
233 254
233 255
233 256
234 201
234 202
234 203
234 204
234 205
234 208
234 232
234 233
234 235
234 236
234 253
234 254
234 255
234 256
235 201
235 202
235 203
235 204
235 233
235 234
235 236
235 237
235 251
235 252
235 253
235 254
236 199
236 200
236 201
236 202
236 203
236 234
236 235
236 237
236 238
236 251
236 252
236 253
236 254
237 199
237 200
237 201
237 202
237 235
237 236
237 238
237 239
237 249
237 250
237 251
237 252
238 157
238 158
238 183
238 197
238 198
238 199
238 200
238 236
238 237
238 239
238 240
238 249
238 250
238 251
239 156
239 157
239 196
239 197
239 198
239 199
239 200
239 237
239 238
239 240
239 241
239 242
239 243
239 244
239 247
239 248
239 249
239 250
240 156
240 157
240 185
240 193
240 194
240 195
240 196
240 197
240 198
240 238
240 239
240 241
240 242
240 243
240 244
240 247
240 248
240 249
241 193
241 194
241 195
241 196
241 197
241 239
241 240
241 242
241 243
241 244
241 246
241 247
242 193
242 194
242 196
242 197
242 198
242 239
242 240
242 241
242 243
242 244
243 197
243 198
243 199
243 239
243 240
243 241
243 242
243 244
243 245
243 247
244 239
244 240
244 241
244 242
244 243
244 245
244 246
244 247
245 243
245 244
245 246
245 247
246 241
246 244
246 245
246 247
246 248
247 153
247 239
247 240
247 241
247 243
247 244
247 245
247 246
247 248
247 249
248 154
248 155
248 156
248 157
248 239
248 240
248 246
248 247
248 249
248 250
249 156
249 157
249 237
249 238
249 239
249 240
249 247
249 248
249 250
249 251
250 156
250 157
250 158
250 159
250 237
250 238
250 239
250 248
250 249
250 251
250 252
251 158
251 159
251 235
251 236
251 237
251 238
251 249
251 250
251 252
251 253
252 159
252 161
252 162
252 163
252 164
252 235
252 236
252 237
252 250
252 251
252 253
252 254
253 162
253 163
253 164
253 233
253 234
253 235
253 236
253 251
253 252
253 254
253 255
254 163
254 164
254 165
254 166
254 233
254 234
254 235
254 236
254 252
254 253
254 255
254 256
255 163
255 164
255 165
255 166
255 231
255 232
255 233
255 234
255 253
255 254
255 256
255 257
256 165
256 166
256 167
256 168
256 231
256 232
256 233
256 234
256 254
256 255
256 257
256 258
257 166
257 167
257 168
257 230
257 231
257 232
257 255
257 256
257 258
257 259
258 167
258 168
258 169
258 170
258 225
258 226
258 229
258 230
258 231
258 256
258 257
258 259
258 260
259 167
259 168
259 169
259 170
259 226
259 230
259 257
259 258
259 260
259 261
260 169
260 170
260 226
260 258
260 259
260 261
260 262
260 296
260 297
260 300
261 169
261 170
261 171
261 259
261 260
261 262
261 263
261 296
261 300
261 355
262 260
262 261
262 263
262 264
262 265
262 296
262 300
262 301
262 353
262 354
262 355
262 358
263 261
263 262
263 264
263 265
263 296
263 358
263 361
264 262
264 263
264 265
264 266
264 294
264 295
264 296
264 364
265 262
265 263
265 264
265 266
265 267
265 294
265 295
265 350
265 351
265 362
265 363
265 364
265 365
265 366
266 264
266 265
266 267
266 268
266 292
266 293
266 294
266 295
266 301
266 303
266 349
266 350
266 351
266 364
266 365
266 366
267 265
267 266
267 268
267 269
267 292
267 293
267 294
267 349
267 365
267 366
268 266
268 267
268 269
268 270
268 271
268 291
268 292
268 293
268 366
268 367
268 368
269 267
269 268
269 270
269 271
269 292
269 293
270 268
270 269
270 271
270 272
270 273
270 368
271 268
271 269
271 270
271 272
271 273
271 367
271 368
271 369
272 270
272 271
272 273
272 274
272 368
272 369
272 370
272 371
273 270
273 271
273 272
273 274
273 275
273 290
273 368
273 369
273 370
273 371
274 272
274 273
274 275
274 276
274 370
274 371
274 372
274 373
275 273
275 274
275 276
275 277
275 287
275 288
275 370
275 371
275 372
275 373
276 274
276 275
276 277
276 278
276 287
276 372
276 373
276 374
276 375
277 275
277 276
277 278
277 279
277 281
277 287
277 372
277 373
277 374
277 375
278 276
278 277
278 279
278 280
278 281
278 374
278 375
278 376
278 377
279 277
279 278
279 280
279 281
279 334
279 335
279 336
279 337
279 374
279 375
279 376
279 377
280 278
280 279
280 281
280 282
280 334
280 335
280 377
281 277
281 278
281 279
281 280
281 282
281 283
281 285
281 331
281 334
281 335
282 280
282 281
282 283
282 284
282 285
282 331
282 334
283 281
283 282
283 284
283 285
283 330
283 331
283 332
283 333
283 334
284 282
284 283
284 285
284 286
284 330
284 331
284 332
285 281
285 282
285 283
285 284
285 286
285 287
285 330
285 331
286 284
286 285
286 287
286 288
286 328
286 329
286 330
286 331
287 275
287 276
287 277
287 285
287 286
287 288
287 289
287 328
287 329
287 330
287 331
288 275
288 286
288 287
288 289
288 290
288 328
288 329
288 330
289 287
289 288
289 290
289 291
289 326
289 327
289 328
289 329
290 273
290 288
290 289
290 291
290 292
290 326
290 327
290 328
290 329
291 268
291 289
291 290
291 292
291 293
291 325
291 326
291 327
292 266
292 267
292 268
292 269
292 290
292 291
292 293
292 294
292 303
292 326
292 349
293 266
293 267
293 268
293 269
293 291
293 292
293 294
293 295
294 264
294 265
294 266
294 267
294 292
294 293
294 295
294 296
294 301
295 227
295 264
295 265
295 266
295 293
295 294
295 296
295 297
295 301
296 227
296 260
296 261
296 262
296 263
296 264
296 294
296 295
296 297
296 298
296 300
296 301
297 260
297 295
297 296
297 298
297 299
297 300
297 301
298 296
298 297
298 299
298 300
298 301
298 302
299 297
299 298
299 300
299 301
299 302
299 352
299 353
300 260
300 261
300 262
300 296
300 297
300 298
300 299
300 301
300 302
300 351
300 352
300 353
300 354
301 262
301 266
301 294
301 295
301 296
301 297
301 298
301 299
301 300
301 302
301 303
301 351
302 298
302 299
302 300
302 301
302 303
302 304
302 325
302 351
302 352
302 353
303 266
303 292
303 301
303 302
303 304
303 305
303 320
303 325
303 349
303 350
303 351
303 352
304 302
304 303
304 305
304 306
304 320
304 327
304 349
304 350
304 351
304 352
305 303
305 304
305 306
305 307
305 318
305 319
305 320
305 326
305 327
305 347
305 348
305 349
305 350
306 304
306 305
306 307
306 308
306 318
306 319
306 347
306 348
306 349
307 305
307 306
307 308
307 309
307 310
307 313
307 317
307 318
307 345
307 346
307 347
307 348
308 306
308 307
308 309
308 310
308 313
308 345
308 346
308 347
308 348
309 307
309 308
309 310
309 311
309 313
309 345
309 346
309 347
310 307
310 308
310 309
310 311
310 312
310 313
310 343
310 344
310 345
310 346
311 309
311 310
311 312
311 313
311 314
311 343
311 344
311 345
312 310
312 311
312 313
312 314
312 315
312 316
312 343
312 344
312 345
313 307
313 308
313 309
313 310
313 311
313 312
313 314
313 315
313 316
313 317
313 345
314 311
314 312
314 313
314 315
314 316
314 317
314 332
314 333
315 312
315 313
315 314
315 316
315 317
315 331
315 332
315 333
315 334
315 335
316 312
316 313
316 314
316 315
316 317
316 318
316 329
316 330
316 331
316 332
316 333
317 307
317 313
317 314
317 315
317 316
317 318
317 319
317 329
317 330
317 331
317 332
318 305
318 306
318 307
318 316
318 317
318 319
318 320
318 327
318 328
318 329
318 330
319 305
319 306
319 317
319 318
319 320
319 321
319 327
319 328
319 329
319 330
320 303
320 304
320 305
320 318
320 319
320 321
320 322
320 325
320 326
320 327
320 328
321 319
321 320
321 322
321 323
321 324
321 325
321 326
321 327
321 328
322 320
322 321
322 323
322 324
322 325
322 326
323 321
323 322
323 324
323 325
324 321
324 322
324 323
324 325
324 326
325 291
325 302
325 303
325 320
325 321
325 322
325 323
325 324
325 326
325 327
326 289
326 290
326 291
326 292
326 305
326 320
326 321
326 322
326 324
326 325
326 327
326 328
327 289
327 290
327 291
327 304
327 305
327 318
327 319
327 320
327 321
327 325
327 326
327 328
327 329
328 286
328 287
328 288
328 289
328 290
328 318
328 319
328 320
328 321
328 326
328 327
328 329
328 330
329 286
329 287
329 288
329 289
329 290
329 316
329 317
329 318
329 319
329 327
329 328
329 330
329 331
330 283
330 284
330 285
330 286
330 287
330 288
330 316
330 317
330 318
330 319
330 328
330 329
330 331
330 332
331 281
331 282
331 283
331 284
331 285
331 286
331 287
331 315
331 316
331 317
331 329
331 330
331 332
331 333
331 334
331 335
332 283
332 284
332 314
332 315
332 316
332 317
332 330
332 331
332 333
332 334
333 283
333 314
333 315
333 316
333 331
333 332
333 334
333 335
334 279
334 280
334 281
334 282
334 283
334 315
334 331
334 332
334 333
334 335
334 336
335 279
335 280
335 281
335 315
335 331
335 333
335 334
335 336
335 337
335 374
336 279
336 334
336 335
336 337
336 338
336 339
336 340
336 341
337 279
337 335
337 336
337 338
337 339
337 340
337 341
337 374
337 375
337 376
338 336
338 337
338 339
338 340
338 341
338 410
338 411
338 412
339 336
339 337
339 338
339 340
339 341
340 336
340 337
340 338
340 339
340 341
340 342
340 343
340 374
341 336
341 337
341 338
341 339
341 340
341 342
341 343
341 373
341 374
341 375
342 340
342 341
342 343
342 344
342 371
342 372
342 373
342 374
343 310
343 311
343 312
343 340
343 341
343 342
343 344
343 345
343 371
343 372
343 373
344 310
344 311
344 312
344 342
344 343
344 345
344 346
344 369
344 370
344 371
344 372
345 307
345 308
345 309
345 310
345 311
345 312
345 313
345 343
345 344
345 346
345 347
345 369
345 370
345 371
345 372
346 307
346 308
346 309
346 310
346 344
346 345
346 347
346 348
346 367
346 368
346 369
346 370
347 305
347 306
347 307
347 308
347 309
347 345
347 346
347 348
347 349
347 367
347 368
347 369
347 370
348 305
348 306
348 307
348 308
348 346
348 347
348 349
348 350
348 365
348 366
348 367
348 368
349 266
349 267
349 292
349 303
349 304
349 305
349 306
349 347
349 348
349 350
349 351
349 365
349 366
349 367
350 265
350 266
350 303
350 304
350 305
350 348
350 349
350 351
350 352
350 364
350 365
350 366
351 265
351 266
351 300
351 301
351 302
351 303
351 304
351 349
351 350
351 352
351 353
351 354
351 364
351 365
352 299
352 300
352 302
352 303
352 304
352 350
352 351
352 353
352 354
353 262
353 299
353 300
353 302
353 351
353 352
353 354
353 355
354 262
354 300
354 351
354 352
354 353
354 355
354 356
354 358
354 359
354 364
355 261
355 262
355 353
355 354
355 356
355 357
355 358
355 359
356 354
356 355
356 357
356 358
356 359
357 355
357 356
357 358
357 359
357 360
358 262
358 263
358 354
358 355
358 356
358 357
358 359
358 360
358 361
358 362
359 354
359 355
359 356
359 357
359 358
359 360
359 361
359 362
359 363
359 364
360 357
360 358
360 359
360 361
360 362
361 263
361 358
361 359
361 360
361 362
361 363
362 265
362 358
362 359
362 360
362 361
362 363
362 364
363 265
363 359
363 361
363 362
363 364
363 365
363 366
364 264
364 265
364 266
364 350
364 351
364 354
364 359
364 362
364 363
364 365
364 366
365 265
365 266
365 267
365 348
365 349
365 350
365 351
365 363
365 364
365 366
365 367
366 265
366 266
366 267
366 268
366 348
366 349
366 350
366 363
366 364
366 365
366 367
366 368
367 268
367 271
367 346
367 347
367 348
367 349
367 365
367 366
367 368
367 369
368 268
368 270
368 271
368 272
368 273
368 346
368 347
368 348
368 366
368 367
368 369
368 370
369 271
369 272
369 273
369 344
369 345
369 346
369 347
369 367
369 368
369 370
369 371
370 272
370 273
370 274
370 275
370 344
370 345
370 346
370 347
370 368
370 369
370 371
370 372
371 272
371 273
371 274
371 275
371 342
371 343
371 344
371 345
371 369
371 370
371 372
371 373
372 274
372 275
372 276
372 277
372 342
372 343
372 344
372 345
372 370
372 371
372 373
372 374
373 274
373 275
373 276
373 277
373 341
373 342
373 343
373 371
373 372
373 374
373 375
374 276
374 277
374 278
374 279
374 335
374 337
374 340
374 341
374 342
374 372
374 373
374 375
374 376
375 276
375 277
375 278
375 279
375 337
375 341
375 373
375 374
375 376
375 377
376 278
376 279
376 337
376 374
376 375
376 377
376 378
377 278
377 279
377 280
377 375
377 376
377 378
377 379
378 376
378 377
378 379
378 380
378 411
379 377
379 378
379 380
379 381
379 409
379 410
379 411
379 468
380 378
380 379
380 381
380 382
380 409
380 410
380 461
380 462
380 468
380 469
380 470
381 379
381 380
381 382
381 383
381 407
381 408
381 409
381 410
381 417
381 460
381 461
381 462
381 468
381 469
381 470
382 380
382 381
382 383
382 384
382 407
382 408
382 409
382 410
382 470
383 381
383 382
383 384
383 385
383 386
383 405
383 406
383 407
383 408
383 460
383 470
383 472
384 382
384 383
384 385
384 386
384 405
384 406
384 407
384 408
385 383
385 384
385 386
385 387
385 388
385 406
386 383
386 384
386 385
386 387
386 388
386 472
386 473
387 385
387 386
387 388
387 389
387 472
387 473
387 474
387 475
388 385
388 386
388 387
388 389
388 390
388 405
388 472
388 473
388 474
388 475
389 387
389 388
389 390
389 391
389 474
389 475
389 476
389 477
390 388
390 389
390 391
390 392
390 402
390 403
390 474
390 475
390 476
390 477
391 389
391 390
391 392
391 393
391 402
391 476
391 477
391 478
391 479
392 390
392 391
392 393
392 394
392 396
392 402
392 476
392 477
392 478
392 479
393 391
393 392
393 394
393 395
393 396
393 478
393 479
393 480
393 481
394 392
394 393
394 395
394 396
394 445
394 446
394 447
394 448
394 478
394 479
394 480
394 481
395 393
395 394
395 396
395 397
395 445
395 446
395 481
396 392
396 393
396 394
396 395
396 397
396 398
396 400
396 445
396 446
397 395
397 396
397 398
397 399
397 400
397 442
397 445
398 396
398 397
398 399
398 400
398 441
398 442
398 443
398 444
398 445
399 397
399 398
399 400
399 401
399 441
399 442
399 443
400 396
400 397
400 398
400 399
400 401
400 402
400 441
400 442
401 399
401 400
401 402
401 403
401 404
401 439
401 440
401 441
401 442
402 390
402 391
402 392
402 400
402 401
402 403
402 404
402 439
402 440
402 441
402 442
403 390
403 401
403 402
403 404
403 405
403 439
403 440
403 441
404 401
404 402
404 403
404 405
404 406
404 437
404 438
404 439
404 440
405 383
405 384
405 388
405 403
405 404
405 406
405 407
405 437
405 438
405 439
405 440
406 383
406 384
406 385
406 404
406 405
406 407
406 408
406 437
406 438
407 381
407 382
407 383
407 384
407 405
407 406
407 408
407 409
407 417
407 460
408 381
408 382
408 383
408 384
408 406
408 407
408 409
408 410
408 414
408 417
409 379
409 380
409 381
409 382
409 407
409 408
409 410
409 411
409 414
409 415
409 416
409 417
410 338
410 379
410 380
410 381
410 382
410 408
410 409
410 411
410 412
410 414
411 338
411 378
411 379
411 409
411 410
411 412
411 413
411 414
411 415
412 338
412 410
412 411
412 413
412 414
413 411
413 412
413 414
413 415
414 408
414 409
414 410
414 411
414 412
414 413
414 415
414 416
415 409
415 411
415 413
415 414
415 416
415 417
415 462
415 463
415 464
416 409
416 414
416 415
416 417
416 418
416 462
416 463
416 464
417 381
417 407
417 408
417 409
417 415
417 416
417 418
417 419
417 436
417 460
417 461
417 462
417 463
418 416
418 417
418 419
418 420
418 435
418 436
418 437
418 460
418 461
418 462
418 463
419 417
419 418
419 420
419 421
419 433
419 434
419 435
419 436
419 437
419 438
419 458
419 459
419 460
419 461
420 418
420 419
420 421
420 422
420 433
420 434
420 435
420 458
420 459
420 460
421 419
421 420
421 422
421 423
421 426
421 432
421 433
421 456
421 457
421 458
421 459
422 420
422 421
422 423
422 424
422 425
422 426
422 456
422 457
422 458
422 459
423 421
423 422
423 424
423 425
423 426
423 427
423 429
424 422
424 423
424 425
424 426
424 427
425 422
425 423
425 424
425 426
425 427
425 455
425 456
425 457
426 421
426 422
426 423
426 424
426 425
426 427
426 428
426 429
426 430
426 431
426 456
427 423
427 424
427 425
427 426
427 428
427 429
428 426
428 427
428 429
428 430
429 423
429 426
429 427
429 428
429 430
429 431
429 432
429 443
429 444
430 426
430 428
430 429
430 431
430 432
430 442
430 443
430 444
430 445
430 446
431 426
431 429
431 430
431 432
431 433
431 440
431 441
431 442
431 443
431 444
432 421
432 429
432 430
432 431
432 433
432 434
432 440
432 441
432 442
432 443
433 419
433 420
433 421
433 431
433 432
433 434
433 435
433 438
433 439
433 440
433 441
434 419
434 420
434 432
434 433
434 435
434 436
434 437
434 438
434 439
434 440
434 441
435 418
435 419
435 420
435 433
435 434
435 436
435 437
435 438
435 439
436 417
436 418
436 419
436 434
436 435
436 437
436 438
437 404
437 405
437 406
437 418
437 419
437 434
437 435
437 436
437 438
437 439
438 404
438 405
438 406
438 419
438 433
438 434
438 435
438 436
438 437
438 439
438 440
439 401
439 402
439 403
439 404
439 405
439 433
439 434
439 435
439 437
439 438
439 440
439 441
440 401
440 402
440 403
440 404
440 405
440 431
440 432
440 433
440 434
440 438
440 439
440 441
440 442
441 398
441 399
441 400
441 401
441 402
441 403
441 431
441 432
441 433
441 434
441 439
441 440
441 442
441 443
442 397
442 398
442 399
442 400
442 401
442 402
442 430
442 431
442 432
442 440
442 441
442 443
442 444
442 445
443 398
443 399
443 429
443 430
443 431
443 432
443 441
443 442
443 444
443 445
444 398
444 429
444 430
444 431
444 442
444 443
444 445
444 446
445 394
445 395
445 396
445 397
445 398
445 430
445 442
445 443
445 444
445 446
445 447
446 394
446 395
446 396
446 430
446 444
446 445
446 447
446 448
446 478
447 394
447 445
447 446
447 448
447 449
447 450
447 451
447 452
447 478
448 394
448 446
448 447
448 449
448 450
448 451
448 452
448 453
448 478
448 479
448 480
449 447
449 448
449 450
449 451
449 452
449 514
449 515
450 447
450 448
450 449
450 451
450 452
451 447
451 448
451 449
451 450
451 452
451 453
451 454
451 478
452 447
452 448
452 449
452 450
452 451
452 453
452 454
452 477
452 478
452 479
453 448
453 451
453 452
453 454
453 455
453 475
453 476
453 477
453 478
454 451
454 452
454 453
454 455
454 456
454 475
454 476
454 477
455 425
455 453
455 454
455 456
455 457
455 473
455 474
455 475
455 476
456 421
456 422
456 425
456 426
456 454
456 455
456 457
456 458
456 473
456 474
456 475
456 476
457 421
457 422
457 425
457 455
457 456
457 458
457 459
457 471
457 472
457 473
457 474
458 419
458 420
458 421
458 422
458 456
458 457
458 459
458 460
458 471
458 472
458 473
458 474
459 419
459 420
459 421
459 422
459 457
459 458
459 460
459 461
459 469
459 470
459 471
459 472
460 381
460 383
460 407
460 417
460 418
460 419
460 420
460 458
460 459
460 461
460 462
460 469
460 470
460 471
461 380
461 381
461 417
461 418
461 419
461 459
461 460
461 462
461 463
461 465
461 466
461 467
461 468
461 469
461 470
462 380
462 381
462 415
462 416
462 417
462 418
462 460
462 461
462 463
462 464
462 465
462 466
462 467
462 468
462 469
463 415
463 416
463 417
463 418
463 461
463 462
463 464
463 465
463 466
464 415
464 416
464 462
464 463
464 465
464 466
465 461
465 462
465 463
465 464
465 466
465 467
465 468
466 461
466 462
466 463
466 464
466 465
466 467
466 468
466 469
467 461
467 462
467 465
467 466
467 468
467 469
468 379
468 380
468 381
468 461
468 462
468 465
468 466
468 467
468 469
468 470
469 380
469 381
469 459
469 460
469 461
469 462
469 466
469 467
469 468
469 470
469 471
470 380
470 381
470 382
470 383
470 459
470 460
470 461
470 468
470 469
470 471
470 472
471 457
471 458
471 459
471 460
471 469
471 470
471 472
471 473
472 383
472 386
472 387
472 388
472 457
472 458
472 459
472 470
472 471
472 473
472 474
473 386
473 387
473 388
473 455
473 456
473 457
473 458
473 471
473 472
473 474
473 475
474 387
474 388
474 389
474 390
474 455
474 456
474 457
474 458
474 472
474 473
474 475
474 476
475 387
475 388
475 389
475 390
475 453
475 454
475 455
475 456
475 473
475 474
475 476
475 477
476 389
476 390
476 391
476 392
476 453
476 454
476 455
476 456
476 474
476 475
476 477
476 478
477 389
477 390
477 391
477 392
477 452
477 453
477 454
477 475
477 476
477 478
477 479
478 391
478 392
478 393
478 394
478 446
478 447
478 448
478 451
478 452
478 453
478 476
478 477
478 479
478 480
479 391
479 392
479 393
479 394
479 448
479 452
479 477
479 478
479 480
479 481
480 393
480 394
480 448
480 478
480 479
480 481
480 482
480 515
480 516
480 517
481 393
481 394
481 395
481 479
481 480
481 482
481 483
481 515
481 517
481 572
482 480
482 481
482 483
482 484
482 515
482 517
482 571
482 572
482 573
482 574
482 575
483 481
483 482
483 484
483 485
483 515
483 573
483 575
484 482
484 483
484 485
484 486
484 513
484 514
484 515
484 575
485 483
485 484
485 486
485 487
485 513
485 568
485 569
485 575
485 576
485 577
486 484
486 485
486 487
486 488
486 511
486 512
486 513
486 514
486 523
486 567
486 568
486 569
486 575
486 576
486 577
487 485
487 486
487 488
487 489
487 511
487 512
487 513
487 567
487 577
487 578
487 579
488 486
488 487
488 489
488 490
488 491
488 492
488 509
488 510
488 511
488 512
488 579
489 487
489 488
489 490
489 491
489 509
489 510
489 511
489 512
490 488
490 489
490 491
490 492
491 488
491 489
491 490
491 492
491 493
491 581
492 488
492 490
492 491
492 493
492 494
492 509
492 581
492 582
493 491
493 492
493 494
493 495
493 581
493 582
493 583
493 584
494 492
494 493
494 495
494 496
494 506
494 507
494 581
494 582
494 583
494 584
495 493
495 494
495 496
495 497
495 506
495 583
495 584
495 585
495 586
495 594
496 494
496 495
496 497
496 498
496 500
496 506
496 553
496 583
496 584
496 585
496 586
497 495
497 496
497 498
497 499
497 500
497 553
497 585
497 586
497 587
497 588
497 592
497 594
498 496
498 497
498 499
498 500
498 551
498 552
498 553
498 554
498 555
498 585
498 586
498 587
498 588
499 497
499 498
499 500
499 501
499 551
499 552
499 553
499 587
499 588
500 496
500 497
500 498
500 499
500 501
500 502
500 504
500 548
500 551
500 552
500 553
501 499
501 500
501 502
501 503
501 504
501 548
501 550
501 551
502 500
502 501
502 503
502 504
502 547
502 548
502 549
502 550
502 551
503 501
503 502
503 504
503 505
503 547
503 548
503 549
504 500
504 501
504 502
504 503
504 505
504 506
504 547
504 548
505 503
505 504
505 506
505 507
505 508
505 545
505 546
505 547
505 548
506 494
506 495
506 496
506 504
506 505
506 507
506 508
506 545
506 546
506 547
506 548
507 494
507 505
507 506
507 508
507 509
507 545
507 546
507 547
508 505
508 506
508 507
508 509
508 510
508 543
508 544
508 545
508 546
509 488
509 489
509 492
509 507
509 508
509 510
509 511
509 543
509 544
509 545
509 546
510 488
510 489
510 508
510 509
510 511
510 512
510 542
510 543
510 544
511 486
511 487
511 488
511 489
511 509
511 510
511 512
511 513
511 523
511 542
511 543
511 567
512 486
512 487
512 488
512 489
512 510
512 511
512 513
512 514
513 484
513 485
513 486
513 487
513 511
513 512
513 514
513 515
513 516
513 521
514 449
514 484
514 486
514 512
514 513
514 515
514 516
515 449
515 480
515 481
515 482
515 483
515 484
515 513
515 514
515 516
515 517
515 521
516 480
516 513
516 514
516 515
516 517
516 518
516 520
516 521
517 480
517 481
517 482
517 515
517 516
517 518
517 519
517 520
517 521
517 571
518 516
518 517
518 519
518 520
519 517
519 518
519 520
519 521
520 516
520 517
520 518
520 519
520 521
520 522
521 513
521 515
521 516
521 517
521 519
521 520
521 522
521 523
521 569
521 570
522 520
522 521
522 523
522 524
522 541
522 542
522 569
522 570
523 486
523 511
523 521
523 522
523 524
523 525
523 540
523 542
523 543
523 567
523 568
523 569
523 570
524 522
524 523
524 525
524 526
524 538
524 540
524 542
524 567
524 568
524 569
524 570
525 523
525 524
525 526
525 527
525 536
525 537
525 538
525 543
525 544
525 565
525 566
525 567
525 568
526 524
526 525
526 527
526 528
526 536
526 537
526 538
526 565
526 566
526 567
527 525
527 526
527 528
527 529
527 530
527 531
527 535
527 536
527 563
527 564
527 565
527 566
528 526
528 527
528 529
528 530
528 564
528 565
528 566
528 578
529 527
529 528
529 530
529 531
529 564
530 527
530 528
530 529
530 531
530 532
531 527
531 529
531 530
531 532
531 533
531 534
531 535
532 530
532 531
532 533
532 534
532 535
532 549
532 550
533 531
533 532
533 534
533 535
533 548
533 549
533 550
534 531
534 532
534 533
534 535
534 536
534 546
534 547
534 548
534 549
534 550
534 563
535 527
535 531
535 532
535 533
535 534
535 536
535 537
535 546
535 547
535 548
535 549
536 525
536 526
536 527
536 534
536 535
536 537
536 538
536 544
536 545
536 546
536 547
536 565
537 525
537 526
537 535
537 536
537 538
537 539
537 544
537 545
537 546
537 547
538 524
538 525
538 526
538 536
538 537
538 539
538 540
538 541
538 543
538 544
538 545
539 537
539 538
539 540
539 541
539 542
539 543
539 544
539 545
540 523
540 524
540 538
540 539
540 541
540 542
540 543
540 544
541 522
541 538
541 539
541 540
541 542
541 543
541 544
542 510
542 511
542 522
542 523
542 524
542 539
542 540
542 541
542 543
542 544
543 508
543 509
543 510
543 511
543 523
543 525
543 538
543 539
543 540
543 541
543 542
543 544
543 545
544 508
544 509
544 510
544 525
544 536
544 537
544 538
544 539
544 540
544 541
544 542
544 543
544 545
544 546
545 505
545 506
545 507
545 508
545 509
545 536
545 537
545 538
545 539
545 543
545 544
545 546
545 547
546 505
546 506
546 507
546 508
546 509
546 534
546 535
546 536
546 537
546 544
546 545
546 547
546 548
547 502
547 503
547 504
547 505
547 506
547 507
547 534
547 535
547 536
547 537
547 545
547 546
547 548
547 549
548 500
548 501
548 502
548 503
548 504
548 505
548 506
548 533
548 534
548 535
548 546
548 547
548 549
548 550
548 551
549 502
549 503
549 532
549 533
549 534
549 535
549 547
549 548
549 550
549 551
550 501
550 502
550 532
550 533
550 534
550 548
550 549
550 551
550 552
551 498
551 499
551 500
551 501
551 502
551 548
551 549
551 550
551 552
551 553
552 498
552 499
552 500
552 550
552 551
552 553
552 554
553 496
553 497
553 498
553 499
553 500
553 551
553 552
553 554
553 555
553 558
553 585
554 498
554 552
554 553
554 555
554 556
554 557
554 558
554 559
554 585
555 498
555 553
555 554
555 556
555 557
555 558
555 559
555 560
555 585
555 586
555 587
555 597
556 554
556 555
556 557
556 558
556 559
557 554
557 555
557 556
557 558
557 559
558 553
558 554
558 555
558 556
558 557
558 559
558 560
558 561
558 585
559 554
559 555
559 556
559 557
559 558
559 560
559 561
559 584
559 585
559 586
559 597
560 555
560 558
560 559
560 561
560 562
560 582
560 583
560 584
560 585
561 558
561 559
561 560
561 562
561 563
561 582
561 583
561 584
561 585
562 560
562 561
562 563
562 564
562 580
562 581
562 582
562 583
563 527
563 534
563 561
563 562
563 564
563 565
563 580
563 581
563 582
563 583
564 527
564 528
564 529
564 562
564 563
564 565
564 566
564 578
564 579
564 580
564 581
565 525
565 526
565 527
565 528
565 536
565 563
565 564
565 566
565 567
565 578
565 579
565 580
565 581
566 525
566 526
566 527
566 528
566 564
566 565
566 567
566 568
566 576
566 577
566 578
566 579
567 486
567 487
567 511
567 523
567 524
567 525
567 526
567 565
567 566
567 568
567 569
567 576
567 577
567 578
567 579
568 485
568 486
568 523
568 524
568 525
568 566
568 567
568 569
568 570
568 574
568 575
568 576
568 577
569 485
569 486
569 521
569 522
569 523
569 524
569 567
569 568
569 570
569 571
569 574
569 575
569 576
570 521
570 522
570 523
570 524
570 568
570 569
570 571
570 572
570 574
571 482
571 517
571 569
571 570
571 572
571 573
571 574
571 575
572 481
572 482
572 570
572 571
572 573
572 574
572 575
573 482
573 483
573 571
573 572
573 574
573 575
574 482
574 568
574 569
574 570
574 571
574 572
574 573
574 575
574 576
575 482
575 483
575 484
575 485
575 486
575 568
575 569
575 571
575 572
575 573
575 574
575 576
575 577
576 485
576 486
576 566
576 567
576 568
576 569
576 574
576 575
576 577
576 578
577 485
577 486
577 487
577 566
577 567
577 568
577 575
577 576
577 578
577 579
578 487
578 528
578 564
578 565
578 566
578 567
578 576
578 577
578 579
578 580
579 487
579 488
579 564
579 565
579 566
579 567
579 577
579 578
579 580
579 581
580 562
580 563
580 564
580 565
580 578
580 579
580 581
580 582
581 491
581 492
581 493
581 494
581 562
581 563
581 564
581 565
581 579
581 580
581 582
581 583
582 492
582 493
582 494
582 560
582 561
582 562
582 563
582 580
582 581
582 583
582 584
583 493
583 494
583 495
583 496
583 560
583 561
583 562
583 563
583 581
583 582
583 584
583 585
584 493
584 494
584 495
584 496
584 559
584 560
584 561
584 582
584 583
584 585
584 586
584 597
585 495
585 496
585 497
585 498
585 553
585 554
585 555
585 558
585 559
585 560
585 561
585 583
585 584
585 586
585 587
585 597
586 495
586 496
586 497
586 498
586 555
586 559
586 584
586 585
586 587
586 588
586 594
586 595
586 596
586 597
586 598
587 497
587 498
587 499
587 555
587 585
587 586
587 588
587 589
587 594
587 595
587 596
587 597
588 497
588 498
588 499
588 586
588 587
588 589
588 590
588 591
588 592
588 593
588 594
588 595
588 596
589 587
589 588
589 590
589 591
589 592
589 593
589 594
589 595
590 588
590 589
590 591
590 592
590 593
591 588
591 589
591 590
591 592
591 593
592 497
592 588
592 589
592 590
592 591
592 593
592 594
593 588
593 589
593 590
593 591
593 592
593 594
593 595
594 495
594 497
594 586
594 587
594 588
594 589
594 592
594 593
594 595
594 596
594 597
595 586
595 587
595 588
595 589
595 593
595 594
595 596
595 597
596 586
596 587
596 588
596 594
596 595
596 597
596 598
597 555
597 559
597 584
597 585
597 586
597 587
597 594
597 595
597 596
597 598
597 599
598 586
598 596
598 597
598 599
598 600
598 601
599 597
599 598
599 600
599 601
600 598
600 599
600 601
600 602
601 598
601 599
601 600
601 602
601 603
602 600
602 601
602 603
602 604
603 601
603 602
603 604
603 605
604 602
604 603
604 605
604 606
605 603
605 604
605 606
605 607
606 604
606 605
606 607
606 608
607 605
607 606
607 608
607 609
608 606
608 607
608 609
608 610
608 612
608 613
609 607
609 608
609 610
609 611
609 612
609 613
610 608
610 609
610 611
610 612
610 613
610 614
611 609
611 610
611 612
611 613
611 614
611 615
612 608
612 609
612 610
612 611
612 613
612 614
612 615
612 616
613 608
613 609
613 610
613 611
613 612
613 614
613 615
613 616
613 617
614 610
614 611
614 612
614 613
614 615
614 616
614 617
614 618
615 611
615 612
615 613
615 614
615 616
615 617
615 618
615 619
616 612
616 613
616 614
616 615
616 617
616 618
616 619
616 620
617 613
617 614
617 615
617 616
617 618
617 619
617 620
617 621
618 614
618 615
618 616
618 617
618 619
618 620
618 621
618 622
619 615
619 616
619 617
619 618
619 620
619 621
619 622
619 623
620 616
620 617
620 618
620 619
620 621
620 622
620 623
620 624
621 617
621 618
621 619
621 620
621 622
621 623
621 624
621 625
622 618
622 619
622 620
622 621
622 623
622 624
622 625
622 626
623 619
623 620
623 621
623 622
623 624
623 625
623 626
623 627
624 620
624 621
624 622
624 623
624 625
624 626
624 627
624 628
625 621
625 622
625 623
625 624
625 626
625 627
625 628
625 629
626 622
626 623
626 624
626 625
626 627
626 628
626 629
626 630
627 623
627 624
627 625
627 626
627 628
627 629
627 630
627 631
628 624
628 625
628 626
628 627
628 629
628 630
628 631
628 632
629 625
629 626
629 627
629 628
629 630
629 631
629 632
629 633
630 626
630 627
630 628
630 629
630 631
630 632
630 633
630 634
631 627
631 628
631 629
631 630
631 632
631 633
631 634
631 635
632 628
632 629
632 630
632 631
632 633
632 634
632 635
632 636
633 629
633 630
633 631
633 632
633 634
633 635
633 636
634 630
634 631
634 632
634 633
634 635
634 636
634 637
635 631
635 632
635 633
635 634
635 636
635 637
635 638
636 632
636 633
636 634
636 635
636 637
636 638
637 634
637 635
637 636
637 638
637 639
638 635
638 636
638 637
638 639
638 640
639 637
639 638
639 640
639 641
640 638
640 639
640 641
640 642
641 639
641 640
641 642
641 643
642 640
642 641
642 643
642 644
643 641
643 642
643 644
643 645
644 642
644 643
644 645
644 646
645 643
645 644
645 646
645 647
646 644
646 645
646 647
646 648
647 645
647 646
647 648
647 649
648 646
648 647
648 649
648 650
649 647
649 648
649 650
649 651
650 648
650 649
650 651
650 652
651 649
651 650
651 652
651 653
652 650
652 651
652 653
652 654
653 651
653 652
653 654
653 655
654 652
654 653
654 655
654 656
655 653
655 654
655 656
655 657
656 654
656 655
656 657
656 658
657 655
657 656
657 658
657 659
658 656
658 657
658 659
658 660
659 657
659 658
659 660
659 661
660 658
660 659
660 661
660 662
661 659
661 660
661 662
661 663
662 189
662 660
662 661
662 663
662 664
663 189
663 190
663 661
663 662
663 664
663 665
664 190
664 662
664 663
664 665
664 666
665 190
665 191
665 663
665 664
665 666
665 667
666 190
666 191
666 192
666 664
666 665
666 667
666 668
667 665
667 666
667 668
667 669
668 666
668 667
668 669
668 670
669 667
669 668
669 670
669 671
670 668
670 669
670 671
670 672
670 673
671 669
671 670
671 672
671 673
671 674
672 670
672 671
672 673
672 674
672 675
673 670
673 671
673 672
673 674
673 675
673 676
673 737
673 738
673 739
674 671
674 672
674 673
674 675
674 676
674 677
674 709
675 672
675 673
675 674
675 676
675 677
675 709
676 673
676 674
676 675
676 677
676 678
676 679
677 674
677 675
677 676
677 678
677 679
677 680
677 707
677 709
678 676
678 677
678 679
678 680
678 705
679 676
679 677
679 678
679 680
679 681
679 740
680 677
680 678
680 679
680 681
680 682
680 737
681 679
681 680
681 682
681 683
681 684
682 680
682 681
682 683
682 684
683 681
683 682
683 684
683 685
684 681
684 682
684 683
684 685
684 686
685 683
685 684
685 686
685 687
686 684
686 685
686 687
686 688
686 689
686 734
686 736
687 685
687 686
687 688
687 689
687 734
687 736
688 686
688 687
688 689
688 690
688 734
689 686
689 687
689 688
689 690
689 691
690 688
690 689
690 691
690 692
691 689
691 690
691 692
691 693
692 690
692 691
692 693
692 694
693 691
693 692
693 694
693 695
694 692
694 693
694 695
694 696
695 693
695 694
695 696
695 697
696 694
696 695
696 697
696 698
697 695
697 696
697 698
697 699
698 696
698 697
698 699
698 700
699 697
699 698
699 700
699 701
700 698
700 699
700 701
700 702
701 699
701 700
701 702
701 703
702 700
702 701
702 703
702 704
703 701
703 702
703 704
703 705
703 707
704 702
704 703
704 705
704 706
704 707
705 678
705 703
705 704
705 706
705 707
706 704
706 705
706 707
706 708
707 677
707 703
707 704
707 705
707 706
707 708
707 709
707 711
707 712
708 706
708 707
708 709
708 710
708 711
708 712
709 674
709 675
709 677
709 707
709 708
709 710
709 711
709 712
709 713
710 708
710 709
710 711
710 712
710 713
710 714
711 707
711 708
711 709
711 710
711 712
711 713
711 714
711 715
712 707
712 708
712 709
712 710
712 711
712 713
712 714
712 715
712 716
713 709
713 710
713 711
713 712
713 714
713 715
713 716
713 717
714 710
714 711
714 712
714 713
714 715
714 716
714 717
714 718
715 711
715 712
715 713
715 714
715 716
715 717
715 718
715 719
716 712
716 713
716 714
716 715
716 717
716 718
716 719
716 720
717 713
717 714
717 715
717 716
717 718
717 719
717 720
717 721
718 714
718 715
718 716
718 717
718 719
718 720
718 721
718 722
719 715
719 716
719 717
719 718
719 720
719 721
719 722
719 723
720 716
720 717
720 718
720 719
720 721
720 722
720 723
720 726
721 717
721 718
721 719
721 720
721 722
721 723
721 724
721 726
722 718
722 719
722 720
722 721
722 723
722 724
723 719
723 720
723 721
723 722
723 724
723 725
723 726
724 721
724 722
724 723
724 725
724 726
725 723
725 724
725 726
725 727
726 720
726 721
726 723
726 724
726 725
726 727
726 728
727 725
727 726
727 728
727 729
727 730
728 726
728 727
728 729
728 730
729 727
729 728
729 730
729 731
730 727
730 728
730 729
730 731
730 732
730 734
731 729
731 730
731 732
731 733
731 734
731 735
732 730
732 731
732 733
732 734
732 735
732 736
733 731
733 732
733 734
733 735
733 736
733 737
734 686
734 687
734 688
734 730
734 731
734 732
734 733
734 735
734 736
735 731
735 732
735 733
735 734
735 736
735 737
736 686
736 687
736 732
736 733
736 734
736 735
736 737
736 738
737 673
737 680
737 733
737 735
737 736
737 738
737 739
738 673
738 736
738 737
738 739
738 740
739 673
739 737
739 738
739 740
739 741
739 742
740 679
740 738
740 739
740 741
740 742
741 739
741 740
741 742
741 743
742 739
742 740
742 741
742 743
742 744
742 745
743 741
743 742
743 744
743 745
744 742
744 743
744 745
744 746
744 747
745 742
745 743
745 744
745 746
745 747
746 744
746 745
746 747
746 748
746 749
746 750
747 744
747 745
747 746
747 748
747 749
747 750
748 746
748 747
748 749
748 750
749 746
749 747
749 748
749 750
749 751
749 752
750 746
750 747
750 748
750 749
750 751
750 752
750 753
751 749
751 750
751 752
751 753
752 749
752 750
752 751
752 753
752 754
753 750
753 751
753 752
753 754
753 755
754 752
754 753
754 755
754 756
755 753
755 754
755 756
755 757
756 754
756 755
756 757
756 758
757 755
757 756
757 758
757 759
758 756
758 757
758 759
758 760
759 757
759 758
759 760
759 761
760 758
760 759
760 761
760 762
760 763
760 779
761 759
761 760
761 762
761 763
761 764
761 775
761 778
761 779
762 760
762 761
762 763
762 764
762 765
762 766
762 775
762 779
763 760
763 761
763 762
763 764
763 765
763 766
763 767
763 775
764 761
764 762
764 763
764 765
764 766
764 767
764 768
764 771
764 772
764 774
764 775
765 762
765 763
765 764
765 766
765 767
765 768
765 769
765 771
765 772
765 775
766 762
766 763
766 764
766 765
766 767
766 768
767 763
767 764
767 765
767 766
767 768
767 769
767 770
767 771
768 764
768 765
768 766
768 767
768 769
768 770
768 771
768 772
769 765
769 767
769 768
769 770
769 771
769 772
770 767
770 768
770 769
770 771
770 772
770 773
771 764
771 765
771 767
771 768
771 769
771 770
771 772
771 773
771 774
771 775
772 764
772 765
772 768
772 769
772 770
772 771
772 773
772 774
772 775
772 776
773 770
773 771
773 772
773 774
773 775
773 776
773 777
774 764
774 771
774 772
774 773
774 775
774 776
774 777
774 778
775 761
775 762
775 763
775 764
775 765
775 771
775 772
775 773
775 774
775 776
775 777
775 778
775 779
776 772
776 773
776 774
776 775
776 777
776 778
776 779
776 780
777 773
777 774
777 775
777 776
777 778
777 779
777 780
778 761
778 774
778 775
778 776
778 777
778 779
778 780
779 760
779 761
779 762
779 775
779 776
779 777
779 778
779 780
779 781
780 776
780 777
780 778
780 779
780 781
780 782
781 779
781 780
781 782
781 783
782 780
782 781
782 783
782 784
783 781
783 782
783 784
783 785
784 782
784 783
784 785
784 786
785 783
785 784
785 786
785 787
786 784
786 785
786 787
787 785
787 786
