0 1
0 2
0 45
0 462
0 463
0 505
1 0
1 2
1 3
1 4
1 5
1 42
1 45
2 0
2 1
2 3
2 4
2 5
2 6
2 41
2 42
2 43
2 45
2 46
2 47
2 505
3 1
3 2
3 4
3 5
3 6
3 7
3 42
3 47
4 1
4 2
4 3
4 5
4 6
4 7
4 8
5 1
5 2
5 3
5 4
5 6
5 7
5 8
5 9
5 38
5 39
5 41
5 42
6 2
6 3
6 4
6 5
6 7
6 8
6 9
6 10
6 38
6 39
6 42
6 47
7 3
7 4
7 5
7 6
7 8
7 9
7 10
7 11
8 4
8 5
8 6
8 7
8 9
8 10
8 11
8 12
8 35
8 38
9 5
9 6
9 7
9 8
9 10
9 11
9 12
9 13
9 34
9 35
9 36
9 37
9 38
9 39
10 6
10 7
10 8
10 9
10 11
10 12
10 13
10 14
10 35
11 7
11 8
11 9
11 10
11 12
11 13
11 14
11 15
11 35
12 8
12 9
12 10
12 11
12 13
12 14
12 15
12 16
12 31
12 32
12 34
12 35
13 9
13 10
13 11
13 12
13 14
13 15
13 16
13 17
13 31
13 32
13 35
14 10
14 11
14 12
14 13
14 15
14 16
14 17
14 18
15 11
15 12
15 13
15 14
15 16
15 17
15 18
15 19
15 28
15 31
16 12
16 13
16 14
16 15
16 17
16 18
16 19
16 20
16 27
16 28
16 29
16 30
16 31
16 32
17 13
17 14
17 15
17 16
17 18
17 19
17 20
17 21
17 28
18 14
18 15
18 16
18 17
18 19
18 20
18 21
18 22
18 28
19 15
19 16
19 17
19 18
19 20
19 21
19 22
19 23
19 24
19 25
19 27
19 28
20 16
20 17
20 18
20 19
20 21
20 22
20 23
20 24
20 25
20 27
20 28
21 17
21 18
21 19
21 20
21 22
21 23
21 24
22 18
22 19
22 20
22 21
22 23
22 24
23 19
23 20
23 21
23 22
23 24
23 25
24 19
24 20
24 21
24 22
24 23
24 25
24 26
24 27
24 28
25 19
25 20
25 23
25 24
25 26
25 27
25 28
25 29
25 66
25 69
25 70
26 24
26 25
26 27
26 28
26 29
26 30
26 66
26 70
27 16
27 19
27 20
27 24
27 25
27 26
27 28
27 29
27 30
27 31
28 15
28 16
28 17
28 18
28 19
28 20
28 24
28 25
28 26
28 27
28 29
28 30
28 31
28 32
28 63
29 16
29 25
29 26
29 27
29 28
29 30
29 31
29 32
29 33
29 62
29 63
29 66
29 67
30 16
30 26
30 27
30 28
30 29
30 31
30 32
30 33
30 34
30 365
31 12
31 13
31 15
31 16
31 27
31 28
31 29
31 30
31 32
31 33
31 34
31 35
32 12
32 13
32 16
32 28
32 29
32 30
32 31
32 33
32 34
32 35
32 36
32 59
32 60
32 62
32 63
33 29
33 30
33 31
33 32
33 34
33 35
33 36
33 37
33 59
33 60
33 63
34 9
34 12
34 30
34 31
34 32
34 33
34 35
34 36
34 37
34 38
35 8
35 9
35 10
35 11
35 12
35 13
35 31
35 32
35 33
35 34
35 36
35 37
35 38
35 39
35 56
35 59
36 9
36 32
36 33
36 34
36 35
36 37
36 38
36 39
36 40
36 55
36 56
36 57
36 59
36 60
37 9
37 33
37 34
37 35
37 36
37 38
37 39
37 40
37 41
37 56
38 5
38 6
38 8
38 9
38 34
38 35
38 36
38 37
38 39
38 40
38 41
38 42
39 5
39 6
39 9
39 35
39 36
39 37
39 38
39 40
39 41
39 42
39 43
39 52
39 56
40 36
40 37
40 38
40 39
40 41
40 42
40 43
40 44
40 56
40 510
41 2
41 5
41 37
41 38
41 39
41 40
41 42
41 43
41 44
41 45
42 1
42 2
42 3
42 5
42 6
42 38
42 39
42 40
42 41
42 43
42 44
42 45
42 46
42 47
42 505
43 2
43 39
43 40
43 41
43 42
43 44
43 45
43 46
43 47
43 48
43 52
43 505
43 506
43 507
44 40
44 41
44 42
44 43
44 45
44 46
44 47
44 505
44 506
44 507
44 510
44 511
45 0
45 1
45 2
45 41
45 42
45 43
45 44
45 46
45 47
45 502
45 504
45 505
45 506
45 507
46 2
46 42
46 43
46 44
46 45
46 47
46 48
46 501
46 502
46 503
46 504
46 505
46 506
46 507
47 2
47 3
47 6
47 42
47 43
47 44
47 45
47 46
47 48
47 49
47 505
48 43
48 46
48 47
48 49
48 50
49 47
49 48
49 50
49 51
49 52
50 48
50 49
50 51
50 52
51 49
51 50
51 52
51 53
51 54
51 55
52 39
52 43
52 49
52 50
52 51
52 53
52 54
52 55
52 56
53 51
53 52
53 54
53 55
53 56
53 57
54 51
54 52
54 53
54 55
54 56
54 57
54 58
55 36
55 51
55 52
55 53
55 54
55 56
55 57
55 58
55 59
56 35
56 36
56 37
56 39
56 40
56 52
56 53
56 54
56 55
56 57
56 58
56 59
56 60
57 36
57 53
57 54
57 55
57 56
57 58
57 59
57 60
57 61
58 54
58 55
58 56
58 57
58 59
58 60
58 61
58 62
59 32
59 33
59 35
59 36
59 55
59 56
59 57
59 58
59 60
59 61
59 62
59 63
60 32
60 33
60 36
60 56
60 57
60 58
60 59
60 61
60 62
60 63
60 64
61 57
61 58
61 59
61 60
61 62
61 63
61 64
61 65
62 29
62 32
62 58
62 59
62 60
62 61
62 63
62 64
62 65
62 66
63 28
63 29
63 32
63 33
63 59
63 60
63 61
63 62
63 64
63 65
63 66
63 67
64 60
64 61
64 62
64 63
64 65
64 66
64 67
64 68
65 61
65 62
65 63
65 64
65 66
65 67
65 68
65 69
66 25
66 26
66 29
66 62
66 63
66 64
66 65
66 67
66 68
66 69
66 70
67 29
67 63
67 64
67 65
67 66
67 68
67 69
67 70
67 71
68 64
68 65
68 66
68 67
68 69
68 70
68 71
68 72
69 25
69 65
69 66
69 67
69 68
69 70
69 71
69 72
69 73
70 25
70 26
70 66
70 67
70 68
70 69
70 71
70 72
70 73
70 74
70 75
71 67
71 68
71 69
71 70
71 72
71 73
71 74
71 75
72 68
72 69
72 70
72 71
72 73
72 74
73 69
73 70
73 71
73 72
73 74
73 75
73 76
74 70
74 71
74 72
74 73
74 75
74 76
74 77
75 70
75 71
75 73
75 74
75 76
75 77
76 73
76 74
76 75
76 77
76 78
76 268
77 74
77 75
77 76
77 78
77 79
78 76
78 77
78 79
78 80
78 264
78 265
78 267
78 268
79 77
79 78
79 80
79 81
79 82
79 83
79 84
79 264
79 268
80 78
80 79
80 81
80 82
80 83
80 84
81 79
81 80
81 82
81 83
81 84
81 85
82 79
82 80
82 81
82 83
82 84
82 85
82 86
82 122
82 125
82 126
82 131
83 79
83 80
83 81
83 82
83 84
83 85
83 86
83 87
83 131
84 79
84 80
84 81
84 82
84 83
84 85
84 86
84 87
84 88
84 327
85 81
85 82
85 83
85 84
85 86
85 87
85 88
85 89
85 118
85 119
85 122
85 237
86 82
86 83
86 84
86 85
86 87
86 88
86 89
86 90
86 119
86 122
86 135
87 83
87 84
87 85
87 86
87 88
87 89
87 90
87 91
87 327
88 84
88 85
88 86
88 87
88 89
88 90
88 91
88 92
88 115
88 235
88 236
88 237
88 327
88 328
89 85
89 86
89 87
89 88
89 90
89 91
89 92
89 93
89 115
89 116
89 118
89 119
89 138
89 237
90 86
90 87
90 88
90 89
90 91
90 92
90 93
90 94
90 115
90 138
91 87
91 88
91 89
91 90
91 92
91 93
91 94
91 95
91 235
91 326
91 327
91 328
92 88
92 89
92 90
92 91
92 93
92 94
92 95
92 96
92 111
92 112
92 114
92 115
92 235
92 236
92 237
93 89
93 90
93 91
93 92
93 94
93 95
93 96
93 97
93 111
93 112
93 115
93 142
94 90
94 91
94 92
94 93
94 95
94 96
94 97
94 98
95 91
95 92
95 93
95 94
95 96
95 97
95 98
95 99
95 108
95 111
95 235
96 92
96 93
96 94
96 95
96 97
96 98
96 99
96 100
96 107
96 108
96 109
96 110
96 111
96 112
97 93
97 94
97 95
97 96
97 98
97 99
97 100
97 101
97 108
98 94
98 95
98 96
98 97
98 99
98 100
98 101
98 102
98 108
99 95
99 96
99 97
99 98
99 100
99 101
99 102
99 103
99 104
99 105
99 107
99 108
100 96
100 97
100 98
100 99
100 101
100 102
100 103
100 104
100 105
100 108
101 97
101 98
101 99
101 100
101 102
101 103
101 104
102 98
102 99
102 100
102 101
102 103
102 104
103 99
103 100
103 101
103 102
103 104
103 105
104 99
104 100
104 101
104 102
104 103
104 105
104 106
104 107
104 108
105 99
105 100
105 103
105 104
105 106
105 107
105 108
105 109
105 149
106 104
106 105
106 107
106 108
106 109
106 110
107 96
107 99
107 104
107 105
107 106
107 108
107 109
107 110
107 111
108 95
108 96
108 97
108 98
108 99
108 100
108 104
108 105
108 106
108 107
108 109
108 110
108 111
108 112
108 146
109 96
109 105
109 106
109 107
109 108
109 110
109 111
109 112
109 113
109 146
109 149
109 150
110 96
110 106
110 107
110 108
110 109
110 111
110 112
110 113
110 114
111 92
111 93
111 95
111 96
111 107
111 108
111 109
111 110
111 112
111 113
111 114
111 115
111 235
112 92
112 93
112 96
112 108
112 109
112 110
112 111
112 113
112 114
112 115
112 116
112 142
112 143
112 145
112 146
113 109
113 110
113 111
113 112
113 114
113 115
113 116
113 117
113 142
113 143
113 146
114 92
114 110
114 111
114 112
114 113
114 115
114 116
114 117
114 118
114 236
114 237
115 88
115 89
115 90
115 92
115 93
115 111
115 112
115 113
115 114
115 116
115 117
115 118
115 119
115 139
115 142
115 237
116 89
116 112
116 113
116 114
116 115
116 117
116 118
116 119
116 120
116 138
116 139
116 140
116 142
116 143
117 113
117 114
117 115
117 116
117 118
117 119
117 120
117 121
117 139
118 85
118 89
118 114
118 115
118 116
118 117
118 119
118 120
118 121
118 122
118 237
119 85
119 86
119 89
119 115
119 116
119 117
119 118
119 120
119 121
119 122
119 123
119 135
119 136
119 138
119 139
120 116
120 117
120 118
120 119
120 121
120 122
120 123
120 124
120 135
120 136
120 139
121 117
121 118
121 119
121 120
121 122
121 123
121 124
121 125
122 82
122 85
122 86
122 118
122 119
122 120
122 121
122 123
122 124
122 125
122 126
122 132
122 135
123 119
123 120
123 121
123 122
123 124
123 125
123 126
123 131
123 132
123 133
123 135
123 136
124 120
124 121
124 122
124 123
124 125
124 126
124 127
124 132
125 82
125 121
125 122
125 123
125 124
125 126
125 127
126 82
126 122
126 123
126 124
126 125
126 127
126 128
126 129
126 131
126 132
127 124
127 125
127 126
127 128
127 129
127 132
128 126
128 127
128 129
128 130
128 131
128 132
129 126
129 127
129 128
129 130
129 131
129 132
129 133
130 128
130 129
130 131
130 132
130 133
130 134
131 82
131 83
131 123
131 126
131 128
131 129
131 130
131 132
131 133
131 134
131 135
132 122
132 123
132 124
132 126
132 127
132 128
132 129
132 130
132 131
132 133
132 134
132 135
132 136
133 123
133 129
133 130
133 131
133 132
133 134
133 135
133 136
133 137
134 130
134 131
134 132
134 133
134 135
134 136
134 137
134 138
135 86
135 119
135 120
135 122
135 123
135 131
135 132
135 133
135 134
135 136
135 137
135 138
135 139
136 119
136 120
136 123
136 132
136 133
136 134
136 135
136 137
136 138
136 139
136 140
137 133
137 134
137 135
137 136
137 138
137 139
137 140
137 141
138 89
138 90
138 116
138 119
138 134
138 135
138 136
138 137
138 139
138 140
138 141
138 142
139 115
139 116
139 117
139 119
139 120
139 135
139 136
139 137
139 138
139 140
139 141
139 142
139 143
140 116
140 136
140 137
140 138
140 139
140 141
140 142
140 143
140 144
141 137
141 138
141 139
141 140
141 142
141 143
141 144
141 145
142 93
142 112
142 113
142 115
142 116
142 138
142 139
142 140
142 141
142 143
142 144
142 145
142 146
143 112
143 113
143 116
143 139
143 140
143 141
143 142
143 144
143 145
143 146
143 147
144 140
144 141
144 142
144 143
144 145
144 146
144 147
144 148
145 112
145 141
145 142
145 143
145 144
145 146
145 147
145 148
145 149
146 108
146 109
146 112
146 113
146 142
146 143
146 144
146 145
146 147
146 148
146 149
146 150
147 143
147 144
147 145
147 146
147 148
147 149
147 150
147 151
148 144
148 145
148 146
148 147
148 149
148 150
148 151
149 105
149 109
149 145
149 146
149 147
149 148
149 150
149 151
150 109
150 146
150 147
150 148
150 149
150 151
150 152
151 147
151 148
151 149
151 150
151 152
151 153
152 150
152 151
152 153
152 154
153 151
153 152
153 154
153 155
154 152
154 153
154 155
154 156
155 153
155 154
155 156
155 157
156 154
156 155
156 157
156 158
157 155
157 156
157 158
157 159
158 156
158 157
158 159
158 160
159 157
159 158
159 160
159 161
160 158
160 159
160 161
160 162
161 159
161 160
161 162
161 163
162 160
162 161
162 163
162 164
163 161
163 162
163 164
163 165
164 162
164 163
164 165
164 166
165 163
165 164
165 166
165 167
166 164
166 165
166 167
166 168
167 165
167 166
167 168
167 169
168 166
168 167
168 169
168 170
169 167
169 168
169 170
169 171
170 168
170 169
170 171
170 172
171 169
171 170
171 172
171 173
172 170
172 171
172 173
172 174
173 171
173 172
173 174
173 175
174 172
174 173
174 175
174 176
175 173
175 174
175 176
175 177
176 174
176 175
176 177
176 178
177 175
177 176
177 178
177 179
178 176
178 177
178 179
178 180
179 177
179 178
179 180
179 181
180 178
180 179
180 181
180 182
181 179
181 180
181 182
181 183
181 184
182 180
182 181
182 183
182 184
182 185
183 181
183 182
183 184
183 185
184 181
184 182
184 183
184 185
184 186
185 182
185 183
185 184
185 186
185 187
186 184
186 185
186 187
186 188
187 185
187 186
187 188
187 189
188 186
188 187
188 189
188 190
189 187
189 188
189 190
189 191
190 188
190 189
190 191
190 192
190 540
191 189
191 190
191 192
191 193
191 194
191 540
192 190
192 191
192 193
192 194
192 195
193 191
193 192
193 194
193 195
193 401
193 402
193 539
193 540
194 191
194 192
194 193
194 195
194 196
194 197
194 198
194 545
195 192
195 193
195 194
195 196
195 197
195 198
195 340
195 341
196 194
196 195
196 197
196 198
196 199
196 200
196 201
196 546
196 547
197 194
197 195
197 196
197 198
197 199
197 200
197 201
197 202
198 194
198 195
198 196
198 197
198 199
198 200
199 196
199 197
199 198
199 200
199 201
200 196
200 197
200 198
200 199
200 201
200 202
201 196
201 197
201 199
201 200
201 202
201 203
202 197
202 200
202 201
202 203
202 204
203 201
203 202
203 204
203 205
203 206
203 207
203 208
204 202
204 203
204 205
204 206
204 207
204 208
205 203
205 204
205 206
205 207
205 208
205 209
206 203
206 204
206 205
206 207
206 208
206 209
206 210
206 549
206 550
207 203
207 204
207 205
207 206
207 208
207 209
207 210
207 211
207 548
207 549
207 550
208 203
208 204
208 205
208 206
208 207
208 209
208 210
208 211
208 212
209 205
209 206
209 207
209 208
209 210
209 211
209 212
209 213
210 206
210 207
210 208
210 209
210 211
210 212
210 213
210 214
210 549
210 550
210 551
210 665
211 207
211 208
211 209
211 210
211 212
211 213
211 214
211 215
211 223
211 224
211 338
211 549
212 208
212 209
212 210
212 211
212 213
212 214
212 215
212 216
212 223
213 209
213 210
213 211
213 212
213 214
213 215
213 216
214 210
214 211
214 212
214 213
214 215
214 216
214 217
214 338
214 591
214 592
214 593
214 665
215 211
215 212
215 213
215 214
215 216
215 217
215 220
215 221
215 222
215 223
215 224
215 338
215 593
216 212
216 213
216 214
216 215
216 217
216 218
216 219
216 220
216 221
216 222
216 593
217 214
217 215
217 216
217 218
217 219
217 220
217 221
217 222
217 381
217 382
217 592
217 593
217 594
218 216
218 217
218 219
218 220
218 381
218 382
218 383
218 593
218 594
218 595
219 216
219 217
219 218
219 220
219 221
220 215
220 216
220 217
220 218
220 219
220 221
220 222
220 244
220 381
221 215
221 216
221 217
221 219
221 220
221 222
221 223
222 215
222 216
222 217
222 220
222 221
222 223
222 224
222 342
222 343
222 344
223 211
223 212
223 215
223 221
223 222
223 224
223 225
223 342
223 343
224 211
224 215
224 222
224 223
224 225
224 226
224 340
224 341
224 342
224 343
225 223
225 224
225 226
225 227
225 229
225 334
225 340
225 341
225 342
225 343
226 224
226 225
226 227
226 228
226 229
226 230
227 225
227 226
227 228
227 229
227 230
227 231
228 226
228 227
228 229
228 230
228 231
228 232
229 225
229 226
229 227
229 228
229 230
229 231
229 232
229 343
230 226
230 227
230 228
230 229
230 231
230 232
231 227
231 228
231 229
231 230
231 232
231 233
232 228
232 229
232 230
232 231
232 233
232 234
233 231
233 232
233 234
233 235
234 232
234 233
234 235
234 236
234 316
234 326
234 328
234 330
234 331
235 88
235 91
235 92
235 95
235 111
235 233
235 234
235 236
235 237
235 326
235 328
235 330
236 88
236 92
236 114
236 234
236 235
236 237
236 238
236 239
236 240
236 328
237 85
237 88
237 89
237 92
237 114
237 115
237 118
237 235
237 236
237 238
237 239
237 328
238 236
238 237
238 239
238 240
238 328
239 236
239 237
239 238
239 240
239 241
239 327
239 328
239 329
239 330
240 236
240 238
240 239
240 241
240 242
240 328
240 329
240 330
240 347
241 239
241 240
241 242
241 243
241 245
241 329
241 330
241 346
241 347
242 240
242 241
242 243
242 244
242 245
242 246
242 345
242 346
242 347
243 241
243 242
243 244
243 245
244 220
244 242
244 243
244 245
244 246
245 241
245 242
245 243
245 244
245 246
245 247
246 242
246 244
246 245
246 247
246 248
247 245
247 246
247 248
247 249
247 379
247 380
247 383
247 384
247 385
248 246
248 247
248 249
248 250
248 383
248 384
248 385
248 386
249 247
249 248
249 250
249 251
249 253
249 254
249 384
249 385
249 386
250 248
250 249
250 251
250 252
250 253
250 254
250 286
250 384
250 385
250 386
250 387
251 249
251 250
251 252
251 253
251 254
251 255
251 386
252 250
252 251
252 253
252 254
252 255
252 256
252 285
252 286
253 249
253 250
253 251
253 252
253 254
253 255
253 256
253 257
253 285
253 286
253 359
254 249
254 250
254 251
254 252
254 253
254 255
254 256
254 257
255 251
255 252
255 253
255 254
255 256
255 257
256 252
256 253
256 254
256 255
256 257
256 258
256 353
256 354
257 253
257 254
257 255
257 256
257 258
257 259
257 351
257 352
257 353
257 354
257 359
258 256
258 257
258 259
258 260
258 351
258 352
258 353
258 354
258 356
259 257
259 258
259 260
259 261
259 351
259 352
259 353
260 258
260 259
260 261
260 262
260 349
260 350
260 351
260 352
261 259
261 260
261 262
261 263
261 264
261 265
261 266
261 349
261 350
261 351
261 352
262 260
262 261
262 263
262 264
262 265
262 266
262 329
262 348
262 349
262 350
263 261
263 262
263 264
263 265
263 266
263 267
263 270
263 348
263 349
263 350
263 367
263 369
264 78
264 79
264 261
264 262
264 263
264 265
264 266
264 267
264 268
264 269
264 270
265 78
265 261
265 262
265 263
265 264
265 266
265 267
265 268
266 261
266 262
266 263
266 264
266 265
266 267
266 268
266 356
266 366
266 367
267 78
267 263
267 264
267 265
267 266
267 268
267 269
267 270
267 366
267 367
268 76
268 78
268 79
268 264
268 265
268 266
268 267
268 269
268 270
269 264
269 267
269 268
269 270
269 271
269 367
270 263
270 264
270 267
270 268
270 269
270 271
270 272
270 325
270 367
270 368
270 369
271 269
271 270
271 272
271 273
271 274
271 324
271 325
271 367
271 368
271 369
272 270
272 271
272 273
272 274
272 323
272 324
272 325
272 368
272 369
272 370
273 271
273 272
273 274
273 275
273 276
273 323
273 324
273 368
273 369
273 370
274 271
274 272
274 273
274 275
274 276
274 368
275 273
275 274
275 276
275 277
276 273
276 274
276 275
276 277
276 278
276 299
276 300
276 302
276 303
276 311
277 275
277 276
277 278
277 279
277 280
277 281
277 296
277 299
277 300
277 303
278 276
278 277
278 279
278 280
278 281
278 295
278 296
278 297
278 298
278 299
278 300
279 277
279 278
279 280
279 281
279 296
279 516
280 277
280 278
280 279
280 281
280 282
280 362
280 363
280 364
280 365
281 277
281 278
281 279
281 280
281 282
281 283
281 292
281 296
281 361
281 362
281 363
281 364
281 371
281 478
281 480
282 280
282 281
282 283
282 284
282 292
282 361
282 362
282 363
282 364
282 478
282 479
282 480
283 281
283 282
283 284
283 285
283 286
283 288
283 289
283 292
283 360
283 361
283 362
283 478
283 479
283 480
284 282
284 283
284 285
284 286
284 358
284 359
284 360
284 361
284 362
284 479
285 252
285 253
285 283
285 284
285 286
285 287
285 359
285 360
286 250
286 252
286 253
286 283
286 284
286 285
286 287
286 288
286 289
286 359
286 360
286 361
286 385
286 386
286 387
287 285
287 286
287 288
287 289
287 386
287 387
287 388
287 389
288 283
288 286
288 287
288 289
288 290
288 291
288 292
288 387
288 388
288 389
288 390
289 283
289 286
289 287
289 288
289 290
289 291
289 292
289 293
289 389
289 457
289 458
289 459
289 478
289 479
290 288
290 289
290 291
290 292
290 293
290 294
290 389
290 390
290 391
290 392
290 395
290 457
290 458
290 459
291 288
291 289
291 290
291 292
291 293
291 294
291 295
291 375
291 390
291 391
291 392
291 395
291 396
292 281
292 282
292 283
292 288
292 289
292 290
292 291
292 293
292 294
292 295
292 296
292 361
292 375
292 478
293 289
293 290
293 291
293 292
293 294
293 295
293 296
293 297
293 392
293 437
293 458
293 459
293 460
293 476
293 477
293 478
294 290
294 291
294 292
294 293
294 295
294 296
294 297
294 298
294 392
294 395
294 396
294 399
294 437
294 460
295 278
295 291
295 292
295 293
295 294
295 296
295 297
295 298
295 299
295 310
295 371
295 396
295 399
296 277
296 278
296 279
296 281
296 292
296 293
296 294
296 295
296 297
296 298
296 299
296 300
296 460
296 478
297 278
297 293
297 294
297 295
297 296
297 298
297 299
297 300
297 301
297 435
297 436
297 437
297 460
297 461
297 462
298 278
298 294
298 295
298 296
298 297
298 299
298 300
298 301
298 302
298 309
298 310
298 435
299 276
299 277
299 278
299 295
299 296
299 297
299 298
299 300
299 301
299 302
299 303
299 309
299 310
300 276
300 277
300 278
300 296
300 297
300 298
300 299
300 301
300 302
300 303
300 304
300 462
301 297
301 298
301 299
301 300
301 302
301 303
301 304
301 305
301 306
301 307
301 309
301 432
301 435
302 276
302 298
302 299
302 300
302 301
302 303
302 304
302 305
302 306
302 307
302 308
302 309
302 310
303 276
303 277
303 299
303 300
303 301
303 302
303 304
303 305
303 306
303 307
304 300
304 301
304 302
304 303
304 305
304 306
305 301
305 302
305 303
305 304
305 306
305 307
305 432
306 301
306 302
306 303
306 304
306 305
306 307
306 308
307 301
307 302
307 303
307 305
307 306
307 308
307 309
308 302
308 306
308 307
308 309
308 310
308 311
308 312
309 298
309 299
309 301
309 302
309 307
309 308
309 310
309 311
309 312
309 313
309 400
310 295
310 298
310 299
310 302
310 308
310 309
310 311
310 312
310 313
310 314
310 399
310 400
311 276
311 308
311 309
311 310
311 312
311 313
311 314
311 322
311 323
311 370
312 308
312 309
312 310
312 311
312 313
312 314
312 315
312 321
312 322
312 323
313 309
313 310
313 311
313 312
313 314
313 315
313 333
313 334
313 335
314 310
314 311
314 312
314 313
314 315
314 316
314 317
314 323
314 331
314 332
314 333
314 334
314 370
314 374
315 312
315 313
315 314
315 316
315 317
315 323
315 324
315 331
315 332
315 333
316 234
316 314
316 315
316 317
316 318
316 323
316 324
316 325
316 326
316 331
316 332
317 314
317 315
317 316
317 318
317 319
317 320
317 321
317 322
317 323
317 324
318 316
318 317
318 319
318 320
318 321
318 322
318 323
318 324
319 317
319 318
319 320
319 321
319 322
320 317
320 318
320 319
320 321
320 322
321 312
321 317
321 318
321 319
321 320
321 322
321 323
322 311
322 312
322 317
322 318
322 319
322 320
322 321
322 323
322 324
323 272
323 273
323 311
323 312
323 314
323 315
323 316
323 317
323 318
323 321
323 322
323 324
323 325
324 271
324 272
324 273
324 315
324 316
324 317
324 318
324 322
324 323
324 325
324 326
325 270
325 271
325 272
325 316
325 323
325 324
325 326
325 327
326 91
326 234
326 235
326 316
326 324
326 325
326 327
326 328
326 329
326 330
326 331
327 84
327 87
327 88
327 91
327 239
327 325
327 326
327 328
327 329
328 88
328 91
328 234
328 235
328 236
328 237
328 238
328 239
328 240
328 326
328 327
328 329
328 330
329 239
329 240
329 241
329 262
329 326
329 327
329 328
329 330
329 331
329 347
329 348
329 349
330 234
330 235
330 239
330 240
330 241
330 326
330 328
330 329
330 331
330 332
330 345
330 346
330 347
330 348
331 234
331 314
331 315
331 316
331 326
331 329
331 330
331 332
331 333
331 345
331 346
331 347
331 348
331 373
332 314
332 315
332 316
332 330
332 331
332 333
332 334
332 343
332 344
332 345
332 346
333 313
333 314
333 315
333 331
333 332
333 334
333 335
333 343
333 344
333 345
333 346
333 374
333 377
334 225
334 313
334 314
334 332
334 333
334 335
334 336
334 341
334 342
334 343
334 344
334 399
335 313
335 333
335 334
335 336
335 337
335 341
335 342
335 343
335 344
335 378
335 398
335 399
335 400
335 401
336 334
336 335
336 337
336 338
336 339
336 340
336 341
336 342
336 397
336 398
336 399
336 400
336 401
337 335
337 336
337 338
337 339
337 340
337 341
337 342
337 398
337 591
338 211
338 214
338 215
338 336
338 337
338 339
338 340
338 589
338 590
338 591
338 592
338 666
338 667
339 336
339 337
339 338
339 340
339 341
339 549
339 589
339 591
339 666
339 667
340 195
340 224
340 225
340 336
340 337
340 338
340 339
340 341
340 342
341 195
341 224
341 225
341 334
341 335
341 336
341 337
341 339
341 340
341 342
341 343
341 401
342 222
342 223
342 224
342 225
342 334
342 335
342 336
342 337
342 340
342 341
342 343
342 344
343 222
343 223
343 224
343 225
343 229
343 332
343 333
343 334
343 335
343 341
343 342
343 344
343 345
344 222
344 332
344 333
344 334
344 335
344 342
344 343
344 345
344 346
344 377
344 381
345 242
345 330
345 331
345 332
345 333
345 343
345 344
345 346
345 347
345 377
346 241
346 242
346 330
346 331
346 332
346 333
346 344
346 345
346 347
346 348
346 373
346 376
346 377
347 240
347 241
347 242
347 329
347 330
347 331
347 345
347 346
347 348
347 349
348 262
348 263
348 329
348 330
348 331
348 346
348 347
348 349
348 350
348 373
349 260
349 261
349 262
349 263
349 329
349 347
349 348
349 350
349 351
350 260
350 261
350 262
350 263
350 348
350 349
350 351
350 352
350 358
350 359
350 360
350 372
351 257
351 258
351 259
351 260
351 261
351 349
351 350
351 352
351 353
351 358
351 359
351 360
352 257
352 258
352 259
352 260
352 261
352 350
352 351
352 353
352 354
352 355
352 356
352 357
352 358
352 359
353 256
353 257
353 258
353 259
353 351
353 352
353 354
353 355
353 356
353 357
353 358
353 359
354 256
354 257
354 258
354 352
354 353
354 355
354 356
354 357
355 352
355 353
355 354
355 356
355 357
356 258
356 266
356 352
356 353
356 354
356 355
356 357
356 358
357 352
357 353
357 354
357 355
357 356
357 358
357 359
358 284
358 350
358 351
358 352
358 353
358 356
358 357
358 359
358 360
358 361
358 362
358 366
359 253
359 257
359 284
359 285
359 286
359 350
359 351
359 352
359 353
359 357
359 358
359 360
359 361
360 283
360 284
360 285
360 286
360 350
360 351
360 358
360 359
360 361
360 362
360 372
360 375
360 376
361 281
361 282
361 283
361 284
361 286
361 292
361 358
361 359
361 360
361 362
361 363
361 371
361 372
361 375
362 280
362 281
362 282
362 283
362 284
362 358
362 360
362 361
362 363
362 364
362 365
362 366
362 368
362 369
362 371
362 372
363 280
363 281
363 282
363 361
363 362
363 364
363 365
363 366
363 368
363 369
363 371
363 372
364 280
364 281
364 282
364 362
364 363
364 365
364 366
365 30
365 280
365 362
365 363
365 364
365 366
365 367
365 368
366 266
366 267
366 358
366 362
366 363
366 364
366 365
366 367
366 368
366 369
367 263
367 266
367 267
367 269
367 270
367 271
367 365
367 366
367 368
367 369
368 270
368 271
368 272
368 273
368 274
368 362
368 363
368 365
368 366
368 367
368 369
368 370
368 371
369 263
369 270
369 271
369 272
369 273
369 362
369 363
369 366
369 367
369 368
369 370
369 371
369 372
369 373
370 272
370 273
370 311
370 314
370 368
370 369
370 371
370 372
370 373
370 374
371 281
371 295
371 361
371 362
371 363
371 368
371 369
371 370
371 372
371 373
371 374
371 375
372 350
372 360
372 361
372 362
372 363
372 369
372 370
372 371
372 373
372 374
372 375
372 376
373 331
373 346
373 348
373 369
373 370
373 371
373 372
373 374
373 375
373 376
373 377
374 314
374 333
374 370
374 371
374 372
374 373
374 375
374 376
374 377
374 378
375 291
375 292
375 360
375 361
375 371
375 372
375 373
375 374
375 376
375 377
375 378
375 379
376 346
376 360
376 372
376 373
376 374
376 375
376 377
376 378
376 379
376 380
377 333
377 344
377 345
377 346
377 373
377 374
377 375
377 376
377 378
377 379
377 380
377 381
378 335
378 374
378 375
378 376
378 377
378 379
378 380
378 381
378 382
379 247
379 375
379 376
379 377
379 378
379 380
379 381
379 382
379 383
379 384
379 385
379 387
380 247
380 376
380 377
380 378
380 379
380 381
380 382
380 383
380 384
380 385
381 217
381 218
381 220
381 344
381 377
381 378
381 379
381 380
381 382
381 383
381 384
382 217
382 218
382 378
382 379
382 380
382 381
382 383
382 384
382 385
382 387
382 595
383 218
383 247
383 248
383 379
383 380
383 381
383 382
383 384
383 385
383 386
383 387
383 595
384 247
384 248
384 249
384 250
384 379
384 380
384 381
384 382
384 383
384 385
384 386
384 387
385 247
385 248
385 249
385 250
385 286
385 379
385 380
385 382
385 383
385 384
385 386
385 387
386 248
386 249
386 250
386 251
386 286
386 287
386 383
386 384
386 385
386 387
386 388
387 250
387 286
387 287
387 288
387 379
387 382
387 383
387 384
387 385
387 386
387 388
387 389
388 287
388 288
388 386
388 387
388 389
388 390
388 599
389 287
389 288
389 289
389 290
389 387
389 388
389 390
389 391
389 599
390 288
390 290
390 291
390 388
390 389
390 391
390 392
390 394
390 395
391 290
391 291
391 389
391 390
391 392
391 393
391 394
391 395
391 458
392 290
392 291
392 293
392 294
392 390
392 391
392 393
392 394
392 395
392 396
392 437
392 458
392 534
393 391
393 392
393 394
393 395
393 396
393 397
393 404
393 405
393 406
393 534
393 535
393 536
393 636
394 390
394 391
394 392
394 393
394 395
394 396
394 397
394 398
394 404
394 635
394 636
395 290
395 291
395 294
395 390
395 391
395 392
395 393
395 394
395 396
395 397
395 398
395 399
396 291
396 294
396 295
396 392
396 393
396 394
396 395
396 397
396 398
396 399
396 400
396 401
396 402
396 404
396 536
397 336
397 393
397 394
397 395
397 396
397 398
397 399
397 400
397 401
397 402
397 403
397 404
397 536
398 335
398 336
398 337
398 394
398 395
398 396
398 397
398 399
398 400
398 401
399 294
399 295
399 310
399 334
399 335
399 336
399 395
399 396
399 397
399 398
399 400
399 401
400 309
400 310
400 335
400 336
400 396
400 397
400 398
400 399
400 401
400 402
401 193
401 335
401 336
401 341
401 396
401 397
401 398
401 399
401 400
401 402
401 403
402 193
402 396
402 397
402 400
402 401
402 403
402 404
402 536
402 537
402 538
402 539
403 397
403 401
403 402
403 404
403 405
403 535
403 536
403 537
403 538
403 539
403 587
404 393
404 394
404 396
404 397
404 402
404 403
404 405
404 406
404 534
404 535
404 536
404 537
404 636
404 637
404 638
405 393
405 403
405 404
405 406
405 407
405 534
405 535
405 536
405 537
405 637
405 638
406 393
406 404
406 405
406 407
406 408
406 532
406 533
406 534
406 535
407 405
407 406
407 408
407 409
407 416
407 532
407 533
407 534
407 535
408 406
408 407
408 409
408 410
408 411
408 416
408 531
408 532
408 533
409 407
409 408
409 410
409 411
409 416
409 527
409 530
409 531
409 532
409 533
410 408
410 409
410 411
410 412
410 414
410 416
410 531
410 532
411 408
411 409
411 410
411 412
411 413
411 414
411 415
411 416
412 410
412 411
412 413
412 414
413 411
413 412
413 414
413 415
414 410
414 411
414 412
414 413
414 415
414 416
414 417
415 411
415 413
415 414
415 416
415 417
416 407
416 408
416 409
416 410
416 411
416 414
416 415
416 417
416 418
416 421
417 414
417 415
417 416
417 418
417 419
417 420
417 421
418 416
418 417
418 419
418 420
418 421
418 422
418 524
418 527
419 417
419 418
419 420
419 421
419 422
419 423
420 417
420 418
420 419
420 421
420 422
420 423
420 424
421 416
421 417
421 418
421 419
421 420
421 422
421 423
421 424
421 425
422 418
422 419
422 420
422 421
422 423
422 424
422 425
422 426
422 471
422 523
423 419
423 420
423 421
423 422
423 424
423 425
423 426
423 427
424 420
424 421
424 422
424 423
424 425
424 426
424 427
424 428
425 421
425 422
425 423
425 424
425 426
425 427
425 428
425 429
425 434
425 464
426 422
426 423
426 424
426 425
426 427
426 428
426 429
426 430
426 464
426 465
427 423
427 424
427 425
427 426
427 428
427 429
427 430
427 431
428 424
428 425
428 426
428 427
428 429
428 430
428 431
428 432
428 433
428 434
429 425
429 426
429 427
429 428
429 430
429 431
429 432
429 433
429 434
429 435
429 464
430 426
430 427
430 428
430 429
430 431
430 432
430 433
431 427
431 428
431 429
431 430
431 432
431 433
431 434
432 301
432 305
432 428
432 429
432 430
432 431
432 433
432 434
432 435
432 538
433 428
433 429
433 430
433 431
433 432
433 434
433 435
433 537
433 538
433 541
434 425
434 428
434 429
434 431
434 432
434 433
434 435
434 436
434 535
434 536
434 537
434 538
435 297
435 298
435 301
435 429
435 432
435 433
435 434
435 436
435 437
435 461
435 535
435 536
435 537
436 297
436 434
436 435
436 437
436 438
436 460
436 461
436 533
436 534
436 535
436 536
437 293
437 294
437 297
437 392
437 435
437 436
437 438
437 439
437 458
437 459
437 460
437 461
437 533
437 534
437 535
438 436
438 437
438 439
438 440
438 458
438 459
438 460
438 461
438 530
438 531
438 532
438 533
438 534
439 437
439 438
439 440
439 441
439 456
439 457
439 458
439 459
439 530
439 531
439 532
439 533
439 534
440 438
440 439
440 441
440 442
440 453
440 454
440 455
440 456
440 457
440 458
440 529
440 530
440 531
440 532
441 439
441 440
441 442
441 443
441 455
441 456
441 457
441 529
441 530
441 531
441 532
442 440
442 441
442 443
442 444
442 455
442 456
443 441
443 442
443 444
443 445
443 447
443 448
443 455
443 456
444 442
444 443
444 445
444 446
444 447
444 448
444 455
445 443
445 444
445 446
445 447
445 448
445 449
445 454
445 455
446 444
446 445
446 447
446 448
446 449
446 450
447 443
447 444
447 445
447 446
447 448
447 449
447 450
447 451
447 453
448 443
448 444
448 445
448 446
448 447
448 449
448 450
448 451
448 452
448 453
448 454
448 455
449 445
449 446
449 447
449 448
449 450
449 451
449 452
449 453
449 454
450 446
450 447
450 448
450 449
450 451
450 452
450 453
450 485
451 447
451 448
451 449
451 450
451 452
451 453
451 484
451 485
451 486
452 448
452 449
452 450
452 451
452 453
452 454
452 482
452 483
452 484
452 485
452 486
453 440
453 447
453 448
453 449
453 450
453 451
453 452
453 454
453 455
453 482
453 483
453 484
454 440
454 445
454 448
454 449
454 452
454 453
454 455
454 456
454 457
455 440
455 441
455 442
455 443
455 444
455 445
455 448
455 453
455 454
455 456
455 457
456 439
456 440
456 441
456 442
456 443
456 454
456 455
456 457
456 458
457 289
457 290
457 439
457 440
457 441
457 454
457 455
457 456
457 458
457 459
458 289
458 290
458 293
458 391
458 392
458 437
458 438
458 439
458 440
458 456
458 457
458 459
458 460
458 477
458 478
459 289
459 290
459 293
459 437
459 438
459 439
459 457
459 458
459 460
459 461
459 475
459 476
459 477
459 478
460 293
460 294
460 296
460 297
460 436
460 437
460 438
460 458
460 459
460 461
460 462
460 475
460 476
460 477
460 478
461 297
461 435
461 436
461 437
461 438
461 459
461 460
461 462
461 463
461 464
461 473
461 474
461 475
461 476
462 0
462 297
462 300
462 460
462 461
462 463
462 464
462 473
462 474
462 475
462 476
463 0
463 461
463 462
463 464
463 465
463 473
463 474
463 475
464 425
464 426
464 429
464 461
464 462
464 463
464 465
464 466
464 471
464 472
464 473
464 474
465 426
465 463
465 464
465 466
465 467
465 471
465 472
465 473
465 504
466 464
466 465
466 467
466 468
466 469
466 470
466 471
466 472
467 465
467 466
467 468
467 469
467 470
467 471
467 500
467 503
468 466
468 467
468 469
468 470
469 466
469 467
469 468
469 470
469 471
470 466
470 467
470 468
470 469
470 471
470 472
470 522
471 422
471 464
471 465
471 466
471 467
471 469
471 470
471 472
471 473
471 522
471 523
471 524
472 464
472 465
472 466
472 470
472 471
472 473
472 474
472 520
472 521
472 522
472 523
473 461
473 462
473 463
473 464
473 465
473 471
473 472
473 474
473 475
473 520
473 521
473 522
473 523
473 526
474 461
474 462
474 463
474 464
474 472
474 473
474 475
474 476
474 518
474 519
474 520
474 521
475 459
475 460
475 461
475 462
475 463
475 473
475 474
475 476
475 477
475 518
475 519
475 520
475 521
476 293
476 459
476 460
476 461
476 462
476 474
476 475
476 477
476 478
476 480
476 517
476 518
476 519
477 293
477 458
477 459
477 460
477 475
477 476
477 478
477 479
477 480
477 481
477 482
477 483
477 517
477 518
478 281
478 282
478 283
478 289
478 292
478 293
478 296
478 458
478 459
478 460
478 476
478 477
478 479
478 480
478 481
478 517
479 282
479 283
479 284
479 289
479 477
479 478
479 480
479 481
479 482
479 517
480 281
480 282
480 283
480 476
480 477
480 478
480 479
480 481
480 482
480 515
480 516
480 517
480 518
481 477
481 478
481 479
481 480
481 482
481 483
481 515
481 516
481 517
481 518
482 452
482 453
482 477
482 479
482 480
482 481
482 483
482 484
482 515
482 516
482 517
483 452
483 453
483 477
483 481
483 482
483 484
483 485
483 489
483 515
483 517
483 518
483 519
484 451
484 452
484 453
484 482
484 483
484 485
484 486
484 489
484 519
484 520
484 521
485 450
485 451
485 452
485 483
485 484
485 486
485 487
485 488
485 489
485 490
485 491
485 492
486 451
486 452
486 484
486 485
486 487
486 488
486 489
486 492
486 521
487 485
487 486
487 488
487 489
487 492
487 495
487 521
487 522
488 485
488 486
488 487
488 489
488 490
488 491
488 492
488 495
488 496
488 520
488 521
488 522
489 483
489 484
489 485
489 486
489 487
489 488
489 490
489 491
489 492
489 508
489 519
489 520
489 521
490 485
490 488
490 489
490 491
490 492
490 507
490 508
490 509
490 511
490 512
490 519
491 485
491 488
491 489
491 490
491 492
491 493
491 508
491 512
492 485
492 486
492 487
492 488
492 489
492 490
492 491
492 493
492 494
492 495
492 496
492 508
493 491
493 492
493 494
493 495
493 496
494 492
494 493
494 495
494 496
495 487
495 488
495 492
495 493
495 494
495 496
495 497
496 488
496 492
496 493
496 494
496 495
496 497
496 498
496 500
496 501
497 495
497 496
497 498
497 499
497 500
497 501
498 496
498 497
498 499
498 500
498 501
498 502
499 497
499 498
499 500
499 501
499 502
499 503
500 467
500 496
500 497
500 498
500 499
500 501
500 502
500 503
500 504
500 505
501 46
501 496
501 497
501 498
501 499
501 500
501 502
501 503
501 504
501 505
501 506
501 507
502 45
502 46
502 498
502 499
502 500
502 501
502 503
502 504
502 505
502 506
503 46
503 467
503 499
503 500
503 501
503 502
503 504
503 505
503 506
504 45
504 46
504 465
504 500
504 501
504 502
504 503
504 505
504 506
505 0
505 2
505 42
505 43
505 44
505 45
505 46
505 47
505 500
505 501
505 502
505 503
505 504
505 506
505 507
506 43
506 44
506 45
506 46
506 501
506 502
506 503
506 504
506 505
506 507
506 508
507 43
507 44
507 45
507 46
507 490
507 501
507 505
507 506
507 508
507 509
507 510
507 511
508 489
508 490
508 491
508 492
508 506
508 507
508 509
508 510
508 511
508 512
509 490
509 507
509 508
509 510
509 511
509 512
509 513
510 40
510 44
510 507
510 508
510 509
510 511
510 512
510 513
510 514
511 44
511 490
511 507
511 508
511 509
511 510
511 512
511 513
511 514
511 515
512 490
512 491
512 508
512 509
512 510
512 511
512 513
512 514
512 515
513 509
513 510
513 511
513 512
513 514
513 515
514 510
514 511
514 512
514 513
514 515
514 516
515 480
515 481
515 482
515 483
515 511
515 512
515 513
515 514
515 516
515 517
515 518
516 279
516 480
516 481
516 482
516 514
516 515
516 517
516 518
517 476
517 477
517 478
517 479
517 480
517 481
517 482
517 483
517 515
517 516
517 518
517 519
518 474
518 475
518 476
518 477
518 480
518 481
518 483
518 515
518 516
518 517
518 519
518 520
519 474
519 475
519 476
519 483
519 484
519 489
519 490
519 517
519 518
519 520
519 521
520 472
520 473
520 474
520 475
520 484
520 488
520 489
520 518
520 519
520 521
520 522
521 472
521 473
521 474
521 475
521 484
521 486
521 487
521 488
521 489
521 519
521 520
521 522
521 523
521 525
521 526
522 470
522 471
522 472
522 473
522 487
522 488
522 520
522 521
522 523
522 524
522 525
522 526
523 422
523 471
523 472
523 473
523 521
523 522
523 524
523 525
523 526
523 527
524 418
524 471
524 522
524 523
524 525
524 526
524 527
524 528
525 521
525 522
525 523
525 524
525 526
525 527
525 528
525 529
526 473
526 521
526 522
526 523
526 524
526 525
526 527
526 528
526 529
526 530
527 409
527 418
527 523
527 524
527 525
527 526
527 528
527 529
527 530
527 531
528 524
528 525
528 526
528 527
528 529
528 530
528 531
529 440
529 441
529 525
529 526
529 527
529 528
529 530
529 531
530 409
530 438
530 439
530 440
530 441
530 526
530 527
530 528
530 529
530 531
530 532
530 533
531 408
531 409
531 410
531 438
531 439
531 440
531 441
531 527
531 528
531 529
531 530
531 532
531 533
532 406
532 407
532 408
532 409
532 410
532 438
532 439
532 440
532 441
532 530
532 531
532 533
532 534
533 406
533 407
533 408
533 409
533 436
533 437
533 438
533 439
533 530
533 531
533 532
533 534
533 535
534 392
534 393
534 404
534 405
534 406
534 407
534 436
534 437
534 438
534 439
534 532
534 533
534 535
534 536
535 393
535 403
535 404
535 405
535 406
535 407
535 434
535 435
535 436
535 437
535 533
535 534
535 536
535 537
536 393
536 396
536 397
536 402
536 403
536 404
536 405
536 434
536 435
536 436
536 534
536 535
536 537
536 538
537 402
537 403
537 404
537 405
537 433
537 434
537 435
537 535
537 536
537 538
537 539
537 541
538 402
538 403
538 432
538 433
538 434
538 536
538 537
538 539
538 540
538 541
539 193
539 402
539 403
539 537
539 538
539 540
539 541
539 542
539 671
540 190
540 191
540 193
540 538
540 539
540 541
540 542
540 543
541 433
541 537
541 538
541 539
541 540
541 542
541 543
541 673
542 539
542 540
542 541
542 543
542 544
542 545
542 671
542 672
542 673
542 674
543 540
543 541
543 542
543 544
543 545
543 671
543 672
543 673
543 674
544 542
544 543
544 545
544 546
544 671
544 672
544 673
544 674
544 675
545 194
545 542
545 543
545 544
545 546
545 547
545 669
545 670
545 671
545 672
546 196
546 544
546 545
546 547
546 548
546 669
546 670
546 671
546 678
547 196
547 545
547 546
547 548
547 549
547 667
547 668
547 669
547 670
548 207
548 546
548 547
548 549
548 550
548 667
548 668
548 669
548 679
549 206
549 207
549 210
549 211
549 339
549 547
549 548
549 550
549 551
549 665
549 666
549 667
549 668
550 206
550 207
550 210
550 548
550 549
550 551
550 552
550 665
550 666
550 667
551 210
551 549
551 550
551 552
551 553
551 663
551 664
551 665
551 666
552 550
552 551
552 553
552 554
552 556
552 568
552 569
552 663
552 664
552 665
553 551
553 552
553 554
553 555
553 556
553 662
553 663
553 664
554 552
554 553
554 555
554 556
554 557
554 660
554 661
554 662
554 663
554 664
555 553
555 554
555 556
555 557
555 663
556 552
556 553
556 554
556 555
556 557
556 558
556 567
556 568
557 554
557 555
557 556
557 558
557 559
557 561
557 565
557 566
557 567
557 568
558 556
558 557
558 559
558 560
558 561
558 564
558 567
558 660
559 557
559 558
559 560
559 561
559 658
559 659
559 660
559 661
560 558
560 559
560 561
560 562
560 563
560 657
560 658
560 659
560 660
561 557
561 558
561 559
561 560
561 562
561 563
561 564
561 565
561 568
561 620
561 656
561 657
561 658
562 560
562 561
562 563
562 564
562 565
562 620
563 560
563 561
563 562
563 564
563 565
563 619
563 620
563 766
563 767
563 768
564 558
564 561
564 562
564 563
564 565
564 566
564 567
564 618
564 619
564 620
564 768
565 557
565 561
565 562
565 563
565 564
565 566
565 567
565 568
565 617
565 618
565 619
565 620
565 654
566 557
566 564
566 565
566 567
566 568
566 616
566 617
566 618
566 619
567 556
567 557
567 558
567 564
567 565
567 566
567 568
567 569
568 552
568 556
568 557
568 561
568 565
568 566
568 567
568 569
568 570
568 654
568 655
568 656
569 552
569 567
569 568
569 570
569 571
569 654
569 655
569 656
570 568
570 569
570 571
570 572
570 616
570 652
570 653
570 654
570 655
570 680
570 681
571 569
571 570
571 572
571 573
571 614
571 652
571 653
571 654
571 678
571 679
571 680
571 681
572 570
572 571
572 573
572 574
572 614
572 615
572 650
572 651
572 652
572 653
572 677
572 678
572 679
572 680
572 681
573 571
573 572
573 574
573 575
573 614
573 650
573 651
573 652
573 653
573 676
573 677
573 678
573 679
574 572
574 573
574 575
574 576
574 614
574 648
574 649
574 650
574 651
574 676
574 677
574 678
575 573
575 574
575 576
575 577
575 648
575 649
575 650
575 674
575 675
575 676
575 677
576 574
576 575
576 577
576 578
576 646
576 647
576 648
576 649
576 674
576 675
576 676
577 575
577 576
577 578
577 579
577 581
577 582
577 643
577 645
577 646
577 647
577 648
577 649
577 674
577 675
578 576
578 577
578 579
578 580
578 581
578 582
578 645
578 646
578 647
578 674
579 577
579 578
579 580
579 581
579 645
579 646
579 647
580 578
580 579
580 581
580 582
580 644
580 645
580 646
581 577
581 578
581 579
581 580
581 582
581 583
581 642
581 643
581 644
581 645
581 646
582 577
582 578
582 580
582 581
582 583
582 584
582 642
582 643
582 644
582 672
582 673
582 674
583 581
583 582
583 584
583 585
583 640
583 641
583 642
583 643
583 672
583 673
584 582
584 583
584 585
584 586
584 640
584 641
584 642
584 643
584 670
584 671
584 672
584 673
585 583
585 584
585 586
585 587
585 638
585 639
585 640
585 641
585 670
585 671
585 672
586 584
586 585
586 587
586 588
586 638
586 639
586 640
586 641
586 668
586 669
586 670
586 671
587 403
587 585
587 586
587 588
587 589
587 636
587 637
587 638
587 639
587 667
587 668
587 669
587 670
588 586
588 587
588 589
588 590
588 606
588 607
588 635
588 636
588 637
588 638
588 666
588 667
588 668
588 669
589 338
589 339
589 587
589 588
589 590
589 591
589 635
589 636
589 637
589 666
589 667
589 668
589 669
590 338
590 588
590 589
590 591
590 592
590 605
590 635
590 636
590 664
590 665
590 666
590 667
591 214
591 337
591 338
591 339
591 589
591 590
591 592
591 593
591 635
591 664
591 665
591 666
591 667
592 214
592 217
592 338
592 590
592 591
592 593
592 594
592 595
592 597
592 598
592 635
593 214
593 215
593 216
593 217
593 218
593 591
593 592
593 594
593 595
593 597
594 217
594 218
594 592
594 593
594 595
594 596
594 597
594 598
595 218
595 382
595 383
595 592
595 593
595 594
595 596
595 597
595 598
595 599
596 594
596 595
596 597
596 598
596 599
596 600
597 592
597 593
597 594
597 595
597 596
597 598
597 599
597 600
597 601
597 602
598 592
598 594
598 595
598 596
598 597
598 599
598 600
598 601
599 388
599 389
599 595
599 596
599 597
599 598
599 600
599 601
600 596
600 597
600 598
600 599
600 601
600 602
601 597
601 598
601 599
601 600
601 602
601 603
601 604
601 633
601 634
601 635
602 597
602 600
602 601
602 603
602 604
602 633
603 601
603 602
603 604
603 605
603 632
603 633
603 657
603 658
603 660
604 601
604 602
604 603
604 605
604 606
604 631
604 632
604 633
604 634
604 657
604 658
604 659
605 590
605 603
605 604
605 606
605 607
605 631
605 632
605 633
605 634
605 635
605 637
605 655
605 656
605 657
605 658
606 588
606 604
606 605
606 607
606 608
606 629
606 630
606 631
606 632
606 637
606 655
606 656
606 657
607 588
607 605
607 606
607 608
607 609
607 628
607 629
607 637
607 639
607 653
607 654
607 655
607 656
608 606
608 607
608 609
608 610
608 625
608 626
608 627
608 628
608 629
608 653
608 654
608 655
608 656
609 607
609 608
609 610
609 611
609 625
609 626
609 627
609 628
609 629
609 651
609 652
609 653
609 654
610 608
610 609
610 611
610 612
610 617
610 623
610 624
610 625
610 626
610 627
610 651
610 652
610 653
610 654
611 609
611 610
611 612
611 613
611 614
611 625
611 626
611 650
611 651
611 652
612 610
612 611
612 613
612 614
612 615
612 616
612 617
612 650
612 651
612 652
613 611
613 612
613 614
613 615
613 649
613 650
613 651
613 652
614 571
614 572
614 573
614 574
614 611
614 612
614 613
614 615
614 616
614 650
614 651
614 652
614 681
615 572
615 612
615 613
615 614
615 616
615 617
615 652
615 681
616 566
616 570
616 612
616 614
616 615
616 617
616 618
616 652
616 681
617 565
617 566
617 610
617 612
617 615
617 616
617 618
617 619
617 620
617 652
618 564
618 565
618 566
618 616
618 617
618 619
618 620
618 622
618 770
619 563
619 564
619 565
619 566
619 617
619 618
619 620
619 621
619 622
619 623
620 561
620 562
620 563
620 564
620 565
620 617
620 618
620 619
620 621
620 622
620 623
620 624
620 625
621 619
621 620
621 622
621 623
621 624
621 625
622 618
622 619
622 620
622 621
622 623
622 624
622 625
623 610
623 619
623 620
623 621
623 622
623 624
623 625
624 610
624 620
624 621
624 622
624 623
624 625
624 626
625 608
625 609
625 610
625 611
625 620
625 621
625 622
625 623
625 624
625 626
625 627
625 628
626 608
626 609
626 610
626 611
626 624
626 625
626 627
626 628
627 608
627 609
627 610
627 625
627 626
627 628
627 629
628 607
628 608
628 609
628 625
628 626
628 627
628 629
628 630
629 606
629 607
629 608
629 609
629 627
629 628
629 630
629 631
629 639
630 606
630 628
630 629
630 631
630 632
631 604
631 605
631 606
631 629
631 630
631 632
631 633
631 657
631 658
632 603
632 604
632 605
632 606
632 630
632 631
632 633
632 634
632 637
633 601
633 602
633 603
633 604
633 605
633 631
633 632
633 634
633 635
634 601
634 604
634 605
634 632
634 633
634 635
634 636
634 637
635 394
635 588
635 589
635 590
635 591
635 592
635 601
635 605
635 633
635 634
635 636
635 637
636 393
636 394
636 404
636 587
636 588
636 589
636 590
636 634
636 635
636 637
636 638
637 404
637 405
637 587
637 588
637 589
637 605
637 606
637 607
637 632
637 634
637 635
637 636
637 638
637 639
638 404
638 405
638 585
638 586
638 587
638 588
638 636
638 637
638 639
638 640
639 585
639 586
639 587
639 607
639 629
639 637
639 638
639 640
639 641
640 583
640 584
640 585
640 586
640 638
640 639
640 641
640 642
641 583
641 584
641 585
641 586
641 639
641 640
641 642
641 643
642 581
642 582
642 583
642 584
642 640
642 641
642 643
642 644
643 577
643 581
643 582
643 583
643 584
643 641
643 642
643 644
643 645
643 646
644 580
644 581
644 582
644 642
644 643
644 645
644 646
645 577
645 578
645 579
645 580
645 581
645 643
645 644
645 646
645 647
646 576
646 577
646 578
646 579
646 580
646 581
646 643
646 644
646 645
646 647
646 648
647 576
647 577
647 578
647 579
647 645
647 646
647 648
647 649
648 574
648 575
648 576
648 577
648 646
648 647
648 649
648 650
649 574
649 575
649 576
649 577
649 613
649 647
649 648
649 650
649 651
650 572
650 573
650 574
650 575
650 611
650 612
650 613
650 614
650 648
650 649
650 651
650 652
651 572
651 573
651 574
651 609
651 610
651 611
651 612
651 613
651 614
651 649
651 650
651 652
651 653
652 570
652 571
652 572
652 573
652 609
652 610
652 611
652 612
652 613
652 614
652 615
652 616
652 617
652 650
652 651
652 653
652 654
653 570
653 571
653 572
653 573
653 607
653 608
653 609
653 610
653 651
653 652
653 654
653 655
654 565
654 568
654 569
654 570
654 571
654 607
654 608
654 609
654 610
654 652
654 653
654 655
654 656
655 568
655 569
655 570
655 605
655 606
655 607
655 608
655 653
655 654
655 656
655 657
656 561
656 568
656 569
656 605
656 606
656 607
656 608
656 654
656 655
656 657
656 658
657 560
657 561
657 603
657 604
657 605
657 606
657 631
657 655
657 656
657 658
657 659
657 660
658 559
658 560
658 561
658 603
658 604
658 605
658 631
658 656
658 657
658 659
658 660
659 559
659 560
659 604
659 657
659 658
659 660
659 661
660 554
660 558
660 559
660 560
660 603
660 657
660 658
660 659
660 661
660 662
661 554
661 559
661 659
661 660
661 662
661 663
662 553
662 554
662 660
662 661
662 663
662 664
663 551
663 552
663 553
663 554
663 555
663 661
663 662
663 664
663 665
664 551
664 552
664 553
664 554
664 590
664 591
664 662
664 663
664 665
664 666
665 210
665 214
665 549
665 550
665 551
665 552
665 590
665 591
665 663
665 664
665 666
665 667
666 338
666 339
666 549
666 550
666 551
666 588
666 589
666 590
666 591
666 664
666 665
666 667
666 668
667 338
667 339
667 547
667 548
667 549
667 550
667 587
667 588
667 589
667 590
667 591
667 665
667 666
667 668
667 669
668 547
668 548
668 549
668 586
668 587
668 588
668 589
668 666
668 667
668 669
668 670
669 545
669 546
669 547
669 548
669 586
669 587
669 588
669 589
669 667
669 668
669 670
669 671
670 545
670 546
670 547
670 584
670 585
670 586
670 587
670 668
670 669
670 671
670 672
670 678
671 539
671 542
671 543
671 544
671 545
671 546
671 584
671 585
671 586
671 669
671 670
671 672
671 673
672 542
672 543
672 544
672 545
672 582
672 583
672 584
672 585
672 670
672 671
672 673
672 674
672 675
672 676
673 541
673 542
673 543
673 544
673 582
673 583
673 584
673 671
673 672
673 674
673 675
674 542
674 543
674 544
674 575
674 576
674 577
674 578
674 582
674 672
674 673
674 675
674 676
675 544
675 575
675 576
675 577
675 672
675 673
675 674
675 676
675 677
676 573
676 574
676 575
676 576
676 672
676 674
676 675
676 677
676 678
677 572
677 573
677 574
677 575
677 675
677 676
677 678
677 679
678 546
678 571
678 572
678 573
678 574
678 670
678 676
678 677
678 679
678 680
679 548
679 571
679 572
679 573
679 677
679 678
679 680
679 681
680 570
680 571
680 572
680 678
680 679
680 681
680 682
681 570
681 571
681 572
681 614
681 615
681 616
681 679
681 680
681 682
681 683
682 680
682 681
682 683
682 684
683 681
683 682
683 684
683 685
683 686
684 682
684 683
684 685
684 686
684 725
684 802
684 803
685 683
685 684
685 686
685 687
685 688
685 725
685 726
685 727
685 801
685 802
685 803
686 683
686 684
686 685
686 687
686 688
686 801
686 802
686 803
686 804
687 685
687 686
687 688
687 689
687 801
687 802
687 803
687 804
687 805
688 685
688 686
688 687
688 689
688 690
688 799
688 800
688 801
688 802
689 687
689 688
689 690
689 691
689 799
689 800
689 801
689 806
690 688
690 689
690 691
690 692
690 797
690 798
690 799
690 800
691 689
691 690
691 692
691 693
691 797
691 798
691 799
692 690
692 691
692 693
692 694
692 795
692 796
692 797
692 798
693 691
693 692
693 694
693 695
693 714
693 795
693 796
693 797
693 798
694 692
694 693
694 695
694 696
694 714
694 793
694 794
694 795
694 796
695 693
695 694
695 696
695 697
695 699
695 700
695 701
695 713
695 714
695 786
695 792
695 793
695 794
695 795
695 796
696 694
696 695
696 697
696 698
696 699
696 700
696 791
696 792
696 793
696 794
697 695
697 696
697 698
697 699
697 700
697 791
697 793
698 696
698 697
698 699
698 700
698 701
698 709
698 712
698 713
698 791
699 695
699 696
699 697
699 698
699 700
699 701
699 712
699 713
699 714
700 695
700 696
700 697
700 698
700 699
700 701
700 702
700 709
700 712
700 713
700 786
700 787
700 790
700 791
700 792
700 793
701 695
701 698
701 699
701 700
701 702
701 703
701 706
701 709
701 710
701 711
701 712
701 713
701 786
701 787
701 789
701 790
701 791
702 700
702 701
702 703
702 704
702 705
702 706
702 709
702 710
702 713
702 786
702 787
702 788
702 789
702 790
702 791
702 792
703 701
703 702
703 704
703 705
703 706
703 710
703 739
703 786
703 787
703 788
703 789
703 790
704 702
704 703
704 705
704 706
704 707
704 710
705 702
705 703
705 704
705 706
705 707
705 710
706 701
706 702
706 703
706 704
706 705
706 707
706 708
706 709
706 710
706 790
707 704
707 705
707 706
707 708
707 709
707 710
707 711
708 706
708 707
708 709
708 710
708 711
709 698
709 700
709 701
709 702
709 706
709 707
709 708
709 710
709 711
709 712
709 713
709 790
710 701
710 702
710 703
710 704
710 705
710 706
710 707
710 708
710 709
710 711
710 712
710 713
710 786
710 790
711 701
711 707
711 708
711 709
711 710
711 712
711 713
712 698
712 699
712 700
712 701
712 709
712 710
712 711
712 713
712 714
713 695
713 698
713 699
713 700
713 701
713 702
713 709
713 710
713 711
713 712
713 714
713 715
713 784
713 785
713 786
714 693
714 694
714 695
714 699
714 712
714 713
714 715
714 716
714 784
714 785
714 786
714 810
714 811
714 812
715 713
715 714
715 716
715 717
715 782
715 783
715 784
715 785
715 810
715 811
715 812
716 714
716 715
716 717
716 718
716 782
716 783
716 784
716 808
716 809
716 810
716 811
717 715
717 716
717 718
717 719
717 780
717 781
717 782
717 783
717 808
717 809
717 810
717 811
718 716
718 717
718 719
718 720
718 780
718 781
718 782
718 783
718 806
718 807
718 808
718 809
719 717
719 718
719 720
719 721
719 778
719 779
719 780
719 781
719 806
719 807
719 808
720 718
720 719
720 721
720 722
720 723
720 776
720 777
720 778
720 779
720 780
720 781
720 804
720 806
720 807
721 719
721 720
721 722
721 723
721 778
721 779
721 804
721 806
722 720
722 721
722 723
722 724
722 777
722 778
722 779
722 804
723 720
723 721
723 722
723 724
723 725
723 775
723 776
723 777
723 778
724 722
724 723
724 725
724 726
724 774
724 775
724 776
724 777
724 802
724 803
725 684
725 685
725 723
725 724
725 726
725 727
725 772
725 773
725 774
725 775
725 776
725 802
725 803
726 685
726 724
726 725
726 727
726 728
726 772
726 773
726 774
726 775
726 776
726 800
726 801
726 802
726 803
727 685
727 725
727 726
727 728
727 729
727 770
727 771
727 772
727 773
727 799
727 800
727 801
727 802
728 726
728 727
728 729
728 730
728 770
728 771
728 772
728 798
728 799
728 800
728 801
729 727
729 728
729 730
729 731
729 768
729 769
729 770
729 771
729 797
729 798
729 799
729 800
730 728
730 729
730 731
730 732
730 738
730 739
730 740
730 768
730 769
730 770
730 785
730 796
730 797
730 798
730 799
731 729
731 730
731 732
731 733
731 738
731 767
731 768
731 769
731 796
731 797
731 798
732 730
732 731
732 733
732 734
732 736
732 738
732 767
732 768
732 794
732 795
732 796
732 797
733 731
733 732
733 734
733 735
733 736
733 766
733 767
733 794
733 795
733 796
734 732
734 733
734 735
734 736
734 737
734 766
734 767
734 768
735 733
735 734
735 736
735 737
735 766
735 767
736 732
736 733
736 734
736 735
736 737
736 738
736 765
736 766
736 767
736 787
736 788
736 792
737 734
737 735
737 736
737 738
737 739
737 764
737 765
737 766
737 767
737 768
737 787
737 788
738 730
738 731
738 732
738 736
738 737
738 739
738 740
738 764
738 765
738 766
738 767
738 768
738 769
738 785
738 786
738 787
738 788
739 703
739 730
739 737
739 738
739 740
739 741
739 760
739 761
739 762
739 763
739 764
739 765
739 768
739 769
739 785
739 786
739 787
739 788
740 730
740 738
740 739
740 741
740 742
740 760
740 761
740 783
740 784
740 785
740 786
741 739
741 740
741 742
741 743
741 758
741 759
741 760
741 761
741 783
741 784
741 785
742 740
742 741
742 743
742 744
742 758
742 759
742 760
742 781
742 782
742 783
742 784
743 741
743 742
743 744
743 745
743 757
743 758
743 759
743 781
743 782
743 783
744 742
744 743
744 745
744 746
744 747
744 756
744 757
744 758
744 779
744 780
744 781
744 782
745 743
745 744
745 746
745 747
745 779
745 780
745 781
745 782
746 744
746 745
746 747
746 748
746 779
746 780
746 781
747 744
747 745
747 746
747 748
747 749
747 750
747 751
747 777
747 778
747 779
747 780
748 746
748 747
748 749
748 750
748 751
748 777
748 778
748 779
749 747
749 748
749 750
749 751
749 778
750 747
750 748
750 749
750 751
750 752
751 747
751 748
751 749
751 750
751 752
751 753
751 754
751 755
751 777
751 778
752 750
752 751
752 753
752 754
752 755
753 751
753 752
753 754
753 755
754 751
754 752
754 753
754 755
754 756
754 775
754 776
754 777
755 751
755 752
755 753
755 754
755 756
755 757
755 776
755 777
756 744
756 754
756 755
756 757
756 758
756 759
757 743
757 744
757 755
757 756
757 758
757 759
758 741
758 742
758 743
758 744
758 756
758 757
758 759
758 760
759 741
759 742
759 743
759 756
759 757
759 758
759 760
759 761
760 739
760 740
760 741
760 742
760 758
760 759
760 761
760 762
760 771
761 739
761 740
761 741
761 759
761 760
761 762
761 763
761 764
761 769
761 770
761 771
762 739
762 760
762 761
762 763
762 764
762 771
763 739
763 761
763 762
763 764
763 765
764 737
764 738
764 739
764 761
764 762
764 763
764 765
764 766
764 769
764 787
764 788
765 736
765 737
765 738
765 739
765 763
765 764
765 766
765 767
765 768
765 769
766 563
766 733
766 734
766 735
766 736
766 737
766 738
766 764
766 765
766 767
766 768
766 769
767 563
767 731
767 732
767 733
767 734
767 735
767 736
767 737
767 738
767 765
767 766
767 768
767 769
768 563
768 564
768 729
768 730
768 731
768 732
768 734
768 737
768 738
768 739
768 765
768 766
768 767
768 769
768 770
769 729
769 730
769 731
769 738
769 739
769 761
769 764
769 765
769 766
769 767
769 768
769 770
769 771
770 618
770 727
770 728
770 729
770 730
770 761
770 768
770 769
770 771
770 772
771 727
771 728
771 729
771 760
771 761
771 762
771 769
771 770
771 772
771 773
772 725
772 726
772 727
772 728
772 770
772 771
772 773
772 774
773 725
773 726
773 727
773 771
773 772
773 774
773 775
773 776
774 724
774 725
774 726
774 772
774 773
774 775
774 776
775 723
775 724
775 725
775 726
775 754
775 773
775 774
775 776
775 777
776 720
776 723
776 724
776 725
776 726
776 754
776 755
776 773
776 774
776 775
776 777
776 778
777 720
777 722
777 723
777 724
777 747
777 748
777 751
777 754
777 755
777 775
777 776
777 778
777 779
778 719
778 720
778 721
778 722
778 723
778 747
778 748
778 749
778 751
778 776
778 777
778 779
778 780
779 719
779 720
779 721
779 722
779 744
779 745
779 746
779 747
779 748
779 777
779 778
779 780
779 781
780 717
780 718
780 719
780 720
780 744
780 745
780 746
780 747
780 778
780 779
780 781
780 782
781 717
781 718
781 719
781 720
781 742
781 743
781 744
781 745
781 746
781 779
781 780
781 782
781 783
782 715
782 716
782 717
782 718
782 742
782 743
782 744
782 745
782 780
782 781
782 783
782 784
783 715
783 716
783 717
783 718
783 740
783 741
783 742
783 743
783 781
783 782
783 784
783 785
784 713
784 714
784 715
784 716
784 740
784 741
784 742
784 782
784 783
784 785
784 786
785 713
785 714
785 715
785 730
785 738
785 739
785 740
785 741
785 783
785 784
785 786
785 787
786 695
786 700
786 701
786 702
786 703
786 710
786 713
786 714
786 738
786 739
786 740
786 784
786 785
786 787
786 788
787 700
787 701
787 702
787 703
787 736
787 737
787 738
787 739
787 764
787 785
787 786
787 788
787 789
787 790
787 792
788 702
788 703
788 736
788 737
788 738
788 739
788 764
788 786
788 787
788 789
788 790
789 701
789 702
789 703
789 787
789 788
789 790
789 791
789 792
790 700
790 701
790 702
790 703
790 706
790 709
790 710
790 787
790 788
790 789
790 791
790 792
791 696
791 697
791 698
791 700
791 701
791 702
791 789
791 790
791 792
791 793
792 695
792 696
792 700
792 702
792 736
792 787
792 789
792 790
792 791
792 793
792 794
793 694
793 695
793 696
793 697
793 700
793 791
793 792
793 794
793 795
794 694
794 695
794 696
794 732
794 733
794 792
794 793
794 795
794 796
795 692
795 693
795 694
795 695
795 732
795 733
795 793
795 794
795 796
795 797
796 692
796 693
796 694
796 695
796 730
796 731
796 732
796 733
796 794
796 795
796 797
796 798
797 690
797 691
797 692
797 693
797 729
797 730
797 731
797 732
797 795
797 796
797 798
797 799
798 690
798 691
798 692
798 693
798 728
798 729
798 730
798 731
798 796
798 797
798 799
798 800
799 688
799 689
799 690
799 691
799 727
799 728
799 729
799 730
799 797
799 798
799 800
799 801
800 688
800 689
800 690
800 726
800 727
800 728
800 729
800 798
800 799
800 801
800 802
800 806
801 685
801 686
801 687
801 688
801 689
801 726
801 727
801 728
801 799
801 800
801 802
801 803
802 684
802 685
802 686
802 687
802 688
802 724
802 725
802 726
802 727
802 800
802 801
802 803
802 804
802 805
802 806
803 684
803 685
803 686
803 687
803 724
803 725
803 726
803 801
803 802
803 804
803 805
804 686
804 687
804 720
804 721
804 722
804 802
804 803
804 805
804 806
805 687
805 802
805 803
805 804
805 806
805 807
806 689
806 718
806 719
806 720
806 721
806 800
806 802
806 804
806 805
806 807
806 808
807 718
807 719
807 720
807 805
807 806
807 808
807 809
808 716
808 717
808 718
808 719
808 806
808 807
808 809
808 810
809 716
809 717
809 718
809 807
809 808
809 810
809 811
810 714
810 715
810 716
810 717
810 808
810 809
810 811
810 812
811 714
811 715
811 716
811 717
811 809
811 810
811 812
812 714
812 715
812 810
812 811
